-1.172033762274011116e-03 6.729847426223457829e-02 1.767065573950989954e-01
-1.163721466087670568e-03 6.725667337526429479e-02 1.756728094222626546e-01
-1.155409169901330021e-03 6.721430685675285066e-02 1.746400391955543752e-01
-1.147096873714989690e-03 6.717137599319331076e-02 1.736088091899835040e-01
-1.138784577528649143e-03 6.712788298916140539e-02 1.725789469635432838e-01
-1.130472281342308595e-03 6.708383104575608991e-02 1.715504814164799663e-01
-1.122159985155968048e-03 6.703922444402000969e-02 1.705234400168982312e-01
-1.113847688969627501e-03 6.699406863357101893e-02 1.694978559712113642e-01
-1.105535392783287170e-03 6.694837032662448451e-02 1.684736615698064210e-01
-1.097223096596946623e-03 6.690213759762426993e-02 1.674510902218661890e-01
-1.088910800410606075e-03 6.685537998865613563e-02 1.664300125375810235e-01
-1.080598504224265528e-03 6.680810862081490442e-02 1.654104934360448864e-01
-1.072286208037924980e-03 6.676033631166845839e-02 1.643925660869730576e-01
-1.063973911851584650e-03 6.671207769895250161e-02 1.633762702745345519e-01
-1.055661615665244102e-03 6.666334937058125687e-02 1.623615384626424796e-01
-1.047349319478903555e-03 6.661417000102295982e-02 1.613486012409382497e-01
-1.039037023292563007e-03 6.656456049406095365e-02 1.603373494921261078e-01
-1.030724727106222460e-03 6.651454413188757908e-02 1.593278461327770623e-01
-1.022412430919882129e-03 6.646414673042676247e-02 1.583201326624189553e-01
-1.014100134733541582e-03 6.641339680071060847e-02 1.573139689887963488e-01
-1.005787838547201034e-03 6.636232571603735420e-02 1.563101435318587362e-01
-9.974755423608604871e-04 6.631096788456507241e-02 1.553079961675527254e-01
-9.891632461745199396e-04 6.625936092686997292e-02 1.543077755482665514e-01
-9.808509499881793922e-04 6.620754585788159174e-02 1.533095348948871339e-01
-9.725386538018390616e-04 6.615556727246180158e-02 1.523131926713766904e-01
-9.642263576154985142e-04 6.610347353376742896e-02 1.513190412405313323e-01
-9.559140614291579668e-04 6.605131696332550151e-02 1.503269404866299508e-01
-9.476017652428174193e-04 6.599915403159299643e-02 1.493369772183953670e-01
-9.392894690564769803e-04 6.594704554756834758e-02 1.483488698606958978e-01
-9.309771728701364329e-04 6.589505684577112721e-02 1.473635606547822885e-01
-9.226648766837959939e-04 6.584325796869958114e-02 1.463802673449720593e-01
-9.143525804974554465e-04 6.579172384259067419e-02 1.453992941385024718e-01
-9.060402843111148991e-04 6.574053444405454638e-02 1.444204867265187486e-01
-8.977279881247744600e-04 6.568977495484926155e-02 1.434444126236348593e-01
-8.894156919384340210e-04 6.563953590177371011e-02 1.424706845197626359e-01
-8.811033957520934736e-04 6.558991327834216845e-02 1.414995069903564606e-01
-8.727910995657529262e-04 6.554100864459531939e-02 1.405307500583657387e-01
-8.644788033794123788e-04 6.549292920108973348e-02 1.395647585250308909e-01
-8.561665071930719398e-04 6.544578783279993150e-02 1.386014509722398591e-01
-8.478542110067313923e-04 6.539970311838454176e-02 1.376407361421240205e-01
-8.395419148203909533e-04 6.535479930000157034e-02 1.366830121253602981e-01
-8.312296186340504059e-04 6.531120620862120030e-02 1.357281232871453691e-01
-8.229173224477098585e-04 6.526905913961114636e-02 1.347759995711007297e-01
-8.146050262613694195e-04 6.522849867324093109e-02 1.338270721210355341e-01
-8.062927300750288720e-04 6.518967043468873457e-02 1.328811935682834011e-01
-7.979804338886884330e-04 6.515272478819478241e-02 1.319382595259150914e-01
-7.896681377023478856e-04 6.511781646012210212e-02 1.309987038678823712e-01
-7.813558415160073382e-04 6.508510408596640540e-02 1.300625186306035297e-01
-7.730435453296668992e-04 6.505474967674114428e-02 1.291293332055187260e-01
-7.647312491433263517e-04 6.502691800072794848e-02 1.281998534368555542e-01
-7.564189529569859127e-04 6.500177587728472872e-02 1.272736546371172894e-01
-7.481066567706453653e-04 6.497949138030970073e-02 1.263512584708439135e-01
-7.397943605843048179e-04 6.496023295002947839e-02 1.254322976178000593e-01
-7.314820643979642704e-04 6.494416841305165888e-02 1.245173628297451124e-01
-7.231697682116238314e-04 6.493146391207840762e-02 1.236059580819552639e-01
-7.148574720252833924e-04 6.492228274831070289e-02 1.226988509220711676e-01
-7.065451758389428450e-04 6.491678414138014885e-02 1.217954131457890249e-01
-6.982328796526022976e-04 6.491512191358518591e-02 1.208964658438610174e-01
-6.899205834662617502e-04 6.491744310726640932e-02 1.200014039298218510e-01
-6.816082872799213111e-04 6.492388654628071520e-02 1.191110245680835344e-01
-6.732959910935807637e-04 6.493458135467911063e-02 1.182246929873310703e-01
-6.649836949072403247e-04 6.494964544780094939e-02 1.173425838875905708e-01
-6.566713987208997773e-04 6.496918401300075252e-02 1.164661505087193072e-01
-6.483591025345593383e-04 6.499328799905189358e-02 1.155937844114814234e-01
-6.400468063482187909e-04 6.502203263484805651e-02 1.147271832135405151e-01
-6.317345101618782434e-04 6.505547599927209712e-02 1.138642476406496878e-01
-6.234222139755378044e-04 6.509365766495087136e-02 1.130068942021637546e-01
-6.151099177891972570e-04 6.513659743898807253e-02 1.121546846696747368e-01
-6.067976216028568180e-04 6.518429422361510239e-02 1.113089754738710441e-01
-5.984853254165162706e-04 6.523672501897237463e-02 1.104674712837029893e-01
-5.901730292301757231e-04 6.529384408889506164e-02 1.096319512728949896e-01
-5.818607330438352841e-04 6.535558230863414142e-02 1.088022734150146387e-01
-5.735484368574947367e-04 6.542184671089459891e-02 1.079785566299605454e-01
-5.652361406711542977e-04 6.549252024346285950e-02 1.071609557636867133e-01
-5.569238444848137503e-04 6.556746174809043037e-02 1.063496491368560587e-01
-5.486115482984732028e-04 6.564650616627362711e-02 1.055448235011663127e-01
-5.402992521121327638e-04 6.572946497324466675e-02 1.047466513081818096e-01
-5.319869559257922164e-04 6.581612683697680988e-02 1.039552973011557691e-01
-5.236746597394516690e-04 6.590625849445316820e-02 1.031709525107277065e-01
-5.153623635531112300e-04 6.599960583299435690e-02 1.023939215125240776e-01
-5.070500673667706825e-04 6.609589516024556854e-02 1.016228395906200316e-01
-4.987377711804302435e-04 6.619483464260658701e-02 1.008606874418032234e-01
-4.904254749940896961e-04 6.629611588861437921e-02 1.001064710135147334e-01
-4.821131788077491487e-04 6.639941565113957611e-02 9.935820699710043447e-02
-4.738008826214087097e-04 6.650439762035890989e-02 9.862078493864298578e-02
-4.654885864350681622e-04 6.661071427836663672e-02 9.788918041194996644e-02
-4.571762902487277232e-04 6.671800878604527973e-02 9.716918536523297401e-02
-4.488639940623871758e-04 6.682591687344524578e-02 9.645560097920810594e-02
-4.405516978760466284e-04 6.693406870641939455e-02 9.575096018864763525e-02
-4.322394016897061894e-04 6.704209070458928832e-02 9.505760432808608995e-02
-4.239271055033656420e-04 6.714960728884947216e-02 9.437417232231318232e-02
-4.156148093170252029e-04 6.725624254046456973e-02 9.369889943803509647e-02
-4.073025131306846555e-04 6.736162175833383670e-02 9.303171012666035244e-02
-3.989902169443441081e-04 6.746537290608599358e-02 9.237800596147033305e-02
-3.906779207580036691e-04 6.756712794627141305e-02 9.173572442144665995e-02
-3.823656245716631217e-04 6.766652406493585403e-02 9.110109894785677065e-02
-3.740533283853226827e-04 6.776320479622768844e-02 9.048199755478972262e-02
-3.657410321989821352e-04 6.785682106331479557e-02 8.987083692898334419e-02
-3.574287360126415878e-04 6.794703215867678447e-02 8.927233572156506591e-02
-3.491164398263011488e-04 6.803350669367397296e-02 8.868701261519545964e-02
-3.408041436399606014e-04 6.811592355402526500e-02 8.811449374670889123e-02
-3.324918474536200539e-04 6.819397290423707958e-02 8.755636040112591001e-02
-3.241795512672796149e-04 6.826735728982599727e-02 8.701101423590379413e-02
-3.158672550809390675e-04 6.833579289096823606e-02 8.647745117927059522e-02
-3.075549588945986285e-04 6.839901098445792804e-02 8.595727345174895839e-02
-2.992426627082580811e-04 6.845675967188481759e-02 8.545287933600055619e-02
-2.909303665219175336e-04 6.850880592991248630e-02 8.496393745917311946e-02
-2.826180703355770946e-04 6.855493803248373375e-02 8.449166304861675802e-02
-2.743057741492365472e-04 6.859496838365128357e-02 8.403030657783384927e-02
-2.659934779628961082e-04 6.862873678251626974e-02 8.358939396064200833e-02
-2.576811817765555608e-04 6.865611411763698768e-02 8.316225453894809938e-02
-2.493688855902150133e-04 6.867700645686236616e-02 8.275107842516070400e-02
-2.410565894038745743e-04 6.869135946017554395e-02 8.235508792527586330e-02
-2.327442932175340269e-04 6.869916299913920998e-02 8.197844313638628921e-02
-2.244319970311935879e-04 6.870045581950427749e-02 8.161664257181569515e-02
-2.161197008448530405e-04 6.869533003743764910e-02 8.127347050396842298e-02
-2.078074046585124931e-04 6.868393521984873795e-02 8.094693831390288585e-02
-1.994951084721720540e-04 6.866648177147169352e-02 8.063712459819094569e-02
-1.911828122858315066e-04 6.864324334174860820e-02 8.034446733059662227e-02
-1.828705160994909592e-04 6.861455797819548952e-02 8.006921661857664685e-02
-1.745582199131504118e-04 6.858082779265316231e-02 7.981019594855157107e-02
-1.662459237268100812e-04 6.854251697225771656e-02 7.956762639727907316e-02
-1.579336275404695338e-04 6.850014805396828499e-02 7.934151043899401179e-02
-1.496213313541289863e-04 6.845429648231107778e-02 7.913088573161874972e-02
-1.413090351677884389e-04 6.840558357422746316e-02 7.893585191265216350e-02
-1.329967389814478915e-04 6.835466811108513452e-02 7.875571839187822665e-02
-1.246844427951075609e-04 6.830223685544678514e-02 7.858998457803972881e-02
-1.163721466087670135e-04 6.824899434118389396e-02 7.843818007179111096e-02
-1.080598504224264660e-04 6.819565230597179895e-02 7.829975290455559733e-02
-9.974755423608591860e-05 6.814291912540029750e-02 7.817421292643736419e-02
-9.143525804974537118e-05 6.809148957202260100e-02 7.806097988540075527e-02
-8.312296186340504059e-05 6.804203516751373970e-02 7.795956093838916912e-02
-7.481066567706449316e-05 6.799519532988572423e-02 7.786944083217604839e-02
-6.649836949072394574e-05 6.795156944849366221e-02 7.779016655841299033e-02
-5.818607330438339831e-05 6.791170995425359347e-02 7.772129725258332400e-02
-4.987377711804285088e-05 6.787611639615966086e-02 7.766243812748208075e-02
-4.156148093170252029e-05 6.784523049089123681e-02 7.761324366797052454e-02
-3.324918474536197287e-05 6.781943208124423250e-02 7.757341082948440714e-02
-2.493688855902142544e-05 6.779903592105071541e-02 7.754269217999011643e-02
-1.662459237268087801e-05 6.778428919788276330e-02 7.752089157961926380e-02
-8.312296186340330587e-06 6.777536970835348895e-02 7.750786739023980687e-02
0.000000000000000000e+00 6.777238461218033916e-02 7.750353601979671769e-02
8.312296186340547427e-06 6.777536970835348895e-02 7.750786739023980687e-02
1.662459237268109485e-05 6.778428919788276330e-02 7.752089157961927768e-02
2.493688855902164228e-05 6.779903592105071541e-02 7.754269217999011643e-02
3.324918474536218971e-05 6.781943208124423250e-02 7.757341082948440714e-02
4.156148093170252029e-05 6.784523049089123681e-02 7.761324366797052454e-02
4.987377711804306772e-05 6.787611639615966086e-02 7.766243812748208075e-02
5.818607330438361515e-05 6.791170995425360735e-02 7.772129725258331012e-02
6.649836949072416258e-05 6.795156944849366221e-02 7.779016655841299033e-02
7.481066567706471000e-05 6.799519532988571036e-02 7.786944083217606227e-02
8.312296186340525743e-05 6.804203516751372582e-02 7.795956093838918299e-02
9.143525804974558802e-05 6.809148957202260100e-02 7.806097988540075527e-02
9.974755423608613544e-05 6.814291912540028362e-02 7.817421292643736419e-02
1.080598504224266829e-04 6.819565230597181282e-02 7.829975290455561121e-02
1.163721466087672303e-04 6.824899434118390784e-02 7.843818007179112484e-02
1.246844427951077777e-04 6.830223685544678514e-02 7.858998457803972881e-02
1.329967389814481083e-04 6.835466811108513452e-02 7.875571839187822665e-02
1.413090351677886557e-04 6.840558357422746316e-02 7.893585191265216350e-02
1.496213313541292032e-04 6.845429648231107778e-02 7.913088573161874972e-02
1.579336275404697506e-04 6.850014805396828499e-02 7.934151043899401179e-02
1.662459237268102980e-04 6.854251697225773043e-02 7.956762639727908704e-02
1.745582199131506286e-04 6.858082779265316231e-02 7.981019594855157107e-02
1.828705160994911760e-04 6.861455797819548952e-02 8.006921661857664685e-02
1.911828122858317235e-04 6.864324334174860820e-02 8.034446733059662227e-02
1.994951084721722709e-04 6.866648177147169352e-02 8.063712459819094569e-02
2.078074046585128183e-04 6.868393521984873795e-02 8.094693831390288585e-02
2.161197008448531489e-04 6.869533003743764910e-02 8.127347050396842298e-02
2.244319970311936963e-04 6.870045581950427749e-02 8.161664257181569515e-02
2.327442932175342438e-04 6.869916299913920998e-02 8.197844313638630309e-02
2.410565894038747912e-04 6.869135946017554395e-02 8.235508792527587718e-02
2.493688855902153386e-04 6.867700645686236616e-02 8.275107842516073176e-02
2.576811817765556692e-04 6.865611411763698768e-02 8.316225453894809938e-02
2.659934779628962166e-04 6.862873678251626974e-02 8.358939396064200833e-02
2.743057741492367640e-04 6.859496838365128357e-02 8.403030657783389090e-02
2.826180703355773115e-04 6.855493803248374762e-02 8.449166304861677190e-02
2.909303665219178589e-04 6.850880592991248630e-02 8.496393745917313334e-02
2.992426627082581895e-04 6.845675967188480371e-02 8.545287933600057007e-02
3.075549588945987369e-04 6.839901098445792804e-02 8.595727345174898615e-02
3.158672550809392843e-04 6.833579289096823606e-02 8.647745117927062297e-02
3.241795512672798318e-04 6.826735728982599727e-02 8.701101423590379413e-02
3.324918474536203792e-04 6.819397290423706570e-02 8.755636040112591001e-02
3.408041436399607098e-04 6.811592355402526500e-02 8.811449374670889123e-02
3.491164398263012572e-04 6.803350669367394521e-02 8.868701261519547352e-02
3.574287360126418046e-04 6.794703215867678447e-02 8.927233572156509367e-02
3.657410321989823521e-04 6.785682106331479557e-02 8.987083692898337195e-02
3.740533283853228995e-04 6.776320479622768844e-02 9.048199755478975037e-02
3.823656245716632301e-04 6.766652406493585403e-02 9.110109894785677065e-02
3.906779207580037775e-04 6.756712794627141305e-02 9.173572442144665995e-02
3.989902169443443249e-04 6.746537290608599358e-02 9.237800596147036081e-02
4.073025131306848724e-04 6.736162175833383670e-02 9.303171012666035244e-02
4.156148093170254198e-04 6.725624254046461137e-02 9.369889943803511034e-02
4.239271055033657504e-04 6.714960728884945829e-02 9.437417232231318232e-02
4.322394016897062978e-04 6.704209070458928832e-02 9.505760432808608995e-02
4.405516978760468452e-04 6.693406870641932516e-02 9.575096018864764913e-02
4.488639940623873927e-04 6.682591687344524578e-02 9.645560097920813369e-02
4.571762902487279401e-04 6.671800878604527973e-02 9.716918536523300176e-02
4.654885864350684875e-04 6.661071427836670611e-02 9.788918041194998032e-02
4.738008826214088181e-04 6.650439762035890989e-02 9.862078493864301354e-02
4.821131788077493655e-04 6.639941565113965938e-02 9.935820699710044834e-02
4.904254749940899129e-04 6.629611588861446247e-02 1.001064710135147473e-01
4.987377711804304604e-04 6.619483464260658701e-02 1.008606874418032512e-01
5.070500673667710078e-04 6.609589516024549916e-02 1.016228395906200732e-01
5.153623635531113384e-04 6.599960583299435690e-02 1.023939215125240776e-01
5.236746597394518858e-04 6.590625849445316820e-02 1.031709525107277065e-01
5.319869559257924332e-04 6.581612683697689314e-02 1.039552973011557829e-01
5.402992521121329807e-04 6.572946497324458348e-02 1.047466513081818512e-01
5.486115482984735281e-04 6.564650616627362711e-02 1.055448235011663405e-01
5.569238444848138587e-04 6.556746174809043037e-02 1.063496491368560865e-01
5.652361406711544061e-04 6.549252024346285950e-02 1.071609557636867133e-01
5.735484368574949535e-04 6.542184671089459891e-02 1.079785566299605731e-01
5.818607330438355010e-04 6.535558230863422469e-02 1.088022734150146525e-01
5.901730292301760484e-04 6.529384408889513103e-02 1.096319512728950035e-01
5.984853254165163790e-04 6.523672501897244402e-02 1.104674712837030032e-01
6.067976216028569264e-04 6.518429422361510239e-02 1.113089754738710718e-01
6.151099177891974738e-04 6.513659743898807253e-02 1.121546846696747646e-01
6.234222139755380213e-04 6.509365766495098238e-02 1.130068942021637823e-01
6.317345101618785687e-04 6.505547599927215263e-02 1.138642476406497295e-01
6.400468063482188993e-04 6.502203263484805651e-02 1.147271832135405151e-01
6.483591025345594467e-04 6.499328799905189358e-02 1.155937844114814234e-01
6.566713987208999941e-04 6.496918401300079415e-02 1.164661505087193488e-01
6.649836949072405416e-04 6.494964544780094939e-02 1.173425838875905985e-01
6.732959910935810890e-04 6.493458135467911063e-02 1.182246929873310981e-01
6.816082872799214196e-04 6.492388654628071520e-02 1.191110245680835622e-01
6.899205834662619670e-04 6.491744310726640932e-02 1.200014039298218510e-01
6.982328796526025144e-04 6.491512191358518591e-02 1.208964658438610451e-01
7.065451758389430618e-04 6.491678414138016273e-02 1.217954131457890665e-01
7.148574720252836093e-04 6.492228274831068902e-02 1.226988509220711815e-01
7.231697682116239399e-04 6.493146391207840762e-02 1.236059580819552917e-01
7.314820643979644873e-04 6.494416841305174215e-02 1.245173628297451401e-01
7.397943605843050347e-04 6.496023295002942288e-02 1.254322976178000870e-01
7.481066567706455821e-04 6.497949138030975624e-02 1.263512584708439690e-01
7.564189529569861296e-04 6.500177587728472872e-02 1.272736546371173449e-01
7.647312491433264602e-04 6.502691800072794848e-02 1.281998534368555542e-01
7.730435453296670076e-04 6.505474967674114428e-02 1.291293332055187260e-01
7.813558415160075550e-04 6.508510408596621111e-02 1.300625186306035574e-01
7.896681377023481024e-04 6.511781646012221314e-02 1.309987038678824267e-01
7.979804338886886499e-04 6.515272478819478241e-02 1.319382595259150914e-01
8.062927300750291973e-04 6.518967043468885947e-02 1.328811935682834289e-01
8.146050262613697447e-04 6.522849867324093109e-02 1.338270721210355896e-01
8.229173224477102921e-04 6.526905913961114636e-02 1.347759995711007852e-01
8.312296186340504059e-04 6.531120620862120030e-02 1.357281232871453691e-01
8.395419148203909533e-04 6.535479930000157034e-02 1.366830121253602981e-01
8.478542110067315007e-04 6.539970311838491646e-02 1.376407361421240483e-01
8.561665071930720482e-04 6.544578783279993150e-02 1.386014509722398591e-01
8.644788033794125956e-04 6.549292920108952532e-02 1.395647585250308909e-01
8.727910995657531430e-04 6.554100864459531939e-02 1.405307500583657943e-01
8.811033957520936905e-04 6.558991327834193252e-02 1.414995069903564606e-01
8.894156919384342379e-04 6.563953590177395991e-02 1.424706845197626637e-01
8.977279881247747853e-04 6.568977495484926155e-02 1.434444126236349148e-01
9.060402843111153327e-04 6.574053444405454638e-02 1.444204867265188041e-01
9.143525804974554465e-04 6.579172384259067419e-02 1.453992941385024718e-01
9.226648766837959939e-04 6.584325796869958114e-02 1.463802673449720593e-01
9.309771728701365413e-04 6.589505684577112721e-02 1.473635606547822885e-01
9.392894690564770888e-04 6.594704554756834758e-02 1.483488698606958978e-01
9.476017652428176362e-04 6.599915403159299643e-02 1.493369772183954225e-01
9.559140614291581836e-04 6.605131696332487701e-02 1.503269404866299785e-01
9.642263576154987310e-04 6.610347353376774815e-02 1.513190412405313878e-01
9.725386538018392785e-04 6.615556727246146851e-02 1.523131926713766904e-01
9.808509499881798259e-04 6.620754585788159174e-02 1.533095348948871894e-01
9.891632461745203733e-04 6.625936092687031986e-02 1.543077755482666069e-01
9.974755423608609207e-04 6.631096788456507241e-02 1.553079961675527809e-01
1.005787838547201034e-03 6.636232571603735420e-02 1.563101435318587362e-01
1.014100134733541582e-03 6.641339680071060847e-02 1.573139689887963488e-01
1.022412430919882129e-03 6.646414673042676247e-02 1.583201326624189553e-01
1.030724727106222677e-03 6.651454413188681580e-02 1.593278461327770901e-01
1.039037023292563224e-03 6.656456049406056508e-02 1.603373494921261078e-01
1.047349319478903772e-03 6.661417000102295982e-02 1.613486012409382497e-01
1.055661615665244319e-03 6.666334937058125687e-02 1.623615384626424796e-01
1.063973911851584866e-03 6.671207769895250161e-02 1.633762702745346074e-01
1.072286208037925414e-03 6.676033631166805593e-02 1.643925660869730854e-01
1.080598504224265961e-03 6.680810862081490442e-02 1.654104934360449419e-01
1.088910800410606075e-03 6.685537998865613563e-02 1.664300125375810235e-01
1.097223096596946623e-03 6.690213759762426993e-02 1.674510902218661890e-01
1.105535392783287170e-03 6.694837032662448451e-02 1.684736615698064210e-01
1.113847688969627717e-03 6.699406863357101893e-02 1.694978559712114197e-01
1.122159985155968265e-03 6.703922444402089786e-02 1.705234400168982589e-01
1.130472281342308812e-03 6.708383104575563194e-02 1.715504814164799940e-01
1.138784577528649360e-03 6.712788298916140539e-02 1.725789469635432838e-01
1.147096873714989907e-03 6.717137599319331076e-02 1.736088091899835595e-01
1.155409169901330454e-03 6.721430685675285066e-02 1.746400391955544307e-01
1.163721466087671002e-03 6.725667337526429479e-02 1.756728094222627101e-01
1.172033762274011116e-03 6.729847426223457829e-02 1.767065573950989954e-01
