-1.172033762274011116e-03 6.970559862337422086e-02 1.737722233627144730e-01
-1.163721466087670568e-03 6.968378161971883200e-02 1.727207278327130557e-01
-1.155409169901330021e-03 6.966162154485144864e-02 1.716703650197765885e-01
-1.147096873714989690e-03 6.963911659545901633e-02 1.706211571209360067e-01
-1.138784577528649143e-03 6.961626537387193003e-02 1.695731287058786507e-01
-1.130472281342308595e-03 6.959306693144652611e-02 1.685262556657211586e-01
-1.122159985155968048e-03 6.956952081528827714e-02 1.674806688645593677e-01
-1.113847688969627501e-03 6.954562711852443901e-02 1.664363045203767766e-01
-1.105535392783287170e-03 6.952138653432810012e-02 1.653932085164944166e-01
-1.097223096596946623e-03 6.949680041390440821e-02 1.643514073490413285e-01
-1.088910800410606075e-03 6.947187082864544894e-02 1.633109315468475042e-01
-1.080598504224265528e-03 6.944660063667204564e-02 1.622717642593805021e-01
-1.072286208037924980e-03 6.942099355396594285e-02 1.612340115305807009e-01
-1.063973911851584650e-03 6.939505423029830589e-02 1.601976485989619892e-01
-1.055661615665244102e-03 6.936878833014833989e-02 1.591627132095772001e-01
-1.047349319478903555e-03 6.934220261879932290e-02 1.581292386266485162e-01
-1.039037023292563007e-03 6.931530505376995444e-02 1.570972029990921059e-01
-1.030724727106222460e-03 6.928810488173364757e-02 1.560667494489713925e-01
-1.022412430919882129e-03 6.926061274103235965e-02 1.550378228008916781e-01
-1.014100134733541582e-03 6.923284076987024083e-02 1.540104758401836527e-01
-1.005787838547201034e-03 6.920480272021786727e-02 1.529847562164225738e-01
-9.974755423608604871e-04 6.917651407740969816e-02 1.519606271038238809e-01
-9.891632461745199396e-04 6.914799218535323810e-02 1.509382253814906261e-01
-9.808509499881793922e-04 6.911925637718896454e-02 1.499175353631346241e-01
-9.725386538018390616e-04 6.909032811115932426e-02 1.488986071257724642e-01
-9.642263576154985142e-04 6.906123111132714265e-02 1.478814189443702909e-01
-9.559140614291579668e-04 6.903199151268384071e-02 1.468661114453160277e-01
-9.476017652428174193e-04 6.900263801003292397e-02 1.458526644234375835e-01
-9.392894690564769803e-04 6.897320200988921179e-02 1.448411507864589831e-01
-9.309771728701364329e-04 6.894371778445419763e-02 1.438315084801269073e-01
-9.226648766837959939e-04 6.891422262653061626e-02 1.428239213767062976e-01
-9.143525804974554465e-04 6.888475700402568735e-02 1.418183738631656476e-01
-9.060402843111148991e-04 6.885536471243701440e-02 1.408148467663616343e-01
-8.977279881247744600e-04 6.882609302346341662e-02 1.398135349033131636e-01
-8.894156919384340210e-04 6.879699282758722223e-02 1.388143824292621675e-01
-8.811033957520934736e-04 6.876811876816589508e-02 1.378173591169895851e-01
-8.727910995657529262e-04 6.873952936423906313e-02 1.368227728580269642e-01
-8.644788033794123788e-04 6.871128711891420771e-02 1.358304662032814303e-01
-8.561665071930719398e-04 6.868345860983152140e-02 1.348404676269884528e-01
-8.478542110067313923e-04 6.865611455783990347e-02 1.338530183792647488e-01
-8.395419148203909533e-04 6.862932986965401827e-02 1.328680562084854355e-01
-8.312296186340504059e-04 6.860318364989513584e-02 1.318855699402449178e-01
-8.229173224477098585e-04 6.857775917759015294e-02 1.309057825736308633e-01
-8.146050262613694195e-04 6.855314384188565535e-02 1.299285355981654455e-01
-8.062927300750288720e-04 6.852942903148064036e-02 1.289542564917852685e-01
-7.979804338886884330e-04 6.850670997208574420e-02 1.279827778530071569e-01
-7.896681377023478856e-04 6.848508550610428458e-02 1.270139942812051892e-01
-7.813558415160073382e-04 6.846465780872179607e-02 1.260483238341719159e-01
-7.730435453296668992e-04 6.844553203471663572e-02 1.250855577302796007e-01
-7.647312491433263517e-04 6.842781589056573521e-02 1.241260284768467975e-01
-7.564189529569859127e-04 6.841161912686673230e-02 1.231695478416465761e-01
-7.481066567706453653e-04 6.839705294673187330e-02 1.222165107466892109e-01
-7.397943605843048179e-04 6.838422932665827458e-02 1.212666036426869320e-01
-7.314820643979642704e-04 6.837326024745662978e-02 1.203200159255471136e-01
-7.231697682116238314e-04 6.836425683414107390e-02 1.193774091192340292e-01
-7.148574720252833924e-04 6.835732840523858767e-02 1.184381191322857185e-01
-7.065451758389428450e-04 6.835258143377323514e-02 1.175027687427272483e-01
-6.982328796526022976e-04 6.835011842419336237e-02 1.165709355979163836e-01
-6.899205834662617502e-04 6.835003671170934714e-02 1.156430762101958720e-01
-6.816082872799213111e-04 6.835242719285504476e-02 1.147196209344858719e-01
-6.732959910935807637e-04 6.835737299851560311e-02 1.137997360316437834e-01
-6.649836949072403247e-04 6.836494812310567326e-02 1.128842695839226418e-01
-6.566713987208997773e-04 6.837521602594784365e-02 1.119731659141933733e-01
-6.483591025345593383e-04 6.838822822309140181e-02 1.110665031286150878e-01
-6.400468063482187909e-04 6.840402288971646205e-02 1.101643131694774458e-01
-6.317345101618782434e-04 6.842262349477636063e-02 1.092677928336563548e-01
-6.234222139755378044e-04 6.844403749052355157e-02 1.083753582762959355e-01
-6.151099177891972570e-04 6.846825507993681281e-02 1.074880381337183083e-01
-6.067976216028568180e-04 6.849524808472233495e-02 1.066059740515029608e-01
-5.984853254165162706e-04 6.852496893542103784e-02 1.057283143777360684e-01
-5.901730292301757231e-04 6.855734980317143568e-02 1.048571733651034593e-01
-5.818607330438352841e-04 6.859230188983105048e-02 1.039915845336867317e-01
-5.735484368574947367e-04 6.862971488946796594e-02 1.031318129953857077e-01
-5.652361406711542977e-04 6.866945662975597331e-02 1.022782959004034931e-01
-5.569238444848137503e-04 6.871137289663450942e-02 1.014300464050899298e-01
-5.486115482984732028e-04 6.875528743986861202e-02 1.005890928562948733e-01
-5.402992521121327638e-04 6.880100215102151473e-02 9.975400383000387894e-02
-5.319869559257922164e-04 6.884829739903523815e-02 9.892679311154325972e-02
-5.236746597394516690e-04 6.889693250230627397e-02 9.810554308581975747e-02
-5.153623635531112300e-04 6.894664631006588995e-02 9.729181446499304831e-02
-5.070500673667706825e-04 6.899715786024857023e-02 9.648568628921849744e-02
-4.987377711804302435e-04 6.904816707606103998e-02 9.568748537951440869e-02
-4.904254749940896961e-04 6.909935545935771972e-02 9.489753888963832484e-02
-4.821131788077491487e-04 6.915038673585877094e-02 9.411618617291868383e-02
-4.738008826214087097e-04 6.920090740539960872e-02 9.334233385867747590e-02
-4.654885864350681622e-04 6.925054714995193539e-02 9.257913826046128281e-02
-4.571762902487277232e-04 6.929891905330876067e-02 9.182401209061322178e-02
-4.488639940623871758e-04 6.934561958933982417e-02 9.107892024760066985e-02
-4.405516978760466284e-04 6.939022834094758785e-02 9.034437397097827560e-02
-4.322394016897061894e-04 6.943230741978673182e-02 8.962095875632301867e-02
-4.239271055033656420e-04 6.947140056815584441e-02 8.890838235166029224e-02
-4.156148093170252029e-04 6.950703194021300158e-02 8.820719469586649208e-02
-4.073025131306846555e-04 6.953870458114394526e-02 8.751788417247029217e-02
-3.989902169443441081e-04 6.956589865187143285e-02 8.684077025609258926e-02
-3.906779207580036691e-04 6.958806948552676008e-02 8.617744392858586733e-02
-3.823656245716631217e-04 6.960464561277683593e-02 8.552769770980366004e-02
-3.740533283853226827e-04 6.961502695895911696e-02 8.489317215459223076e-02
-3.657410321989821352e-04 6.961858349925927059e-02 8.427313704695550689e-02
-3.574287360126415878e-04 6.961465476012855536e-02 8.366978355085809282e-02
-3.491164398263011488e-04 6.960255067436023346e-02 8.308228229347218441e-02
-3.408041436399606014e-04 6.958155442740499019e-02 8.251380046547608649e-02
-3.324918474536200539e-04 6.955092805936073652e-02 8.196300359227812193e-02
-3.241795512672796149e-04 6.950992168500214063e-02 8.143292725616835259e-02
-3.158672550809390675e-04 6.945778722331877320e-02 8.092281323088648670e-02
-3.075549588945986285e-04 6.939379743383462806e-02 8.043398545936544797e-02
-2.992426627082580811e-04 6.931727077592626796e-02 7.996811890614154150e-02
-2.909303665219175336e-04 6.922760208175346430e-02 7.952527479750777506e-02
-2.826180703355770946e-04 6.912429823804762397e-02 7.910647901695377904e-02
-2.743057741492365472e-04 6.900701704934157632e-02 7.871228825928290596e-02
-2.659934779628961082e-04 6.887560634724887443e-02 7.834321143918787644e-02
-2.576811817765555608e-04 6.873013946533691743e-02 7.799936205328315830e-02
-2.493688855902150133e-04 6.857094272970712390e-02 7.768072141293420885e-02
-2.410565894038745743e-04 6.839861090067492211e-02 7.738698241222970176e-02
-2.327442932175340269e-04 6.821400765806941158e-02 7.711757105361603803e-02
-2.244319970311935879e-04 6.801825010965166507e-02 7.687166490572458488e-02
-2.161197008448530405e-04 6.781267851871722319e-02 7.664822187616757154e-02
-2.078074046585124931e-04 6.759881445704535308e-02 7.644602091514735021e-02
-1.994951084721720540e-04 6.737831191643865736e-02 7.626371030914948224e-02
-1.911828122858315066e-04 6.715290630945551509e-02 7.609985776585612149e-02
-1.828705160994909592e-04 6.692436580168664717e-02 7.595299806966070155e-02
-1.745582199131504118e-04 6.669444831270414376e-02 7.582167494409790265e-02
-1.662459237268100812e-04 6.646486618657219958e-02 7.570447516567946344e-02
-1.579336275404695338e-04 6.623725919369484461e-02 7.560005426220128832e-02
-1.496213313541289863e-04 6.601317563034601876e-02 7.550715413429988365e-02
-1.413090351677884389e-04 6.579406049097608067e-02 7.542461358618667011e-02
-1.329967389814478915e-04 6.558124946653791365e-02 7.535137306779952915e-02
-1.246844427951075609e-04 6.537596744653872971e-02 7.528647499286875155e-02
-1.163721466087670135e-04 6.517933017685083319e-02 7.522906089530953522e-02
-1.080598504224264660e-04 6.499234807197475094e-02 7.517836649852792374e-02
-9.974755423608591860e-05 6.481593132861437900e-02 7.513371555624794029e-02
-9.143525804974537118e-05 6.465089586366550012e-02 7.509451311549648900e-02
-8.312296186340504059e-05 6.449796885563081894e-02 7.506023867132519123e-02
-7.481066567706449316e-05 6.435779489632112438e-02 7.503043953569352165e-02
-6.649836949072394574e-05 6.423094122278563689e-02 7.500472462948513941e-02
-5.818607330438339831e-05 6.411790253696753039e-02 7.498275882301846940e-02
-4.987377711804285088e-05 6.401910570553816238e-02 7.496425789139271600e-02
-4.156148093170252029e-05 6.393491311415415435e-02 7.494898411127048909e-02
-3.324918474536197287e-05 6.386562622723195026e-02 7.493674250050903762e-02
-2.493688855902142544e-05 6.381148830440337705e-02 7.492737768751625560e-02
-1.662459237268087801e-05 6.377268617432321762e-02 7.492077139026459554e-02
-8.312296186340330587e-06 6.374935232158762677e-02 7.491684048323528355e-02
0.000000000000000000e+00 6.374156558316861065e-02 7.491553563247869973e-02
8.312296186340547427e-06 6.374935232158762677e-02 7.491684048323528355e-02
1.662459237268109485e-05 6.377268617432323150e-02 7.492077139026460941e-02
2.493688855902164228e-05 6.381148830440337705e-02 7.492737768751625560e-02
3.324918474536218971e-05 6.386562622723195026e-02 7.493674250050903762e-02
4.156148093170252029e-05 6.393491311415415435e-02 7.494898411127048909e-02
4.987377711804306772e-05 6.401910570553816238e-02 7.496425789139271600e-02
5.818607330438361515e-05 6.411790253696755815e-02 7.498275882301846940e-02
6.649836949072416258e-05 6.423094122278563689e-02 7.500472462948513941e-02
7.481066567706471000e-05 6.435779489632112438e-02 7.503043953569352165e-02
8.312296186340525743e-05 6.449796885563081894e-02 7.506023867132519123e-02
9.143525804974558802e-05 6.465089586366550012e-02 7.509451311549648900e-02
9.974755423608613544e-05 6.481593132861437900e-02 7.513371555624794029e-02
1.080598504224266829e-04 6.499234807197475094e-02 7.517836649852792374e-02
1.163721466087672303e-04 6.517933017685083319e-02 7.522906089530953522e-02
1.246844427951077777e-04 6.537596744653872971e-02 7.528647499286875155e-02
1.329967389814481083e-04 6.558124946653791365e-02 7.535137306779952915e-02
1.413090351677886557e-04 6.579406049097609455e-02 7.542461358618668399e-02
1.496213313541292032e-04 6.601317563034601876e-02 7.550715413429988365e-02
1.579336275404697506e-04 6.623725919369484461e-02 7.560005426220128832e-02
1.662459237268102980e-04 6.646486618657219958e-02 7.570447516567946344e-02
1.745582199131506286e-04 6.669444831270415763e-02 7.582167494409791653e-02
1.828705160994911760e-04 6.692436580168664717e-02 7.595299806966070155e-02
1.911828122858317235e-04 6.715290630945552897e-02 7.609985776585613537e-02
1.994951084721722709e-04 6.737831191643865736e-02 7.626371030914948224e-02
2.078074046585128183e-04 6.759881445704536695e-02 7.644602091514735021e-02
2.161197008448531489e-04 6.781267851871722319e-02 7.664822187616757154e-02
2.244319970311936963e-04 6.801825010965166507e-02 7.687166490572458488e-02
2.327442932175342438e-04 6.821400765806942545e-02 7.711757105361605191e-02
2.410565894038747912e-04 6.839861090067492211e-02 7.738698241222970176e-02
2.493688855902153386e-04 6.857094272970712390e-02 7.768072141293422272e-02
2.576811817765556692e-04 6.873013946533691743e-02 7.799936205328315830e-02
2.659934779628962166e-04 6.887560634724887443e-02 7.834321143918787644e-02
2.743057741492367640e-04 6.900701704934159020e-02 7.871228825928291983e-02
2.826180703355773115e-04 6.912429823804762397e-02 7.910647901695377904e-02
2.909303665219178589e-04 6.922760208175347818e-02 7.952527479750778894e-02
2.992426627082581895e-04 6.931727077592628183e-02 7.996811890614155538e-02
3.075549588945987369e-04 6.939379743383462806e-02 8.043398545936547572e-02
3.158672550809392843e-04 6.945778722331877320e-02 8.092281323088651446e-02
3.241795512672798318e-04 6.950992168500214063e-02 8.143292725616835259e-02
3.324918474536203792e-04 6.955092805936073652e-02 8.196300359227812193e-02
3.408041436399607098e-04 6.958155442740499019e-02 8.251380046547610037e-02
3.491164398263012572e-04 6.960255067436023346e-02 8.308228229347219829e-02
3.574287360126418046e-04 6.961465476012855536e-02 8.366978355085810670e-02
3.657410321989823521e-04 6.961858349925927059e-02 8.427313704695552077e-02
3.740533283853228995e-04 6.961502695895911696e-02 8.489317215459224464e-02
3.823656245716632301e-04 6.960464561277683593e-02 8.552769770980366004e-02
3.906779207580037775e-04 6.958806948552676008e-02 8.617744392858589508e-02
3.989902169443443249e-04 6.956589865187143285e-02 8.684077025609260314e-02
4.073025131306848724e-04 6.953870458114393138e-02 8.751788417247030605e-02
4.156148093170254198e-04 6.950703194021300158e-02 8.820719469586651984e-02
4.239271055033657504e-04 6.947140056815584441e-02 8.890838235166032000e-02
4.322394016897062978e-04 6.943230741978673182e-02 8.962095875632301867e-02
4.405516978760468452e-04 6.939022834094760173e-02 9.034437397097828948e-02
4.488639940623873927e-04 6.934561958933983805e-02 9.107892024760068372e-02
4.571762902487279401e-04 6.929891905330876067e-02 9.182401209061322178e-02
4.654885864350684875e-04 6.925054714995192151e-02 9.257913826046132444e-02
4.738008826214088181e-04 6.920090740539960872e-02 9.334233385867750366e-02
4.821131788077493655e-04 6.915038673585877094e-02 9.411618617291871158e-02
4.904254749940899129e-04 6.909935545935774748e-02 9.489753888963833872e-02
4.987377711804304604e-04 6.904816707606101223e-02 9.568748537951442257e-02
5.070500673667710078e-04 6.899715786024857023e-02 9.648568628921855295e-02
5.153623635531113384e-04 6.894664631006591771e-02 9.729181446499306218e-02
5.236746597394518858e-04 6.889693250230627397e-02 9.810554308581978522e-02
5.319869559257924332e-04 6.884829739903527979e-02 9.892679311154327360e-02
5.402992521121329807e-04 6.880100215102151473e-02 9.975400383000387894e-02
5.486115482984735281e-04 6.875528743986861202e-02 1.005890928562949010e-01
5.569238444848138587e-04 6.871137289663453718e-02 1.014300464050899436e-01
5.652361406711544061e-04 6.866945662975600106e-02 1.022782959004035069e-01
5.735484368574949535e-04 6.862971488946799370e-02 1.031318129953857216e-01
5.818607330438355010e-04 6.859230188983100884e-02 1.039915845336867734e-01
5.901730292301760484e-04 6.855734980317146343e-02 1.048571733651035010e-01
5.984853254165163790e-04 6.852496893542107947e-02 1.057283143777360823e-01
6.067976216028569264e-04 6.849524808472233495e-02 1.066059740515029608e-01
6.151099177891974738e-04 6.846825507993678506e-02 1.074880381337183222e-01
6.234222139755380213e-04 6.844403749052352381e-02 1.083753582762959494e-01
6.317345101618785687e-04 6.842262349477636063e-02 1.092677928336563686e-01
6.400468063482188993e-04 6.840402288971646205e-02 1.101643131694774458e-01
6.483591025345594467e-04 6.838822822309140181e-02 1.110665031286151155e-01
6.566713987208999941e-04 6.837521602594785752e-02 1.119731659141933872e-01
6.649836949072405416e-04 6.836494812310565938e-02 1.128842695839226556e-01
6.732959910935810890e-04 6.835737299851560311e-02 1.137997360316438389e-01
6.816082872799214196e-04 6.835242719285503088e-02 1.147196209344858858e-01
6.899205834662619670e-04 6.835003671170934714e-02 1.156430762101958998e-01
6.982328796526025144e-04 6.835011842419336237e-02 1.165709355979164114e-01
7.065451758389430618e-04 6.835258143377322126e-02 1.175027687427272621e-01
7.148574720252836093e-04 6.835732840523858767e-02 1.184381191322857463e-01
7.231697682116239399e-04 6.836425683414107390e-02 1.193774091192340292e-01
7.314820643979644873e-04 6.837326024745660202e-02 1.203200159255471274e-01
7.397943605843050347e-04 6.838422932665827458e-02 1.212666036426869320e-01
7.481066567706455821e-04 6.839705294673187330e-02 1.222165107466892109e-01
7.564189529569861296e-04 6.841161912686664903e-02 1.231695478416466039e-01
7.647312491433264602e-04 6.842781589056573521e-02 1.241260284768468253e-01
7.730435453296670076e-04 6.844553203471663572e-02 1.250855577302796007e-01
7.813558415160075550e-04 6.846465780872185158e-02 1.260483238341719714e-01
7.896681377023481024e-04 6.848508550610428458e-02 1.270139942812051892e-01
7.979804338886886499e-04 6.850670997208589685e-02 1.279827778530071847e-01
8.062927300750291973e-04 6.852942903148064036e-02 1.289542564917853240e-01
8.146050262613697447e-04 6.855314384188565535e-02 1.299285355981654455e-01
8.229173224477102921e-04 6.857775917759023621e-02 1.309057825736309189e-01
8.312296186340504059e-04 6.860318364989513584e-02 1.318855699402449178e-01
8.395419148203909533e-04 6.862932986965401827e-02 1.328680562084854355e-01
8.478542110067315007e-04 6.865611455783990347e-02 1.338530183792647488e-01
8.561665071930720482e-04 6.868345860983152140e-02 1.348404676269884528e-01
8.644788033794125956e-04 6.871128711891420771e-02 1.358304662032814858e-01
8.727910995657531430e-04 6.873952936423881332e-02 1.368227728580269920e-01
8.811033957520936905e-04 6.876811876816589508e-02 1.378173591169895851e-01
8.894156919384342379e-04 6.879699282758722223e-02 1.388143824292621675e-01
8.977279881247747853e-04 6.882609302346327784e-02 1.398135349033131913e-01
9.060402843111153327e-04 6.885536471243701440e-02 1.408148467663616898e-01
9.143525804974554465e-04 6.888475700402568735e-02 1.418183738631656476e-01
9.226648766837959939e-04 6.891422262653061626e-02 1.428239213767062976e-01
9.309771728701365413e-04 6.894371778445387844e-02 1.438315084801269350e-01
9.392894690564770888e-04 6.897320200988921179e-02 1.448411507864589831e-01
9.476017652428176362e-04 6.900263801003292397e-02 1.458526644234376390e-01
9.559140614291581836e-04 6.903199151268349376e-02 1.468661114453160554e-01
9.642263576154987310e-04 6.906123111132679571e-02 1.478814189443703186e-01
9.725386538018392785e-04 6.909032811115914385e-02 1.488986071257724642e-01
9.808509499881798259e-04 6.911925637718896454e-02 1.499175353631346796e-01
9.891632461745203733e-04 6.914799218535304381e-02 1.509382253814906261e-01
9.974755423608609207e-04 6.917651407740969816e-02 1.519606271038239365e-01
1.005787838547201034e-03 6.920480272021786727e-02 1.529847562164225738e-01
1.014100134733541582e-03 6.923284076987024083e-02 1.540104758401836527e-01
1.022412430919882129e-03 6.926061274103235965e-02 1.550378228008916781e-01
1.030724727106222677e-03 6.928810488173364757e-02 1.560667494489713925e-01
1.039037023292563224e-03 6.931530505376995444e-02 1.570972029990921059e-01
1.047349319478903772e-03 6.934220261879911473e-02 1.581292386266485162e-01
1.055661615665244319e-03 6.936878833014854806e-02 1.591627132095772279e-01
1.063973911851584866e-03 6.939505423029809772e-02 1.601976485989619892e-01
1.072286208037925414e-03 6.942099355396594285e-02 1.612340115305807564e-01
1.080598504224265961e-03 6.944660063667226768e-02 1.622717642593806131e-01
1.088910800410606075e-03 6.947187082864544894e-02 1.633109315468475042e-01
1.097223096596946623e-03 6.949680041390440821e-02 1.643514073490413285e-01
1.105535392783287170e-03 6.952138653432810012e-02 1.653932085164944166e-01
1.113847688969627717e-03 6.954562711852443901e-02 1.664363045203768321e-01
1.122159985155968265e-03 6.956952081528851306e-02 1.674806688645594233e-01
1.130472281342308812e-03 6.959306693144701184e-02 1.685262556657211863e-01
1.138784577528649360e-03 6.961626537387241576e-02 1.695731287058786785e-01
1.147096873714989907e-03 6.963911659545853061e-02 1.706211571209360345e-01
1.155409169901330454e-03 6.966162154485144864e-02 1.716703650197766440e-01
1.163721466087671002e-03 6.968378161971883200e-02 1.727207278327131112e-01
1.172033762274011116e-03 6.970559862337422086e-02 1.737722233627144730e-01
