-1.172033762274011116e-03 7.083072535613672838e-02 1.737722174684288301e-01
-1.163721466087670568e-03 7.081921254995834913e-02 1.727207207946608314e-01
-1.155409169901330021e-03 7.080751334312626599e-02 1.716703569963766440e-01
-1.147096873714989690e-03 7.079562635014112482e-02 1.706211478606338705e-01
-1.138784577528649143e-03 7.078355036871158967e-02 1.695731166223735376e-01
-1.130472281342308595e-03 7.077128440049186564e-02 1.685262624466007109e-01
-1.122159985155968048e-03 7.075882767343526225e-02 1.674806622622264929e-01
-1.113847688969627501e-03 7.074617966586481399e-02 1.664362959608731429e-01
-1.105535392783287170e-03 7.073334013235782480e-02 1.653931985612451250e-01
-1.097223096596946623e-03 7.072030913154618570e-02 1.643513956918179197e-01
-1.088910800410606075e-03 7.070708705593058141e-02 1.633109153100583133e-01
-1.080598504224265528e-03 7.069367466381364096e-02 1.622717620059995203e-01
-1.072286208037924980e-03 7.068007311344831622e-02 1.612340021491133757e-01
-1.063973911851584650e-03 7.066628399949910488e-02 1.601976370486765111e-01
-1.055661615665244102e-03 7.065230939190704496e-02 1.591626996204466293e-01
-1.047349319478903555e-03 7.063815187724596656e-02 1.581292209040641994e-01
-1.039037023292563007e-03 7.062381460264167965e-02 1.570972047573114816e-01
-1.030724727106222460e-03 7.060930132232350054e-02 1.560667379122639975e-01
-1.022412430919882129e-03 7.059461644685303960e-02 1.550378083523587525e-01
-1.014100134733541582e-03 7.057976509506430629e-02 1.540104584543238175e-01
-1.005787838547201034e-03 7.056475314872134863e-02 1.529847284532621920e-01
-9.974755423608604871e-04 7.054958730987427595e-02 1.519606167866827950e-01
-9.891632461745199396e-04 7.053427516086219207e-02 1.509382091989891206e-01
-9.808509499881793922e-04 7.051882522687061283e-02 1.499175156212606275e-01
-9.725386538018390616e-04 7.050324704090944750e-02 1.488985793511035105e-01
-9.642263576154985142e-04 7.048755121101789312e-02 1.478814082860838985e-01
-9.559140614291579668e-04 7.047174948945104933e-02 1.468660920172126794e-01
-9.476017652428174193e-04 7.045585484352463734e-02 1.458526402548704914e-01
-9.392894690564769803e-04 7.043988152771969713e-02 1.448411098191515756e-01
-9.309771728701364329e-04 7.042384515655820965e-02 1.438314906212762589e-01
-9.226648766837959939e-04 7.040776277765950497e-02 1.428238961274580499e-01
-9.143525804974554465e-04 7.039165294427905673e-02 1.418183406734235263e-01
-9.060402843111148991e-04 7.037553578650120045e-02 1.408148374482812160e-01
-8.977279881247744600e-04 7.035943308012883313e-02 1.398135072918270383e-01
-8.894156919384340210e-04 7.034336831216343733e-02 1.388143463916826359e-01
-8.811033957520934736e-04 7.032736674161066404e-02 1.378173644470488679e-01
-8.727910995657529262e-04 7.031145545417832876e-02 1.368227409444487119e-01
-8.644788033794123788e-04 7.029566340925838541e-02 1.358304234542741240e-01
-8.561665071930719398e-04 7.028002147739945138e-02 1.348404532901551767e-01
-8.478542110067313923e-04 7.026456246628765001e-02 1.338529789638525092e-01
-8.395419148203909533e-04 7.024932113306794901e-02 1.328679980763549928e-01
-8.312296186340504059e-04 7.023433418064903289e-02 1.318855346386376970e-01
-8.229173224477098585e-04 7.021964023546499456e-02 1.309057306525257258e-01
-8.146050262613694195e-04 7.020527980400177726e-02 1.299285383034286256e-01
-8.062927300750288720e-04 7.019129520526186383e-02 1.289542037452259537e-01
-7.979804338886884330e-04 7.017773047623558635e-02 1.279826767039796975e-01
-7.896681377023478856e-04 7.016463124738139823e-02 1.270139389575480893e-01
-7.813558415160073382e-04 7.015204458510303220e-02 1.260482351058075379e-01
-7.730435453296668992e-04 7.014001879826377295e-02 1.250854974652734486e-01
-7.647312491433263517e-04 7.012860320589510421e-02 1.241259301790652164e-01
-7.564189529569859127e-04 7.011784786346714204e-02 1.231694782508413188e-01
-7.481066567706453653e-04 7.010780324538933017e-02 1.222163795424431737e-01
-7.397943605843048179e-04 7.009851988181609039e-02 1.212665190146398619e-01
-7.314820643979642704e-04 7.009004794835134444e-02 1.203200344918550352e-01
-7.231697682116238314e-04 7.008243680788321661e-02 1.193773013132744115e-01
-7.148574720252833924e-04 7.007573450453281894e-02 1.184380335242294635e-01
-7.065451758389428450e-04 7.006998721057054735e-02 1.175025901855069610e-01
-6.982328796526022976e-04 7.006523862812770453e-02 1.165708094441612469e-01
-6.899205834662617502e-04 7.006152934859441461e-02 1.156429706066091634e-01
-6.816082872799213111e-04 7.005889617372637601e-02 1.147193417074550831e-01
-6.732959910935807637e-04 7.005737140365113358e-02 1.137995606263843412e-01
-6.649836949072403247e-04 7.005698209813294997e-02 1.128841081367634863e-01
-6.566713987208997773e-04 7.005774931857831900e-02 1.119730152123083605e-01
-6.483591025345593383e-04 7.005968735929216096e-02 1.110663819022536802e-01
-6.400468063482187909e-04 7.006280297737119134e-02 1.101642874690482166e-01
-6.317345101618782434e-04 7.006709463128803217e-02 1.092673960170391506e-01
-6.234222139755378044e-04 7.007255173861885733e-02 1.083749838727867953e-01
-6.151099177891972570e-04 7.007915396344262249e-02 1.074876362849479100e-01
-6.067976216028568180e-04 7.008687054364298730e-02 1.066054978377543316e-01
-5.984853254165162706e-04 7.009565966763259270e-02 1.057282194592744223e-01
-5.901730292301757231e-04 7.010546790886931778e-02 1.048569381976323933e-01
-5.818607330438352841e-04 7.011622972493215811e-02 1.039912540926215823e-01
-5.735484368574947367e-04 7.012786702587850418e-02 1.031313865448694467e-01
-5.652361406711542977e-04 7.014028881414144379e-02 1.022776447646807363e-01
-5.569238444848137503e-04 7.015339089539140982e-02 1.014296300023513064e-01
-5.486115482984732028e-04 7.016705565664829725e-02 1.005884554099337608e-01
-5.402992521121327638e-04 7.018115190456869490e-02 9.975350885603244400e-02
-5.319869559257922164e-04 7.019553475334892878e-02 9.892590574027253225e-02
-5.236746597394516690e-04 7.021004554818423282e-02 9.810480104500561571e-02
-5.153623635531112300e-04 7.022451180682523497e-02 9.729109459162399443e-02
-5.070500673667706825e-04 7.023874715859602935e-02 9.648495147331902222e-02
-4.987377711804302435e-04 7.025255125740531570e-02 9.568666725815537510e-02
-4.904254749940896961e-04 7.026570964292265520e-02 9.489654479053143132e-02
-4.821131788077491487e-04 7.027799352233699004e-02 9.411490070382504125e-02
-4.738008826214087097e-04 7.028915944411280592e-02 9.334134359642244638e-02
-4.654885864350681622e-04 7.029894883508581993e-02 9.257761593694253943e-02
-4.571762902487277232e-04 7.030708737331407832e-02 9.182259819010285540e-02
-4.488639940623871758e-04 7.031328417161698818e-02 9.107745754957739803e-02
-4.405516978760466284e-04 7.031723075109209964e-02 9.034264592665609828e-02
-4.322394016897061894e-04 7.031859979064943034e-02 8.961866488943093234e-02
-4.239271055033656420e-04 7.031704364849612754e-02 8.890559070757658722e-02
-4.156148093170252029e-04 7.031219266554877834e-02 8.820393542107353435e-02
-4.073025131306846555e-04 7.030365328026642879e-02 8.751419609888323736e-02
-3.989902169443441081e-04 7.029100601105314761e-02 8.683680229328964717e-02
-3.906779207580036691e-04 7.027380339818883881e-02 8.617283732900814230e-02
-3.823656245716631217e-04 7.025156804448706716e-02 8.552250427826836587e-02
-3.740533283853226827e-04 7.022379095484207467e-02 8.488694994834729279e-02
-3.657410321989821352e-04 7.018993045134432063e-02 8.426615586280936099e-02
-3.574287360126415878e-04 7.014941203320629315e-02 8.366158419036555383e-02
-3.491164398263011488e-04 7.010162965711784488e-02 8.307320588664993122e-02
-3.408041436399606014e-04 7.004594902685853941e-02 8.250300732047165242e-02
-3.324918474536200539e-04 6.998171358669449948e-02 8.195073789845466750e-02
-3.241795512672796149e-04 6.990825398673583546e-02 8.141834099035394345e-02
-3.158672550809390675e-04 6.982490179324976620e-02 8.090586505781907634e-02
-3.075549588945986285e-04 6.973100810444972375e-02 8.041439243939989268e-02
-2.992426627082580811e-04 6.962596744830282236e-02 7.994516218842596944e-02
-2.909303665219175336e-04 6.950924683763186340e-02 7.949857383968013391e-02
-2.826180703355770946e-04 6.938041912556233703e-02 7.907546094260227421e-02
-2.743057741492365472e-04 6.923919888933895150e-02 7.867635752043171393e-02
-2.659934779628961082e-04 6.908547810736843930e-02 7.830169247013731015e-02
-2.576811817765555608e-04 6.891935810535872176e-02 7.795160133612678843e-02
-2.493688855902150133e-04 6.874117390179518283e-02 7.762604711090445586e-02
-2.410565894038745743e-04 6.855150741006024728e-02 7.732473640503140233e-02
-2.327442932175340269e-04 6.835118703606206381e-02 7.704713060495511912e-02
-2.244319970311935879e-04 6.814127290420619876e-02 7.679246186294023946e-02
-2.161197008448530405e-04 6.792302889377097030e-02 7.655976002666267655e-02
-2.078074046585124931e-04 6.769788440949678354e-02 7.634788999603053794e-02
-1.994951084721720540e-04 6.746738994211547158e-02 7.615559554831100031e-02
-1.911828122858315066e-04 6.723317079505462812e-02 7.598154482193912596e-02
-1.828705160994909592e-04 6.699688290881831987e-02 7.582437363931668339e-02
-1.745582199131504118e-04 6.676017374037374053e-02 7.568272369914677555e-02
-1.662459237268100812e-04 6.652464997545166903e-02 7.555527388445683334e-02
-1.579336275404695338e-04 6.629185269685279602e-02 7.544076406222888220e-02
-1.496213313541289863e-04 6.606323979925089740e-02 7.533801163851616689e-02
-1.413090351677884389e-04 6.584017478953650693e-02 7.524592171253739747e-02
-1.329967389814478915e-04 6.562392086762527943e-02 7.516349196479434058e-02
-1.246844427951075609e-04 6.541563910837347451e-02 7.508981348209396722e-02
-1.163721466087670135e-04 6.521638958079672976e-02 7.502406864309900392e-02
-1.080598504224264660e-04 6.502713447859402585e-02 7.496552702979543403e-02
-9.974755423608591860e-05 6.484874248873531699e-02 7.491354014372954284e-02
-9.143525804974537118e-05 6.468199389147961942e-02 7.486753552348983376e-02
-8.312296186340504059e-05 6.452758558339732886e-02 7.482701069918967773e-02
-7.481066567706449316e-05 6.438613638741677581e-02 7.479152728762943070e-02
-6.649836949072394574e-05 6.425819179165362383e-02 7.476070542887396086e-02
-5.818607330438339831e-05 6.414422831242684586e-02 7.473421868824549341e-02
-4.987377711804285088e-05 6.404465759458706497e-02 7.471178949287198001e-02
-4.156148093170252029e-05 6.395982962066688871e-02 7.469318513441963736e-02
-3.324918474536197287e-05 6.389003580026973717e-02 7.467821434536807412e-02
-2.493688855902142544e-05 6.383551141811440177e-02 7.466672444171212897e-02
-1.662459237268087801e-05 6.379643739757048793e-02 7.465859901756326245e-02
-8.312296186340330587e-06 6.377294201536505558e-02 7.465375617467780167e-02
0.000000000000000000e+00 6.376510172312317704e-02 7.465214727089504454e-02
8.312296186340547427e-06 6.377294201536505558e-02 7.465375617467780167e-02
1.662459237268109485e-05 6.379643739757050180e-02 7.465859901756327632e-02
2.493688855902164228e-05 6.383551141811440177e-02 7.466672444171212897e-02
3.324918474536218971e-05 6.389003580026973717e-02 7.467821434536807412e-02
4.156148093170252029e-05 6.395982962066688871e-02 7.469318513441963736e-02
4.987377711804306772e-05 6.404465759458706497e-02 7.471178949287198001e-02
5.818607330438361515e-05 6.414422831242687362e-02 7.473421868824549341e-02
6.649836949072416258e-05 6.425819179165362383e-02 7.476070542887396086e-02
7.481066567706471000e-05 6.438613638741677581e-02 7.479152728762943070e-02
8.312296186340525743e-05 6.452758558339732886e-02 7.482701069918967773e-02
9.143525804974558802e-05 6.468199389147961942e-02 7.486753552348983376e-02
9.974755423608613544e-05 6.484874248873531699e-02 7.491354014372954284e-02
1.080598504224266829e-04 6.502713447859402585e-02 7.496552702979543403e-02
1.163721466087672303e-04 6.521638958079672976e-02 7.502406864309900392e-02
1.246844427951077777e-04 6.541563910837347451e-02 7.508981348209396722e-02
1.329967389814481083e-04 6.562392086762527943e-02 7.516349196479434058e-02
1.413090351677886557e-04 6.584017478953652081e-02 7.524592171253741135e-02
1.496213313541292032e-04 6.606323979925089740e-02 7.533801163851616689e-02
1.579336275404697506e-04 6.629185269685279602e-02 7.544076406222888220e-02
1.662459237268102980e-04 6.652464997545166903e-02 7.555527388445683334e-02
1.745582199131506286e-04 6.676017374037375440e-02 7.568272369914678943e-02
1.828705160994911760e-04 6.699688290881831987e-02 7.582437363931668339e-02
1.911828122858317235e-04 6.723317079505464200e-02 7.598154482193913983e-02
1.994951084721722709e-04 6.746738994211547158e-02 7.615559554831100031e-02
2.078074046585128183e-04 6.769788440949679742e-02 7.634788999603055182e-02
2.161197008448531489e-04 6.792302889377097030e-02 7.655976002666267655e-02
2.244319970311936963e-04 6.814127290420619876e-02 7.679246186294023946e-02
2.327442932175342438e-04 6.835118703606207768e-02 7.704713060495513299e-02
2.410565894038747912e-04 6.855150741006024728e-02 7.732473640503140233e-02
2.493688855902153386e-04 6.874117390179516895e-02 7.762604711090446974e-02
2.576811817765556692e-04 6.891935810535872176e-02 7.795160133612678843e-02
2.659934779628962166e-04 6.908547810736843930e-02 7.830169247013731015e-02
2.743057741492367640e-04 6.923919888933895150e-02 7.867635752043172781e-02
2.826180703355773115e-04 6.938041912556233703e-02 7.907546094260227421e-02
2.909303665219178589e-04 6.950924683763187728e-02 7.949857383968014779e-02
2.992426627082581895e-04 6.962596744830283624e-02 7.994516218842598332e-02
3.075549588945987369e-04 6.973100810444972375e-02 8.041439243939992043e-02
3.158672550809392843e-04 6.982490179324976620e-02 8.090586505781910409e-02
3.241795512672798318e-04 6.990825398673583546e-02 8.141834099035394345e-02
3.324918474536203792e-04 6.998171358669449948e-02 8.195073789845466750e-02
3.408041436399607098e-04 7.004594902685855329e-02 8.250300732047166630e-02
3.491164398263012572e-04 7.010162965711785876e-02 8.307320588664994510e-02
3.574287360126418046e-04 7.014941203320630703e-02 8.366158419036556770e-02
3.657410321989823521e-04 7.018993045134430675e-02 8.426615586280937487e-02
3.740533283853228995e-04 7.022379095484207467e-02 8.488694994834730667e-02
3.823656245716632301e-04 7.025156804448706716e-02 8.552250427826836587e-02
3.906779207580037775e-04 7.027380339818883881e-02 8.617283732900817006e-02
3.989902169443443249e-04 7.029100601105314761e-02 8.683680229328966105e-02
4.073025131306848724e-04 7.030365328026644267e-02 8.751419609888325124e-02
4.156148093170254198e-04 7.031219266554877834e-02 8.820393542107356211e-02
4.239271055033657504e-04 7.031704364849612754e-02 8.890559070757661497e-02
4.322394016897062978e-04 7.031859979064943034e-02 8.961866488943093234e-02
4.405516978760468452e-04 7.031723075109209964e-02 9.034264592665611215e-02
4.488639940623873927e-04 7.031328417161698818e-02 9.107745754957741191e-02
4.571762902487279401e-04 7.030708737331407832e-02 9.182259819010285540e-02
4.654885864350684875e-04 7.029894883508581993e-02 9.257761593694258107e-02
4.738008826214088181e-04 7.028915944411280592e-02 9.334134359642247414e-02
4.821131788077493655e-04 7.027799352233699004e-02 9.411490070382506901e-02
4.904254749940899129e-04 7.026570964292265520e-02 9.489654479053144520e-02
4.987377711804304604e-04 7.025255125740530182e-02 9.568666725815538898e-02
5.070500673667710078e-04 7.023874715859602935e-02 9.648495147331907773e-02
5.153623635531113384e-04 7.022451180682523497e-02 9.729109459162400830e-02
5.236746597394518858e-04 7.021004554818423282e-02 9.810480104500564347e-02
5.319869559257924332e-04 7.019553475334894266e-02 9.892590574027254613e-02
5.402992521121329807e-04 7.018115190456869490e-02 9.975350885603244400e-02
5.486115482984735281e-04 7.016705565664829725e-02 1.005884554099337885e-01
5.569238444848138587e-04 7.015339089539142370e-02 1.014296300023513203e-01
5.652361406711544061e-04 7.014028881414145766e-02 1.022776447646807502e-01
5.735484368574949535e-04 7.012786702587851806e-02 1.031313865448694606e-01
5.818607330438355010e-04 7.011622972493215811e-02 1.039912540926216239e-01
5.901730292301760484e-04 7.010546790886933166e-02 1.048569381976324350e-01
5.984853254165163790e-04 7.009565966763260658e-02 1.057282194592744362e-01
6.067976216028569264e-04 7.008687054364298730e-02 1.066054978377543316e-01
6.151099177891974738e-04 7.007915396344260861e-02 1.074876362849479239e-01
6.234222139755380213e-04 7.007255173861884345e-02 1.083749838727868092e-01
6.317345101618785687e-04 7.006709463128803217e-02 1.092673960170391784e-01
6.400468063482188993e-04 7.006280297737119134e-02 1.101642874690482166e-01
6.483591025345594467e-04 7.005968735929216096e-02 1.110663819022537080e-01
6.566713987208999941e-04 7.005774931857831900e-02 1.119730152123083744e-01
6.649836949072405416e-04 7.005698209813294997e-02 1.128841081367635002e-01
6.732959910935810890e-04 7.005737140365113358e-02 1.137995606263843967e-01
6.816082872799214196e-04 7.005889617372637601e-02 1.147193417074550970e-01
6.899205834662619670e-04 7.006152934859441461e-02 1.156429706066091911e-01
6.982328796526025144e-04 7.006523862812770453e-02 1.165708094441612747e-01
7.065451758389430618e-04 7.006998721057054735e-02 1.175025901855069749e-01
7.148574720252836093e-04 7.007573450453281894e-02 1.184380335242294913e-01
7.231697682116239399e-04 7.008243680788321661e-02 1.193773013132744115e-01
7.314820643979644873e-04 7.009004794835131669e-02 1.203200344918550491e-01
7.397943605843050347e-04 7.009851988181609039e-02 1.212665190146398619e-01
7.481066567706455821e-04 7.010780324538933017e-02 1.222163795424431737e-01
7.564189529569861296e-04 7.011784786346708653e-02 1.231694782508413466e-01
7.647312491433264602e-04 7.012860320589510421e-02 1.241259301790652442e-01
7.730435453296670076e-04 7.014001879826377295e-02 1.250854974652734486e-01
7.813558415160075550e-04 7.015204458510305996e-02 1.260482351058075934e-01
7.896681377023481024e-04 7.016463124738139823e-02 1.270139389575480893e-01
7.979804338886886499e-04 7.017773047623566962e-02 1.279826767039797253e-01
8.062927300750291973e-04 7.019129520526186383e-02 1.289542037452260093e-01
8.146050262613697447e-04 7.020527980400177726e-02 1.299285383034286256e-01
8.229173224477102921e-04 7.021964023546505007e-02 1.309057306525257813e-01
8.312296186340504059e-04 7.023433418064903289e-02 1.318855346386376970e-01
8.395419148203909533e-04 7.024932113306794901e-02 1.328679980763549928e-01
8.478542110067315007e-04 7.026456246628765001e-02 1.338529789638525092e-01
8.561665071930720482e-04 7.028002147739945138e-02 1.348404532901551767e-01
8.644788033794125956e-04 7.029566340925838541e-02 1.358304234542741795e-01
8.727910995657531430e-04 7.031145545417820386e-02 1.368227409444487397e-01
8.811033957520936905e-04 7.032736674161066404e-02 1.378173644470488679e-01
8.894156919384342379e-04 7.034336831216343733e-02 1.388143463916826359e-01
8.977279881247747853e-04 7.035943308012874986e-02 1.398135072918270660e-01
9.060402843111153327e-04 7.037553578650118657e-02 1.408148374482812715e-01
9.143525804974554465e-04 7.039165294427905673e-02 1.418183406734235263e-01
9.226648766837959939e-04 7.040776277765950497e-02 1.428238961274580499e-01
9.309771728701365413e-04 7.042384515655804311e-02 1.438314906212762867e-01
9.392894690564770888e-04 7.043988152771969713e-02 1.448411098191515756e-01
9.476017652428176362e-04 7.045585484352463734e-02 1.458526402548705470e-01
9.559140614291581836e-04 7.047174948945086892e-02 1.468660920172127071e-01
9.642263576154987310e-04 7.048755121101771270e-02 1.478814082860839263e-01
9.725386538018392785e-04 7.050324704090935035e-02 1.488985793511035105e-01
9.808509499881798259e-04 7.051882522687061283e-02 1.499175156212606830e-01
9.891632461745203733e-04 7.053427516086209492e-02 1.509382091989891206e-01
9.974755423608609207e-04 7.054958730987427595e-02 1.519606167866828506e-01
1.005787838547201034e-03 7.056475314872134863e-02 1.529847284532621920e-01
1.014100134733541582e-03 7.057976509506430629e-02 1.540104584543238175e-01
1.022412430919882129e-03 7.059461644685303960e-02 1.550378083523587525e-01
1.030724727106222677e-03 7.060930132232350054e-02 1.560667379122639975e-01
1.039037023292563224e-03 7.062381460264167965e-02 1.570972047573114816e-01
1.047349319478903772e-03 7.063815187724585554e-02 1.581292209040641994e-01
1.055661615665244319e-03 7.065230939190716986e-02 1.591626996204466571e-01
1.063973911851584866e-03 7.066628399949899386e-02 1.601976370486765111e-01
1.072286208037925414e-03 7.068007311344831622e-02 1.612340021491134312e-01
1.080598504224265961e-03 7.069367466381376586e-02 1.622717620059996313e-01
1.088910800410606075e-03 7.070708705593058141e-02 1.633109153100583133e-01
1.097223096596946623e-03 7.072030913154618570e-02 1.643513956918179197e-01
1.105535392783287170e-03 7.073334013235782480e-02 1.653931985612451250e-01
1.113847688969627717e-03 7.074617966586481399e-02 1.664362959608731984e-01
1.122159985155968265e-03 7.075882767343538715e-02 1.674806622622265484e-01
1.130472281342308812e-03 7.077128440049211544e-02 1.685262624466007386e-01
1.138784577528649360e-03 7.078355036871183947e-02 1.695731166223735653e-01
1.147096873714989907e-03 7.079562635014087502e-02 1.706211478606338983e-01
1.155409169901330454e-03 7.080751334312626599e-02 1.716703569963766995e-01
1.163721466087671002e-03 7.081921254995834913e-02 1.727207207946608869e-01
1.172033762274011116e-03 7.083072535613672838e-02 1.737722174684288301e-01
