-1.172033762274011116e-03 6.745534515784921969e-02 1.737722351512857588e-01
-1.163721466087670568e-03 6.741291975923981161e-02 1.727207419088174767e-01
-1.155409169901330021e-03 6.736983794830182781e-02 1.716703810665765051e-01
-1.147096873714989690e-03 6.732609708609481325e-02 1.706211756415403347e-01
-1.138784577528649143e-03 6.728169538419262463e-02 1.695731528728888493e-01
-1.130472281342308595e-03 6.723663199335587481e-02 1.685262421039620262e-01
-1.122159985155968048e-03 6.719090709899427916e-02 1.674806820692251452e-01
-1.113847688969627501e-03 6.714452202384371682e-02 1.664363216393840716e-01
-1.105535392783287170e-03 6.709747933826866462e-02 1.653932284269929998e-01
-1.097223096596946623e-03 6.704978297862085324e-02 1.643514306634881184e-01
-1.088910800410606075e-03 6.700143837407517011e-02 1.633109640204259139e-01
-1.080598504224265528e-03 6.695245258238886887e-02 1.622717687661424935e-01
-1.072286208037924980e-03 6.690283443500119609e-02 1.612340302935154068e-01
-1.063973911851584650e-03 6.685259469189672177e-02 1.601976716995329175e-01
-1.055661615665244102e-03 6.680174620663091589e-02 1.591627403878383695e-01
-1.047349319478903555e-03 6.675030410190604946e-02 1.581292740718171219e-01
-1.039037023292563007e-03 6.669828595602651788e-02 1.570971994826532991e-01
-1.030724727106222460e-03 6.664571200055395550e-02 1.560667725223861546e-01
-1.022412430919882129e-03 6.659260532939101362e-02 1.550378516979575572e-01
-1.014100134733541582e-03 6.653899211948209602e-02 1.540105106119032674e-01
-1.005787838547201034e-03 6.648490186321089068e-02 1.529848117427433651e-01
-9.974755423608604871e-04 6.643036761248057032e-02 1.519606477381060805e-01
-9.891632461745199396e-04 6.637542623433531630e-02 1.509382577464936648e-01
-9.808509499881793922e-04 6.632011867782565406e-02 1.499175748468826175e-01
-9.725386538018390616e-04 6.626449025165905005e-02 1.488986626751103992e-01
-9.642263576154985142e-04 6.620859091194565560e-02 1.478814402609430478e-01
-9.559140614291579668e-04 6.615247555914939570e-02 1.468661503015226966e-01
-9.476017652428174193e-04 6.609620434304949721e-02 1.458527127605717122e-01
-9.392894690564769803e-04 6.603984297422825500e-02 1.448412327210737705e-01
-9.309771728701364329e-04 6.598346304024615971e-02 1.438315441978282039e-01
-9.226648766837959939e-04 6.592714232427285270e-02 1.428239718752027654e-01
-9.143525804974554465e-04 6.587096512351894861e-02 1.418184402426498347e-01
-9.060402843111148991e-04 6.581502256430865616e-02 1.408148654025224988e-01
-8.977279881247744600e-04 6.575941291013256973e-02 1.398135901262853864e-01
-8.894156919384340210e-04 6.570424185843479203e-02 1.388144545044212308e-01
-8.811033957520934736e-04 6.564962282127632942e-02 1.378173484568710194e-01
-8.727910995657529262e-04 6.559567718436050410e-02 1.368228366851834965e-01
-8.644788033794123788e-04 6.554253453822585229e-02 1.358305517012960151e-01
-8.561665071930719398e-04 6.549033287469566145e-02 1.348404963006550328e-01
-8.478542110067313923e-04 6.543921874094439650e-02 1.338530972100892280e-01
-8.395419148203909533e-04 6.538934734282612904e-02 1.328681724727463209e-01
-8.312296186340504059e-04 6.534088258838736951e-02 1.318856405434593593e-01
-8.229173224477098585e-04 6.529399706184046970e-02 1.309058864158411661e-01
-8.146050262613694195e-04 6.524887191765341155e-02 1.299285301876390575e-01
-8.062927300750288720e-04 6.520569668391817952e-02 1.289543619849038980e-01
-7.979804338886884330e-04 6.516466896378607376e-02 1.279829801510620202e-01
-7.896681377023478856e-04 6.512599402355007117e-02 1.270141049285194168e-01
-7.813558415160073382e-04 6.508988425595930993e-02 1.260485012909007274e-01
-7.730435453296668992e-04 6.505655850762234738e-02 1.250856782602918771e-01
-7.647312491433263517e-04 6.502624125990698334e-02 1.241262250724099875e-01
-7.564189529569859127e-04 6.499916165366588505e-02 1.231696870232571045e-01
-7.481066567706453653e-04 6.497555234941695956e-02 1.222167731551812853e-01
-7.397943605843048179e-04 6.495564821634261521e-02 1.212667728987810861e-01
-7.314820643979642704e-04 6.493968484566718657e-02 1.203199787929312842e-01
-7.231697682116238314e-04 6.492789688665680237e-02 1.193776247311532507e-01
-7.148574720252833924e-04 6.492051620665009737e-02 1.184382903483982424e-01
-7.065451758389428450e-04 6.491776988017859684e-02 1.175031258571678366e-01
-6.982328796526022976e-04 6.491987801632467803e-02 1.165711879054266431e-01
-6.899205834662617502e-04 6.492705143793918443e-02 1.156432874173692754e-01
-6.816082872799213111e-04 6.493948923111236837e-02 1.147201793885474219e-01
-6.732959910935807637e-04 6.495737618824452830e-02 1.138000868421626816e-01
-6.649836949072403247e-04 6.498088017305110597e-02 1.128845924782409527e-01
-6.566713987208997773e-04 6.501014944068692070e-02 1.119734673179634127e-01
-6.483591025345593383e-04 6.504530995068989740e-02 1.110667455813378890e-01
-6.400468063482187909e-04 6.508646271440703124e-02 1.101643645703358904e-01
-6.317345101618782434e-04 6.513368122175300368e-02 1.092685864668907353e-01
-6.234222139755378044e-04 6.518700899433294005e-02 1.083761070833142159e-01
-6.151099177891972570e-04 6.524645731292519346e-02 1.074888418312590910e-01
-6.067976216028568180e-04 6.531200316688104412e-02 1.066069264790002052e-01
-5.984853254165162706e-04 6.538358747099794199e-02 1.057285042146593745e-01
-5.901730292301757231e-04 6.546111359177567146e-02 1.048576437000456191e-01
-5.818607330438352841e-04 6.554444621962880746e-02 1.039922454158170168e-01
-5.735484368574947367e-04 6.563341061664687559e-02 1.031326658964182158e-01
-5.652361406711542977e-04 6.572779226098501848e-02 1.022795981718490343e-01
-5.569238444848137503e-04 6.582733689912069475e-02 1.014308792105671764e-01
-5.486115482984732028e-04 6.593175100630924157e-02 1.005903677490171261e-01
-5.402992521121327638e-04 6.604070264392716827e-02 9.975499377794672107e-02
-5.319869559257922164e-04 6.615382269040787078e-02 9.892856785408470077e-02
-5.236746597394516690e-04 6.627070641055035627e-02 9.810702716744802709e-02
-5.153623635531112300e-04 6.639091531654722766e-02 9.729325421173114219e-02
-5.070500673667706825e-04 6.651397926355363810e-02 9.648715592101744787e-02
-4.987377711804302435e-04 6.663939871337251630e-02 9.568912162223246198e-02
-4.904254749940896961e-04 6.676664709222786265e-02 9.489952708785212576e-02
-4.821131788077491487e-04 6.689517316290236049e-02 9.411875711110598286e-02
-4.738008826214087097e-04 6.702440332797318656e-02 9.334431438318753493e-02
-4.654885864350681622e-04 6.715374377968418018e-02 9.258218290749875568e-02
-4.571762902487277232e-04 6.728258241329812539e-02 9.182683989163394067e-02
-4.488639940623871758e-04 6.741029042478551003e-02 9.108184564364719960e-02
-4.405516978760466284e-04 6.753622352065856427e-02 9.034783005962265801e-02
-4.322394016897061894e-04 6.765972267806133478e-02 8.962554649010716357e-02
-4.239271055033656420e-04 6.778011440747526428e-02 8.891396563982768841e-02
-4.156148093170252029e-04 6.789671048954146193e-02 8.821371324545239367e-02
-4.073025131306846555e-04 6.800880718289895044e-02 8.752526031964438791e-02
-3.989902169443441081e-04 6.811568393350800332e-02 8.684870618169848733e-02
-3.906779207580036691e-04 6.821660166020261651e-02 8.618665712774134513e-02
-3.823656245716631217e-04 6.831080074935638735e-02 8.553808457287423450e-02
-3.740533283853226827e-04 6.839749896719320155e-02 8.490561656708210669e-02
-3.657410321989821352e-04 6.847588959508918438e-02 8.428709941524777094e-02
-3.574287360126415878e-04 6.854514021397305201e-02 8.368618227184315694e-02
-3.491164398263011488e-04 6.860439270884501062e-02 8.310043510711669079e-02
-3.408041436399606014e-04 6.865276522849787788e-02 8.253538675548496850e-02
-3.324918474536200539e-04 6.868935700469318284e-02 8.198753497992503081e-02
-3.241795512672796149e-04 6.871325708153476486e-02 8.146209978779717087e-02
-3.158672550809390675e-04 6.872355808345677330e-02 8.095670957702132131e-02
-3.075549588945986285e-04 6.871937609260442281e-02 8.047317149929655855e-02
-2.992426627082580811e-04 6.869987743117314527e-02 8.001403234157269950e-02
-2.909303665219175336e-04 6.866431256999667998e-02 7.957867671316308511e-02
-2.826180703355770946e-04 6.861205646301818395e-02 7.916851516565680258e-02
-2.743057741492365472e-04 6.854265336934683983e-02 7.878414973698530388e-02
-2.659934779628961082e-04 6.845586282700974468e-02 7.842624937728900902e-02
-2.576811817765555608e-04 6.835170218529333652e-02 7.809488348759588416e-02
-2.493688855902150133e-04 6.823048038553101990e-02 7.779007001699374257e-02
-2.410565894038745743e-04 6.809281788190428564e-02 7.751147442662631448e-02
-2.327442932175340269e-04 6.793964890208410712e-02 7.725845195093787587e-02
-2.244319970311935879e-04 6.777220452054259769e-02 7.703007099129328961e-02
-2.161197008448530405e-04 6.759197776860974283e-02 7.682514557517736153e-02
-2.078074046585124931e-04 6.740067455214247827e-02 7.664228275338096086e-02
-1.994951084721720540e-04 6.720015586508502892e-02 7.647993983082644609e-02
-1.911828122858315066e-04 6.699237733825730290e-02 7.633648365369012645e-02
-1.828705160994909592e-04 6.677933158742327402e-02 7.621024693034875175e-02
-1.745582199131504118e-04 6.656299745736496409e-02 7.609957743400018459e-02
-1.662459237268100812e-04 6.634529860881328844e-02 7.600287772812472364e-02
-1.579336275404695338e-04 6.612807218737896953e-02 7.591863466214608669e-02
-1.496213313541289863e-04 6.591304729253627537e-02 7.584543912586728942e-02
-1.413090351677884389e-04 6.570183189385522815e-02 7.578199733348522926e-02
-1.329967389814478915e-04 6.549590666436319597e-02 7.572713527380990628e-02
-1.246844427951075609e-04 6.529662412286921236e-02 7.567979801441833410e-02
-1.163721466087670135e-04 6.510521136895906780e-02 7.563904539973059782e-02
-1.080598504224264660e-04 6.492277525873620114e-02 7.560404543599288929e-02
-9.974755423608591860e-05 6.475030900837247527e-02 7.557406638128473519e-02
-9.143525804974537118e-05 6.458869980803724764e-02 7.554846829950978560e-02
-8.312296186340504059e-05 6.443873540009777134e-02 7.552669461559620434e-02
-7.481066567706449316e-05 6.430111191412980765e-02 7.550826403182167579e-02
-6.649836949072394574e-05 6.417644008504964914e-02 7.549276303070752425e-02
-5.818607330438339831e-05 6.406525098604891333e-02 7.547983909256442137e-02
-4.987377711804285088e-05 6.396800192744035718e-02 7.546919468843421575e-02
-4.156148093170252029e-05 6.388508010112867175e-02 7.546058206497219256e-02
-3.324918474536197287e-05 6.381680708115639034e-02 7.545379881079097850e-02
-2.493688855902142544e-05 6.376344207698131372e-02 7.544868417912449499e-02
-1.662459237268087801e-05 6.372518372782870477e-02 7.544511613566728947e-02
-8.312296186340330587e-06 6.370217293403276915e-02 7.544300910035023344e-02
0.000000000000000000e+00 6.369449330325945013e-02 7.544231235564598237e-02
8.312296186340547427e-06 6.370217293403276915e-02 7.544300910035023344e-02
1.662459237268109485e-05 6.372518372782870477e-02 7.544511613566728947e-02
2.493688855902164228e-05 6.376344207698131372e-02 7.544868417912449499e-02
3.324918474536218971e-05 6.381680708115639034e-02 7.545379881079097850e-02
4.156148093170252029e-05 6.388508010112867175e-02 7.546058206497219256e-02
4.987377711804306772e-05 6.396800192744035718e-02 7.546919468843421575e-02
5.818607330438361515e-05 6.406525098604894108e-02 7.547983909256442137e-02
6.649836949072416258e-05 6.417644008504964914e-02 7.549276303070752425e-02
7.481066567706471000e-05 6.430111191412980765e-02 7.550826403182167579e-02
8.312296186340525743e-05 6.443873540009777134e-02 7.552669461559620434e-02
9.143525804974558802e-05 6.458869980803724764e-02 7.554846829950978560e-02
9.974755423608613544e-05 6.475030900837247527e-02 7.557406638128473519e-02
1.080598504224266829e-04 6.492277525873620114e-02 7.560404543599288929e-02
1.163721466087672303e-04 6.510521136895906780e-02 7.563904539973059782e-02
1.246844427951077777e-04 6.529662412286921236e-02 7.567979801441833410e-02
1.329967389814481083e-04 6.549590666436319597e-02 7.572713527380990628e-02
1.413090351677886557e-04 6.570183189385524203e-02 7.578199733348524314e-02
1.496213313541292032e-04 6.591304729253627537e-02 7.584543912586728942e-02
1.579336275404697506e-04 6.612807218737896953e-02 7.591863466214608669e-02
1.662459237268102980e-04 6.634529860881327457e-02 7.600287772812472364e-02
1.745582199131506286e-04 6.656299745736497797e-02 7.609957743400019847e-02
1.828705160994911760e-04 6.677933158742327402e-02 7.621024693034875175e-02
1.911828122858317235e-04 6.699237733825731678e-02 7.633648365369012645e-02
1.994951084721722709e-04 6.720015586508502892e-02 7.647993983082644609e-02
2.078074046585128183e-04 6.740067455214249215e-02 7.664228275338097474e-02
2.161197008448531489e-04 6.759197776860974283e-02 7.682514557517736153e-02
2.244319970311936963e-04 6.777220452054259769e-02 7.703007099129328961e-02
2.327442932175342438e-04 6.793964890208412100e-02 7.725845195093788975e-02
2.410565894038747912e-04 6.809281788190428564e-02 7.751147442662631448e-02
2.493688855902153386e-04 6.823048038553100603e-02 7.779007001699375645e-02
2.576811817765556692e-04 6.835170218529333652e-02 7.809488348759588416e-02
2.659934779628962166e-04 6.845586282700974468e-02 7.842624937728900902e-02
2.743057741492367640e-04 6.854265336934685371e-02 7.878414973698531776e-02
2.826180703355773115e-04 6.861205646301818395e-02 7.916851516565680258e-02
2.909303665219178589e-04 6.866431256999667998e-02 7.957867671316309899e-02
2.992426627082581895e-04 6.869987743117314527e-02 8.001403234157271338e-02
3.075549588945987369e-04 6.871937609260442281e-02 8.047317149929658631e-02
3.158672550809392843e-04 6.872355808345677330e-02 8.095670957702134907e-02
3.241795512672798318e-04 6.871325708153476486e-02 8.146209978779717087e-02
3.324918474536203792e-04 6.868935700469318284e-02 8.198753497992503081e-02
3.408041436399607098e-04 6.865276522849786400e-02 8.253538675548498238e-02
3.491164398263012572e-04 6.860439270884501062e-02 8.310043510711670467e-02
3.574287360126418046e-04 6.854514021397305201e-02 8.368618227184317082e-02
3.657410321989823521e-04 6.847588959508919826e-02 8.428709941524778482e-02
3.740533283853228995e-04 6.839749896719318767e-02 8.490561656708212057e-02
3.823656245716632301e-04 6.831080074935638735e-02 8.553808457287423450e-02
3.906779207580037775e-04 6.821660166020261651e-02 8.618665712774137289e-02
3.989902169443443249e-04 6.811568393350801720e-02 8.684870618169850121e-02
4.073025131306848724e-04 6.800880718289892268e-02 8.752526031964440179e-02
4.156148093170254198e-04 6.789671048954146193e-02 8.821371324545242143e-02
4.239271055033657504e-04 6.778011440747526428e-02 8.891396563982771617e-02
4.322394016897062978e-04 6.765972267806133478e-02 8.962554649010716357e-02
4.405516978760468452e-04 6.753622352065860590e-02 9.034783005962267188e-02
4.488639940623873927e-04 6.741029042478555167e-02 9.108184564364721347e-02
4.571762902487279401e-04 6.728258241329812539e-02 9.182683989163394067e-02
4.654885864350684875e-04 6.715374377968412467e-02 9.258218290749879731e-02
4.738008826214088181e-04 6.702440332797318656e-02 9.334431438318756269e-02
4.821131788077493655e-04 6.689517316290236049e-02 9.411875711110601062e-02
4.904254749940899129e-04 6.676664709222793204e-02 9.489952708785213964e-02
4.987377711804304604e-04 6.663939871337244691e-02 9.568912162223247586e-02
5.070500673667710078e-04 6.651397926355363810e-02 9.648715592101750338e-02
5.153623635531113384e-04 6.639091531654729705e-02 9.729325421173115607e-02
5.236746597394518858e-04 6.627070641055035627e-02 9.810702716744805485e-02
5.319869559257924332e-04 6.615382269040794017e-02 9.892856785408471465e-02
5.402992521121329807e-04 6.604070264392716827e-02 9.975499377794672107e-02
5.486115482984735281e-04 6.593175100630924157e-02 1.005903677490171538e-01
5.569238444848138587e-04 6.582733689912077801e-02 1.014308792105671903e-01
5.652361406711544061e-04 6.572779226098510175e-02 1.022795981718490482e-01
5.735484368574949535e-04 6.563341061664695886e-02 1.031326658964182297e-01
5.818607330438355010e-04 6.554444621962872419e-02 1.039922454158170584e-01
5.901730292301760484e-04 6.546111359177575473e-02 1.048576437000456607e-01
5.984853254165163790e-04 6.538358747099801138e-02 1.057285042146593884e-01
6.067976216028569264e-04 6.531200316688104412e-02 1.066069264790002052e-01
6.151099177891974738e-04 6.524645731292512407e-02 1.074888418312591049e-01
6.234222139755380213e-04 6.518700899433287066e-02 1.083761070833142298e-01
6.317345101618785687e-04 6.513368122175300368e-02 1.092685864668907630e-01
6.400468063482188993e-04 6.508646271440703124e-02 1.101643645703358904e-01
6.483591025345594467e-04 6.504530995068989740e-02 1.110667455813379167e-01
6.566713987208999941e-04 6.501014944068696233e-02 1.119734673179634266e-01
6.649836949072405416e-04 6.498088017305107822e-02 1.128845924782409665e-01
6.732959910935810890e-04 6.495737618824452830e-02 1.138000868421627371e-01
6.816082872799214196e-04 6.493948923111234062e-02 1.147201793885474358e-01
6.899205834662619670e-04 6.492705143793918443e-02 1.156432874173693032e-01
6.982328796526025144e-04 6.491987801632467803e-02 1.165711879054266709e-01
7.065451758389430618e-04 6.491776988017858296e-02 1.175031258571678505e-01
7.148574720252836093e-04 6.492051620665009737e-02 1.184382903483982702e-01
7.231697682116239399e-04 6.492789688665680237e-02 1.193776247311532507e-01
7.314820643979644873e-04 6.493968484566715882e-02 1.203199787929312981e-01
7.397943605843050347e-04 6.495564821634261521e-02 1.212667728987810861e-01
7.481066567706455821e-04 6.497555234941695956e-02 1.222167731551812853e-01
7.564189529569861296e-04 6.499916165366574627e-02 1.231696870232571323e-01
7.647312491433264602e-04 6.502624125990698334e-02 1.241262250724100152e-01
7.730435453296670076e-04 6.505655850762233350e-02 1.250856782602918771e-01
7.813558415160075550e-04 6.508988425595942096e-02 1.260485012909007829e-01
7.896681377023481024e-04 6.512599402355007117e-02 1.270141049285194168e-01
7.979804338886886499e-04 6.516466896378632356e-02 1.279829801510620479e-01
8.062927300750291973e-04 6.520569668391817952e-02 1.289543619849039535e-01
8.146050262613697447e-04 6.524887191765341155e-02 1.299285301876390575e-01
8.229173224477102921e-04 6.529399706184062235e-02 1.309058864158412216e-01
8.312296186340504059e-04 6.534088258838736951e-02 1.318856405434593593e-01
8.395419148203909533e-04 6.538934734282612904e-02 1.328681724727463209e-01
8.478542110067315007e-04 6.543921874094439650e-02 1.338530972100892280e-01
8.561665071930720482e-04 6.549033287469566145e-02 1.348404963006550328e-01
8.644788033794125956e-04 6.554253453822585229e-02 1.358305517012960706e-01
8.727910995657531430e-04 6.559567718436004613e-02 1.368228366851835243e-01
8.811033957520936905e-04 6.564962282127632942e-02 1.378173484568710194e-01
8.894156919384342379e-04 6.570424185843479203e-02 1.388144545044212308e-01
8.977279881247747853e-04 6.575941291013231993e-02 1.398135901262854142e-01
9.060402843111153327e-04 6.581502256430865616e-02 1.408148654025225543e-01
9.143525804974554465e-04 6.587096512351894861e-02 1.418184402426498347e-01
9.226648766837959939e-04 6.592714232427285270e-02 1.428239718752027654e-01
9.309771728701365413e-04 6.598346304024556297e-02 1.438315441978282316e-01
9.392894690564770888e-04 6.603984297422825500e-02 1.448412327210737705e-01
9.476017652428176362e-04 6.609620434304949721e-02 1.458527127605717677e-01
9.559140614291581836e-04 6.615247555914874344e-02 1.468661503015227243e-01
9.642263576154987310e-04 6.620859091194497559e-02 1.478814402609430756e-01
9.725386538018392785e-04 6.626449025165870310e-02 1.488986626751103992e-01
9.808509499881798259e-04 6.632011867782565406e-02 1.499175748468826730e-01
9.891632461745203733e-04 6.637542623433495548e-02 1.509382577464936648e-01
9.974755423608609207e-04 6.643036761248057032e-02 1.519606477381061360e-01
1.005787838547201034e-03 6.648490186321089068e-02 1.529848117427433651e-01
1.014100134733541582e-03 6.653899211948209602e-02 1.540105106119032674e-01
1.022412430919882129e-03 6.659260532939101362e-02 1.550378516979575572e-01
1.030724727106222677e-03 6.664571200055395550e-02 1.560667725223861546e-01
1.039037023292563224e-03 6.669828595602651788e-02 1.570971994826532991e-01
1.047349319478903772e-03 6.675030410190563313e-02 1.581292740718171219e-01
1.055661615665244319e-03 6.680174620663133223e-02 1.591627403878383973e-01
1.063973911851584866e-03 6.685259469189629156e-02 1.601976716995329175e-01
1.072286208037925414e-03 6.690283443500119609e-02 1.612340302935154623e-01
1.080598504224265961e-03 6.695245258238929909e-02 1.622717687661426045e-01
1.088910800410606075e-03 6.700143837407517011e-02 1.633109640204259139e-01
1.097223096596946623e-03 6.704978297862085324e-02 1.643514306634881184e-01
1.105535392783287170e-03 6.709747933826866462e-02 1.653932284269929998e-01
1.113847688969627717e-03 6.714452202384371682e-02 1.664363216393841272e-01
1.122159985155968265e-03 6.719090709899475100e-02 1.674806820692252007e-01
1.130472281342308812e-03 6.723663199335680463e-02 1.685262421039620540e-01
1.138784577528649360e-03 6.728169538419356832e-02 1.695731528728888771e-01
1.147096873714989907e-03 6.732609708609385568e-02 1.706211756415403624e-01
1.155409169901330454e-03 6.736983794830182781e-02 1.716703810665765606e-01
1.163721466087671002e-03 6.741291975923981161e-02 1.727207419088175322e-01
1.172033762274011116e-03 6.745534515784921969e-02 1.737722351512857588e-01
