-1.172033762274011116e-03 6.962490479795957476e-02 1.767065371616584890e-01
-1.163721466087670568e-03 6.960338861914555642e-02 1.756727083448041127e-01
-1.155409169901330021e-03 6.958157526966245177e-02 1.746400300838782949e-01
-1.147096873714989690e-03 6.955946495548936959e-02 1.736087956236412322e-01
-1.138784577528649143e-03 6.953705832527862229e-02 1.725789310288096956e-01
-1.130472281342308595e-03 6.951435650885140483e-02 1.715504633213897623e-01
-1.122159985155968048e-03 6.949136115814663617e-02 1.705234191014195488e-01
-1.113847688969627501e-03 6.946807449073613694e-02 1.694978281403840825e-01
-1.105535392783287170e-03 6.944449933599404490e-02 1.684736700624961669e-01
-1.097223096596946623e-03 6.942063918402668898e-02 1.674510753708230715e-01
-1.088910800410606075e-03 6.939649823744756252e-02 1.664299934973849926e-01
-1.080598504224265528e-03 6.937208146607998227e-02 1.654104713663814841e-01
-1.072286208037924980e-03 6.934739466465641988e-02 1.643925403746248071e-01
-1.063973911851584650e-03 6.932244451357806592e-02 1.633762355833370816e-01
-1.055661615665244102e-03 6.929723864277413659e-02 1.623615387609930460e-01
-1.047349319478903555e-03 6.927178569868173985e-02 1.613485811168378636e-01
-1.039037023292563007e-03 6.924609541435280957e-02 1.603373243954190897e-01
-1.030724727106222460e-03 6.922017868265803453e-02 1.593278167582047322e-01
-1.022412430919882129e-03 6.919404763253104995e-02 1.583200960697071502e-01
-1.014100134733541582e-03 6.916771570816138137e-02 1.573140598220685027e-01
-1.005787838547201034e-03 6.914119775099449028e-02 1.563101201993987166e-01
-9.974755423608604871e-04 6.911451008436116095e-02 1.553079655624187427e-01
-9.891632461745199396e-04 6.908767060049525455e-02 1.543077391218462546e-01
-9.808509499881793922e-04 6.906069884963947358e-02 1.533094868480191220e-01
-9.725386538018390616e-04 6.903361613086658743e-02 1.523131878222254432e-01
-9.642263576154985142e-04 6.900644558417921848e-02 1.513190085790860895e-01
-9.559140614291579668e-04 6.897921228334513710e-02 1.503268999328616351e-01
-9.476017652428174193e-04 6.895194332884617416e-02 1.493369266944095664e-01
-9.392894690564769803e-04 6.892466794021624710e-02 1.483489700330255512e-01
-9.309771728701364329e-04 6.889741754691734721e-02 1.473635235930819132e-01
-9.226648766837959939e-04 6.887022587679891839e-02 1.463802193544403996e-01
-9.143525804974554465e-04 6.884312904104233910e-02 1.453992331300170693e-01
-9.060402843111148991e-04 6.881616561436562640e-02 1.444205120945045440e-01
-8.977279881247744600e-04 6.878937670910917346e-02 1.434443649729897907e-01
-8.894156919384340210e-04 6.876280604167867017e-02 1.424706237363378980e-01
-8.811033957520934736e-04 6.873649998966312180e-02 1.414994169764370313e-01
-8.727910995657529262e-04 6.871050763779078252e-02 1.405307067079745453e-01
-8.644788033794123788e-04 6.868488081072783580e-02 1.395646930553358644e-01
-8.561665071930719398e-04 6.865967409057009696e-02 1.386013637760092621e-01
-8.478542110067313923e-04 6.863494481673479419e-02 1.376407024733628803e-01
-8.395419148203909533e-04 6.861075306582557765e-02 1.366829382145530181e-01
-8.312296186340504059e-04 6.858716160892316949e-02 1.357280240180749054e-01
-8.229173224477098585e-04 6.856423584366692914e-02 1.347759565311148211e-01
-8.146050262613694195e-04 6.854204369842550881e-02 1.338269838666958922e-01
-8.062927300750288720e-04 6.852065550582193965e-02 1.328810657745073953e-01
-7.979804338886884330e-04 6.850014384290696590e-02 1.319381844161006123e-01
-7.896681377023478856e-04 6.848058333532985875e-02 1.309985920335123011e-01
-7.813558415160073382e-04 6.846205042299514931e-02 1.300623209301057515e-01
-7.730435453296668992e-04 6.844462308488215296e-02 1.291292230979295408e-01
-7.647312491433263517e-04 6.842838052098464130e-02 1.281996897987513484e-01
-7.564189529569859127e-04 6.841340278967526778e-02 1.272735481050626394e-01
-7.481066567706453653e-04 6.839977039924967361e-02 1.263510993763684032e-01
-7.397943605843048179e-04 6.838756385293670581e-02 1.254322016263819672e-01
-7.314820643979642704e-04 6.837686314729352066e-02 1.245171930882451317e-01
-7.231697682116238314e-04 6.836774722462900244e-02 1.236058698284041996e-01
-7.148574720252833924e-04 6.836029338091048624e-02 1.226986609604745204e-01
-7.065451758389428450e-04 6.835457663150944219e-02 1.217952990239020705e-01
-6.982328796526022976e-04 6.835066903810559091e-02 1.208962425497040333e-01
-6.899205834662617502e-04 6.834863900109387769e-02 1.200012383680493094e-01
-6.816082872799213111e-04 6.834855052289599830e-02 1.191107358675531497e-01
-6.732959910935807637e-04 6.835046244864495524e-02 1.182244699488078504e-01
-6.649836949072403247e-04 6.835442769175958944e-02 1.173425817763915080e-01
-6.566713987208997773e-04 6.836049245292218079e-02 1.164658533632881854e-01
-6.483591025345593383e-04 6.836869544187963721e-02 1.155935375133607251e-01
-6.400468063482187909e-04 6.837906711227170753e-02 1.147265417431016371e-01
-6.317345101618782434e-04 6.839162892030764551e-02 1.138638768628640607e-01
-6.234222139755378044e-04 6.840639261853076469e-02 1.130065633721951818e-01
-6.151099177891972570e-04 6.842335959609253948e-02 1.121544462587331648e-01
-6.067976216028568180e-04 6.844252027687555695e-02 1.113082697582764569e-01
-5.984853254165162706e-04 6.846385358643675145e-02 1.104669542081219286e-01
-5.901730292301757231e-04 6.848732649807003081e-02 1.096314592462441229e-01
-5.818607330438352841e-04 6.851289366731312669e-02 1.088017860269648168e-01
-5.735484368574947367e-04 6.854049716294978445e-02 1.079780683645809591e-01
-5.652361406711542977e-04 6.857006630100530298e-02 1.071604602958837055e-01
-5.569238444848137503e-04 6.860151758643720510e-02 1.063491299294236636e-01
-5.486115482984732028e-04 6.863475476521979646e-02 1.055442520008822160e-01
-5.402992521121327638e-04 6.866966898737415781e-02 1.047459965869264320e-01
-5.319869559257922164e-04 6.870613907926233221e-02 1.039545324827177569e-01
-5.236746597394516690e-04 6.874403192121918138e-02 1.031700442833998199e-01
-5.153623635531112300e-04 6.878320292441092443e-02 1.023927760984083835e-01
-5.070500673667706825e-04 6.882349659876794978e-02 1.016221402203424246e-01
-4.987377711804302435e-04 6.886474720200436161e-02 1.008597245655399599e-01
-4.904254749940896961e-04 6.890677945819292938e-02 1.001051326823633181e-01
-4.821131788077491487e-04 6.894940933315854559e-02 9.935747658744442656e-02
-4.738008826214087097e-04 6.899244485315307596e-02 9.861930791029673016e-02
-4.654885864350681622e-04 6.903568695291027735e-02 9.788822456765250424e-02
-4.571762902487277232e-04 6.907893033928827475e-02 9.716723602212069821e-02
-4.488639940623871758e-04 6.912196435730356969e-02 9.645385979256161646e-02
-4.405516978760466284e-04 6.916457384645359474e-02 9.574948279036629706e-02
-4.322394016897061894e-04 6.920653997680625835e-02 9.505539970973586605e-02
-4.239271055033656420e-04 6.924764105640091039e-02 9.437105767950607071e-02
-4.156148093170252029e-04 6.928765330402678058e-02 9.369570568132865040e-02
-4.073025131306846555e-04 6.932635158440995926e-02 9.302944099509130593e-02
-3.989902169443441081e-04 6.936351010621032154e-02 9.237510316827496348e-02
-3.906779207580036691e-04 6.939890308698679067e-02 9.173180337948964869e-02
-3.823656245716631217e-04 6.943230539338825225e-02 9.109780440224843345e-02
-3.740533283853226827e-04 6.946349316923604300e-02 9.047718980135560640e-02
-3.657410321989821352e-04 6.949224446882329431e-02 8.986632082001014266e-02
-3.574287360126415878e-04 6.951833991759856501e-02 8.926771279792096447e-02
-3.491164398263011488e-04 6.954156342731898643e-02 8.868178389966741015e-02
-3.408041436399606014e-04 6.956170299760698617e-02 8.810850842936589211e-02
-3.324918474536200539e-04 6.957855164041221174e-02 8.754884017424288678e-02
-3.241795512672796149e-04 6.959190846787625950e-02 8.700214439013140288e-02
-3.158672550809390675e-04 6.960157998712879213e-02 8.646808398378144633e-02
-3.075549588945986285e-04 6.960738164710104925e-02 8.594762459959991163e-02
-2.992426627082580811e-04 6.960913968188851830e-02 8.544212840754625282e-02
-2.909303665219175336e-04 6.960669329177461562e-02 8.495158996087924519e-02
-2.826180703355770946e-04 6.959989719589458612e-02 8.447677284493976257e-02
-2.743057741492365472e-04 6.958862457880489460e-02 8.401495232235393906e-02
-2.659934779628961082e-04 6.957277043613857570e-02 8.357103355912952336e-02
-2.576811817765555608e-04 6.955225530152472913e-02 8.314181357083334778e-02
-2.493688855902150133e-04 6.952702930792510616e-02 8.272850769924158798e-02
-2.410565894038745743e-04 6.949707650206178589e-02 8.233083302772775669e-02
-2.327442932175340269e-04 6.946241929215318800e-02 8.195095884405169395e-02
-2.244319970311935879e-04 6.942312286928481457e-02 8.158670465540134031e-02
-2.161197008448530405e-04 6.937929940506595838e-02 8.124001169369719777e-02
-2.078074046585124931e-04 6.933111179734388618e-02 8.090991165961645970e-02
-1.994951084721720540e-04 6.927877671673808579e-02 8.059644518976907812e-02
-1.911828122858315066e-04 6.922256670448125038e-02 8.029980680251577740e-02
-1.828705160994909592e-04 6.916281109026757579e-02 8.002007068786255728e-02
-1.745582199131504118e-04 6.909989553921710992e-02 7.975657136339538156e-02
-1.662459237268100812e-04 6.903426009857743795e-02 7.950931648121924156e-02
-1.579336275404695338e-04 6.896639569318317731e-02 7.927818011223526640e-02
-1.496213313541289863e-04 6.889683910690928836e-02 7.906253167320187458e-02
-1.413090351677884389e-04 6.882616657637223578e-02 7.886225194886692380e-02
-1.329967389814478915e-04 6.875498620337937294e-02 7.867681010764643323e-02
-1.246844427951075609e-04 6.868392945556905937e-02 7.850575731022903236e-02
-1.163721466087670135e-04 6.861364206422397582e-02 7.834865054408853002e-02
-1.080598504224264660e-04 6.854477464162583855e-02 7.820500058743259930e-02
-9.974755423608591860e-05 6.847797332834891504e-02 7.807434752498397523e-02
-9.143525804974537118e-05 6.841387074744306740e-02 7.795618847303191490e-02
-8.312296186340504059e-05 6.835307749353276840e-02 7.785006979177451492e-02
-7.481066567706449316e-05 6.829617432737024318e-02 7.775553533589227295e-02
-6.649836949072394574e-05 6.824370518705304145e-02 7.767217160231836004e-02
-5.818607330438339831e-05 6.819617107159550717e-02 7.759958513960220350e-02
-4.987377711804285088e-05 6.815402480494285598e-02 7.753742161308194158e-02
-4.156148093170252029e-05 6.811766665125819353e-02 7.748536915316227291e-02
-3.324918474536197287e-05 6.808744072630600053e-02 7.744315638222917797e-02
-2.493688855902142544e-05 6.806363213471033902e-02 7.741056012022244637e-02
-1.662459237268087801e-05 6.804646475767345271e-02 7.738740409802144504e-02
-8.312296186340330587e-06 6.803609961885223600e-02 7.737356120530182457e-02
0.000000000000000000e+00 6.803263376578508326e-02 7.736895570162113933e-02
8.312296186340547427e-06 6.803609961885223600e-02 7.737356120530182457e-02
1.662459237268109485e-05 6.804646475767346658e-02 7.738740409802145892e-02
2.493688855902164228e-05 6.806363213471033902e-02 7.741056012022244637e-02
3.324918474536218971e-05 6.808744072630600053e-02 7.744315638222917797e-02
4.156148093170252029e-05 6.811766665125819353e-02 7.748536915316227291e-02
4.987377711804306772e-05 6.815402480494285598e-02 7.753742161308194158e-02
5.818607330438361515e-05 6.819617107159552105e-02 7.759958513960218962e-02
6.649836949072416258e-05 6.824370518705304145e-02 7.767217160231836004e-02
7.481066567706471000e-05 6.829617432737022931e-02 7.775553533589227295e-02
8.312296186340525743e-05 6.835307749353275453e-02 7.785006979177452879e-02
9.143525804974558802e-05 6.841387074744306740e-02 7.795618847303191490e-02
9.974755423608613544e-05 6.847797332834891504e-02 7.807434752498397523e-02
1.080598504224266829e-04 6.854477464162585243e-02 7.820500058743261318e-02
1.163721466087672303e-04 6.861364206422397582e-02 7.834865054408854390e-02
1.246844427951077777e-04 6.868392945556905937e-02 7.850575731022903236e-02
1.329967389814481083e-04 6.875498620337937294e-02 7.867681010764643323e-02
1.413090351677886557e-04 6.882616657637223578e-02 7.886225194886692380e-02
1.496213313541292032e-04 6.889683910690928836e-02 7.906253167320187458e-02
1.579336275404697506e-04 6.896639569318317731e-02 7.927818011223526640e-02
1.662459237268102980e-04 6.903426009857745183e-02 7.950931648121925543e-02
1.745582199131506286e-04 6.909989553921710992e-02 7.975657136339538156e-02
1.828705160994911760e-04 6.916281109026757579e-02 8.002007068786255728e-02
1.911828122858317235e-04 6.922256670448125038e-02 8.029980680251577740e-02
1.994951084721722709e-04 6.927877671673808579e-02 8.059644518976907812e-02
2.078074046585128183e-04 6.933111179734388618e-02 8.090991165961645970e-02
2.161197008448531489e-04 6.937929940506595838e-02 8.124001169369719777e-02
2.244319970311936963e-04 6.942312286928481457e-02 8.158670465540134031e-02
2.327442932175342438e-04 6.946241929215317412e-02 8.195095884405170783e-02
2.410565894038747912e-04 6.949707650206179976e-02 8.233083302772777057e-02
2.493688855902153386e-04 6.952702930792510616e-02 8.272850769924161574e-02
2.576811817765556692e-04 6.955225530152472913e-02 8.314181357083334778e-02
2.659934779628962166e-04 6.957277043613857570e-02 8.357103355912952336e-02
2.743057741492367640e-04 6.958862457880489460e-02 8.401495232235396682e-02
2.826180703355773115e-04 6.959989719589457224e-02 8.447677284493977645e-02
2.909303665219178589e-04 6.960669329177461562e-02 8.495158996087925907e-02
2.992426627082581895e-04 6.960913968188851830e-02 8.544212840754626670e-02
3.075549588945987369e-04 6.960738164710104925e-02 8.594762459959993939e-02
3.158672550809392843e-04 6.960157998712879213e-02 8.646808398378147409e-02
3.241795512672798318e-04 6.959190846787625950e-02 8.700214439013140288e-02
3.324918474536203792e-04 6.957855164041221174e-02 8.754884017424288678e-02
3.408041436399607098e-04 6.956170299760698617e-02 8.810850842936589211e-02
3.491164398263012572e-04 6.954156342731898643e-02 8.868178389966742403e-02
3.574287360126418046e-04 6.951833991759856501e-02 8.926771279792099223e-02
3.657410321989823521e-04 6.949224446882329431e-02 8.986632082001017041e-02
3.740533283853228995e-04 6.946349316923604300e-02 9.047718980135563416e-02
3.823656245716632301e-04 6.943230539338825225e-02 9.109780440224843345e-02
3.906779207580037775e-04 6.939890308698679067e-02 9.173180337948964869e-02
3.989902169443443249e-04 6.936351010621032154e-02 9.237510316827499124e-02
4.073025131306848724e-04 6.932635158440995926e-02 9.302944099509130593e-02
4.156148093170254198e-04 6.928765330402680833e-02 9.369570568132866428e-02
4.239271055033657504e-04 6.924764105640091039e-02 9.437105767950607071e-02
4.322394016897062978e-04 6.920653997680625835e-02 9.505539970973586605e-02
4.405516978760468452e-04 6.916457384645358086e-02 9.574948279036631094e-02
4.488639940623873927e-04 6.912196435730356969e-02 9.645385979256164422e-02
4.571762902487279401e-04 6.907893033928827475e-02 9.716723602212072597e-02
4.654885864350684875e-04 6.903568695291030510e-02 9.788822456765251812e-02
4.738008826214088181e-04 6.899244485315307596e-02 9.861930791029675791e-02
4.821131788077493655e-04 6.894940933315857334e-02 9.935747658744444044e-02
4.904254749940899129e-04 6.890677945819295713e-02 1.001051326823633320e-01
4.987377711804304604e-04 6.886474720200436161e-02 1.008597245655399877e-01
5.070500673667710078e-04 6.882349659876790815e-02 1.016221402203424662e-01
5.153623635531113384e-04 6.878320292441092443e-02 1.023927760984083835e-01
5.236746597394518858e-04 6.874403192121918138e-02 1.031700442833998199e-01
5.319869559257924332e-04 6.870613907926237385e-02 1.039545324827177708e-01
5.402992521121329807e-04 6.866966898737411618e-02 1.047459965869264736e-01
5.486115482984735281e-04 6.863475476521979646e-02 1.055442520008822438e-01
5.569238444848138587e-04 6.860151758643720510e-02 1.063491299294236914e-01
5.652361406711544061e-04 6.857006630100530298e-02 1.071604602958837055e-01
5.735484368574949535e-04 6.854049716294978445e-02 1.079780683645809869e-01
5.818607330438355010e-04 6.851289366731315444e-02 1.088017860269648307e-01
5.901730292301760484e-04 6.848732649807005857e-02 1.096314592462441367e-01
5.984853254165163790e-04 6.846385358643677921e-02 1.104669542081219424e-01
6.067976216028569264e-04 6.844252027687555695e-02 1.113082697582764846e-01
6.151099177891974738e-04 6.842335959609253948e-02 1.121544462587331925e-01
6.234222139755380213e-04 6.840639261853080633e-02 1.130065633721952095e-01
6.317345101618785687e-04 6.839162892030765939e-02 1.138638768628641024e-01
6.400468063482188993e-04 6.837906711227170753e-02 1.147265417431016371e-01
6.483591025345594467e-04 6.836869544187963721e-02 1.155935375133607251e-01
6.566713987208999941e-04 6.836049245292219467e-02 1.164658533632882270e-01
6.649836949072405416e-04 6.835442769175958944e-02 1.173425817763915358e-01
6.732959910935810890e-04 6.835046244864495524e-02 1.182244699488078782e-01
6.816082872799214196e-04 6.834855052289599830e-02 1.191107358675531774e-01
6.899205834662619670e-04 6.834863900109387769e-02 1.200012383680493094e-01
6.982328796526025144e-04 6.835066903810559091e-02 1.208962425497040610e-01
7.065451758389430618e-04 6.835457663150945606e-02 1.217952990239021122e-01
7.148574720252836093e-04 6.836029338091047236e-02 1.226986609604745343e-01
7.231697682116239399e-04 6.836774722462900244e-02 1.236058698284042273e-01
7.314820643979644873e-04 6.837686314729357617e-02 1.245171930882451594e-01
7.397943605843050347e-04 6.838756385293667805e-02 1.254322016263819950e-01
7.481066567706455821e-04 6.839977039924970137e-02 1.263510993763684587e-01
7.564189529569861296e-04 6.841340278967526778e-02 1.272735481050626949e-01
7.647312491433264602e-04 6.842838052098464130e-02 1.281996897987513484e-01
7.730435453296670076e-04 6.844462308488215296e-02 1.291292230979295408e-01
7.813558415160075550e-04 6.846205042299503829e-02 1.300623209301058070e-01
7.896681377023481024e-04 6.848058333532992814e-02 1.309985920335123566e-01
7.979804338886886499e-04 6.850014384290696590e-02 1.319381844161006123e-01
8.062927300750291973e-04 6.852065550582202291e-02 1.328810657745074231e-01
8.146050262613697447e-04 6.854204369842550881e-02 1.338269838666959477e-01
8.229173224477102921e-04 6.856423584366692914e-02 1.347759565311148766e-01
8.312296186340504059e-04 6.858716160892316949e-02 1.357280240180749054e-01
8.395419148203909533e-04 6.861075306582557765e-02 1.366829382145530181e-01
8.478542110067315007e-04 6.863494481673500236e-02 1.376407024733629081e-01
8.561665071930720482e-04 6.865967409057009696e-02 1.386013637760092621e-01
8.644788033794125956e-04 6.868488081072772478e-02 1.395646930553358644e-01
8.727910995657531430e-04 6.871050763779078252e-02 1.405307067079746008e-01
8.811033957520936905e-04 6.873649998966301078e-02 1.414994169764370313e-01
8.894156919384342379e-04 6.876280604167879507e-02 1.424706237363379258e-01
8.977279881247747853e-04 6.878937670910917346e-02 1.434443649729898462e-01
9.060402843111153327e-04 6.881616561436562640e-02 1.444205120945045995e-01
9.143525804974554465e-04 6.884312904104233910e-02 1.453992331300170693e-01
9.226648766837959939e-04 6.887022587679891839e-02 1.463802193544403996e-01
9.309771728701365413e-04 6.889741754691734721e-02 1.473635235930819132e-01
9.392894690564770888e-04 6.892466794021624710e-02 1.483489700330255512e-01
9.476017652428176362e-04 6.895194332884617416e-02 1.493369266944096219e-01
9.559140614291581836e-04 6.897921228334480404e-02 1.503268999328616629e-01
9.642263576154987310e-04 6.900644558417938501e-02 1.513190085790861450e-01
9.725386538018392785e-04 6.903361613086642090e-02 1.523131878222254432e-01
9.808509499881798259e-04 6.906069884963947358e-02 1.533094868480191775e-01
9.891632461745203733e-04 6.908767060049543496e-02 1.543077391218463101e-01
9.974755423608609207e-04 6.911451008436116095e-02 1.553079655624187982e-01
1.005787838547201034e-03 6.914119775099449028e-02 1.563101201993987166e-01
1.014100134733541582e-03 6.916771570816138137e-02 1.573140598220685027e-01
1.022412430919882129e-03 6.919404763253104995e-02 1.583200960697071502e-01
1.030724727106222677e-03 6.922017868265763207e-02 1.593278167582047600e-01
1.039037023292563224e-03 6.924609541435261528e-02 1.603373243954190897e-01
1.047349319478903772e-03 6.927178569868173985e-02 1.613485811168378636e-01
1.055661615665244319e-03 6.929723864277413659e-02 1.623615387609930460e-01
1.063973911851584866e-03 6.932244451357806592e-02 1.633762355833371371e-01
1.072286208037925414e-03 6.934739466465621172e-02 1.643925403746248348e-01
1.080598504224265961e-03 6.937208146607998227e-02 1.654104713663815396e-01
1.088910800410606075e-03 6.939649823744756252e-02 1.664299934973849926e-01
1.097223096596946623e-03 6.942063918402668898e-02 1.674510753708230715e-01
1.105535392783287170e-03 6.944449933599404490e-02 1.684736700624961669e-01
1.113847688969627717e-03 6.946807449073613694e-02 1.694978281403841380e-01
1.122159985155968265e-03 6.949136115814709413e-02 1.705234191014195766e-01
1.130472281342308812e-03 6.951435650885118278e-02 1.715504633213897900e-01
1.138784577528649360e-03 6.953705832527862229e-02 1.725789310288096956e-01
1.147096873714989907e-03 6.955946495548936959e-02 1.736087956236412877e-01
1.155409169901330454e-03 6.958157526966245177e-02 1.746400300838783504e-01
1.163721466087671002e-03 6.960338861914555642e-02 1.756727083448041682e-01
1.172033762274011116e-03 6.962490479795957476e-02 1.767065371616584890e-01
