-1.172033762274011116e-03 7.080834279195938330e-02 1.752070342148670523e-01
-1.163721466087670568e-03 7.079688129721763146e-02 1.741642181926100208e-01
-1.155409169901330021e-03 7.078524517491942281e-02 1.731226263721441228e-01
-1.147096873714989690e-03 7.077343360163555752e-02 1.720822851926048225e-01
-1.138784577528649143e-03 7.076144595115800573e-02 1.710432184161989055e-01
-1.130472281342308595e-03 7.074928181429430973e-02 1.700054505308955521e-01
-1.122159985155968048e-03 7.073694102006729267e-02 1.689690162279509356e-01
-1.113847688969627501e-03 7.072442365838926825e-02 1.679338976931024630e-01
-1.105535392783287170e-03 7.071173010428387362e-02 1.669001743821395545e-01
-1.097223096596946623e-03 7.069886104372342939e-02 1.658678488035316978e-01
-1.088910800410606075e-03 7.068581750115401907e-02 1.648369494247452216e-01
-1.080598504224265528e-03 7.067260086877194536e-02 1.638075048292620406e-01
-1.072286208037924980e-03 7.065921293761333322e-02 1.627795760503835953e-01
-1.063973911851584650e-03 7.064565593051556902e-02 1.617530794470297684e-01
-1.055661615665244102e-03 7.063193253699828755e-02 1.607281689433883165e-01
-1.047349319478903555e-03 7.061804595010653940e-02 1.597048281673405512e-01
-1.039037023292563007e-03 7.060399990524508784e-02 1.586830900319559645e-01
-1.030724727106222460e-03 7.058979872101937836e-02 1.576629952914807287e-01
-1.022412430919882129e-03 7.057544734208588688e-02 1.566445363395196910e-01
-1.014100134733541582e-03 7.056095138399039179e-02 1.556278016193816671e-01
-1.005787838547201034e-03 7.054631717995296647e-02 1.546127995585141190e-01
-9.974755423608604871e-04 7.053155182953113611e-02 1.535995688947978388e-01
-9.891632461745199396e-04 7.051666324906193106e-02 1.525880736394440440e-01
-9.808509499881793922e-04 7.050166022374639019e-02 1.515785498557209177e-01
-9.725386538018390616e-04 7.048655246120133500e-02 1.505708513641862145e-01
-9.642263576154985142e-04 7.047135064625452416e-02 1.495650737853471413e-01
-9.559140614291579668e-04 7.045606649671061483e-02 1.485612779969550379e-01
-9.476017652428174193e-04 7.044071281975097798e-02 1.475594289398323156e-01
-9.392894690564769803e-04 7.042530356856994966e-02 1.465596621177354120e-01
-9.309771728701364329e-04 7.040985389877686684e-02 1.455619834038969496e-01
-9.226648766837959939e-04 7.039438022400903994e-02 1.445664505672150657e-01
-9.143525804974554465e-04 7.037890027012125294e-02 1.435730549007351864e-01
-9.060402843111148991e-04 7.036343312721558829e-02 1.425819162910448856e-01
-8.977279881247744600e-04 7.034799929868204571e-02 1.415930575780831591e-01
-8.894156919384340210e-04 7.033262074630598770e-02 1.406064914697859880e-01
-8.811033957520934736e-04 7.031732093038910170e-02 1.396223341408099894e-01
-8.727910995657529262e-04 7.030212484371435588e-02 1.386406037320222495e-01
-8.644788033794123788e-04 7.028705903806063693e-02 1.376613201680816079e-01
-8.561665071930719398e-04 7.027215164185321439e-02 1.366846216837625250e-01
-8.478542110067313923e-04 7.025743236741661957e-02 1.357105110419103977e-01
-8.395419148203909533e-04 7.024293250617870410e-02 1.347390178274627814e-01
-8.312296186340504059e-04 7.022868491006503677e-02 1.337702846442997973e-01
-8.229173224477098585e-04 7.021472395722598570e-02 1.328043317053475281e-01
-8.146050262613694195e-04 7.020108550016075644e-02 1.318411712371543865e-01
-8.062927300750288720e-04 7.018780679423662627e-02 1.308809620452305866e-01
-7.979804338886884330e-04 7.017492640457617670e-02 1.299236553579384279e-01
-7.896681377023478856e-04 7.016248408928144054e-02 1.289695069625316215e-01
-7.813558415160073382e-04 7.015052065700644324e-02 1.280184625736867920e-01
-7.730435453296668992e-04 7.013907779697829692e-02 1.270705257339748151e-01
-7.647312491433263517e-04 7.012819787970607510e-02 1.261259281550964062e-01
-7.564189529569859127e-04 7.011792372681745211e-02 1.251846206286008345e-01
-7.481066567706453653e-04 7.010829834873098798e-02 1.242468008445082456e-01
-7.397943605843048179e-04 7.009936464920410448e-02 1.233124334170560554e-01
-7.314820643979642704e-04 7.009116509620884339e-02 1.223817312526362527e-01
-7.231697682116238314e-04 7.008374135906786373e-02 1.214546449895093916e-01
-7.148574720252833924e-04 7.007713391234063338e-02 1.205314407767115181e-01
-7.065451758389428450e-04 7.007138160757278578e-02 1.196119766646075722e-01
-6.982328796526022976e-04 7.006652121470816064e-02 1.186964711293250624e-01
-6.899205834662617502e-04 7.006258693569772378e-02 1.177852008166798969e-01
-6.816082872799213111e-04 7.005960989360975055e-02 1.168779826615258949e-01
-6.732959910935807637e-04 7.005761760133057126e-02 1.159749946942862792e-01
-6.649836949072403247e-04 7.005663341472193051e-02 1.150765945555927289e-01
-6.566713987208997773e-04 7.005667597584327999e-02 1.141825562384548159e-01
-6.483591025345593383e-04 7.005775865252365786e-02 1.132931190052276216e-01
-6.400468063482187909e-04 7.005988898114842711e-02 1.124086630064650705e-01
-6.317345101618782434e-04 7.006306811997593809e-02 1.115288018669289977e-01
-6.234222139755378044e-04 7.006729032058719997e-02 1.106540094515492401e-01
-6.151099177891972570e-04 7.007254242516784692e-02 1.097843594267226275e-01
-6.067976216028568180e-04 7.007880339719833873e-02 1.089199844662455396e-01
-5.984853254165162706e-04 7.008604389276733293e-02 1.080610291460953748e-01
-5.901730292301757231e-04 7.009422587910986435e-02 1.072076486373906290e-01
-5.818607330438352841e-04 7.010330230610327396e-02 1.063600043324339772e-01
-5.735484368574947367e-04 7.011321683533708327e-02 1.055182561570006949e-01
-5.652361406711542977e-04 7.012390363002449223e-02 1.046825658721475677e-01
-5.569238444848137503e-04 7.013528720747336243e-02 1.038531079010978769e-01
-5.486115482984732028e-04 7.014728235412227841e-02 1.030300944639649247e-01
-5.402992521121327638e-04 7.015979410132341942e-02 1.022132283018218624e-01
-5.319869559257922164e-04 7.017271775817689183e-02 1.014037005051461188e-01
-5.236746597394516690e-04 7.018593899585497120e-02 1.006010893430114156e-01
-5.153623635531112300e-04 7.019933397607104608e-02 9.980526122142094336e-02
-5.070500673667706825e-04 7.021276951471575045e-02 9.901732435462398674e-02
-4.987377711804302435e-04 7.022610327027517529e-02 9.823656664423655038e-02
-4.904254749940896961e-04 7.023918394553173294e-02 9.746370840081688969e-02
-4.821131788077491487e-04 7.025185149029393450e-02 9.669950683756856069e-02
-4.738008826214087097e-04 7.026393729257053578e-02 9.594313281907901336e-02
-4.654885864350681622e-04 7.027526434575823155e-02 9.519545357216072090e-02
-4.571762902487277232e-04 7.028564738011264246e-02 9.445673954883639090e-02
-4.488639940623871758e-04 7.029489294808242972e-02 9.372733630405398475e-02
-4.405516978760466284e-04 7.030279945508109696e-02 9.300654185084376857e-02
-4.322394016897061894e-04 7.030915713003317580e-02 9.229660816028581460e-02
-4.239271055033656420e-04 7.031374793366937381e-02 9.159593211031974436e-02
-4.156148093170252029e-04 7.031634540718671722e-02 9.090691153783361789e-02
-4.073025131306846555e-04 7.031671446969681161e-02 9.022782134531887044e-02
-3.989902169443441081e-04 7.031461118004915523e-02 8.956009733162867414e-02
-3.906779207580036691e-04 7.030978248735972325e-02 8.890367846403203489e-02
-3.823656245716631217e-04 7.030196600513426153e-02 8.825915517029790658e-02
-3.740533283853226827e-04 7.029088985648501708e-02 8.762742653415990512e-02
-3.657410321989821352e-04 7.027627265277937296e-02 8.700887136138213407e-02
-3.574287360126415878e-04 7.025782368519452314e-02 8.640298668773821467e-02
-3.491164398263011488e-04 7.023524342792375474e-02 8.581053838664974565e-02
-3.408041436399606014e-04 7.020822447266604482e-02 8.523351239112314515e-02
-3.324918474536200539e-04 7.017645303544844948e-02 8.467072115807132426e-02
-3.241795512672796149e-04 7.013961119691841661e-02 8.412278285633134622e-02
-3.158672550809390675e-04 7.009738005310406361e-02 8.359111520748832569e-02
-3.075549588945986285e-04 7.004944396113882421e-02 8.307553689698103649e-02
-2.992426627082580811e-04 6.999549605811714037e-02 8.257733883456218338e-02
-2.909303665219175336e-04 6.993524520447150228e-02 8.209586377644523258e-02
-2.826180703355770946e-04 6.986842444887550463e-02 8.163270887433232703e-02
-2.743057741492365472e-04 6.979480102320051449e-02 8.118815517942543081e-02
-2.659934779628961082e-04 6.971418774962966081e-02 8.076201347804747022e-02
-2.576811817765555608e-04 6.962645557899460602e-02 8.035529883215380975e-02
-2.493688855902150133e-04 6.953154678903396280e-02 7.996788696725487533e-02
-2.410565894038745743e-04 6.942948817289246177e-02 7.960031489940395943e-02
-2.327442932175340269e-04 6.932040337130516983e-02 7.925262756463646863e-02
-2.244319970311935879e-04 6.920452338328099418e-02 7.892475713690612349e-02
-2.161197008448530405e-04 6.908219426691451781e-02 7.861671124103210284e-02
-2.078074046585124931e-04 6.895388114208848840e-02 7.832825422350016276e-02
-1.994951084721720540e-04 6.882016783849251307e-02 7.805904244370723277e-02
-1.911828122858315066e-04 6.868175187704962659e-02 7.780865284092060297e-02
-1.828705160994909592e-04 6.853943488506525350e-02 7.757652869270417750e-02
-1.745582199131504118e-04 6.839410896115359628e-02 7.736202629163502209e-02
-1.662459237268100812e-04 6.824673985763371475e-02 7.716442476026373620e-02
-1.579336275404695338e-04 6.809834808128142902e-02 7.698294350754258941e-02
-1.496213313541289863e-04 6.794998909981486701e-02 7.681676158978770208e-02
-1.413090351677884389e-04 6.780273378363894932e-02 7.666503655907766501e-02
-1.329967389814478915e-04 6.765765003876270112e-02 7.652692211248432463e-02
-1.246844427951075609e-04 6.751578634136753965e-02 7.640158373694291849e-02
-1.163721466087670135e-04 6.737815761483963162e-02 7.628821209355017563e-02
-1.080598504224264660e-04 6.724573363527146241e-02 7.618603385095025493e-02
-9.974755423608591860e-05 6.711942993889967457e-02 7.609432003592100924e-02
-9.143525804974537118e-05 6.700010104987100257e-02 7.601239208037206818e-02
-8.312296186340504059e-05 6.688853574577417749e-02 7.593962586451626084e-02
-7.481066567706449316e-05 6.678545402500046801e-02 7.587545408955614912e-02
-6.649836949072394574e-05 6.669150543648774687e-02 7.581936733114268134e-02
-5.818607330438339831e-05 6.660726844509315403e-02 7.577091410494278534e-02
-4.987377711804285088e-05 6.653325053311159865e-02 7.572970024268511902e-02
-4.156148093170252029e-05 6.646988878880770446e-02 7.569538783504477231e-02
-3.324918474536197287e-05 6.641755077521113715e-02 7.566769395391316488e-02
-2.493688855902142544e-05 6.637653549580296852e-02 7.564638932479451905e-02
-1.662459237268087801e-05 6.634707435742540071e-02 7.563129708231183801e-02
-8.312296186340330587e-06 6.632933200980532795e-02 7.562229170899745223e-02
0.000000000000000000e+00 6.632340696105791522e-02 7.561929822955858194e-02
8.312296186340547427e-06 6.632933200980532795e-02 7.562229170899745223e-02
1.662459237268109485e-05 6.634707435742540071e-02 7.563129708231183801e-02
2.493688855902164228e-05 6.637653549580296852e-02 7.564638932479451905e-02
3.324918474536218971e-05 6.641755077521113715e-02 7.566769395391316488e-02
4.156148093170252029e-05 6.646988878880770446e-02 7.569538783504477231e-02
4.987377711804306772e-05 6.653325053311159865e-02 7.572970024268511902e-02
5.818607330438361515e-05 6.660726844509315403e-02 7.577091410494278534e-02
6.649836949072416258e-05 6.669150543648774687e-02 7.581936733114268134e-02
7.481066567706471000e-05 6.678545402500046801e-02 7.587545408955614912e-02
8.312296186340525743e-05 6.688853574577417749e-02 7.593962586451626084e-02
9.143525804974558802e-05 6.700010104987100257e-02 7.601239208037206818e-02
9.974755423608613544e-05 6.711942993889968845e-02 7.609432003592102312e-02
1.080598504224266829e-04 6.724573363527146241e-02 7.618603385095025493e-02
1.163721466087672303e-04 6.737815761483964550e-02 7.628821209355018951e-02
1.246844427951077777e-04 6.751578634136755352e-02 7.640158373694293237e-02
1.329967389814481083e-04 6.765765003876270112e-02 7.652692211248432463e-02
1.413090351677886557e-04 6.780273378363894932e-02 7.666503655907766501e-02
1.496213313541292032e-04 6.794998909981486701e-02 7.681676158978772984e-02
1.579336275404697506e-04 6.809834808128144290e-02 7.698294350754260329e-02
1.662459237268102980e-04 6.824673985763371475e-02 7.716442476026373620e-02
1.745582199131506286e-04 6.839410896115359628e-02 7.736202629163502209e-02
1.828705160994911760e-04 6.853943488506525350e-02 7.757652869270417750e-02
1.911828122858317235e-04 6.868175187704964046e-02 7.780865284092061684e-02
1.994951084721722709e-04 6.882016783849252695e-02 7.805904244370724665e-02
2.078074046585128183e-04 6.895388114208848840e-02 7.832825422350019051e-02
2.161197008448531489e-04 6.908219426691451781e-02 7.861671124103210284e-02
2.244319970311936963e-04 6.920452338328098030e-02 7.892475713690612349e-02
2.327442932175342438e-04 6.932040337130516983e-02 7.925262756463646863e-02
2.410565894038747912e-04 6.942948817289246177e-02 7.960031489940395943e-02
2.493688855902153386e-04 6.953154678903397667e-02 7.996788696725488921e-02
2.576811817765556692e-04 6.962645557899460602e-02 8.035529883215380975e-02
2.659934779628962166e-04 6.971418774962967468e-02 8.076201347804748409e-02
2.743057741492367640e-04 6.979480102320051449e-02 8.118815517942543081e-02
2.826180703355773115e-04 6.986842444887550463e-02 8.163270887433232703e-02
2.909303665219178589e-04 6.993524520447150228e-02 8.209586377644523258e-02
2.992426627082581895e-04 6.999549605811712649e-02 8.257733883456219726e-02
3.075549588945987369e-04 7.004944396113882421e-02 8.307553689698103649e-02
3.158672550809392843e-04 7.009738005310406361e-02 8.359111520748832569e-02
3.241795512672798318e-04 7.013961119691841661e-02 8.412278285633134622e-02
3.324918474536203792e-04 7.017645303544844948e-02 8.467072115807133814e-02
3.408041436399607098e-04 7.020822447266604482e-02 8.523351239112315902e-02
3.491164398263012572e-04 7.023524342792375474e-02 8.581053838664974565e-02
3.574287360126418046e-04 7.025782368519452314e-02 8.640298668773824242e-02
3.657410321989823521e-04 7.027627265277937296e-02 8.700887136138214795e-02
3.740533283853228995e-04 7.029088985648501708e-02 8.762742653415993288e-02
3.823656245716632301e-04 7.030196600513426153e-02 8.825915517029790658e-02
3.906779207580037775e-04 7.030978248735972325e-02 8.890367846403203489e-02
3.989902169443443249e-04 7.031461118004915523e-02 8.956009733162870190e-02
4.073025131306848724e-04 7.031671446969681161e-02 9.022782134531887044e-02
4.156148093170254198e-04 7.031634540718671722e-02 9.090691153783361789e-02
4.239271055033657504e-04 7.031374793366937381e-02 9.159593211031974436e-02
4.322394016897062978e-04 7.030915713003317580e-02 9.229660816028584236e-02
4.405516978760468452e-04 7.030279945508109696e-02 9.300654185084376857e-02
4.488639940623873927e-04 7.029489294808242972e-02 9.372733630405399863e-02
4.571762902487279401e-04 7.028564738011262858e-02 9.445673954883640477e-02
4.654885864350684875e-04 7.027526434575824543e-02 9.519545357216073478e-02
4.738008826214088181e-04 7.026393729257053578e-02 9.594313281907901336e-02
4.821131788077493655e-04 7.025185149029394838e-02 9.669950683756860232e-02
4.904254749940899129e-04 7.023918394553173294e-02 9.746370840081693132e-02
4.987377711804304604e-04 7.022610327027517529e-02 9.823656664423659202e-02
5.070500673667710078e-04 7.021276951471575045e-02 9.901732435462401449e-02
5.153623635531113384e-04 7.019933397607104608e-02 9.980526122142094336e-02
5.236746597394518858e-04 7.018593899585495732e-02 1.006010893430114295e-01
5.319869559257924332e-04 7.017271775817689183e-02 1.014037005051461465e-01
5.402992521121329807e-04 7.015979410132341942e-02 1.022132283018219040e-01
5.486115482984735281e-04 7.014728235412227841e-02 1.030300944639649524e-01
5.569238444848138587e-04 7.013528720747336243e-02 1.038531079010978769e-01
5.652361406711544061e-04 7.012390363002449223e-02 1.046825658721475816e-01
5.735484368574949535e-04 7.011321683533708327e-02 1.055182561570007227e-01
5.818607330438355010e-04 7.010330230610327396e-02 1.063600043324340050e-01
5.901730292301760484e-04 7.009422587910986435e-02 1.072076486373906568e-01
5.984853254165163790e-04 7.008604389276733293e-02 1.080610291460953887e-01
6.067976216028569264e-04 7.007880339719833873e-02 1.089199844662455674e-01
6.151099177891974738e-04 7.007254242516786080e-02 1.097843594267226691e-01
6.234222139755380213e-04 7.006729032058721385e-02 1.106540094515492539e-01
6.317345101618785687e-04 7.006306811997593809e-02 1.115288018669290254e-01
6.400468063482188993e-04 7.005988898114842711e-02 1.124086630064650705e-01
6.483591025345594467e-04 7.005775865252365786e-02 1.132931190052276216e-01
6.566713987208999941e-04 7.005667597584327999e-02 1.141825562384548159e-01
6.649836949072405416e-04 7.005663341472193051e-02 1.150765945555927705e-01
6.732959910935810890e-04 7.005761760133055738e-02 1.159749946942863069e-01
6.816082872799214196e-04 7.005960989360975055e-02 1.168779826615258949e-01
6.899205834662619670e-04 7.006258693569772378e-02 1.177852008166799108e-01
6.982328796526025144e-04 7.006652121470816064e-02 1.186964711293250901e-01
7.065451758389430618e-04 7.007138160757277190e-02 1.196119766646075860e-01
7.148574720252836093e-04 7.007713391234063338e-02 1.205314407767115459e-01
7.231697682116239399e-04 7.008374135906784985e-02 1.214546449895094055e-01
7.314820643979644873e-04 7.009116509620884339e-02 1.223817312526362805e-01
7.397943605843050347e-04 7.009936464920410448e-02 1.233124334170560832e-01
7.481066567706455821e-04 7.010829834873098798e-02 1.242468008445082733e-01
7.564189529569861296e-04 7.011792372681745211e-02 1.251846206286008345e-01
7.647312491433264602e-04 7.012819787970604735e-02 1.261259281550964340e-01
7.730435453296670076e-04 7.013907779697832467e-02 1.270705257339748706e-01
7.813558415160075550e-04 7.015052065700640160e-02 1.280184625736867920e-01
7.896681377023481024e-04 7.016248408928144054e-02 1.289695069625316215e-01
7.979804338886886499e-04 7.017492640457617670e-02 1.299236553579384279e-01
8.062927300750291973e-04 7.018780679423657076e-02 1.308809620452305866e-01
8.146050262613697447e-04 7.020108550016071480e-02 1.318411712371543865e-01
8.229173224477102921e-04 7.021472395722598570e-02 1.328043317053475836e-01
8.312296186340504059e-04 7.022868491006503677e-02 1.337702846442997973e-01
8.395419148203909533e-04 7.024293250617870410e-02 1.347390178274627814e-01
8.478542110067315007e-04 7.025743236741650855e-02 1.357105110419104255e-01
8.561665071930720482e-04 7.027215164185310337e-02 1.366846216837625527e-01
8.644788033794125956e-04 7.028705903806070632e-02 1.376613201680816634e-01
8.727910995657531430e-04 7.030212484371442527e-02 1.386406037320223050e-01
8.811033957520936905e-04 7.031732093038896292e-02 1.396223341408100171e-01
8.894156919384342379e-04 7.033262074630591831e-02 1.406064914697860158e-01
8.977279881247747853e-04 7.034799929868218449e-02 1.415930575780831868e-01
9.060402843111153327e-04 7.036343312721558829e-02 1.425819162910449411e-01
9.143525804974554465e-04 7.037890027012125294e-02 1.435730549007351864e-01
9.226648766837959939e-04 7.039438022400903994e-02 1.445664505672150657e-01
9.309771728701365413e-04 7.040985389877686684e-02 1.455619834038969496e-01
9.392894690564770888e-04 7.042530356856994966e-02 1.465596621177354120e-01
9.476017652428176362e-04 7.044071281975081145e-02 1.475594289398323433e-01
9.559140614291581836e-04 7.045606649671079524e-02 1.485612779969550656e-01
9.642263576154987310e-04 7.047135064625470458e-02 1.495650737853471690e-01
9.725386538018392785e-04 7.048655246120143214e-02 1.505708513641862423e-01
9.808509499881798259e-04 7.050166022374639019e-02 1.515785498557209732e-01
9.891632461745203733e-04 7.051666324906202821e-02 1.525880736394440718e-01
9.974755423608609207e-04 7.053155182953113611e-02 1.535995688947978943e-01
1.005787838547201034e-03 7.054631717995296647e-02 1.546127995585141190e-01
1.014100134733541582e-03 7.056095138399039179e-02 1.556278016193816671e-01
1.022412430919882129e-03 7.057544734208588688e-02 1.566445363395196910e-01
1.030724727106222677e-03 7.058979872101947550e-02 1.576629952914807842e-01
1.039037023292563224e-03 7.060399990524508784e-02 1.586830900319560200e-01
1.047349319478903772e-03 7.061804595010653940e-02 1.597048281673405512e-01
1.055661615665244319e-03 7.063193253699816265e-02 1.607281689433883165e-01
1.063973911851584866e-03 7.064565593051534698e-02 1.617530794470297961e-01
1.072286208037925414e-03 7.065921293761333322e-02 1.627795760503836509e-01
1.080598504224265961e-03 7.067260086877194536e-02 1.638075048292620961e-01
1.088910800410606075e-03 7.068581750115401907e-02 1.648369494247452216e-01
1.097223096596946623e-03 7.069886104372342939e-02 1.658678488035316978e-01
1.105535392783287170e-03 7.071173010428387362e-02 1.669001743821395545e-01
1.113847688969627717e-03 7.072442365838951805e-02 1.679338976931024907e-01
1.122159985155968265e-03 7.073694102006716777e-02 1.689690162279509356e-01
1.130472281342308812e-03 7.074928181429405993e-02 1.700054505308955799e-01
1.138784577528649360e-03 7.076144595115800573e-02 1.710432184161989055e-01
1.147096873714989907e-03 7.077343360163580732e-02 1.720822851926048502e-01
1.155409169901330454e-03 7.078524517491942281e-02 1.731226263721441783e-01
1.163721466087671002e-03 7.079688129721763146e-02 1.741642181926100763e-01
1.172033762274011116e-03 7.080834279195938330e-02 1.752070342148670523e-01
