-1.172033762274011116e-03 7.078812006582206606e-02 1.767065270449382497e-01
-1.163721466087670568e-03 7.077674624108619417e-02 1.756726578060748556e-01
-1.155409169901330021e-03 7.076520947611723844e-02 1.746400255280402547e-01
-1.147096873714989690e-03 7.075350943663739900e-02 1.736087888404701240e-01
-1.138784577528649143e-03 7.074164599333722381e-02 1.725789230614429015e-01
-1.130472281342308595e-03 7.072961924039906922e-02 1.715504542738446603e-01
-1.122159985155968048e-03 7.071742951520994247e-02 1.705234086436802354e-01
-1.113847688969627501e-03 7.070507741931869594e-02 1.694978142249704556e-01
-1.105535392783287170e-03 7.069256384067883203e-02 1.684736743088410260e-01
-1.097223096596946623e-03 7.067988997722790545e-02 1.674510679453014850e-01
-1.088910800410606075e-03 7.066705736184326903e-02 1.664299839772870049e-01
-1.080598504224265528e-03 7.065406788871252119e-02 1.654104603315497690e-01
-1.072286208037924980e-03 7.064092384115040757e-02 1.643925275184506818e-01
-1.063973911851584650e-03 7.062762792089083419e-02 1.633762182377383465e-01
-1.055661615665244102e-03 7.061418327887059032e-02 1.623615389101683570e-01
-1.047349319478903555e-03 7.060059354751112293e-02 1.613485710547876706e-01
-1.039037023292563007e-03 7.058686287449873753e-02 1.603373118470655945e-01
-1.030724727106222460e-03 7.057299595804325532e-02 1.593278020709185394e-01
-1.022412430919882129e-03 7.055899808358319369e-02 1.583200777733512477e-01
-1.014100134733541582e-03 7.054487516188677476e-02 1.573141052387045657e-01
-1.005787838547201034e-03 7.053063376847304444e-02 1.563101085331687068e-01
-9.974755423608604871e-04 7.051628118425921909e-02 1.553079502598517792e-01
-9.891632461745199396e-04 7.050182543730790230e-02 1.543077209086360924e-01
-9.808509499881793922e-04 7.048727534551842144e-02 1.533094628245851299e-01
-9.725386538018390616e-04 7.047264056006898036e-02 1.523131853976497918e-01
-9.642263576154985142e-04 7.045793160938511324e-02 1.513189922483634819e-01
-9.559140614291579668e-04 7.044315994335495490e-02 1.503268796559774634e-01
-9.476017652428174193e-04 7.042833797747274915e-02 1.493369014324166799e-01
-9.392894690564769803e-04 7.041347913654018298e-02 1.483490201191903501e-01
-9.309771728701364329e-04 7.039859789749046415e-02 1.473635050622317533e-01
-9.226648766837959939e-04 7.038370983084858701e-02 1.463801953591745419e-01
-9.143525804974554465e-04 7.036883164026816462e-02 1.453992026257743819e-01
-9.060402843111148991e-04 7.035398119952115947e-02 1.444205247784974278e-01
-8.977279881247744600e-04 7.033917758623912941e-02 1.434443411476672703e-01
-8.894156919384340210e-04 7.032444111163115019e-02 1.424705933446255013e-01
-8.811033957520934736e-04 7.030979334532361236e-02 1.414993719694773167e-01
-8.727910995657529262e-04 7.029525713438850021e-02 1.405306850327789625e-01
-8.644788033794123788e-04 7.028085661554688002e-02 1.395646603204883374e-01
-8.561665071930719398e-04 7.026661721945516581e-02 1.386013201778939496e-01
-8.478542110067313923e-04 7.025256566590992735e-02 1.376406856389823241e-01
-8.395419148203909533e-04 7.023872994873757436e-02 1.366829012591493642e-01
-8.312296186340504059e-04 7.022513930907416102e-02 1.357279743835396457e-01
-8.229173224477098585e-04 7.021182419569481359e-02 1.347759350111218946e-01
-8.146050262613694195e-04 7.019881621101779767e-02 1.338269397395260851e-01
-8.062927300750288720e-04 7.018614804138854912e-02 1.328810018776194202e-01
-7.979804338886884330e-04 7.017385337026305070e-02 1.319381468611934005e-01
-7.896681377023478856e-04 7.016196677293373707e-02 1.309985361163272521e-01
-7.813558415160073382e-04 7.015052359150952821e-02 1.300622220798568762e-01
-7.730435453296668992e-04 7.013955978895264343e-02 1.291291680441349343e-01
-7.647312491433263517e-04 7.012911178111298771e-02 1.281996079796992594e-01
-7.564189529569859127e-04 7.011921624587054425e-02 1.272734948390353282e-01
-7.481066567706453653e-04 7.010990990871965312e-02 1.263510198291306341e-01
-7.397943605843048179e-04 7.010122930439031952e-02 1.254321536306728935e-01
-7.314820643979642704e-04 7.009321051441445849e-02 1.245171082174951482e-01
-7.231697682116238314e-04 7.008588888090429292e-02 1.236058257016286605e-01
-7.148574720252833924e-04 7.007929869721038485e-02 1.226985659796762107e-01
-7.065451758389428450e-04 7.007347287657410273e-02 1.217952419629585864e-01
-6.982328796526022976e-04 7.006844260036580729e-02 1.208961309026255482e-01
-6.899205834662617502e-04 7.006423694800760493e-02 1.200011555871630248e-01
-6.816082872799213111e-04 7.006088251120365373e-02 1.191105915172879642e-01
-6.732959910935807637e-04 7.005840299562787754e-02 1.182243584295462474e-01
-6.649836949072403247e-04 7.005681881373891640e-02 1.173425807207919697e-01
-6.566713987208997773e-04 7.005614667288290187e-02 1.164657047905726245e-01
-6.483591025345593383e-04 7.005639916329349515e-02 1.155934140643003621e-01
-6.400468063482187909e-04 7.005758435098353998e-02 1.147262210078821842e-01
-6.317345101618782434e-04 7.005970538082541277e-02 1.138636914739712402e-01
-6.234222139755378044e-04 7.006276009532071136e-02 1.130063979572109023e-01
-6.151099177891972570e-04 7.006674067464477296e-02 1.121543270532623926e-01
-6.067976216028568180e-04 7.007163330350578423e-02 1.113079169004791563e-01
-5.984853254165162706e-04 7.007741787016895374e-02 1.104666956703314051e-01
-5.901730292301757231e-04 7.008406770265750152e-02 1.096312132329186895e-01
-5.818607330438352841e-04 7.009154934665262626e-02 1.088015423329398990e-01
-5.735484368574947367e-04 7.009982238897738416e-02 1.079778242318911591e-01
-5.652361406711542977e-04 7.010883932977651778e-02 1.071602125619821877e-01
-5.569238444848137503e-04 7.011854550561059940e-02 1.063488703257074730e-01
-5.486115482984732028e-04 7.012887906469289501e-02 1.055439662507401538e-01
-5.402992521121327638e-04 7.013977099443889640e-02 1.047456692262987432e-01
-5.319869559257922164e-04 7.015114520040509338e-02 1.039541500734987578e-01
-5.236746597394516690e-04 7.016291863460218103e-02 1.031695901697358697e-01
-5.153623635531112300e-04 7.017500147011920819e-02 1.023922033913505364e-01
-5.070500673667706825e-04 7.018729731802912652e-02 1.016217905352036072e-01
-4.987377711804302435e-04 7.019970348170326280e-02 1.008592431274083212e-01
-4.904254749940896961e-04 7.021211124298221140e-02 1.001044635167876173e-01
-4.821131788077491487e-04 7.022440617416801645e-02 9.935711138261643649e-02
-4.738008826214087097e-04 7.023646846955014511e-02 9.861856939612359541e-02
-4.654885864350681622e-04 7.024817329018211154e-02 9.788774664550377314e-02
-4.571762902487277232e-04 7.025939111590975839e-02 9.716626135056456726e-02
-4.488639940623871758e-04 7.026998809923273859e-02 9.645298919923837866e-02
-4.405516978760466284e-04 7.027982641647070872e-02 9.574874409122563490e-02
-4.322394016897061894e-04 7.028876461291475031e-02 9.505429740056076104e-02
-4.239271055033656420e-04 7.029665794017662950e-02 9.436950035810251491e-02
-4.156148093170252029e-04 7.030335868580789294e-02 9.369410880297543431e-02
-4.073025131306846555e-04 7.030871649744803442e-02 9.302830642930678962e-02
-3.989902169443441081e-04 7.031257870627249940e-02 9.237365177167727870e-02
-3.906779207580036691e-04 7.031479065734447254e-02 9.172984285851115693e-02
-3.823656245716631217e-04 7.031519605761446523e-02 9.109615712944427179e-02
-3.740533283853226827e-04 7.031363735574022722e-02 9.047478592463854830e-02
-3.657410321989821352e-04 7.030995617157753674e-02 8.986406276552354189e-02
-3.574287360126415878e-04 7.030399379705945528e-02 8.926540133609892069e-02
-3.491164398263011488e-04 7.029559179414150705e-02 8.867916954190339929e-02
-3.408041436399606014e-04 7.028459271939783981e-02 8.810551577069437867e-02
-3.324918474536200539e-04 7.027084100849978476e-02 8.754508006080137517e-02
-3.241795512672796149e-04 7.025418405690139756e-02 8.699770946724520726e-02
-3.158672550809390675e-04 7.023447353520907710e-02 8.646340038603686495e-02
-3.075549588945986285e-04 7.021156697842260985e-02 8.594280017352538825e-02
-2.992426627082580811e-04 7.018532968689038254e-02 8.543675294331910808e-02
-2.909303665219175336e-04 7.015563697270567334e-02 8.494541621173229418e-02
-2.826180703355770946e-04 7.012237677759999843e-02 8.446932774310127179e-02
-2.743057741492365472e-04 7.008545267638170706e-02 8.400727519461397008e-02
-2.659934779628961082e-04 7.004478726294974256e-02 8.356185335837328088e-02
-2.576811817765555608e-04 7.000032589346860679e-02 8.313159308677597892e-02
-2.493688855902150133e-04 6.995204073345648310e-02 8.271722233628203691e-02
-2.410565894038745743e-04 6.989993502300491379e-02 8.231870557895369644e-02
-2.327442932175340269e-04 6.984404743866017007e-02 8.193721669788438244e-02
-2.244319970311935879e-04 6.978445639417507618e-02 8.157173569719415596e-02
-2.161197008448530405e-04 6.972128408888011997e-02 8.122328228856158516e-02
-2.078074046585124931e-04 6.965470008609146724e-02 8.089139833247324662e-02
-1.994951084721720540e-04 6.958492418937127499e-02 8.057610548555814434e-02
-1.911828122858315066e-04 6.951222838584758534e-02 8.027747653847536191e-02
-1.828705160994909592e-04 6.943693764630362586e-02 7.999549772250551249e-02
-1.745582199131504118e-04 6.935942941249907678e-02 7.972975907081727986e-02
-1.662459237268100812e-04 6.928013166173729864e-02 7.948016152318931882e-02
-1.579336275404695338e-04 6.919951951279061653e-02 7.924651494885588676e-02
-1.496213313541289863e-04 6.911811041920838672e-02 7.902835464399343701e-02
-1.413090351677884389e-04 6.903645807744461516e-02 7.882545196697429701e-02
-1.329967389814478915e-04 6.895514524952649216e-02 7.863735596553055041e-02
-1.246844427951075609e-04 6.887477575563021037e-02 7.846364367632369108e-02
-1.163721466087670135e-04 6.879596592574400982e-02 7.830388578023723956e-02
-1.080598504224264660e-04 6.871933580945285835e-02 7.815762442887110029e-02
-9.974755423608591860e-05 6.864550042982321687e-02 7.802441482425727382e-02
-9.143525804974537118e-05 6.857506133515330060e-02 7.790379276684750165e-02
-8.312296186340504059e-05 6.850859865654228276e-02 7.779532421846718782e-02
-7.481066567706449316e-05 6.844666382611251654e-02 7.769858258775037829e-02
-6.649836949072394574e-05 6.838977305633273107e-02 7.761317412427104490e-02
-5.818607330438339831e-05 6.833840163026647097e-02 7.753872908311164325e-02
-4.987377711804285088e-05 6.829297900933445353e-02 7.747491335588185812e-02
-4.156148093170252029e-05 6.825388473144167190e-02 7.742143189575814710e-02
-3.324918474536197287e-05 6.822144504883688454e-02 7.737802915860154951e-02
-2.493688855902142544e-05 6.819593024154015082e-02 7.734449409033862521e-02
-1.662459237268087801e-05 6.817755253756879741e-02 7.732066035722252872e-02
-8.312296186340330587e-06 6.816646457410162341e-02 7.730640811283283342e-02
0.000000000000000000e+00 6.816275834258744837e-02 7.730166554253334321e-02
8.312296186340547427e-06 6.816646457410162341e-02 7.730640811283283342e-02
1.662459237268109485e-05 6.817755253756881129e-02 7.732066035722254260e-02
2.493688855902164228e-05 6.819593024154015082e-02 7.734449409033862521e-02
3.324918474536218971e-05 6.822144504883688454e-02 7.737802915860154951e-02
4.156148093170252029e-05 6.825388473144167190e-02 7.742143189575814710e-02
4.987377711804306772e-05 6.829297900933445353e-02 7.747491335588185812e-02
5.818607330438361515e-05 6.833840163026647097e-02 7.753872908311162937e-02
6.649836949072416258e-05 6.838977305633273107e-02 7.761317412427104490e-02
7.481066567706471000e-05 6.844666382611250266e-02 7.769858258775039217e-02
8.312296186340525743e-05 6.850859865654226888e-02 7.779532421846720169e-02
9.143525804974558802e-05 6.857506133515330060e-02 7.790379276684750165e-02
9.974755423608613544e-05 6.864550042982321687e-02 7.802441482425727382e-02
1.080598504224266829e-04 6.871933580945287223e-02 7.815762442887111416e-02
1.163721466087672303e-04 6.879596592574402369e-02 7.830388578023725343e-02
1.246844427951077777e-04 6.887477575563021037e-02 7.846364367632369108e-02
1.329967389814481083e-04 6.895514524952649216e-02 7.863735596553055041e-02
1.413090351677886557e-04 6.903645807744461516e-02 7.882545196697429701e-02
1.496213313541292032e-04 6.911811041920838672e-02 7.902835464399343701e-02
1.579336275404697506e-04 6.919951951279061653e-02 7.924651494885588676e-02
1.662459237268102980e-04 6.928013166173731252e-02 7.948016152318933270e-02
1.745582199131506286e-04 6.935942941249907678e-02 7.972975907081727986e-02
1.828705160994911760e-04 6.943693764630362586e-02 7.999549772250551249e-02
1.911828122858317235e-04 6.951222838584758534e-02 8.027747653847536191e-02
1.994951084721722709e-04 6.958492418937127499e-02 8.057610548555814434e-02
2.078074046585128183e-04 6.965470008609146724e-02 8.089139833247324662e-02
2.161197008448531489e-04 6.972128408888011997e-02 8.122328228856158516e-02
2.244319970311936963e-04 6.978445639417507618e-02 8.157173569719415596e-02
2.327442932175342438e-04 6.984404743866015619e-02 8.193721669788439632e-02
2.410565894038747912e-04 6.989993502300491379e-02 8.231870557895371032e-02
2.493688855902153386e-04 6.995204073345648310e-02 8.271722233628206467e-02
2.576811817765556692e-04 7.000032589346860679e-02 8.313159308677597892e-02
2.659934779628962166e-04 7.004478726294974256e-02 8.356185335837328088e-02
2.743057741492367640e-04 7.008545267638170706e-02 8.400727519461399784e-02
2.826180703355773115e-04 7.012237677759999843e-02 8.446932774310128567e-02
2.909303665219178589e-04 7.015563697270567334e-02 8.494541621173230805e-02
2.992426627082581895e-04 7.018532968689038254e-02 8.543675294331912196e-02
3.075549588945987369e-04 7.021156697842260985e-02 8.594280017352541601e-02
3.158672550809392843e-04 7.023447353520907710e-02 8.646340038603689271e-02
3.241795512672798318e-04 7.025418405690139756e-02 8.699770946724520726e-02
3.324918474536203792e-04 7.027084100849978476e-02 8.754508006080137517e-02
3.408041436399607098e-04 7.028459271939783981e-02 8.810551577069437867e-02
3.491164398263012572e-04 7.029559179414150705e-02 8.867916954190341317e-02
3.574287360126418046e-04 7.030399379705945528e-02 8.926540133609894845e-02
3.657410321989823521e-04 7.030995617157753674e-02 8.986406276552356964e-02
3.740533283853228995e-04 7.031363735574022722e-02 9.047478592463857605e-02
3.823656245716632301e-04 7.031519605761446523e-02 9.109615712944427179e-02
3.906779207580037775e-04 7.031479065734447254e-02 9.172984285851115693e-02
3.989902169443443249e-04 7.031257870627249940e-02 9.237365177167730645e-02
4.073025131306848724e-04 7.030871649744803442e-02 9.302830642930678962e-02
4.156148093170254198e-04 7.030335868580789294e-02 9.369410880297544819e-02
4.239271055033657504e-04 7.029665794017662950e-02 9.436950035810251491e-02
4.322394016897062978e-04 7.028876461291475031e-02 9.505429740056076104e-02
4.405516978760468452e-04 7.027982641647069484e-02 9.574874409122564878e-02
4.488639940623873927e-04 7.026998809923273859e-02 9.645298919923840641e-02
4.571762902487279401e-04 7.025939111590975839e-02 9.716626135056459501e-02
4.654885864350684875e-04 7.024817329018211154e-02 9.788774664550378701e-02
4.738008826214088181e-04 7.023646846955014511e-02 9.861856939612362316e-02
4.821131788077493655e-04 7.022440617416803033e-02 9.935711138261645037e-02
4.904254749940899129e-04 7.021211124298221140e-02 1.001044635167876312e-01
4.987377711804304604e-04 7.019970348170326280e-02 1.008592431274083490e-01
5.070500673667710078e-04 7.018729731802912652e-02 1.016217905352036488e-01
5.153623635531113384e-04 7.017500147011920819e-02 1.023922033913505364e-01
5.236746597394518858e-04 7.016291863460218103e-02 1.031695901697358697e-01
5.319869559257924332e-04 7.015114520040510726e-02 1.039541500734987717e-01
5.402992521121329807e-04 7.013977099443889640e-02 1.047456692262987848e-01
5.486115482984735281e-04 7.012887906469289501e-02 1.055439662507401816e-01
5.569238444848138587e-04 7.011854550561059940e-02 1.063488703257075008e-01
5.652361406711544061e-04 7.010883932977651778e-02 1.071602125619821877e-01
5.735484368574949535e-04 7.009982238897738416e-02 1.079778242318911868e-01
5.818607330438355010e-04 7.009154934665262626e-02 1.088015423329399128e-01
5.901730292301760484e-04 7.008406770265751540e-02 1.096312132329187033e-01
5.984853254165163790e-04 7.007741787016895374e-02 1.104666956703314190e-01
6.067976216028569264e-04 7.007163330350578423e-02 1.113079169004791841e-01
6.151099177891974738e-04 7.006674067464477296e-02 1.121543270532624204e-01
6.234222139755380213e-04 7.006276009532072524e-02 1.130063979572109301e-01
6.317345101618785687e-04 7.005970538082542665e-02 1.138636914739712819e-01
6.400468063482188993e-04 7.005758435098353998e-02 1.147262210078821842e-01
6.483591025345594467e-04 7.005639916329349515e-02 1.155934140643003621e-01
6.566713987208999941e-04 7.005614667288290187e-02 1.164657047905726661e-01
6.649836949072405416e-04 7.005681881373891640e-02 1.173425807207919974e-01
6.732959910935810890e-04 7.005840299562787754e-02 1.182243584295462752e-01
6.816082872799214196e-04 7.006088251120365373e-02 1.191105915172879920e-01
6.899205834662619670e-04 7.006423694800760493e-02 1.200011555871630248e-01
6.982328796526025144e-04 7.006844260036580729e-02 1.208961309026255759e-01
7.065451758389430618e-04 7.007347287657411661e-02 1.217952419629586280e-01
7.148574720252836093e-04 7.007929869721035709e-02 1.226985659796762246e-01
7.231697682116239399e-04 7.008588888090429292e-02 1.236058257016286882e-01
7.314820643979644873e-04 7.009321051441450012e-02 1.245171082174951760e-01
7.397943605843050347e-04 7.010122930439029176e-02 1.254321536306729212e-01
7.481066567706455821e-04 7.010990990871968087e-02 1.263510198291306896e-01
7.564189529569861296e-04 7.011921624587054425e-02 1.272734948390353837e-01
7.647312491433264602e-04 7.012911178111298771e-02 1.281996079796992594e-01
7.730435453296670076e-04 7.013955978895264343e-02 1.291291680441349343e-01
7.813558415160075550e-04 7.015052359150944494e-02 1.300622220798569040e-01
7.896681377023481024e-04 7.016196677293377870e-02 1.309985361163273077e-01
7.979804338886886499e-04 7.017385337026305070e-02 1.319381468611934005e-01
8.062927300750291973e-04 7.018614804138859076e-02 1.328810018776194479e-01
8.146050262613697447e-04 7.019881621101779767e-02 1.338269397395261406e-01
8.229173224477102921e-04 7.021182419569481359e-02 1.347759350111219501e-01
8.312296186340504059e-04 7.022513930907416102e-02 1.357279743835396457e-01
8.395419148203909533e-04 7.023872994873757436e-02 1.366829012591493642e-01
8.478542110067315007e-04 7.025256566591003837e-02 1.376406856389823519e-01
8.561665071930720482e-04 7.026661721945516581e-02 1.386013201778939496e-01
8.644788033794125956e-04 7.028085661554681063e-02 1.395646603204883374e-01
8.727910995657531430e-04 7.029525713438850021e-02 1.405306850327790180e-01
8.811033957520936905e-04 7.030979334532354297e-02 1.414993719694773167e-01
8.894156919384342379e-04 7.032444111163121958e-02 1.424705933446255290e-01
8.977279881247747853e-04 7.033917758623912941e-02 1.434443411476673258e-01
9.060402843111153327e-04 7.035398119952115947e-02 1.444205247784974833e-01
9.143525804974554465e-04 7.036883164026816462e-02 1.453992026257743819e-01
9.226648766837959939e-04 7.038370983084858701e-02 1.463801953591745419e-01
9.309771728701365413e-04 7.039859789749046415e-02 1.473635050622317533e-01
9.392894690564770888e-04 7.041347913654018298e-02 1.483490201191903501e-01
9.476017652428176362e-04 7.042833797747274915e-02 1.493369014324167354e-01
9.559140614291581836e-04 7.044315994335477449e-02 1.503268796559774911e-01
9.642263576154987310e-04 7.045793160938519650e-02 1.513189922483635375e-01
9.725386538018392785e-04 7.047264056006888322e-02 1.523131853976497918e-01
9.808509499881798259e-04 7.048727534551842144e-02 1.533094628245851854e-01
9.891632461745203733e-04 7.050182543730799944e-02 1.543077209086361479e-01
9.974755423608609207e-04 7.051628118425921909e-02 1.553079502598518347e-01
1.005787838547201034e-03 7.053063376847304444e-02 1.563101085331687068e-01
1.014100134733541582e-03 7.054487516188677476e-02 1.573141052387045657e-01
1.022412430919882129e-03 7.055899808358319369e-02 1.583200777733512477e-01
1.030724727106222677e-03 7.057299595804304715e-02 1.593278020709185672e-01
1.039037023292563224e-03 7.058686287449862651e-02 1.603373118470655945e-01
1.047349319478903772e-03 7.060059354751112293e-02 1.613485710547876706e-01
1.055661615665244319e-03 7.061418327887059032e-02 1.623615389101683570e-01
1.063973911851584866e-03 7.062762792089083419e-02 1.633762182377384020e-01
1.072286208037925414e-03 7.064092384115028267e-02 1.643925275184507095e-01
1.080598504224265961e-03 7.065406788871252119e-02 1.654104603315498245e-01
1.088910800410606075e-03 7.066705736184326903e-02 1.664299839772870049e-01
1.097223096596946623e-03 7.067988997722790545e-02 1.674510679453014850e-01
1.105535392783287170e-03 7.069256384067883203e-02 1.684736743088410260e-01
1.113847688969627717e-03 7.070507741931869594e-02 1.694978142249705111e-01
1.122159985155968265e-03 7.071742951521017839e-02 1.705234086436802632e-01
1.130472281342308812e-03 7.072961924039894432e-02 1.715504542738446880e-01
1.138784577528649360e-03 7.074164599333722381e-02 1.725789230614429015e-01
1.147096873714989907e-03 7.075350943663739900e-02 1.736087888404701796e-01
1.155409169901330454e-03 7.076520947611723844e-02 1.746400255280403102e-01
1.163721466087671002e-03 7.077674624108619417e-02 1.756726578060749111e-01
1.172033762274011116e-03 7.078812006582206606e-02 1.767065270449382497e-01
