-1.172033762274011116e-03 6.737288210843435377e-02 1.752070342806410497e-01
-1.163721466087670568e-03 6.733070372812821613e-02 1.741642349116075683e-01
-1.155409169901330021e-03 6.728791471197977103e-02 1.731226474160528495e-01
-1.147096873714989690e-03 6.724451453545790547e-02 1.720823093551305250e-01
-1.138784577528649143e-03 6.720050357092352544e-02 1.710432459573207054e-01
-1.130472281342308595e-03 6.715588317182796807e-02 1.700054836825336813e-01
-1.122159985155968048e-03 6.711065576280345057e-02 1.689690880839994913e-01
-1.113847688969627501e-03 6.706482493593994565e-02 1.679339129232295946e-01
-1.105535392783287170e-03 6.701839555355748601e-02 1.669001992208190011e-01
-1.097223096596946623e-03 6.697137385776597007e-02 1.658678783337470264e-01
-1.088910800410606075e-03 6.692376758712074991e-02 1.648369835256395799e-01
-1.080598504224265528e-03 6.687558610065037767e-02 1.638075465379747742e-01
-1.072286208037924980e-03 6.682684050952811261e-02 1.627797268664967212e-01
-1.063973911851584650e-03 6.677754381664575967e-02 1.617531032036009508e-01
-1.055661615665244102e-03 6.672771106430856747e-02 1.607282023340359245e-01
-1.047349319478903555e-03 6.667735949025015152e-02 1.597048676235435227e-01
-1.039037023292563007e-03 6.662650869211385329e-02 1.586831372775255322e-01
-1.030724727106222460e-03 6.657518080049737441e-02 1.576630784953459430e-01
-1.022412430919882129e-03 6.652340066060555279e-02 1.566445625909797523e-01
-1.014100134733541582e-03 6.647119602246502612e-02 1.556278425597860393e-01
-1.005787838547201034e-03 6.641859773957695112e-02 1.546128487390141526e-01
-9.974755423608604871e-04 6.636563997577846208e-02 1.535996300330183528e-01
-9.891632461745199396e-04 6.631236041996281527e-02 1.525879336820414878e-01
-9.808509499881793922e-04 6.625880050816490563e-02 1.515785922913607531e-01
-9.725386538018390616e-04 6.620500565236667190e-02 1.505709065633830668e-01
-9.642263576154985142e-04 6.615102547518758591e-02 1.495651413762482396e-01
-9.559140614291579668e-04 6.609691404943281168e-02 1.485614195176380159e-01
-9.476017652428174193e-04 6.604273014122359620e-02 1.475594768092437503e-01
-9.392894690564769803e-04 6.598853745519400738e-02 1.465597280037626848e-01
-9.309771728701364329e-04 6.593440487995355648e-02 1.455620659048433019e-01
-9.226648766837959939e-04 6.588040673168497896e-02 1.445665873616920616e-01
-9.143525804974554465e-04 6.582662299343446100e-02 1.435731196687548283e-01
-9.060402843111148991e-04 6.577313954725426404e-02 1.425820007247804166e-01
-8.977279881247744600e-04 6.572004839598992454e-02 1.415931763490838602e-01
-8.894156919384340210e-04 6.566744787105922854e-02 1.406065478125043955e-01
-8.811033957520934736e-04 6.561544282214179513e-02 1.396224260998162603e-01
-8.727910995657529262e-04 6.556414478424303638e-02 1.386407257701305629e-01
-8.644788033794123788e-04 6.551367211711185690e-02 1.376613640843577513e-01
-8.561665071930719398e-04 6.546415011152627306e-02 1.366847269620955763e-01
-8.478542110067313923e-04 6.541571105649629514e-02 1.357106536992378765e-01
-8.395419148203909533e-04 6.536849426097919580e-02 1.347390859837750421e-01
-8.312296186340504059e-04 6.532264602328252678e-02 1.337704125165493918e-01
-8.229173224477098585e-04 6.527831954096259548e-02 1.328045271983554487e-01
-8.146050262613694195e-04 6.523567475373159841e-02 1.318412865679420565e-01
-8.062927300750288720e-04 6.519487811165269875e-02 1.308811278757320562e-01
-7.979804338886884330e-04 6.515610226082005352e-02 1.299236522640420943e-01
-7.896681377023478856e-04 6.511952563873740774e-02 1.289696731078046055e-01
-7.813558415160073382e-04 6.508533197181060048e-02 1.280187572767481075e-01
-7.730435453296668992e-04 6.505370966775551878e-02 1.270706965163766744e-01
-7.647312491433263517e-04 6.502485109632111238e-02 1.261261885825692708e-01
-7.564189529569859127e-04 6.499895175257006108e-02 1.251848006441624028e-01
-7.481066567706453653e-04 6.497620929807657042e-02 1.242470803066442753e-01
-7.397943605843048179e-04 6.495682247678298549e-02 1.233126354532525504e-01
-7.314820643979642704e-04 6.494098990395834325e-02 1.223820594431033748e-01
-7.231697682116238314e-04 6.492890872868811725e-02 1.214548885840073394e-01
-7.148574720252833924e-04 6.492077317261950309e-02 1.205319129488942737e-01
-7.065451758389428450e-04 6.491677295025763406e-02 1.196122816248565979e-01
-6.982328796526022976e-04 6.491709157893382764e-02 1.186965764828767228e-01
-6.899205834662617502e-04 6.492190458959995469e-02 1.177856028097418045e-01
-6.816082872799213111e-04 6.493137765278311768e-02 1.168783174248471807e-01
-6.732959910935807637e-04 6.494566463728594641e-02 1.159751115278071232e-01
-6.649836949072403247e-04 6.496490562244838785e-02 1.150770843593633963e-01
-6.566713987208997773e-04 6.498922488788770602e-02 1.141829897519631293e-01
-6.483591025345593383e-04 6.501872890749066380e-02 1.132934313576368923e-01
-6.400468063482187909e-04 6.505350437691223564e-02 1.124095646599584802e-01
-6.317345101618782434e-04 6.509361630581395053e-02 1.115294668294544433e-01
-6.234222139755378044e-04 6.513910620742149882e-02 1.106546432717748912e-01
-6.151099177891972570e-04 6.518999041857374832e-02 1.097849853281409604e-01
-6.067976216028568180e-04 6.524625858317355254e-02 1.089206065230219483e-01
-5.984853254165162706e-04 6.530787233075133202e-02 1.080616535334855272e-01
-5.901730292301757231e-04 6.537476417966428532e-02 1.072083003149021385e-01
-5.818607330438352841e-04 6.544683669126125092e-02 1.063607299197624201e-01
-5.735484368574947367e-04 6.552396189717155095e-02 1.055191030191589829e-01
-5.652361406711542977e-04 6.560598101679394889e-02 1.046835703366881115e-01
-5.569238444848137503e-04 6.569270447617693576e-02 1.038543151334028886e-01
-5.486115482984732028e-04 6.578391223295108892e-02 1.030316528710298746e-01
-5.402992521121327638e-04 6.587935440498475514e-02 1.022138411754143356e-01
-5.319869559257922164e-04 6.597875219321069906e-02 1.014050701560386958e-01
-5.236746597394516690e-04 6.608179908184350082e-02 1.006030566626863604e-01
-5.153623635531112300e-04 6.618816229224160075e-02 9.980664698832904247e-02
-5.070500673667706825e-04 6.629748446019861907e-02 9.901963034914611217e-02
-4.987377711804302435e-04 6.640938550072236768e-02 9.823848911669276485e-02
-4.904254749940896961e-04 6.652346461958949519e-02 9.746540833697517336e-02
-4.821131788077491487e-04 6.663930242733112630e-02 9.670269225200102403e-02
-4.738008826214087097e-04 6.675646310895651248e-02 9.594626975345108000e-02
-4.654885864350681622e-04 6.687449660176637833e-02 9.519882359644209202e-02
-4.571762902487277232e-04 6.699294073411821149e-02 9.446061613565849557e-02
-4.488639940623871758e-04 6.711132328000686542e-02 9.373217503966524422e-02
-4.405516978760466284e-04 6.722916388784430652e-02 9.300980084430135464e-02
-4.322394016897061894e-04 6.734597584684652583e-02 9.230157103082400893e-02
-4.239271055033656420e-04 6.746126766097614025e-02 9.160010186925572617e-02
-4.156148093170252029e-04 6.757454440846388799e-02 9.091397067962030121e-02
-4.073025131306846555e-04 6.768530887459567325e-02 9.023521836482593927e-02
-3.989902169443441081e-04 6.779306245681394893e-02 8.956848295936213622e-02
-3.906779207580036691e-04 6.789730585440865995e-02 8.891236715044019412e-02
-3.823656245716631217e-04 6.799753957038921770e-02 8.826803020138627998e-02
-3.740533283853226827e-04 6.809326427081577315e-02 8.763781595838793237e-02
-3.657410321989821352e-04 6.818398106721436369e-02 8.702193699625256074e-02
-3.574287360126415878e-04 6.826919181094882882e-02 8.641702942053643144e-02
-3.491164398263011488e-04 6.834839951465082608e-02 8.582475724002690265e-02
-3.408041436399606014e-04 6.842110904476525479e-02 8.525162070571080941e-02
-3.324918474536200539e-04 6.848682826013482994e-02 8.469138752093537115e-02
-3.241795512672796149e-04 6.854506980261215743e-02 8.414501728958918847e-02
-3.158672550809390675e-04 6.859535377398422173e-02 8.361664739537984226e-02
-3.075549588945986285e-04 6.863721155439207744e-02 8.310401246770882100e-02
-2.992426627082580811e-04 6.867019102432717070e-02 8.261074700364209877e-02
-2.909303665219175336e-04 6.869386343656584681e-02 8.213272555690209753e-02
-2.826180703355770946e-04 6.870783213587927651e-02 8.167489894697135822e-02
-2.743057741492365472e-04 6.871174323255246907e-02 8.123704253060122504e-02
-2.659934779628961082e-04 6.870529819226174617e-02 8.081717360953065421e-02
-2.576811817765555608e-04 6.868826810685775552e-02 8.041828658025113041e-02
-2.493688855902150133e-04 6.866050916506835633e-02 8.003901699219255483e-02
-2.410565894038745743e-04 6.862197856981422373e-02 7.968088215549060105e-02
-2.327442932175340269e-04 6.857274988608520749e-02 7.934370298106496744e-02
-2.244319970311935879e-04 6.851302659982205778e-02 7.902715115469625962e-02
-2.161197008448530405e-04 6.844315257893839044e-02 7.873152382451341358e-02
-2.078074046585124931e-04 6.836361819928037098e-02 7.845648013472598936e-02
-1.994951084721720540e-04 6.827506115368905948e-02 7.820158180789679725e-02
-1.911828122858315066e-04 6.817826138729018992e-02 7.796639410163044848e-02
-1.828705160994909592e-04 6.807413014208958668e-02 7.775024321554527273e-02
-1.745582199131504118e-04 6.796369366293431025e-02 7.755236656175849841e-02
-1.662459237268100812e-04 6.784807261800333833e-02 7.737190718918236787e-02
-1.579336275404695338e-04 6.772845863748204465e-02 7.720793336639689142e-02
-1.496213313541289863e-04 6.760608952609242772e-02 7.705946356030432542e-02
-1.413090351677884389e-04 6.748222465479970789e-02 7.692549014522048756e-02
-1.329967389814478915e-04 6.735812181994124681e-02 7.680500162086253968e-02
-1.246844427951075609e-04 6.723501653390920318e-02 7.669700198499601607e-02
-1.163721466087670135e-04 6.711410434887671306e-02 7.660052738577151354e-02
-1.080598504224264660e-04 6.699652646794888866e-02 7.651465936960903658e-02
-9.974755423608591860e-05 6.688335860740197980e-02 7.643853491445173898e-02
-9.143525804974537118e-05 6.677560286722421246e-02 7.637135346846898876e-02
-8.312296186340504059e-05 6.667418222883660095e-02 7.631238143087953896e-02
-7.481066567706449316e-05 6.657993722002621129e-02 7.626095451124564883e-02
-6.649836949072394574e-05 6.649362430490804443e-02 7.621647844363328705e-02
-5.818607330438339831e-05 6.641591556688022924e-02 7.617842849331846189e-02
-4.987377711804285088e-05 6.634739927625839251e-02 7.614634814776023719e-02
-4.156148093170252029e-05 6.628858102782601847e-02 7.611984732408391685e-02
-3.324918474536197287e-05 6.623988518890024102e-02 7.609860036510575354e-02
-2.493688855902142544e-05 6.620165638205856296e-02 7.608234403972076454e-02
-1.662459237268087801e-05 6.617416096159625671e-02 7.607087571351572874e-02
-8.312296186340330587e-06 6.615758827160324318e-02 7.606405181298017681e-02
0.000000000000000000e+00 6.615205147847542932e-02 7.606178667115379155e-02
8.312296186340547427e-06 6.615758827160324318e-02 7.606405181298017681e-02
1.662459237268109485e-05 6.617416096159625671e-02 7.607087571351572874e-02
2.493688855902164228e-05 6.620165638205856296e-02 7.608234403972076454e-02
3.324918474536218971e-05 6.623988518890024102e-02 7.609860036510575354e-02
4.156148093170252029e-05 6.628858102782601847e-02 7.611984732408391685e-02
4.987377711804306772e-05 6.634739927625839251e-02 7.614634814776023719e-02
5.818607330438361515e-05 6.641591556688022924e-02 7.617842849331846189e-02
6.649836949072416258e-05 6.649362430490804443e-02 7.621647844363328705e-02
7.481066567706471000e-05 6.657993722002621129e-02 7.626095451124564883e-02
8.312296186340525743e-05 6.667418222883660095e-02 7.631238143087953896e-02
9.143525804974558802e-05 6.677560286722421246e-02 7.637135346846898876e-02
9.974755423608613544e-05 6.688335860740199368e-02 7.643853491445175286e-02
1.080598504224266829e-04 6.699652646794888866e-02 7.651465936960903658e-02
1.163721466087672303e-04 6.711410434887672694e-02 7.660052738577152742e-02
1.246844427951077777e-04 6.723501653390921706e-02 7.669700198499601607e-02
1.329967389814481083e-04 6.735812181994124681e-02 7.680500162086253968e-02
1.413090351677886557e-04 6.748222465479970789e-02 7.692549014522048756e-02
1.496213313541292032e-04 6.760608952609242772e-02 7.705946356030435318e-02
1.579336275404697506e-04 6.772845863748205852e-02 7.720793336639690529e-02
1.662459237268102980e-04 6.784807261800333833e-02 7.737190718918236787e-02
1.745582199131506286e-04 6.796369366293431025e-02 7.755236656175849841e-02
1.828705160994911760e-04 6.807413014208958668e-02 7.775024321554527273e-02
1.911828122858317235e-04 6.817826138729020380e-02 7.796639410163046235e-02
1.994951084721722709e-04 6.827506115368907336e-02 7.820158180789681113e-02
2.078074046585128183e-04 6.836361819928035710e-02 7.845648013472601712e-02
2.161197008448531489e-04 6.844315257893839044e-02 7.873152382451341358e-02
2.244319970311936963e-04 6.851302659982205778e-02 7.902715115469625962e-02
2.327442932175342438e-04 6.857274988608520749e-02 7.934370298106496744e-02
2.410565894038747912e-04 6.862197856981422373e-02 7.968088215549060105e-02
2.493688855902153386e-04 6.866050916506835633e-02 8.003901699219256871e-02
2.576811817765556692e-04 6.868826810685775552e-02 8.041828658025113041e-02
2.659934779628962166e-04 6.870529819226174617e-02 8.081717360953066809e-02
2.743057741492367640e-04 6.871174323255246907e-02 8.123704253060122504e-02
2.826180703355773115e-04 6.870783213587927651e-02 8.167489894697135822e-02
2.909303665219178589e-04 6.869386343656584681e-02 8.213272555690209753e-02
2.992426627082581895e-04 6.867019102432717070e-02 8.261074700364211265e-02
3.075549588945987369e-04 6.863721155439207744e-02 8.310401246770882100e-02
3.158672550809392843e-04 6.859535377398422173e-02 8.361664739537984226e-02
3.241795512672798318e-04 6.854506980261215743e-02 8.414501728958918847e-02
3.324918474536203792e-04 6.848682826013484382e-02 8.469138752093538502e-02
3.408041436399607098e-04 6.842110904476524091e-02 8.525162070571082329e-02
3.491164398263012572e-04 6.834839951465082608e-02 8.582475724002690265e-02
3.574287360126418046e-04 6.826919181094882882e-02 8.641702942053645919e-02
3.657410321989823521e-04 6.818398106721433594e-02 8.702193699625257461e-02
3.740533283853228995e-04 6.809326427081577315e-02 8.763781595838796012e-02
3.823656245716632301e-04 6.799753957038921770e-02 8.826803020138627998e-02
3.906779207580037775e-04 6.789730585440865995e-02 8.891236715044019412e-02
3.989902169443443249e-04 6.779306245681394893e-02 8.956848295936216398e-02
4.073025131306848724e-04 6.768530887459567325e-02 9.023521836482593927e-02
4.156148093170254198e-04 6.757454440846388799e-02 9.091397067962030121e-02
4.239271055033657504e-04 6.746126766097614025e-02 9.160010186925572617e-02
4.322394016897062978e-04 6.734597584684652583e-02 9.230157103082403669e-02
4.405516978760468452e-04 6.722916388784430652e-02 9.300980084430135464e-02
4.488639940623873927e-04 6.711132328000680991e-02 9.373217503966525810e-02
4.571762902487279401e-04 6.699294073411815598e-02 9.446061613565850945e-02
4.654885864350684875e-04 6.687449660176643385e-02 9.519882359644210590e-02
4.738008826214088181e-04 6.675646310895651248e-02 9.594626975345108000e-02
4.821131788077493655e-04 6.663930242733118181e-02 9.670269225200106566e-02
4.904254749940899129e-04 6.652346461958942581e-02 9.746540833697521500e-02
4.987377711804304604e-04 6.640938550072229829e-02 9.823848911669280648e-02
5.070500673667710078e-04 6.629748446019861907e-02 9.901963034914613992e-02
5.153623635531113384e-04 6.618816229224160075e-02 9.980664698832904247e-02
5.236746597394518858e-04 6.608179908184343143e-02 1.006030566626863743e-01
5.319869559257924332e-04 6.597875219321069906e-02 1.014050701560387235e-01
5.402992521121329807e-04 6.587935440498483841e-02 1.022138411754143772e-01
5.486115482984735281e-04 6.578391223295108892e-02 1.030316528710299023e-01
5.569238444848138587e-04 6.569270447617693576e-02 1.038543151334028886e-01
5.652361406711544061e-04 6.560598101679386562e-02 1.046835703366881254e-01
5.735484368574949535e-04 6.552396189717155095e-02 1.055191030191590107e-01
5.818607330438355010e-04 6.544683669126125092e-02 1.063607299197624478e-01
5.901730292301760484e-04 6.537476417966428532e-02 1.072083003149021663e-01
5.984853254165163790e-04 6.530787233075124876e-02 1.080616535334855410e-01
6.067976216028569264e-04 6.524625858317355254e-02 1.089206065230219761e-01
6.151099177891974738e-04 6.518999041857381771e-02 1.097849853281410021e-01
6.234222139755380213e-04 6.513910620742156821e-02 1.106546432717749051e-01
6.317345101618785687e-04 6.509361630581395053e-02 1.115294668294544711e-01
6.400468063482188993e-04 6.505350437691223564e-02 1.124095646599584802e-01
6.483591025345594467e-04 6.501872890749066380e-02 1.132934313576368923e-01
6.566713987208999941e-04 6.498922488788770602e-02 1.141829897519631293e-01
6.649836949072405416e-04 6.496490562244842948e-02 1.150770843593634379e-01
6.732959910935810890e-04 6.494566463728600192e-02 1.159751115278071509e-01
6.816082872799214196e-04 6.493137765278311768e-02 1.168783174248471807e-01
6.899205834662619670e-04 6.492190458959995469e-02 1.177856028097418184e-01
6.982328796526025144e-04 6.491709157893382764e-02 1.186965764828767506e-01
7.065451758389430618e-04 6.491677295025763406e-02 1.196122816248566118e-01
7.148574720252836093e-04 6.492077317261950309e-02 1.205319129488943014e-01
7.231697682116239399e-04 6.492890872868808949e-02 1.214548885840073533e-01
7.314820643979644873e-04 6.494098990395834325e-02 1.223820594431034026e-01
7.397943605843050347e-04 6.495682247678298549e-02 1.233126354532525781e-01
7.481066567706455821e-04 6.497620929807657042e-02 1.242470803066443030e-01
7.564189529569861296e-04 6.499895175257006108e-02 1.251848006441624028e-01
7.647312491433264602e-04 6.502485109632102911e-02 1.261261885825692985e-01
7.730435453296670076e-04 6.505370966775561592e-02 1.270706965163767299e-01
7.813558415160075550e-04 6.508533197181048946e-02 1.280187572767481075e-01
7.896681377023481024e-04 6.511952563873740774e-02 1.289696731078046055e-01
7.979804338886886499e-04 6.515610226082005352e-02 1.299236522640420943e-01
8.062927300750291973e-04 6.519487811165255997e-02 1.308811278757320562e-01
8.146050262613697447e-04 6.523567475373145963e-02 1.318412865679420565e-01
8.229173224477102921e-04 6.527831954096259548e-02 1.328045271983555042e-01
8.312296186340504059e-04 6.532264602328252678e-02 1.337704125165493918e-01
8.395419148203909533e-04 6.536849426097919580e-02 1.347390859837750421e-01
8.478542110067315007e-04 6.541571105649592044e-02 1.357106536992379042e-01
8.561665071930720482e-04 6.546415011152587060e-02 1.366847269620956040e-01
8.644788033794125956e-04 6.551367211711206506e-02 1.376613640843578068e-01
8.727910995657531430e-04 6.556414478424325842e-02 1.386407257701306184e-01
8.811033957520936905e-04 6.561544282214133716e-02 1.396224260998162880e-01
8.894156919384342379e-04 6.566744787105897874e-02 1.406065478125044232e-01
8.977279881247747853e-04 6.572004839599043802e-02 1.415931763490838879e-01
9.060402843111153327e-04 6.577313954725426404e-02 1.425820007247804722e-01
9.143525804974554465e-04 6.582662299343446100e-02 1.435731196687548283e-01
9.226648766837959939e-04 6.588040673168497896e-02 1.445665873616920616e-01
9.309771728701365413e-04 6.593440487995355648e-02 1.455620659048433019e-01
9.392894690564770888e-04 6.598853745519400738e-02 1.465597280037626848e-01
9.476017652428176362e-04 6.604273014122298557e-02 1.475594768092437781e-01
9.559140614291581836e-04 6.609691404943345006e-02 1.485614195176380437e-01
9.642263576154987310e-04 6.615102547518823817e-02 1.495651413762482673e-01
9.725386538018392785e-04 6.620500565236700496e-02 1.505709065633830945e-01
9.808509499881798259e-04 6.625880050816490563e-02 1.515785922913608086e-01
9.891632461745203733e-04 6.631236041996316222e-02 1.525879336820415155e-01
9.974755423608609207e-04 6.636563997577846208e-02 1.535996300330184083e-01
1.005787838547201034e-03 6.641859773957695112e-02 1.546128487390141526e-01
1.014100134733541582e-03 6.647119602246502612e-02 1.556278425597860393e-01
1.022412430919882129e-03 6.652340066060555279e-02 1.566445625909797523e-01
1.030724727106222677e-03 6.657518080049776299e-02 1.576630784953459985e-01
1.039037023292563224e-03 6.662650869211385329e-02 1.586831372775255877e-01
1.047349319478903772e-03 6.667735949025015152e-02 1.597048676235435227e-01
1.055661615665244319e-03 6.672771106430816501e-02 1.607282023340359245e-01
1.063973911851584866e-03 6.677754381664494088e-02 1.617531032036009786e-01
1.072286208037925414e-03 6.682684050952811261e-02 1.627797268664967767e-01
1.080598504224265961e-03 6.687558610065037767e-02 1.638075465379748297e-01
1.088910800410606075e-03 6.692376758712074991e-02 1.648369835256395799e-01
1.097223096596946623e-03 6.697137385776597007e-02 1.658678783337470264e-01
1.105535392783287170e-03 6.701839555355748601e-02 1.669001992208190011e-01
1.113847688969627717e-03 6.706482493594084771e-02 1.679339129232296224e-01
1.122159985155968265e-03 6.711065576280300649e-02 1.689690880839994913e-01
1.130472281342308812e-03 6.715588317182705214e-02 1.700054836825337090e-01
1.138784577528649360e-03 6.720050357092352544e-02 1.710432459573207054e-01
1.147096873714989907e-03 6.724451453545883528e-02 1.720823093551305527e-01
1.155409169901330454e-03 6.728791471197977103e-02 1.731226474160529050e-01
1.163721466087671002e-03 6.733070372812821613e-02 1.741642349116076238e-01
1.172033762274011116e-03 6.737288210843435377e-02 1.752070342806410497e-01
