1.727207137566086348e-01 -1.264306694455758162e+02
1.716703489729766718e-01 -1.262930641973055117e+02
1.706211386003317065e-01 -1.261526458443751011e+02
1.695731045388684244e-01 -1.260121997732325383e+02
1.685262692274802632e-01 -1.258653321784771180e+02
1.674806556598936180e-01 -1.257144294724941744e+02
1.664362874013695093e-01 -1.255646034061706473e+02
1.653931886059958334e-01 -1.254104235819654463e+02
1.643513840345945387e-01 -1.252528136009326829e+02
1.633108990732691224e-01 -1.250943808449864889e+02
1.622717597526185385e-01 -1.249305829404737835e+02
1.612339927676460227e-01 -1.247618957458993947e+02
1.601976254983910608e-01 -1.245924275657567080e+02
1.591626860313160585e-01 -1.244186880462979303e+02
1.581292031814798826e-01 -1.242442620054439004e+02
1.570972065155308850e-01 -1.240625412907191958e+02
1.560667263755566025e-01 -1.238755304210990289e+02
1.550377939038258268e-01 -1.236886633182524662e+02
1.540104410684640102e-01 -1.234957548699283052e+02
1.529847006901018103e-01 -1.233021953505610639e+02
1.519606064695417091e-01 -1.231026174389079415e+02
1.509381930164875874e-01 -1.228957495551370158e+02
1.499174958793866308e-01 -1.226868130054022430e+02
1.488985515764345569e-01 -1.224761710314322158e+02
1.478813976277975062e-01 -1.222583769209524434e+02
1.468660725891093310e-01 -1.220333392514648665e+02
1.458526160863034271e-01 -1.218051314259366364e+02
1.448410688518441958e-01 -1.215762707440578794e+02
1.438314727624256106e-01 -1.213400824833193354e+02
1.428238708782098021e-01 -1.210937731182756067e+02
1.418183074836814328e-01 -1.208495562060301012e+02
1.408148281302007698e-01 -1.205947739895867272e+02
1.398134796803409130e-01 -1.203316323344441940e+02
1.388143103541031043e-01 -1.200736680680279136e+02
1.378173697771081507e-01 -1.197990017793146507e+02
1.368227090308704597e-01 -1.195152860994764268e+02
1.358303807052668177e-01 -1.192393284960177056e+02
1.348404389533219006e-01 -1.189471464735693189e+02
1.338529395484402695e-01 -1.186441973605468263e+02
1.328679399442245501e-01 -1.183456649591544334e+02
1.318854993370304762e-01 -1.180343909110903979e+02
1.309056787314205605e-01 -1.177192377537889598e+02
1.299285410086918058e-01 -1.173879057060372730e+02
1.289541509986666390e-01 -1.170409295782625350e+02
1.279825755549522659e-01 -1.167103630022519383e+02
1.270138836338909616e-01 -1.163609895190029420e+02
1.260481463774431321e-01 -1.159990276871121893e+02
1.250854372002673243e-01 -1.156296235259273573e+02
1.241258318812836214e-01 -1.152515409509571214e+02
1.231694086600360616e-01 -1.148610256029774348e+02
1.222162483381971365e-01 -1.144656155351345319e+02
1.212664343865927780e-01 -1.140776735229054140e+02
1.203200530581629568e-01 -1.136385471055148173e+02
1.193771935073147938e-01 -1.131995751278619906e+02
1.184379479161731946e-01 -1.127630882299012001e+02
1.175024116282866599e-01 -1.123145453742159390e+02
1.165706832904061241e-01 -1.118639477493220653e+02
1.156428650030224548e-01 -1.113600034171511481e+02
1.147190624804243081e-01 -1.108803233925433034e+02
1.137993852211248991e-01 -1.103997806032965485e+02
1.128839466896043309e-01 -1.098715731792606931e+02
1.119728645104233339e-01 -1.093420166075565305e+02
1.110662606758922727e-01 -1.088058404179812442e+02
1.101642617686189873e-01 -1.081957532934475097e+02
1.092669992004219603e-01 -1.076089478212571890e+02
1.083746094692776551e-01 -1.070555391699520129e+02
1.074872344361775256e-01 -1.064317358963082398e+02
1.066050216240057164e-01 -1.058506408177540266e+02
1.057281245408127623e-01 -1.051935979659432405e+02
1.048567030301613134e-01 -1.044675144578747563e+02
1.039909236515564328e-01 -1.037836195342152621e+02
1.031309600943531857e-01 -1.030574822453184680e+02
1.022769936289579656e-01 -1.023644100346340906e+02
1.014292135996126831e-01 -1.016086894788745525e+02
1.005878179635726344e-01 -1.008170629097807307e+02
9.975301388206102293e-02 -9.999040622994414207e+01
9.892501836900181866e-02 -9.915796473259750599e+01
9.810405900419147396e-02 -9.834699160726151490e+01
9.729037471825495442e-02 -9.743738434532342296e+01
9.648421665741954700e-02 -9.650336378262157666e+01
9.568584913679635540e-02 -9.553000542677652618e+01
9.489555069142453780e-02 -9.451655543613891552e+01
9.411361523473139867e-02 -9.354846098461280235e+01
9.334035333416741687e-02 -9.245627670144895660e+01
9.257609361342380994e-02 -9.132986445786700358e+01
9.182118428959248901e-02 -9.024089007595129885e+01
9.107599485155412622e-02 -8.900297140917632532e+01
9.034091788233390707e-02 -8.769908209439734037e+01
8.961637102253885989e-02 -8.637755363420059496e+01
8.890279906349289607e-02 -8.504052482993451179e+01
8.820067614628059049e-02 -8.364103901127715801e+01
8.751050802529618255e-02 -8.219295902973985335e+01
8.683283433048669120e-02 -8.062996155545727106e+01
8.616823072943040340e-02 -7.898374389297380560e+01
8.551731084673308558e-02 -7.725132413496395145e+01
8.488072774210235483e-02 -7.546414581026064639e+01
8.425917467866322896e-02 -7.358908876132873900e+01
8.365338482987302871e-02 -7.163211745511628692e+01
8.306412947982767803e-02 -6.953452207836465959e+01
8.249221417546721835e-02 -6.732668543701281294e+01
8.193847220463121306e-02 -6.501652401919425017e+01
8.140375472453953432e-02 -6.256937542125616858e+01
8.088891688475166597e-02 -6.008819791843127689e+01
8.039479941943433738e-02 -5.742663058095655515e+01
7.992220547071038350e-02 -5.466062815175796175e+01
7.947187288185247889e-02 -5.182923405711170517e+01
7.904444286825075550e-02 -4.890264494910779547e+01
7.864042678158050803e-02 -4.591195745768582270e+01
7.826017350108674386e-02 -4.288383077417807954e+01
7.790384061897043244e-02 -3.985000121520729977e+01
7.757137280887468900e-02 -3.683576880115084151e+01
7.726249039783310291e-02 -3.387453639125528326e+01
7.697669015629420020e-02 -3.099730176554158589e+01
7.671325882015588016e-02 -2.823222169463474529e+01
7.647129817715778155e-02 -2.560327381480270503e+01
7.624975907691372567e-02 -2.312908240986109831e+01
7.604748078747251838e-02 -2.082235410836734957e+01
7.586323187802213042e-02 -1.868991627123253352e+01
7.569574920897266523e-02 -1.673321158931703323e+01
7.554377245419563458e-02 -1.494911264047781962e+01
7.540607260323420324e-02 -1.333089419147501964e+01
7.528147386225647608e-02 -1.186922523910024019e+01
7.516886914273246401e-02 -1.055308136775232164e+01
7.506722983888811096e-02 -9.370519469478653107e+00
7.497561086178915202e-02 -8.309292054878850919e+00
7.489315197131916901e-02 -7.357303550551255178e+00
7.481907639088847262e-02 -6.502926021721929573e+00
7.475268756106294432e-02 -5.735198609637747857e+00
7.469336473121114539e-02 -5.043936185119917148e+00
7.464055793148317852e-02 -4.419770619067469930e+00
7.459378272705416424e-02 -3.854144412482459092e+00
7.455261503956535363e-02 -3.339272362026577401e+00
7.451668622826276844e-02 -2.868083114832044700e+00
7.448567855347251743e-02 -2.434149192068113088e+00
7.445932109435123014e-02 -2.031611421852466126e+00
7.443738615756878563e-02 -1.655101687118292642e+00
7.441968619022711062e-02 -1.299666377970202680e+00
7.440607119590800234e-02 -9.606918405221854806e-01
7.439642664486191548e-02 -6.338323397503358159e-01
7.439067186612033367e-02 -3.149405211582589348e-01
7.438875890931140322e-02 0.000000000000000000e+00
7.439067186612033367e-02 3.149405211590937115e-01
7.439642664486192936e-02 6.338323397503358159e-01
7.440607119590800234e-02 9.606918405213507040e-01
7.441968619022711062e-02 1.299666377970202680e+00
7.443738615756878563e-02 1.655101687118292642e+00
7.445932109435123014e-02 2.031611421852466126e+00
7.448567855347251743e-02 2.434149192068113088e+00
7.451668622826276844e-02 2.868083114832044700e+00
7.455261503956535363e-02 3.339272362026577401e+00
7.459378272705416424e-02 3.854144412482459092e+00
7.464055793148317852e-02 4.419770619067469930e+00
7.469336473121114539e-02 5.043936185119917148e+00
7.475268756106294432e-02 5.735198609637747857e+00
7.481907639088847262e-02 6.502926021721929573e+00
7.489315197131916901e-02 7.357303550551255178e+00
7.497561086178915202e-02 8.309292054879685807e+00
7.506722983888812484e-02 9.370519469478653107e+00
7.516886914273246401e-02 1.055308136775148675e+01
7.528147386225647608e-02 1.186922523910024019e+01
7.540607260323420324e-02 1.333089419147585453e+01
7.554377245419564846e-02 1.494911264047781962e+01
7.569574920897266523e-02 1.673321158931703323e+01
7.586323187802214429e-02 1.868991627123253352e+01
7.604748078747251838e-02 2.082235410836651468e+01
7.624975907691373955e-02 2.312908240986109831e+01
7.647129817715778155e-02 2.560327381480270503e+01
7.671325882015588016e-02 2.823222169463557663e+01
7.697669015629421407e-02 3.099730176554158589e+01
7.726249039783310291e-02 3.387453639125528326e+01
7.757137280887470288e-02 3.683576880115084151e+01
7.790384061897043244e-02 3.985000121520646132e+01
7.826017350108674386e-02 4.288383077417891087e+01
7.864042678158052191e-02 4.591195745768582270e+01
7.904444286825075550e-02 4.890264494910779547e+01
7.947187288185249276e-02 5.182923405711253650e+01
7.992220547071039738e-02 5.466062815175879308e+01
8.039479941943436514e-02 5.742663058095738648e+01
8.088891688475169373e-02 6.008819791842960711e+01
8.140375472453953432e-02 6.256937542125449880e+01
8.193847220463121306e-02 6.501652401919508861e+01
8.249221417546723223e-02 6.732668543701363717e+01
8.306412947982769190e-02 6.953452207836465959e+01
8.365338482987304258e-02 7.163211745511628692e+01
8.425917467866324284e-02 7.358908876132873900e+01
8.488072774210236870e-02 7.546414581025980794e+01
8.551731084673308558e-02 7.725132413496477568e+01
8.616823072943043116e-02 7.898374389297462983e+01
8.683283433048670508e-02 8.062996155545643262e+01
8.751050802529619643e-02 8.219295902974067758e+01
8.820067614628061825e-02 8.364103901127798224e+01
8.890279906349292383e-02 8.504052482993284912e+01
8.961637102253885989e-02 8.637755363419975652e+01
9.034091788233392095e-02 8.769908209439817881e+01
9.107599485155414010e-02 8.900297140917548688e+01
9.182118428959248901e-02 9.024089007595296152e+01
9.257609361342385157e-02 9.132986445786868046e+01
9.334035333416744462e-02 9.245627670144811816e+01
9.411361523473142643e-02 9.354846098461196391e+01
9.489555069142455168e-02 9.451655543613807708e+01
9.568584913679636927e-02 9.553000542677902729e+01
9.648421665741960251e-02 9.650336378262157666e+01
9.729037471825496830e-02 9.743738434532174608e+01
9.810405900419150171e-02 9.834699160726151490e+01
9.892501836900183254e-02 9.915796473259582910e+01
9.975301388206102293e-02 9.999040622994498051e+01
1.005878179635726621e-01 1.008170629097815691e+02
1.014292135996126970e-01 1.016086894788737283e+02
1.022769936289579795e-01 1.023644100346340906e+02
1.031309600943531996e-01 1.030574822453201307e+02
1.039909236515564744e-01 1.037836195342169248e+02
1.048567030301613551e-01 1.044675144578730936e+02
1.057281245408127762e-01 1.051935979659407394e+02
1.066050216240057164e-01 1.058506408177540266e+02
1.074872344361775395e-01 1.064317358963090783e+02
1.083746094692776690e-01 1.070555391699520129e+02
1.092669992004219881e-01 1.076089478212563506e+02
1.101642617686189873e-01 1.081957532934483481e+02
1.110662606758923004e-01 1.088058404179820826e+02
1.119728645104233478e-01 1.093420166075557063e+02
1.128839466896043447e-01 1.098715731792631942e+02
1.137993852211249546e-01 1.103997806032965485e+02
1.147190624804243220e-01 1.108803233925416407e+02
1.156428650030224825e-01 1.113600034171519866e+02
1.165706832904061518e-01 1.118639477493212411e+02
1.175024116282866737e-01 1.123145453742159390e+02
1.184379479161732224e-01 1.127630882299003758e+02
1.193771935073147938e-01 1.131995751278611522e+02
1.203200530581629707e-01 1.136385471055148173e+02
1.212664343865927780e-01 1.140776735229045755e+02
1.222162483381971365e-01 1.144656155351361946e+02
1.231694086600360893e-01 1.148610256029791117e+02
1.241258318812836492e-01 1.152515409509554445e+02
1.250854372002673243e-01 1.156296235259290199e+02
1.260481463774431876e-01 1.159990276871121893e+02
1.270138836338909616e-01 1.163609895190012651e+02
1.279825755549522937e-01 1.167103630022552636e+02
1.289541509986666945e-01 1.170409295782608723e+02
1.299285410086918058e-01 1.173879057060372730e+02
1.309056787314206161e-01 1.177192377537889598e+02
1.318854993370304762e-01 1.180343909110870584e+02
1.328679399442245501e-01 1.183456649591544334e+02
1.338529395484402695e-01 1.186441973605468263e+02
1.348404389533219006e-01 1.189471464735726585e+02
1.358303807052668732e-01 1.192393284960193682e+02
1.368227090308704874e-01 1.195152860994731014e+02
1.378173697771081507e-01 1.197990017793129880e+02
1.388143103541031043e-01 1.200736680680295905e+02
1.398134796803409408e-01 1.203316323344475336e+02
1.408148281302008253e-01 1.205947739895850646e+02
1.418183074836814328e-01 1.208495562060267616e+02
1.428238708782098021e-01 1.210937731182772694e+02
1.438314727624256384e-01 1.213400824833193354e+02
1.448410688518441958e-01 1.215762707440595420e+02
1.458526160863034826e-01 1.218051314259383133e+02
1.468660725891093588e-01 1.220333392514632038e+02
1.478813976277975339e-01 1.222583769209507807e+02
1.488985515764345569e-01 1.224761710314338785e+02
1.499174958793866863e-01 1.226868130054022430e+02
1.509381930164875874e-01 1.228957495551370158e+02
1.519606064695417647e-01 1.231026174389079415e+02
1.529847006901018103e-01 1.233021953505577244e+02
1.540104410684640102e-01 1.234957548699283052e+02
1.550377939038258268e-01 1.236886633182524662e+02
1.560667263755566025e-01 1.238755304210990289e+02
1.570972065155308850e-01 1.240625412907191958e+02
1.581292031814798826e-01 1.242442620054455631e+02
1.591626860313160863e-01 1.244186880462979303e+02
1.601976254983910608e-01 1.245924275657583706e+02
1.612339927676460782e-01 1.247618957459060738e+02
1.622717597526186495e-01 1.249305829404704440e+02
1.633108990732691224e-01 1.250943808449798098e+02
1.643513840345945387e-01 1.252528136009326829e+02
1.653931886059958334e-01 1.254104235819687858e+02
1.664362874013695648e-01 1.255646034061739869e+02
1.674806556598936735e-01 1.257144294724924976e+02
1.685262692274802909e-01 1.258653321784754411e+02
1.695731045388684521e-01 1.260121997732325383e+02
1.706211386003317343e-01 1.261526458443767780e+02
1.716703489729767274e-01 1.262930641973071744e+02
1.727207137566086903e-01 1.264306694455724767e+02
