1.756726072673455707e-01 -1.243048944129597970e+02
1.746400209722022145e-01 -1.241534340216898471e+02
1.736087820572989882e-01 -1.239785124234413445e+02
1.725789150940761074e-01 -1.238122251277542318e+02
1.715504452262995583e-01 -1.236425471714320992e+02
1.705233981859408943e-01 -1.234692195305579929e+02
1.694978003095568286e-01 -1.232979673210018490e+02
1.684736785551858851e-01 -1.231167479756429941e+02
1.674510605197799262e-01 -1.229292716724706338e+02
1.664299744571889894e-01 -1.227456734021689471e+02
1.654104492967180817e-01 -1.225561749084486678e+02
1.643925146622765565e-01 -1.223622881035650778e+02
1.633762008921396114e-01 -1.221700706279048774e+02
1.623615390593436403e-01 -1.219680451791609386e+02
1.613485609927374775e-01 -1.217587129440049694e+02
1.603372992987120993e-01 -1.215521597679507266e+02
1.593277873836323744e-01 -1.213393257702973784e+02
1.583200594769953451e-01 -1.211384374927642114e+02
1.573141506553406288e-01 -1.209045662895891269e+02
1.563100968669386970e-01 -1.206629778508135900e+02
1.553079349572847878e-01 -1.204461401942486987e+02
1.543077026954259301e-01 -1.202111443014764234e+02
1.533094388011511100e-01 -1.199778516174342116e+02
1.523131829730741682e-01 -1.197318773136805135e+02
1.513189759176408744e-01 -1.194767450665866164e+02
1.503268593790932917e-01 -1.192248193341003031e+02
1.493368761704237657e-01 -1.189846091615805506e+02
1.483490702053551769e-01 -1.187046586992388342e+02
1.473634865313815656e-01 -1.184150848088647905e+02
1.463801713639087121e-01 -1.181542664172423258e+02
1.453991721215316946e-01 -1.178844313604816136e+02
1.444205374624903115e-01 -1.175897412125445811e+02
1.434443173223447221e-01 -1.172842114288581854e+02
1.424705629529131323e-01 -1.169896734715991329e+02
1.414993269625176020e-01 -1.166906482822855793e+02
1.405306633575833797e-01 -1.163787010203575534e+02
1.395646275856408103e-01 -1.160509107757892195e+02
1.386012765797786650e-01 -1.157335073110474042e+02
1.376406688046017679e-01 -1.153976472850004029e+02
1.366828643037457103e-01 -1.150472030894191988e+02
1.357279247490044138e-01 -1.147103346361339504e+02
1.347759134911289403e-01 -1.143517461055947138e+02
1.338268956123562781e-01 -1.139760879750068625e+02
1.328809379807314173e-01 -1.136155734094446501e+02
1.319381093062861610e-01 -1.132352395896631236e+02
1.309984801991422310e-01 -1.128292864728481533e+02
1.300621232296080010e-01 -1.124461051710085684e+02
1.291291129903403556e-01 -1.120427588232996925e+02
1.281995261606471703e-01 -1.116225003778643696e+02
1.272734415730079893e-01 -1.111964085837920919e+02
1.263509402818928651e-01 -1.107610326941369294e+02
1.254321056349638475e-01 -1.103122169847851524e+02
1.245170233467451648e-01 -1.098577032689227053e+02
1.236057815748531213e-01 -1.093868569470776322e+02
1.226984709988778871e-01 -1.089076288656241758e+02
1.217951849020151023e-01 -1.084167983073063795e+02
1.208960192555470492e-01 -1.079129746913517209e+02
1.200010728062767540e-01 -1.073975972314044611e+02
1.191104471670227649e-01 -1.068724515261149577e+02
1.182242469102846305e-01 -1.063749799603514816e+02
1.173425796651924313e-01 -1.057795847976125714e+02
1.164655562178570636e-01 -1.051935251647384320e+02
1.155932906152400130e-01 -1.046021012843843891e+02
1.147259002726627453e-01 -1.040348377909014772e+02
1.138635060850784336e-01 -1.034785679439383870e+02
1.130062325422266090e-01 -1.028333767620219277e+02
1.121542078477916066e-01 -1.021329540135294422e+02
1.113075640426818558e-01 -1.014890078594838911e+02
1.104664371325408817e-01 -1.008761095238569112e+02
1.096309672195932561e-01 -1.001647337485845100e+02
1.088012986389149950e-01 -9.945474787408556949e+01
1.079775800992013729e-01 -9.872829447686635262e+01
1.071599648280806838e-01 -9.798180049101488009e+01
1.063486107219912824e-01 -9.721334672699479995e+01
1.055436805005981055e-01 -9.642328622194837351e+01
1.047453418656710544e-01 -9.561294282454615256e+01
1.039537676642797587e-01 -9.478119896902985886e+01
1.031691360560719195e-01 -9.391964347934769819e+01
1.023916306842926893e-01 -9.312185739072087642e+01
1.016214408500648037e-01 -9.222686706234020448e+01
1.008587616892766964e-01 -9.121237640672143243e+01
1.001037943512119027e-01 -9.037697953856535094e+01
9.935674617778843254e-02 -8.936676711022099084e+01
9.861783088195047453e-02 -8.836466797011480878e+01
9.788726872335504203e-02 -8.731640096002595897e+01
9.716528667900843630e-02 -8.623245614717367857e+01
9.645211860591512698e-02 -8.530886922171298181e+01
9.574800539208497274e-02 -8.409208597615419478e+01
9.505319509138565603e-02 -8.281633831797913103e+01
9.436794303669895911e-02 -8.172861382656995488e+01
9.369251192462221822e-02 -8.075158569655366136e+01
9.302717186352227330e-02 -7.945418732403717854e+01
9.237220037507959391e-02 -7.795593877798552285e+01
9.172788233753265130e-02 -7.680832016740943402e+01
9.109450985664011013e-02 -7.541399142616964468e+01
9.047238204792149019e-02 -7.400253740326859031e+01
8.986180471103694112e-02 -7.276339810968677568e+01
8.926308987427686303e-02 -7.120922349550312447e+01
8.867655518413937454e-02 -6.964633772066714812e+01
8.810252311202287911e-02 -6.801082328656255527e+01
8.754131994735986355e-02 -6.637633489398669440e+01
8.699327454435901164e-02 -6.489838653898472387e+01
8.645871678829229745e-02 -6.338445842957507637e+01
8.593797574745086487e-02 -6.162989264950039825e+01
8.543137747909196333e-02 -5.975099841895497121e+01
8.493924246258535704e-02 -5.781893870452717010e+01
8.446188264126278100e-02 -5.615962547589976595e+01
8.399959806687401498e-02 -5.427315556063996382e+01
8.355267315761703839e-02 -5.221493672904755101e+01
8.312137260271861006e-02 -5.042623101297170507e+01
8.270593697332247196e-02 -4.855256571575487357e+01
8.230657813017963620e-02 -4.647544261260041765e+01
8.192347455171708481e-02 -4.441885472474155705e+01
8.155676673898698548e-02 -4.240540860275982027e+01
8.120655288342597256e-02 -4.028395060159927255e+01
8.087288500533003355e-02 -3.827738398104566642e+01
8.055576578134721055e-02 -3.623974469872077719e+01
8.025514627443494642e-02 -3.416071605746750350e+01
7.997092475714846771e-02 -3.213741245908742883e+01
7.970294677823917817e-02 -3.017158015385858150e+01
7.945100656515940996e-02 -2.819230084268063408e+01
7.921484978547650713e-02 -2.627075935876850821e+01
7.899417761478499944e-02 -2.440111115196183178e+01
7.878865198508167023e-02 -2.256700984482657546e+01
7.859790182341465370e-02 -2.080456030794429978e+01
7.842153004241834979e-02 -1.910051765292729442e+01
7.825912101638594909e-02 -1.745797232063651450e+01
7.811024827030960127e-02 -1.587811234322469289e+01
7.797448212353058627e-02 -1.436263902309049278e+01
7.785139706066307452e-02 -1.291171435883919649e+01
7.774057864515986072e-02 -1.152142855180375314e+01
7.764162983960848363e-02 -1.018938547055996580e+01
7.755417664622372975e-02 -8.911110496529598635e+00
7.747787302662108300e-02 -7.683101520179436150e+00
7.741240509868178854e-02 -6.499623099954140670e+00
7.735749463835402129e-02 -5.355156746217166308e+00
7.731290193497393493e-02 -4.243802578663171232e+00
7.727842806045479018e-02 -3.159130081977066240e+00
7.725391661642361241e-02 -2.094775557176158820e+00
7.723925502036384227e-02 -1.043969044983394490e+00
7.723437538344556097e-02 0.000000000000000000e+00
7.723925502036384227e-02 1.043969044984229377e+00
7.725391661642362628e-02 2.094775557176158820e+00
7.727842806045479018e-02 3.159130081976231352e+00
7.731290193497393493e-02 4.243802578663171232e+00
7.735749463835402129e-02 5.355156746217166308e+00
7.741240509868178854e-02 6.499623099953305783e+00
7.747787302662106912e-02 7.683101520179436150e+00
7.755417664622372975e-02 8.911110496531266634e+00
7.764162983960849751e-02 1.018938547056080068e+01
7.774057864515987459e-02 1.152142855180291825e+01
7.785139706066307452e-02 1.291171435883836160e+01
7.797448212353058627e-02 1.436263902309132767e+01
7.811024827030961515e-02 1.587811234322552778e+01
7.825912101638596297e-02 1.745797232063567961e+01
7.842153004241834979e-02 1.910051765292645953e+01
7.859790182341465370e-02 2.080456030794429978e+01
7.878865198508167023e-02 2.256700984482657546e+01
7.899417761478499944e-02 2.440111115196183178e+01
7.921484978547650713e-02 2.627075935876934309e+01
7.945100656515942383e-02 2.819230084268063408e+01
7.970294677823917817e-02 3.017158015385774661e+01
7.997092475714846771e-02 3.213741245908742883e+01
8.025514627443494642e-02 3.416071605746750350e+01
8.055576578134721055e-02 3.623974469872077719e+01
8.087288500533003355e-02 3.827738398104566642e+01
8.120655288342597256e-02 4.028395060159927255e+01
8.155676673898698548e-02 4.240540860276065871e+01
8.192347455171709869e-02 4.441885472474239549e+01
8.230657813017965008e-02 4.647544261260124898e+01
8.270593697332249972e-02 4.855256571575403512e+01
8.312137260271861006e-02 5.042623101297003529e+01
8.355267315761703839e-02 5.221493672905005923e+01
8.399959806687404273e-02 5.427315556064080226e+01
8.446188264126279488e-02 5.615962547589809617e+01
8.493924246258537092e-02 5.781893870452717010e+01
8.543137747909197721e-02 5.975099841895580255e+01
8.593797574745089263e-02 6.162989264950123669e+01
8.645871678829232521e-02 6.338445842957340659e+01
8.699327454435901164e-02 6.489838653898304699e+01
8.754131994735986355e-02 6.637633489398669440e+01
8.810252311202287911e-02 6.801082328656339371e+01
8.867655518413938842e-02 6.964633772066881079e+01
8.926308987427689079e-02 7.120922349550394870e+01
8.986180471103696887e-02 7.276339810968677568e+01
9.047238204792151794e-02 7.400253740326692764e+01
9.109450985664011013e-02 7.541399142616796780e+01
9.172788233753265130e-02 7.680832016741111090e+01
9.237220037507962167e-02 7.795593877798552285e+01
9.302717186352227330e-02 7.945418732403634010e+01
9.369251192462223210e-02 8.075158569655366136e+01
9.436794303669895911e-02 8.172861382656911644e+01
9.505319509138565603e-02 8.281633831797996947e+01
9.574800539208498662e-02 8.409208597615587166e+01
9.645211860591515474e-02 8.530886922171382025e+01
9.716528667900846405e-02 8.623245614717284013e+01
9.788726872335505591e-02 8.731640096002595897e+01
9.861783088195050229e-02 8.836466797011480878e+01
9.935674617778844642e-02 8.936676711022015240e+01
1.001037943512119166e-01 9.037697953856618938e+01
1.008587616892767241e-01 9.121237640672309510e+01
1.016214408500648453e-01 9.222686706233852760e+01
1.023916306842926893e-01 9.312185739071837531e+01
1.031691360560719195e-01 9.391964347934853663e+01
1.039537676642797726e-01 9.478119896903237418e+01
1.047453418656710961e-01 9.561294282454699101e+01
1.055436805005981332e-01 9.642328622194754928e+01
1.063486107219913102e-01 9.721334672699313728e+01
1.071599648280806838e-01 9.798180049101488009e+01
1.079775800992014007e-01 9.872829447686719107e+01
1.088012986389150089e-01 9.945474787408473105e+01
1.096309672195932700e-01 1.001647337485845100e+02
1.104664371325408956e-01 1.008761095238577497e+02
1.113075640426818835e-01 1.014890078594847154e+02
1.121542078477916343e-01 1.021329540135294422e+02
1.130062325422266367e-01 1.028333767620227519e+02
1.138635060850784753e-01 1.034785679439367101e+02
1.147259002726627453e-01 1.040348377908989619e+02
1.155932906152400130e-01 1.046021012843868903e+02
1.164655562178571052e-01 1.051935251647401088e+02
1.173425796651924591e-01 1.057795847976117471e+02
1.182242469102846583e-01 1.063749799603514816e+02
1.191104471670227927e-01 1.068724515261132808e+02
1.200010728062767540e-01 1.073975972314044611e+02
1.208960192555470770e-01 1.079129746913542220e+02
1.217951849020151439e-01 1.084167983073055410e+02
1.226984709988779010e-01 1.089076288656233373e+02
1.236057815748531491e-01 1.093868569470784564e+02
1.245170233467451926e-01 1.098577032689227053e+02
1.254321056349638752e-01 1.103122169847868150e+02
1.263509402818929206e-01 1.107610326941385921e+02
1.272734415730080448e-01 1.111964085837887666e+02
1.281995261606471703e-01 1.116225003778610301e+02
1.291291129903403556e-01 1.120427588233013552e+02
1.300621232296080287e-01 1.124461051710119079e+02
1.309984801991422865e-01 1.128292864728464906e+02
1.319381093062861610e-01 1.132352395896614610e+02
1.328809379807314450e-01 1.136155734094479897e+02
1.338268956123563336e-01 1.139760879750085394e+02
1.347759134911289958e-01 1.143517461055913742e+02
1.357279247490044138e-01 1.147103346361306109e+02
1.366828643037457103e-01 1.150472030894208757e+02
1.376406688046017956e-01 1.153976472850004029e+02
1.386012765797786650e-01 1.157335073110457273e+02
1.395646275856408103e-01 1.160509107757925591e+02
1.405306633575834352e-01 1.163787010203575534e+02
1.414993269625176020e-01 1.166906482822839166e+02
1.424705629529131601e-01 1.169896734716024724e+02
1.434443173223447776e-01 1.172842114288598623e+02
1.444205374624903671e-01 1.175897412125412416e+02
1.453991721215316946e-01 1.178844313604782741e+02
1.463801713639087121e-01 1.181542664172423258e+02
1.473634865313815656e-01 1.184150848088647905e+02
1.483490702053551769e-01 1.187046586992421737e+02
1.493368761704238212e-01 1.189846091615822132e+02
1.503268593790933194e-01 1.192248193341003031e+02
1.513189759176409299e-01 1.194767450665849537e+02
1.523131829730741682e-01 1.197318773136805135e+02
1.533094388011511655e-01 1.199778516174375511e+02
1.543077026954259856e-01 1.202111443014764234e+02
1.553079349572848433e-01 1.204461401942453591e+02
1.563100968669386970e-01 1.206629778508102504e+02
1.573141506553406288e-01 1.209045662895891269e+02
1.583200594769953451e-01 1.211384374927658882e+02
1.593277873836324021e-01 1.213393257702973784e+02
1.603372992987120993e-01 1.215521597679490498e+02
1.613485609927374775e-01 1.217587129440049694e+02
1.623615390593436403e-01 1.219680451791642781e+02
1.633762008921396669e-01 1.221700706279065400e+02
1.643925146622765843e-01 1.223622881035650778e+02
1.654104492967181372e-01 1.225561749084470051e+02
1.664299744571889894e-01 1.227456734021656075e+02
1.674510605197799262e-01 1.229292716724706338e+02
1.684736785551858851e-01 1.231167479756463337e+02
1.694978003095568841e-01 1.232979673210035116e+02
1.705233981859409220e-01 1.234692195305563303e+02
1.715504452262995860e-01 1.236425471714304365e+02
1.725789150940761074e-01 1.238122251277559087e+02
1.736087820572990437e-01 1.239785124234446840e+02
1.746400209722022701e-01 1.241534340216898471e+02
1.756726072673456263e-01 1.243048944129564575e+02
