7.195010386302681804e-02 -2.606351321330781179e+00
7.194884368257203899e-02 -2.642089662803752237e+00
7.194755391778542841e-02 -2.677776596614988236e+00
7.194623366139582532e-02 -2.713356551953158835e+00
7.194488197194673362e-02 -2.748769179271997931e+00
7.194349787227324877e-02 -2.783949048358161704e+00
7.194208034790125494e-02 -2.818825334304045249e+00
7.194062834536360529e-02 -2.853321491803767262e+00
7.193914077042912192e-02 -2.887354917968500523e+00
7.193761648623897553e-02 -2.920836605082766990e+00
7.193605431134506012e-02 -2.953670784243329184e+00
7.193445301764438138e-02 -2.985754561025141030e+00
7.193281132820361634e-02 -3.016977544947437195e+00
7.193112791496703018e-02 -3.047221475311046923e+00
7.192940139634051988e-02 -3.076359845392046655e+00
7.192763033464466549e-02 -3.104257528052852599e+00
7.192581323342847610e-02 -3.130770406574830744e+00
7.192394853463533744e-02 -3.155745014407971727e+00
7.192203461561216815e-02 -3.179018188945610834e+00
7.192006978595161248e-02 -3.200416744512323053e+00
7.191805228415726337e-02 -3.219757170539469637e+00
7.191598027412055005e-02 -3.236845362302803508e+00
7.191385184139736930e-02 -3.251476392136620763e+00
7.191166498927137329e-02 -3.263434329337816298e+00
7.190941763459100800e-02 -3.272492119015876444e+00
7.190710760336477270e-02 -3.278411531016359071e+00
7.190473262609933802e-02 -3.280943189832538742e+00
7.190229033286413274e-02 -3.279826699295691039e+00
7.189977824806356721e-02 -3.274790875882912733e+00
7.189719378489825563e-02 -3.265554105508142957e+00
7.189453423949399014e-02 -3.251824840056125598e+00
7.189179678467669254e-02 -3.233302250555984969e+00
7.188897846336908537e-02 -3.209677054977967181e+00
7.188607618158363022e-02 -3.180632538873136905e+00
7.188308670098408903e-02 -3.145845787703565488e+00
7.188000663098623177e-02 -3.104989149695538408e+00
7.187683242036592424e-02 -3.057731948015726786e+00
7.187356034834024854e-02 -3.003742460182095009e+00
7.187018651508506051e-02 -2.942690181379147063e+00
7.186670683164958495e-02 -2.874248386994800786e+00
7.186311700922515255e-02 -2.798097006882974913e+00
7.185941254772271192e-02 -2.713925820629572438e+00
7.185558872361008653e-02 -2.621437979833075804e+00
7.185164057695515860e-02 -2.520353857661870922e+00
7.184756289761914938e-02 -2.410415220642089018e+00
7.184335021053761539e-02 -2.291389710969084614e+00
7.183899676002389323e-02 -2.163075619634358571e+00
7.183449649302314777e-02 -2.025306922161723477e+00
7.182984304124133412e-02 -1.877958539193355314e+00
7.182502970206580684e-02 -1.720951773950391894e+00
7.182004941818964650e-02 -1.554259867509452109e+00
7.181489475584393323e-02 -1.377913601887529094e+00
7.180955788153539632e-02 -1.192006869309330419e+00
7.180403053717958339e-02 -9.967021152508517279e-01
7.179830401351026958e-02 -7.922355522655259996e-01
7.179236912163874940e-02 -5.789220324409782847e-01
7.178621616262600980e-02 -3.571594588581735175e-01
7.177983489492134606e-02 -1.274326108033739247e-01
7.177321449951129528e-02 1.096837450326896696e-01
7.176634354261079984e-02 3.535225846047799214e-01
7.175920993571824336e-02 6.033233207995938319e-01
7.175180089284360907e-02 8.582315764622127086e-01
7.174410288470736696e-02 1.117300137839779550e+00
7.173610158969537243e-02 1.379491172709563118e+00
7.172778184134319390e-02 1.643679775509004015e+00
7.171912757211065803e-02 1.908658875572578850e+00
7.171012175319700643e-02 2.173145514482521357e+00
7.170074633013601151e-02 2.435788465451643070e+00
7.169098215390114215e-02 2.695177132168554479e+00
7.168080890724498611e-02 2.949851628059281250e+00
7.167020502599211196e-02 3.198313900744301552e+00
7.165914761500498387e-02 3.439039731652433929e+00
7.164761235854774646e-02 3.670491409322881093e+00
7.163557342478399370e-02 3.891130847863368825e+00
7.162300336416597968e-02 4.099432900920009004e+00
7.160987300150364887e-02 4.293898607694006664e+00
7.159615132154785455e-02 4.473068101640969907e+00
7.158180534798519457e-02 4.635532915395261355e+00
7.156680001582749195e-02 4.779947427724684061e+00
7.155109803729031714e-02 4.905039219333731992e+00
7.153465976140215010e-02 5.009618134266971445e+00
7.151744302777147955e-02 5.092583881533708556e+00
7.149940301517750119e-02 5.152932056302266695e+00
7.148049208594722814e-02 5.189758510621305554e+00
7.146065962745393185e-02 5.202262058305796799e+00
7.143985189253125589e-02 5.189745556412590055e+00
7.141801184116189360e-02 5.151615464933533062e+00
7.139507898648780881e-02 5.087380045580564669e+00
7.137098924902324226e-02 4.996646419061591793e+00
7.134567482395234861e-02 4.879116756800265797e+00
7.131906406758900530e-02 4.734583937131145781e+00
7.129108141048609570e-02 4.562927047053203289e+00
7.126164730633466338e-02 4.364107158263563768e+00
7.123067822770215440e-02 4.138163850019012102e+00
7.119808672184066434e-02 3.885212990568845282e+00
7.116378154224439756e-02 3.605446322614136001e+00
7.112766787433177917e-02 3.299133424326885944e+00
7.108964767652034555e-02 2.966626633007682923e+00
7.104962016096401378e-02 2.608369518862847514e+00
7.100748244118870733e-02 2.224909475314859275e+00
7.096313037658735778e-02 1.816914940958760827e+00
7.091645964592652174e-02 1.385197675849331844e+00
7.086736708328934820e-02 9.307403681197352618e-01
7.081575230974417046e-02 4.547296312749834479e-01
7.076151969189223290e-02 -4.140584689251052691e-02
7.070458065363674494e-02 -5.559526385212426591e-01
7.064485635930542462e-02 -1.086866526689280965e+00
7.058228077395850564e-02 -1.631724805510862186e+00
7.051680408976089554e-02 -2.187679340633366998e+00
7.044839648541247057e-02 -2.751413519686361830e+00
7.037705215898786004e-02 -3.319106912577153068e+00
7.030279354394802782e-02 -3.886412028850144029e+00
7.022567558516715214e-02 -4.448447884863512947e+00
7.014578991906533778e-02 -4.999815046522228634e+00
7.006326877269426767e-02 -5.534636271270541918e+00
6.997828837483903441e-02 -6.046625750238531438e+00
6.989107166200447807e-02 -6.529188230864900966e+00
6.980189006721390643e-02 -6.975547061296631490e+00
6.971106420233967593e-02 -7.378897630339728231e+00
6.961896328578105753e-02 -7.732580072241859170e+00
6.952600322489715934e-02 -8.030262820357062736e+00
6.943264333239805575e-02 -8.266126987508645385e+00
6.933938173150749895e-02 -8.435040912123511703e+00
6.924674957851700841e-02 -8.532714688573046047e+00
6.915530429567361137e-02 -8.555826068668739737e+00
6.906562205569134749e-02 -8.502111569825043347e+00
6.897828978726404381e-02 -8.370419606311161331e+00
6.889389697727987816e-02 -8.160725558480631747e+00
6.881302753129753258e-02 -7.874111511923940654e+00
6.873625192286353380e-02 -7.512715621309657088e+00
6.866411981955179711e-02 -7.079657499827346712e+00
6.859715332485477601e-02 -6.578946660939283042e+00
6.853584092561242069e-02 -6.015380920801981723e+00
6.848063218893742088e-02 -5.394440964312345876e+00
6.843193321372605109e-02 -4.722186179212345181e+00
6.839010281162515026e-02 -4.005155563770207650e+00
6.835544937136776855e-02 -3.250276177396596022e+00
6.832822834836996262e-02 -2.464780351540102998e+00
6.830864031746414211e-02 -1.656131786024824359e+00
6.829682952935099693e-02 -8.319597604749502384e-01
6.829288291938982736e-02 0.000000000000000000e+00
6.829682952935099693e-02 8.319597604757850151e-01
6.830864031746415599e-02 1.656131786024824359e+00
6.832822834836996262e-02 2.464780351539268111e+00
6.835544937136776855e-02 3.250276177396596022e+00
6.839010281162515026e-02 4.005155563770207650e+00
6.843193321372605109e-02 4.722186179213180068e+00
6.848063218893743476e-02 5.394440964312345876e+00
6.853584092561242069e-02 6.015380920800312836e+00
6.859715332485476214e-02 6.578946660938448154e+00
6.866411981955178323e-02 7.079657499828181599e+00
6.873625192286353380e-02 7.512715621310491976e+00
6.881302753129753258e-02 7.874111511924775542e+00
6.889389697727989204e-02 8.160725558480631747e+00
6.897828978726405769e-02 8.370419606310326444e+00
6.906562205569134749e-02 8.502111569825043347e+00
6.915530429567361137e-02 8.555826068668739737e+00
6.924674957851700841e-02 8.532714688573046047e+00
6.933938173150749895e-02 8.435040912123511703e+00
6.943264333239805575e-02 8.266126987509480273e+00
6.952600322489717322e-02 8.030262820357062736e+00
6.961896328578105753e-02 7.732580072241024283e+00
6.971106420233967593e-02 7.378897630339728231e+00
6.980189006721390643e-02 6.975547061296631490e+00
6.989107166200447807e-02 6.529188230864900966e+00
6.997828837483903441e-02 6.046625750238531438e+00
7.006326877269426767e-02 5.534636271270541918e+00
7.014578991906533778e-02 4.999815046521393747e+00
7.022567558516713826e-02 4.448447884864347834e+00
7.030279354394804170e-02 3.886412028850978473e+00
7.037705215898786004e-02 3.319106912576318624e+00
7.044839648541247057e-02 2.751413519686361830e+00
7.051680408976089554e-02 2.187679340633366998e+00
7.058228077395850564e-02 1.631724805510027299e+00
7.064485635930541074e-02 1.086866526689280965e+00
7.070458065363673106e-02 5.559526385220774358e-01
7.076151969189224678e-02 4.140584689251052691e-02
7.081575230974417046e-02 -4.547296312749834479e-01
7.086736708328934820e-02 -9.307403681197352618e-01
7.091645964592652174e-02 -1.385197675849331844e+00
7.096313037658735778e-02 -1.816914940958760827e+00
7.100748244118870733e-02 -2.224909475314859275e+00
7.104962016096402766e-02 -2.608369518862847514e+00
7.108964767652034555e-02 -2.966626633007682923e+00
7.112766787433177917e-02 -3.299133424326885944e+00
7.116378154224439756e-02 -3.605446322614136001e+00
7.119808672184066434e-02 -3.885212990568845282e+00
7.123067822770215440e-02 -4.138163850019012102e+00
7.126164730633466338e-02 -4.364107158263563768e+00
7.129108141048609570e-02 -4.562927047051534402e+00
7.131906406758899142e-02 -4.734583937131145781e+00
7.134567482395234861e-02 -4.879116756801935573e+00
7.137098924902324226e-02 -4.996646419062426681e+00
7.139507898648782269e-02 -5.087380045580564669e+00
7.141801184116189360e-02 -5.151615464932698174e+00
7.143985189253125589e-02 -5.189745556410920280e+00
7.146065962745391797e-02 -5.202262058305796799e+00
7.148049208594722814e-02 -5.189758510621305554e+00
7.149940301517748731e-02 -5.152932056300597807e+00
7.151744302777146567e-02 -5.092583881535378332e+00
7.153465976140215010e-02 -5.009618134271145884e+00
7.155109803729033102e-02 -4.905039219333731992e+00
7.156680001582749195e-02 -4.779947427722179398e+00
7.158180534798519457e-02 -4.635532915392756692e+00
7.159615132154784067e-02 -4.473068101643474570e+00
7.160987300150366275e-02 -4.293898607696511327e+00
7.162300336416597968e-02 -4.099432900917504341e+00
7.163557342478399370e-02 -3.891130847863368825e+00
7.164761235854774646e-02 -3.670491409322881093e+00
7.165914761500498387e-02 -3.439039731650764153e+00
7.167020502599209808e-02 -3.198313900742632221e+00
7.168080890724497223e-02 -2.949851628059281250e+00
7.169098215390112827e-02 -2.695177132170224255e+00
7.170074633013601151e-02 -2.435788465453312401e+00
7.171012175319700643e-02 -2.173145514480017138e+00
7.171912757211063028e-02 -1.908658875571743962e+00
7.172778184134318002e-02 -1.643679775511508456e+00
7.173610158969537243e-02 -1.379491172710398006e+00
7.174410288470736696e-02 -1.117300137838944663e+00
7.175180089284359519e-02 -8.582315764622127086e-01
7.175920993571824336e-02 -6.033233208004286086e-01
7.176634354261079984e-02 -3.535225846047799214e-01
7.177321449951129528e-02 -1.096837450326896696e-01
7.177983489492134606e-02 1.274326108033739247e-01
7.178621616262600980e-02 3.571594588590082942e-01
7.179236912163876327e-02 5.789220324401435080e-01
7.179830401351025571e-02 7.922355522646912229e-01
7.180403053717958339e-02 9.967021152550256113e-01
7.180955788153542407e-02 1.192006869307660866e+00
7.181489475584391935e-02 1.377913601885859540e+00
7.182004941818966037e-02 1.554259867511121662e+00
7.182502970206580684e-02 1.720951773948722341e+00
7.182984304124133412e-02 1.877958539193355314e+00
7.183449649302314777e-02 2.025306922155045264e+00
7.183899676002386547e-02 2.163075619638532121e+00
7.184335021053762926e-02 2.291389710975762828e+00
7.184756289761914938e-02 2.410415220642923906e+00
7.185164057695517248e-02 2.520353857661870922e+00
7.185558872361008653e-02 2.621437979828067366e+00
7.185941254772271192e-02 2.713925820629572438e+00
7.186311700922515255e-02 2.798097006882974913e+00
7.186670683164958495e-02 2.874248387007322325e+00
7.187018651508508826e-02 2.942690181379147063e+00
7.187356034834024854e-02 3.003742460162895256e+00
7.187683242036591036e-02 3.057731948015726786e+00
7.188000663098623177e-02 3.104989149695538408e+00
7.188308670098407516e-02 3.145845787711078589e+00
7.188607618158364410e-02 3.180632538879815119e+00
7.188897846336908537e-02 3.209677054970454524e+00
7.189179678467669254e-02 3.233302250555984969e+00
7.189453423949399014e-02 3.251824840056125598e+00
7.189719378489825563e-02 3.265554105508142957e+00
7.189977824806356721e-02 3.274790875882912733e+00
7.190229033286413274e-02 3.279826699295691039e+00
7.190473262609933802e-02 3.280943189812504102e+00
7.190710760336474494e-02 3.278411531026376391e+00
7.190941763459102187e-02 3.272492119025893764e+00
7.191166498927135942e-02 3.263434329327798977e+00
7.191385184139736930e-02 3.251476392157490292e+00
7.191598027412056393e-02 3.236845362302803508e+00
7.191805228415726337e-02 3.219757170528617873e+00
7.192006978595161248e-02 3.200416744512323053e+00
7.192203461561216815e-02 3.179018188945610834e+00
7.192394853463533744e-02 3.155745014383763092e+00
7.192581323342844835e-02 3.130770406563143649e+00
7.192763033464465161e-02 3.104257528077060790e+00
7.192940139634051988e-02 3.076359845403733750e+00
7.193112791496703018e-02 3.047221475311046923e+00
7.193281132820361634e-02 3.016977544934915212e+00
7.193445301764436750e-02 2.985754561025141030e+00
7.193605431134506012e-02 2.953670784255850723e+00
7.193761648623897553e-02 2.920836605082766990e+00
7.193914077042912192e-02 2.887354917968500523e+00
7.194062834536360529e-02 2.853321491803767262e+00
7.194208034790125494e-02 2.818825334331592991e+00
7.194349787227327653e-02 2.783949048344805277e+00
7.194488197194671975e-02 2.748769179244450189e+00
7.194623366139582532e-02 2.713356551966515262e+00
7.194755391778542841e-02 2.677776596614988236e+00
7.194884368257203899e-02 2.642089662803752237e+00
7.195010386302681804e-02 2.606351321330781179e+00
