7.195464348019786627e-02 -1.396245543355774776e+00
7.195340514140108334e-02 -1.418753572327169588e+00
7.195213610482323330e-02 -1.441417261698052954e+00
7.195083536355123544e-02 -1.464213323465294758e+00
7.194950186953719129e-02 -1.487115877617174009e+00
7.194813453158226124e-02 -1.510096251641383169e+00
7.194673221320517509e-02 -1.533122768129983271e+00
7.194529373038754949e-02 -1.556160520431219219e+00
7.194381784918796319e-02 -1.579171136273068488e+00
7.194230328321571388e-02 -1.602112529165689692e+00
7.194074869095523628e-02 -1.624938637692959542e+00
7.193915267293068960e-02 -1.647599153140541173e+00
7.193751376869990388e-02 -1.670039235782701859e+00
7.193583045366576390e-02 -1.692199220437269558e+00
7.193410113569261022e-02 -1.714014312446559662e+00
7.193232415151339099e-02 -1.735414275171981879e+00
7.193049776291335351e-02 -1.756323110611774707e+00
7.192862015267370568e-02 -1.776658735268036970e+00
7.192668942025837175e-02 -1.796332653591243167e+00
7.192470357722482999e-02 -1.815249632202770247e+00
7.192266054233883987e-02 -1.833307378365590212e+00
7.192055813637115991e-02 -1.850396227110742364e+00
7.191839407655226113e-02 -1.866398841978979428e+00
7.191616597065958461e-02 -1.881189935466433871e+00
7.191387131070864358e-02 -1.894636015867525725e+00
7.191150746621827183e-02 -1.906595168332780643e+00
7.190907167701635072e-02 -1.916916879340769375e+00
7.190656104555018246e-02 -1.925441914535520382e+00
7.190397252866223554e-02 -1.932002261479345728e+00
7.190130292878837981e-02 -1.936421149913656103e+00
7.189854888453242610e-02 -1.938513163863348376e+00
7.189570686056537263e-02 -1.938084461136619696e+00
7.189277313679424963e-02 -1.934933116954096199e+00
7.188974379673965243e-02 -1.928849610223415167e+00
7.188661471505544687e-02 -1.919617472098168021e+00
7.188338154411760828e-02 -1.907014117493561089e+00
7.188003969960256312e-02 -1.890811881230380909e+00
7.187658434496738136e-02 -1.870779281291915730e+00
7.187301037473539655e-02 -1.846682531714384456e+00
7.186931239648189362e-02 -1.818287327651458396e+00
7.186548471140291605e-02 -1.785360924200978028e+00
7.186152129333983618e-02 -1.747674529151173939e+00
7.185741576611789916e-02 -1.705006027679188518e+00
7.185316137904308731e-02 -1.657143053411777700e+00
7.184875098038542851e-02 -1.603886416143473381e+00
7.184417698865849800e-02 -1.545053891051387795e+00
7.183943136148426833e-02 -1.480484367127731238e+00
7.183450556181092406e-02 -1.410042344644119261e+00
7.182939052122447321e-02 -1.333622761967025339e+00
7.182407660006756567e-02 -1.251156120973784258e+00
7.181855354404678704e-02 -1.162613868524860150e+00
7.181281043697392008e-02 -1.068013978325429658e+00
7.180683564924605911e-02 -9.674266636036633615e-01
7.180061678162535932e-02 -8.609801369955115691e-01
7.179414060382706408e-02 -7.488663200625277350e-01
7.178739298736787344e-02 -6.313463915278966221e-01
7.178035883206204670e-02 -5.087560516690562418e-01
7.177302198547949597e-02 -3.815103708498121526e-01
7.176536515459770726e-02 -2.501080838597710687e-01
7.175736980878666404e-02 -1.151351895142651988e-01
7.174901607316022667e-02 2.273228231486985537e-02
7.174028261120878047e-02 1.627264656218880279e-01
7.173114649549290622e-02 3.039869296992165348e-01
7.172158306502590674e-02 4.455611199251690580e-01
7.171156576779971759e-02 5.864060320471955468e-01
7.170106598671416309e-02 7.253911485016144578e-01
7.169005284694843216e-02 8.613026234351351951e-01
7.167849300256363965e-02 9.928486557717802752e-01
7.166635039984414757e-02 1.118665938353545108e+00
7.165358601456719989e-02 1.237327017615651226e+00
7.164015756003327962e-02 1.347348344371708029e+00
7.162601916228905630e-02 1.447198744482996347e+00
7.161112099852691426e-02 1.535307990760036434e+00
7.159540889414831022e-02 1.610075116839493115e+00
7.157882387342798247e-02 1.669876082068891154e+00
7.156130165811587507e-02 1.713070375634036191e+00
7.154277210766261941e-02 1.738006139808778050e+00
7.152315859406219167e-02 1.743023397308897771e+00
7.150237730358456612e-02 1.726454987188822177e+00
7.148033645694348848e-02 1.686624847786191150e+00
7.145693543874957754e-02 1.621843334392537139e+00
7.143206382648757680e-02 1.530399324165275576e+00
7.140560030881519527e-02 1.410548942462214850e+00
7.137741148282601700e-02 1.260500845919410029e+00
7.134735052021970447e-02 1.078398122454602426e+00
7.131525569331939596e-02 8.622970241799891022e-01
7.128094875389415219e-02 6.101429467040503374e-01
7.124423316123661143e-02 3.197443229451579771e-01
7.120489216151212886e-02 -1.125456743706763039e-02
7.116268672883642454e-02 -3.854004331066016587e-01
7.111735339088455510e-02 -8.054554318999668228e-01
7.106860197938892620e-02 -1.274416480156613796e+00
7.101611337023486237e-02 -1.795525653106645692e+00
7.095953731085090366e-02 -2.372266680709006703e+00
7.089849047619728450e-02 -3.008341030300912600e+00
7.083255495072503238e-02 -3.707615306347872952e+00
7.076127740342935679e-02 -4.474029796845251816e+00
7.068416930628404482e-02 -5.311456199766973363e+00
7.060070863987545631e-02 -6.223491321072792459e+00
7.051034362631210251e-02 -7.213173576538418175e+00
7.041249911402827633e-02 -8.282611509258767768e+00
7.030658628846953029e-02 -9.432519602851700213e+00
7.019201636318075921e-02 -1.066166786605708339e+01
7.006821877506483331e-02 -1.196626903609674208e+01
6.993466412067939064e-02 -1.333935063468243598e+01
6.979089159351026250e-02 -1.477018607349378598e+01
6.963654001307705010e-02 -1.624388389436104418e+01
6.947138072933631281e-02 -1.774124812098065007e+01
6.929534986748800418e-02 -1.923901511749657089e+01
6.910857674538051221e-02 -2.071053520319966523e+01
6.891140507388324177e-02 -2.212690013999724670e+01
6.870440391944555858e-02 -2.345843176124893859e+01
6.848836641405471604e-02 -2.467636478884016427e+01
6.826429569876073244e-02 -2.575450469358144190e+01
6.803337926882471742e-02 -2.667063857986845221e+01
6.779695436194821401e-02 -2.740752623831200552e+01
6.755646796779228580e-02 -2.795338400030856008e+01
6.731343528065372728e-02 -2.830186886689190473e+01
6.706940001595000644e-02 -2.845164826165335015e+01
6.682589916804332342e-02 -2.840568495036684737e+01
6.658443376433112459e-02 -2.817037753602478389e+01
6.634644620001073356e-02 -2.775467607608827691e+01
6.611330396815576216e-02 -2.716926209021061922e+01
6.588628908809693319e-02 -2.642584682843370913e+01
6.566659226871264521e-02 -2.553660695228019861e+01
6.545531077020823318e-02 -2.451376116134063921e+01
6.525344898474261246e-02 -2.336927252531446086e+01
6.506192088521330075e-02 -2.211465302845926573e+01
6.488155364885626886e-02 -2.076084510087417101e+01
6.471309191929373872e-02 -1.931818225304217052e+01
6.455720231116385266e-02 -1.779637644222911064e+01
6.441447787851244111e-02 -1.620453516721379472e+01
6.428544236052161076e-02 -1.455121843393004255e+01
6.417055408788616133e-02 -1.284447716248705795e+01
6.407020948363596757e-02 -1.109192259432335526e+01
6.398474612717963694e-02 -9.300787102089500991e+00
6.391444537330752407e-02 -7.477969971569160990e+00
6.385953453182544037e-02 -5.630117154214131503e+00
6.382018862081774435e-02 -3.763665378777371284e+00
6.379653170914248439e-02 -1.884898814048774129e+00
6.378863786307775730e-02 0.000000000000000000e+00
6.379653170914248439e-02 1.884898814049608795e+00
6.382018862081775823e-02 3.763665378777371284e+00
6.385953453182544037e-02 5.630117154213296615e+00
6.391444537330752407e-02 7.477969971569160990e+00
6.398474612717963694e-02 9.300787102089500991e+00
6.407020948363596757e-02 1.109192259432502503e+01
6.417055408788618909e-02 1.284447716248705795e+01
6.428544236052161076e-02 1.455121843392837455e+01
6.441447787851244111e-02 1.620453516721379472e+01
6.455720231116385266e-02 1.779637644222911064e+01
6.471309191929373872e-02 1.931818225304217052e+01
6.488155364885626886e-02 2.076084510087417101e+01
6.506192088521330075e-02 2.211465302845926573e+01
6.525344898474261246e-02 2.336927252531446086e+01
6.545531077020823318e-02 2.451376116134063921e+01
6.566659226871264521e-02 2.553660695228103350e+01
6.588628908809694706e-02 2.642584682843370913e+01
6.611330396815576216e-02 2.716926209020978433e+01
6.634644620001073356e-02 2.775467607608827691e+01
6.658443376433112459e-02 2.817037753602561878e+01
6.682589916804333730e-02 2.840568495036684737e+01
6.706940001595000644e-02 2.845164826165335015e+01
6.731343528065374116e-02 2.830186886689190473e+01
6.755646796779228580e-02 2.795338400030856008e+01
6.779695436194822789e-02 2.740752623831200552e+01
6.803337926882471742e-02 2.667063857986761732e+01
6.826429569876073244e-02 2.575450469358227679e+01
6.848836641405472991e-02 2.467636478884016427e+01
6.870440391944555858e-02 2.345843176124726881e+01
6.891140507388322789e-02 2.212690013999724670e+01
6.910857674538051221e-02 2.071053520320050012e+01
6.929534986748800418e-02 1.923901511749657089e+01
6.947138072933632669e-02 1.774124812098065007e+01
6.963654001307705010e-02 1.624388389436187907e+01
6.979089159351027638e-02 1.477018607349462087e+01
6.993466412067940452e-02 1.333935063468160109e+01
7.006821877506483331e-02 1.196626903609590720e+01
7.019201636318075921e-02 1.066166786605708339e+01
7.030658628846953029e-02 9.432519602851700213e+00
7.041249911402827633e-02 8.282611509259600879e+00
7.051034362631211638e-02 7.213173576539253062e+00
7.060070863987547019e-02 6.223491321072792459e+00
7.068416930628405870e-02 5.311456199765304476e+00
7.076127740342934291e-02 4.474029796844416929e+00
7.083255495072504626e-02 3.707615306348707396e+00
7.089849047619728450e-02 3.008341030300912600e+00
7.095953731085090366e-02 2.372266680709006703e+00
7.101611337023484849e-02 1.795525653107480579e+00
7.106860197938894008e-02 1.274416480156613796e+00
7.111735339088455510e-02 8.054554318991320461e-01
7.116268672883642454e-02 3.854004331066016587e-01
7.120489216151212886e-02 1.125456743706763039e-02
7.124423316123659755e-02 -3.197443229451579771e-01
7.128094875389413831e-02 -6.101429467040503374e-01
7.131525569331939596e-02 -8.622970241799891022e-01
7.134735052021971835e-02 -1.078398122454602426e+00
7.137741148282601700e-02 -1.260500845919410029e+00
7.140560030881519527e-02 -1.410548942462214850e+00
7.143206382648756292e-02 -1.530399324166110242e+00
7.145693543874959142e-02 -1.621843334392537139e+00
7.148033645694348848e-02 -1.686624847785356485e+00
7.150237730358455224e-02 -1.726454987188822177e+00
7.152315859406219167e-02 -1.743023397308063105e+00
7.154277210766260553e-02 -1.738006139808778050e+00
7.156130165811587507e-02 -1.713070375634870857e+00
7.157882387342798247e-02 -1.669876082068056489e+00
7.159540889414829634e-02 -1.610075116838658449e+00
7.161112099852690038e-02 -1.535307990760036434e+00
7.162601916228904242e-02 -1.447198744483831234e+00
7.164015756003329349e-02 -1.347348344371708029e+00
7.165358601456718601e-02 -1.237327017614816560e+00
7.166635039984413369e-02 -1.118665938354379996e+00
7.167849300256363965e-02 -9.928486557734498286e-01
7.169005284694844604e-02 -8.613026234359699718e-01
7.170106598671417697e-02 -7.253911485007796811e-01
7.171156576779971759e-02 -5.864060320463607701e-01
7.172158306502590674e-02 -4.455611199251690580e-01
7.173114649549290622e-02 -3.039869296992165348e-01
7.174028261120876659e-02 -1.627264656218880279e-01
7.174901607316024055e-02 -2.273228231486985537e-02
7.175736980878666404e-02 1.151351895142651988e-01
7.176536515459772114e-02 2.501080838597710687e-01
7.177302198547949597e-02 3.815103708498121526e-01
7.178035883206204670e-02 5.087560516690562418e-01
7.178739298736785956e-02 6.313463915278966221e-01
7.179414060382706408e-02 7.488663200625277350e-01
7.180061678162535932e-02 8.609801369938420157e-01
7.180683564924604523e-02 9.674266636036633615e-01
7.181281043697392008e-02 1.068013978327099212e+00
7.181855354404678704e-02 1.162613868521521043e+00
7.182407660006753791e-02 1.251156120973784258e+00
7.182939052122447321e-02 1.333622761970364445e+00
7.183450556181092406e-02 1.410042344645788814e+00
7.183943136148428221e-02 1.480484367127731238e+00
7.184417698865849800e-02 1.545053891054726902e+00
7.184875098038545627e-02 1.603886416143473381e+00
7.185316137904308731e-02 1.657143053406769040e+00
7.185741576611789916e-02 1.705006027682527625e+00
7.186152129333985006e-02 1.747674529151173939e+00
7.186548471140291605e-02 1.785360924197638921e+00
7.186931239648189362e-02 1.818287327651458396e+00
7.187301037473539655e-02 1.846682531714384456e+00
7.187658434496738136e-02 1.870779281291915730e+00
7.188003969960256312e-02 1.890811881222867807e+00
7.188338154411758052e-02 1.907014117493561089e+00
7.188661471505544687e-02 1.919617472105680900e+00
7.188974379673965243e-02 1.928849610218406507e+00
7.189277313679423576e-02 1.934933116953261312e+00
7.189570686056537263e-02 1.938084461141628356e+00
7.189854888453242610e-02 1.938513163864183042e+00
7.190130292878837981e-02 1.936421149903638783e+00
7.190397252866220779e-02 1.932002261479345728e+00
7.190656104555018246e-02 1.925441914545537703e+00
7.190907167701635072e-02 1.916916879329917389e+00
7.191150746621824408e-02 1.906595168321928435e+00
7.191387131070861582e-02 1.894636015872534385e+00
7.191616597065957073e-02 1.881189935477285857e+00
7.191839407655226113e-02 1.866398841978979428e+00
7.192055813637114603e-02 1.850396227110742364e+00
7.192266054233883987e-02 1.833307378371433538e+00
7.192470357722482999e-02 1.815249632202770247e+00
7.192668942025837175e-02 1.796332653591243167e+00
7.192862015267370568e-02 1.776658735268036970e+00
7.193049776291335351e-02 1.756323110611774707e+00
7.193232415151339099e-02 1.735414275165303666e+00
7.193410113569259634e-02 1.714014312454072542e+00
7.193583045366577777e-02 1.692199220437269558e+00
7.193751376869989000e-02 1.670039235775188757e+00
7.193915267293068960e-02 1.647599153154732488e+00
7.194074869095525016e-02 1.624938637692959542e+00
7.194230328321571388e-02 1.602112529158176590e+00
7.194381784918796319e-02 1.579171136273068488e+00
7.194529373038754949e-02 1.556160520431219219e+00
7.194673221320517509e-02 1.533122768137496372e+00
7.194813453158227512e-02 1.510096251656409150e+00
7.194950186953721905e-02 1.487115877624686888e+00
7.195083536355126319e-02 1.464213323435242797e+00
7.195213610482320554e-02 1.441417261683026974e+00
7.195340514140108334e-02 1.418753572342195346e+00
7.195464348019786627e-02 1.396245543355774776e+00
