1.741642126196108475e-01 -1.253797276866431361e+02
1.731226193575078898e-01 -1.252316754483698276e+02
1.720822771384295791e-01 -1.250798462974158980e+02
1.710432092358249723e-01 -1.249249079941145197e+02
1.700054394803494906e-01 -1.247644349301244660e+02
1.689689922759347596e-01 -1.246088152337655544e+02
1.679338926163934098e-01 -1.244474942182798713e+02
1.669001661025797389e-01 -1.242758043726622219e+02
1.658678389601265790e-01 -1.241062426631204403e+02
1.648369380577804355e-01 -1.239327707762603410e+02
1.638074909263577961e-01 -1.237477956165417368e+02
1.627795257783458960e-01 -1.235785689247848609e+02
1.617530715281726983e-01 -1.234029975875998844e+02
1.607281578131724564e-01 -1.232051610133465971e+02
1.597048150152728940e-01 -1.230144481539897612e+02
1.586830742834327845e-01 -1.228173950028884036e+02
1.576629675568589906e-01 -1.226240403882464136e+02
1.566445275890330224e-01 -1.224232083370881128e+02
1.556277879725802282e-01 -1.222113484902210274e+02
1.546127831650141171e-01 -1.220007372993164694e+02
1.535995485153909823e-01 -1.218023883881912610e+02
1.525881202919115720e-01 -1.215691606958577893e+02
1.515785357105076392e-01 -1.213279142995991151e+02
1.505708329644539212e-01 -1.211127990374779131e+02
1.495650512550467659e-01 -1.208743649586985498e+02
1.485612308233940360e-01 -1.206444357878129523e+02
1.475594129833618373e-01 -1.204054492887702992e+02
1.465596401557263395e-01 -1.201479627063072684e+02
1.455619559035815080e-01 -1.198910985237699265e+02
1.445664049690560671e-01 -1.196387972409401499e+02
1.435730333113953150e-01 -1.193765592817109820e+02
1.425818881464663845e-01 -1.190972551558361658e+02
1.415930179877495920e-01 -1.188271488401874336e+02
1.406064726888798522e-01 -1.185442749565456779e+02
1.396223034878079083e-01 -1.182478341907639248e+02
1.386405630526528210e-01 -1.179615097619529251e+02
1.376613055293228749e-01 -1.176569484644474954e+02
1.366845865909848412e-01 -1.173388400382943217e+02
1.357104634894679140e-01 -1.170339058368596312e+02
1.347389951086920279e-01 -1.167090981356541022e+02
1.337702420202165898e-01 -1.163672914229536417e+02
1.328042665410115730e-01 -1.160404962336059782e+02
1.318411327935584965e-01 -1.156960290818366985e+02
1.308809067683967542e-01 -1.153492525357299883e+02
1.299236563892372243e-01 -1.149775420099028338e+02
1.289694515807739694e-01 -1.145829590639628464e+02
1.280183643393330017e-01 -1.142269565988569155e+02
1.270704688065075194e-01 -1.138415097195924091e+02
1.261258413459387662e-01 -1.134401271283698804e+02
1.251845606234136543e-01 -1.130318406490917482e+02
1.242467076904628931e-01 -1.126142012351742920e+02
1.233123660716572145e-01 -1.121844567212160371e+02
1.223816218558138741e-01 -1.117469125016270652e+02
1.214545637913434090e-01 -1.112897358764365805e+02
1.205312833859839283e-01 -1.108362188885103592e+02
1.196118750111912349e-01 -1.103988852703256356e+02
1.186964360114745043e-01 -1.098781115449508974e+02
1.177850668189925898e-01 -1.093716475729928703e+02
1.168778710737521376e-01 -1.089044014642927607e+02
1.159749557497793404e-01 -1.083475026096711673e+02
1.150764312876691731e-01 -1.077994416746696658e+02
1.141824117339520495e-01 -1.072900292375017983e+02
1.132930148877578647e-01 -1.066748015379244947e+02
1.124083624553006006e-01 -1.061057311144146524e+02
1.115285802127538584e-01 -1.055617695064464243e+02
1.106537981781406804e-01 -1.049337909890746658e+02
1.097841507929165211e-01 -1.043055197914178933e+02
1.089197771139867321e-01 -1.036615969897315921e+02
1.080608210169653194e-01 -1.029983875534664577e+02
1.072074314115534638e-01 -1.023137034336075146e+02
1.063597624699911676e-01 -1.016083437040528139e+02
1.055179738696145897e-01 -1.008842530076319832e+02
1.046822310506340531e-01 -1.001400725164131842e+02
1.038527054903295443e-01 -9.936589292696308462e+01
1.030295749949432793e-01 -9.867754476099609917e+01
1.022130240106243759e-01 -9.784196078480179892e+01
1.014032439548485931e-01 -9.689166967936907326e+01
1.006004335697864294e-01 -9.614811189814882653e+01
9.980479929911824366e-02 -9.524602336369252953e+01
9.901655568978327826e-02 -9.432759832434774694e+01
9.823592582008448815e-02 -9.348933058502926485e+01
9.746314175543079050e-02 -9.238102386290621837e+01
9.669844503275773495e-02 -9.137899741953778232e+01
9.594208717428832911e-02 -9.046048299086197630e+01
9.519433023073360645e-02 -8.936481475683778797e+01
9.445544735322902730e-02 -8.822162516218840267e+01
9.372572339218356030e-02 -8.726922494299714117e+01
9.300545551969123526e-02 -8.605347889263872219e+01
9.229495387010641649e-02 -8.479600241881192346e+01
9.159454219067440783e-02 -8.346672929460378043e+01
9.090455849057138549e-02 -8.210026891682927896e+01
9.022535567214984287e-02 -8.093357660120327068e+01
8.955730212238419141e-02 -7.957194887734894451e+01
8.890078223522930589e-02 -7.822464026924761527e+01
8.825619682660178211e-02 -7.666661314034439556e+01
8.762396339275056734e-02 -7.495481255717298552e+01
8.700451614975866776e-02 -7.343256968258651796e+01
8.639830577680547574e-02 -7.201257807637814778e+01
8.580579876885735535e-02 -7.010149113434613355e+01
8.522747628626059502e-02 -6.817428624319104813e+01
8.466383237044998455e-02 -6.656424358049723367e+01
8.411537137857873214e-02 -6.464760768039225525e+01
8.358260447819115813e-02 -6.261836672705627649e+01
8.306604504007177037e-02 -6.050677028272417601e+01
8.256620277820221621e-02 -5.842470534211849298e+01
8.208357651629294427e-02 -5.629299267563416720e+01
8.161864551678597868e-02 -5.387699176147818747e+01
8.117185939570016606e-02 -5.159376652447667055e+01
8.074362676755307555e-02 -4.924968576646379148e+01
8.033430291612136953e-02 -4.680756074457685401e+01
7.994417695894230624e-02 -4.435624093690822178e+01
7.957345914737508352e-02 -4.182442465598042958e+01
7.922226909249363569e-02 -3.932312962263100786e+01
7.889062579764274941e-02 -3.682370928730482973e+01
7.857844037987167518e-02 -3.432691804871222274e+01
7.828551225309154926e-02 -3.187699311578074557e+01
7.801152932231071591e-02 -2.947958194156331757e+01
7.775607242068398317e-02 -2.714885166707614417e+01
7.751862385175714576e-02 -2.490452280516148775e+01
7.729857953492720590e-02 -2.275761220976569277e+01
7.709526395062418769e-02 -2.071829417770315374e+01
7.690794688792448874e-02 -1.879406254745082805e+01
7.673586093294881838e-02 -1.698948249946494471e+01
7.657821869703004825e-02 -1.530635661539218617e+01
7.643422894302491499e-02 -1.374398572321942424e+01
7.630311098759189059e-02 -1.229950368148786133e+01
7.618410699614305837e-02 -1.096824579510412256e+01
7.607649201139732309e-02 -9.744146965430202201e+00
7.597958174307743728e-02 -8.620115184029410571e+00
7.589273828433976132e-02 -7.588365521641653011e+00
7.581537400906183943e-02 -6.640701603292037625e+00
7.574695394899297329e-02 -5.768742180039711620e+00
7.568699696031247481e-02 -4.964092717413061351e+00
7.563507597548423111e-02 -4.218467093863532469e+00
7.559081760766007962e-02 -3.523765751442450966e+00
7.555390133869839542e-02 -2.872117498227911625e+00
7.552405848351563533e-02 -2.255891965494492890e+00
7.550107108648576593e-02 -1.667689105904589741e+00
7.548477087191053647e-02 -1.100311293686034864e+00
7.547503834100320608e-02 -5.467227200633839601e-01
7.547180208236017873e-02 0.000000000000000000e+00
7.547503834100320608e-02 5.467227200633839601e-01
7.548477087191053647e-02 1.100311293686034864e+00
7.550107108648576593e-02 1.667689105904589741e+00
7.552405848351563533e-02 2.255891965494492890e+00
7.555390133869839542e-02 2.872117498227911625e+00
7.559081760766007962e-02 3.523765751442450966e+00
7.563507597548423111e-02 4.218467093863532469e+00
7.568699696031247481e-02 4.964092717413061351e+00
7.574695394899297329e-02 5.768742180039711620e+00
7.581537400906183943e-02 6.640701603292037625e+00
7.589273828433976132e-02 7.588365521642487899e+00
7.597958174307745116e-02 8.620115184029410571e+00
7.607649201139732309e-02 9.744146965430202201e+00
7.618410699614307224e-02 1.096824579510412256e+01
7.630311098759190447e-02 1.229950368148702644e+01
7.643422894302491499e-02 1.374398572321942424e+01
7.657821869703004825e-02 1.530635661539385417e+01
7.673586093294884614e-02 1.698948249946577960e+01
7.690794688792450262e-02 1.879406254744915827e+01
7.709526395062418769e-02 2.071829417770231885e+01
7.729857953492720590e-02 2.275761220976569277e+01
7.751862385175714576e-02 2.490452280516232264e+01
7.775607242068399705e-02 2.714885166707697906e+01
7.801152932231072978e-02 2.947958194156415246e+01
7.828551225309157702e-02 3.187699311577991068e+01
7.857844037987167518e-02 3.432691804871055297e+01
7.889062579764274941e-02 3.682370928730482973e+01
7.922226909249363569e-02 3.932312962263100786e+01
7.957345914737508352e-02 4.182442465598126802e+01
7.994417695894232012e-02 4.435624093690822178e+01
8.033430291612136953e-02 4.680756074457685401e+01
8.074362676755308943e-02 4.924968576646379148e+01
8.117185939570016606e-02 5.159376652447583211e+01
8.161864551678597868e-02 5.387699176147818747e+01
8.208357651629294427e-02 5.629299267563500564e+01
8.256620277820223008e-02 5.842470534211849298e+01
8.306604504007177037e-02 6.050677028272334468e+01
8.358260447819115813e-02 6.261836672705627649e+01
8.411537137857873214e-02 6.464760768039309369e+01
8.466383237044999843e-02 6.656424358049807211e+01
8.522747628626060890e-02 6.817428624319020969e+01
8.580579876885735535e-02 7.010149113434695778e+01
8.639830577680550350e-02 7.201257807637898622e+01
8.700451614975868164e-02 7.343256968258651796e+01
8.762396339275059509e-02 7.495481255717216129e+01
8.825619682660178211e-02 7.666661314034273289e+01
8.890078223522930589e-02 7.822464026924927794e+01
8.955730212238421917e-02 7.957194887734894451e+01
9.022535567214984287e-02 8.093357660120159380e+01
9.090455849057138549e-02 8.210026891682927896e+01
9.159454219067440783e-02 8.346672929460545731e+01
9.229495387010644425e-02 8.479600241881192346e+01
9.300545551969123526e-02 8.605347889263788375e+01
9.372572339218357418e-02 8.726922494299796540e+01
9.445544735322904117e-02 8.822162516218840267e+01
9.519433023073362032e-02 8.936481475683694953e+01
9.594208717428832911e-02 9.046048299086365319e+01
9.669844503275777658e-02 9.137899741954029764e+01
9.746314175543083214e-02 9.238102386290621837e+01
9.823592582008452978e-02 9.348933058502842641e+01
9.901655568978330602e-02 9.432759832434524583e+01
9.980479929911824366e-02 9.524602336369169109e+01
1.006004335697864432e-01 9.614811189815048920e+01
1.014032439548486209e-01 9.689166967937073593e+01
1.022130240106244176e-01 9.784196078480179892e+01
1.030295749949433071e-01 9.867754476099358385e+01
1.038527054903295443e-01 9.936589292696226039e+01
1.046822310506340670e-01 1.001400725164148611e+02
1.055179738696146174e-01 1.008842530076328217e+02
1.063597624699911953e-01 1.016083437040528139e+02
1.072074314115534915e-01 1.023137034336066762e+02
1.080608210169653333e-01 1.029983875534664577e+02
1.089197771139867599e-01 1.036615969897332548e+02
1.097841507929165628e-01 1.043055197914170549e+02
1.106537981781406943e-01 1.049337909890738274e+02
1.115285802127538861e-01 1.055617695064455859e+02
1.124083624553006006e-01 1.061057311144129898e+02
1.132930148877578647e-01 1.066748015379244947e+02
1.141824117339520495e-01 1.072900292375042994e+02
1.150764312876692147e-01 1.077994416746713426e+02
1.159749557497793682e-01 1.083475026096686662e+02
1.168778710737521376e-01 1.089044014642919223e+02
1.177850668189926037e-01 1.093716475729945472e+02
1.186964360114745320e-01 1.098781115449508974e+02
1.196118750111912488e-01 1.103988852703256356e+02
1.205312833859839561e-01 1.108362188885103592e+02
1.214545637913434228e-01 1.112897358764365805e+02
1.223816218558139018e-01 1.117469125016278895e+02
1.233123660716572423e-01 1.121844567212160371e+02
1.242467076904629208e-01 1.126142012351726152e+02
1.251845606234136543e-01 1.130318406490917482e+02
1.261258413459387939e-01 1.134401271283732200e+02
1.270704688065075749e-01 1.138415097195907322e+02
1.280183643393330017e-01 1.142269565988535760e+02
1.289694515807739694e-01 1.145829590639628464e+02
1.299236563892372243e-01 1.149775420099028338e+02
1.308809067683967542e-01 1.153492525357299883e+02
1.318411327935584965e-01 1.156960290818400381e+02
1.328042665410116285e-01 1.160404962336059782e+02
1.337702420202165898e-01 1.163672914229503021e+02
1.347389951086920279e-01 1.167090981356557791e+02
1.357104634894679418e-01 1.170339058368613081e+02
1.366845865909848690e-01 1.173388400382959844e+02
1.376613055293229304e-01 1.176569484644491723e+02
1.386405630526528765e-01 1.179615097619512483e+02
1.396223034878079361e-01 1.182478341907622479e+02
1.406064726888798799e-01 1.185442749565456779e+02
1.415930179877496198e-01 1.188271488401890963e+02
1.425818881464664400e-01 1.190972551558345032e+02
1.435730333113953150e-01 1.193765592817076424e+02
1.445664049690560671e-01 1.196387972409401499e+02
1.455619559035815080e-01 1.198910985237699265e+02
1.465596401557263395e-01 1.201479627063089310e+02
1.475594129833618651e-01 1.204054492887719618e+02
1.485612308233940637e-01 1.206444357878129523e+02
1.495650512550467937e-01 1.208743649586985498e+02
1.505708329644539489e-01 1.211127990374795758e+02
1.515785357105076947e-01 1.213279142995991151e+02
1.525881202919115998e-01 1.215691606958577893e+02
1.535995485153910378e-01 1.218023883881895983e+02
1.546127831650141171e-01 1.220007372993131298e+02
1.556277879725802282e-01 1.222113484902210274e+02
1.566445275890330224e-01 1.224232083370914523e+02
1.576629675568590461e-01 1.226240403882497532e+02
1.586830742834328400e-01 1.228173950028850641e+02
1.597048150152728940e-01 1.230144481539864216e+02
1.607281578131724564e-01 1.232051610133482740e+02
1.617530715281727260e-01 1.234029975876032239e+02
1.627795257783459515e-01 1.235785689247865236e+02
1.638074909263578516e-01 1.237477956165383972e+02
1.648369380577804355e-01 1.239327707762570014e+02
1.658678389601265790e-01 1.241062426631204403e+02
1.669001661025797389e-01 1.242758043726638988e+02
1.679338926163934376e-01 1.244474942182798713e+02
1.689689922759347596e-01 1.246088152337655544e+02
1.700054394803495184e-01 1.247644349301244660e+02
1.710432092358249723e-01 1.249249079941145197e+02
1.720822771384296068e-01 1.250798462974192375e+02
1.731226193575079453e-01 1.252316754483714902e+02
1.741642126196109031e-01 1.253797276866397965e+02
