1.756726072673455707e-01 -1.243038909208890601e+02
1.746400209722022145e-01 -1.241455380882752735e+02
1.736087820572989882e-01 -1.239791280527471571e+02
1.725789150940761074e-01 -1.238126337466107998e+02
1.715504452262995583e-01 -1.236429965729840887e+02
1.705233981859408943e-01 -1.234700979644633350e+02
1.694978003095568286e-01 -1.232953138873649834e+02
1.684736785551858851e-01 -1.231155768385848290e+02
1.674510605197799262e-01 -1.229317559035241203e+02
1.664299744571889894e-01 -1.227463247222236333e+02
1.654104492967180817e-01 -1.225567769219075700e+02
1.643925146622765565e-01 -1.223634269165153938e+02
1.633762008921396114e-01 -1.221677237403915655e+02
1.623615390593436403e-01 -1.219667308223853581e+02
1.613485609927374775e-01 -1.217610042835781030e+02
1.603372992987120993e-01 -1.215529944174646886e+02
1.593277873836323744e-01 -1.213403630292453244e+02
1.583200594769953451e-01 -1.211275914062739218e+02
1.573141506553406288e-01 -1.209033698465586752e+02
1.563100968669386970e-01 -1.206739349681419213e+02
1.553079349572847878e-01 -1.204473216331669789e+02
1.543077026954259301e-01 -1.202127180303517804e+02
1.533094388011511100e-01 -1.199750024706702760e+02
1.523131829730741682e-01 -1.197304891211981754e+02
1.513189759176408744e-01 -1.194799666147839048e+02
1.503268593790932917e-01 -1.192264310314120905e+02
1.493368761704237657e-01 -1.189719117587084725e+02
1.483490702053551769e-01 -1.187034440271615239e+02
1.473634865313815656e-01 -1.184284532143563382e+02
1.463801713639087121e-01 -1.181564270824032690e+02
1.453991721215316946e-01 -1.178778123845855532e+02
1.444205374624903115e-01 -1.175885359643164350e+02
1.434443173223447221e-01 -1.172919846790478289e+02
1.424705629529131323e-01 -1.169934958156380276e+02
1.414993269625176020e-01 -1.166890753384339519e+02
1.405306633575833797e-01 -1.163764864495719848e+02
1.395646275856408103e-01 -1.160548668883758410e+02
1.386012765797786650e-01 -1.157306379835001309e+02
1.376406688046017679e-01 -1.153964485707986540e+02
1.366828643037457103e-01 -1.150531220594499331e+02
1.357279247490044138e-01 -1.147075492305696685e+02
1.347759134911289403e-01 -1.143507522709247297e+02
1.338268956123562781e-01 -1.139837351210117617e+02
1.328809379807314173e-01 -1.136143874081691933e+02
1.319381093062861610e-01 -1.132337996079586020e+02
1.309984801991422310e-01 -1.128403475575857726e+02
1.300621232296080010e-01 -1.124459493674093409e+02
1.291291129903403556e-01 -1.120396854492756376e+02
1.281995261606471703e-01 -1.116221777653328644e+02
1.272734415730079893e-01 -1.111959986222806975e+02
1.263509402818928651e-01 -1.107600816359430809e+02
1.254321056349638475e-01 -1.103131776421249981e+02
1.245170233467451648e-01 -1.098570050983870203e+02
1.236057815748531213e-01 -1.093886813614339530e+02
1.226984709988778871e-01 -1.089099629080454861e+02
1.217951849020151023e-01 -1.084198058301010121e+02
1.208960192555470492e-01 -1.079176159978366059e+02
1.200010728062767540e-01 -1.074034987030256474e+02
1.191104471670227649e-01 -1.068776375255105506e+02
1.182242469102846305e-01 -1.063491216423048087e+02
1.173425796651924313e-01 -1.057862712991139631e+02
1.164655562178570636e-01 -1.052156117443205972e+02
1.155932906152400130e-01 -1.046331689641247351e+02
1.147259002726627453e-01 -1.040460151775838540e+02
1.138635060850784336e-01 -1.034505395451041210e+02
1.130062325422266090e-01 -1.028214335960391139e+02
1.121542078477916066e-01 -1.021667791098944775e+02
1.113075640426818558e-01 -1.015141511502106368e+02
1.104664371325408817e-01 -1.008568288456663140e+02
1.096309672195932561e-01 -1.001620551086608231e+02
1.088012986389149950e-01 -9.945440850294265545e+01
1.079775800992013729e-01 -9.872902349502896868e+01
1.071599648280806838e-01 -9.798459232363001092e+01
1.063486107219912824e-01 -9.722020696868234779e+01
1.055436805005981055e-01 -9.643551333284071347e+01
1.047453418656710544e-01 -9.563038549167157498e+01
1.039537676642797587e-01 -9.480407225820567874e+01
1.031691360560719195e-01 -9.395398378097627301e+01
1.023916306842926893e-01 -9.310301268353110515e+01
1.016214408500648037e-01 -9.221039707784368034e+01
1.008587616892766964e-01 -9.127002842544200689e+01
1.001037943512119027e-01 -9.035600459355092084e+01
9.935674617778843254e-02 -8.937928144967729338e+01
9.861783088195047453e-02 -8.838500843649225658e+01
9.788726872335504203e-02 -8.735901687102902713e+01
9.716528667900843630e-02 -8.630331584088079921e+01
9.645211860591512698e-02 -8.526628668912893261e+01
9.574800539208497274e-02 -8.413390038820222117e+01
9.505319509138565603e-02 -8.296406325063388465e+01
9.436794303669895911e-02 -8.181786158080490168e+01
9.369251192462221822e-02 -8.067529709779147140e+01
9.302717186352227330e-02 -7.942793433347814869e+01
9.237220037507959391e-02 -7.810498697877100938e+01
9.172788233753265130e-02 -7.684366711645164116e+01
9.109450985664011013e-02 -7.549399743087968773e+01
9.047238204792149019e-02 -7.411275634916674449e+01
8.986180471103694112e-02 -7.274672132875801367e+01
8.926308987427686303e-02 -7.127352040025095903e+01
8.867655518413937454e-02 -6.976926347442731924e+01
8.810252311202287911e-02 -6.821758126025716251e+01
8.754131994735986355e-02 -6.663659947955237328e+01
8.699327454435901164e-02 -6.506503440902501723e+01
8.645871678829229745e-02 -6.345474644258545283e+01
8.593797574745086487e-02 -6.175474379779854672e+01
8.543137747909196333e-02 -5.999449125935129246e+01
8.493924246258535704e-02 -5.819241630294582990e+01
8.446188264126278100e-02 -5.643091849036581209e+01
8.399959806687401498e-02 -5.458626379430679521e+01
8.355267315761703839e-02 -5.267389949825081885e+01
8.312137260271861006e-02 -5.080611922125751079e+01
8.270593697332247196e-02 -4.889668808710680992e+01
8.230657813017963620e-02 -4.691878278347589770e+01
8.192347455171708481e-02 -4.493162087913945868e+01
8.155676673898698548e-02 -4.294447607004147471e+01
8.120655288342597256e-02 -4.092355165585268395e+01
8.087288500533003355e-02 -3.892888249500392561e+01
8.055576578134721055e-02 -3.692853215497372332e+01
8.025514627443494642e-02 -3.492463153603299730e+01
7.997092475714846771e-02 -3.294621939471650762e+01
7.970294677823917817e-02 -3.099842617272449630e+01
7.945100656515940996e-02 -2.906802832384027724e+01
7.921484978547650713e-02 -2.717701998746917980e+01
7.899417761478499944e-02 -2.532771766323216767e+01
7.878865198508167023e-02 -2.351929416960670594e+01
7.859790182341465370e-02 -2.176343831714991239e+01
7.842153004241834979e-02 -2.005884883176423727e+01
7.825912101638594909e-02 -1.840762411446953450e+01
7.811024827030960127e-02 -1.681069524683297089e+01
7.797448212353058627e-02 -1.526844426217125239e+01
7.785139706066307452e-02 -1.378022393899694187e+01
7.774057864515986072e-02 -1.234377207553922950e+01
7.764162983960848363e-02 -1.095666528915722537e+01
7.755417664622372975e-02 -9.615484160767728383e+00
7.747787302662108300e-02 -8.316641111537164122e+00
7.741240509868178854e-02 -7.055642912860142779e+00
7.735749463835402129e-02 -5.827763779611026429e+00
7.731290193497393493e-02 -4.627951392417443799e+00
7.727842806045479018e-02 -3.450839581083139596e+00
7.725391661642361241e-02 -2.290942036472293886e+00
7.723925502036384227e-02 -1.142573259143446096e+00
7.723437538344556097e-02 0.000000000000000000e+00
7.723925502036384227e-02 1.142573259144280762e+00
7.725391661642362628e-02 2.290942036472293886e+00
7.727842806045479018e-02 3.450839581082304708e+00
7.731290193497393493e-02 4.627951392417443799e+00
7.735749463835402129e-02 5.827763779611026429e+00
7.741240509868178854e-02 7.055642912859307891e+00
7.747787302662106912e-02 8.316641111537164122e+00
7.755417664622372975e-02 9.615484160769396382e+00
7.764162983960849751e-02 1.095666528915806026e+01
7.774057864515987459e-02 1.234377207553839462e+01
7.785139706066307452e-02 1.378022393899610698e+01
7.797448212353058627e-02 1.526844426217208728e+01
7.811024827030961515e-02 1.681069524683380578e+01
7.825912101638596297e-02 1.840762411446869962e+01
7.842153004241834979e-02 2.005884883176340239e+01
7.859790182341465370e-02 2.176343831714991239e+01
7.878865198508167023e-02 2.351929416960670594e+01
7.899417761478499944e-02 2.532771766323216767e+01
7.921484978547650713e-02 2.717701998747001468e+01
7.945100656515942383e-02 2.906802832384027724e+01
7.970294677823917817e-02 3.099842617272366141e+01
7.997092475714846771e-02 3.294621939471650762e+01
8.025514627443494642e-02 3.492463153603299730e+01
8.055576578134721055e-02 3.692853215497372332e+01
8.087288500533003355e-02 3.892888249500392561e+01
8.120655288342597256e-02 4.092355165585268395e+01
8.155676673898698548e-02 4.294447607004230605e+01
8.192347455171709869e-02 4.493162087914029712e+01
8.230657813017965008e-02 4.691878278347672904e+01
8.270593697332249972e-02 4.889668808710597858e+01
8.312137260271861006e-02 5.080611922125584101e+01
8.355267315761703839e-02 5.267389949825248863e+01
8.399959806687404273e-02 5.458626379430762654e+01
8.446188264126279488e-02 5.643091849036498076e+01
8.493924246258537092e-02 5.819241630294582990e+01
8.543137747909197721e-02 5.999449125935212379e+01
8.593797574745089263e-02 6.175474379779938516e+01
8.645871678829232521e-02 6.345474644258378305e+01
8.699327454435901164e-02 6.506503440902334034e+01
8.754131994735986355e-02 6.663659947955237328e+01
8.810252311202287911e-02 6.821758126025800095e+01
8.867655518413938842e-02 6.976926347442898191e+01
8.926308987427689079e-02 7.127352040025179747e+01
8.986180471103696887e-02 7.274672132875801367e+01
9.047238204792151794e-02 7.411275634916508182e+01
9.109450985664011013e-02 7.549399743087802506e+01
9.172788233753265130e-02 7.684366711645330383e+01
9.237220037507962167e-02 7.810498697877100938e+01
9.302717186352227330e-02 7.942793433347731025e+01
9.369251192462223210e-02 8.067529709779147140e+01
9.436794303669895911e-02 8.181786158080406324e+01
9.505319509138565603e-02 8.296406325063472309e+01
9.574800539208498662e-02 8.413390038820388384e+01
9.645211860591515474e-02 8.526628668912975684e+01
9.716528667900846405e-02 8.630331584087996077e+01
9.788726872335505591e-02 8.735901687102902713e+01
9.861783088195050229e-02 8.838500843649225658e+01
9.935674617778844642e-02 8.937928144967645494e+01
1.001037943512119166e-01 9.035600459355175929e+01
1.008587616892767241e-01 9.127002842544366956e+01
1.016214408500648453e-01 9.221039707784201767e+01
1.023916306842926893e-01 9.310301268352860404e+01
1.031691360560719195e-01 9.395398378097711145e+01
1.039537676642797726e-01 9.480407225820817985e+01
1.047453418656710961e-01 9.563038549167239921e+01
1.055436805005981332e-01 9.643551333283987503e+01
1.063486107219913102e-01 9.722020696868067091e+01
1.071599648280806838e-01 9.798459232363001092e+01
1.079775800992014007e-01 9.872902349502980712e+01
1.088012986389150089e-01 9.945440850294183122e+01
1.096309672195932700e-01 1.001620551086608231e+02
1.104664371325408956e-01 1.008568288456671525e+02
1.113075640426818835e-01 1.015141511502114611e+02
1.121542078477916343e-01 1.021667791098944775e+02
1.130062325422266367e-01 1.028214335960399524e+02
1.138635060850784753e-01 1.034505395451024441e+02
1.147259002726627453e-01 1.040460151775813387e+02
1.155932906152400130e-01 1.046331689641272362e+02
1.164655562178571052e-01 1.052156117443222598e+02
1.173425796651924591e-01 1.057862712991131247e+02
1.182242469102846583e-01 1.063491216423048087e+02
1.191104471670227927e-01 1.068776375255088738e+02
1.200010728062767540e-01 1.074034987030256474e+02
1.208960192555470770e-01 1.079176159978391070e+02
1.217951849020151439e-01 1.084198058301001737e+02
1.226984709988779010e-01 1.089099629080446618e+02
1.236057815748531491e-01 1.093886813614347915e+02
1.245170233467451926e-01 1.098570050983870203e+02
1.254321056349638752e-01 1.103131776421266608e+02
1.263509402818929206e-01 1.107600816359447577e+02
1.272734415730080448e-01 1.111959986222773580e+02
1.281995261606471703e-01 1.116221777653295248e+02
1.291291129903403556e-01 1.120396854492773144e+02
1.300621232296080287e-01 1.124459493674126804e+02
1.309984801991422865e-01 1.128403475575841099e+02
1.319381093062861610e-01 1.132337996079569251e+02
1.328809379807314450e-01 1.136143874081725329e+02
1.338268956123563336e-01 1.139837351210134386e+02
1.347759134911289958e-01 1.143507522709213902e+02
1.357279247490044138e-01 1.147075492305663289e+02
1.366828643037457103e-01 1.150531220594516100e+02
1.376406688046017956e-01 1.153964485707986540e+02
1.386012765797786650e-01 1.157306379834984540e+02
1.395646275856408103e-01 1.160548668883791805e+02
1.405306633575834352e-01 1.163764864495719848e+02
1.414993269625176020e-01 1.166890753384322892e+02
1.424705629529131601e-01 1.169934958156413671e+02
1.434443173223447776e-01 1.172919846790495058e+02
1.444205374624903671e-01 1.175885359643130954e+02
1.453991721215316946e-01 1.178778123845822137e+02
1.463801713639087121e-01 1.181564270824032690e+02
1.473634865313815656e-01 1.184284532143563382e+02
1.483490702053551769e-01 1.187034440271648634e+02
1.493368761704238212e-01 1.189719117587101493e+02
1.503268593790933194e-01 1.192264310314120905e+02
1.513189759176409299e-01 1.194799666147822421e+02
1.523131829730741682e-01 1.197304891211981754e+02
1.533094388011511655e-01 1.199750024706736156e+02
1.543077026954259856e-01 1.202127180303517804e+02
1.553079349572848433e-01 1.204473216331636394e+02
1.563100968669386970e-01 1.206739349681385818e+02
1.573141506553406288e-01 1.209033698465586752e+02
1.583200594769953451e-01 1.211275914062755987e+02
1.593277873836324021e-01 1.213403630292453244e+02
1.603372992987120993e-01 1.215529944174630259e+02
1.613485609927374775e-01 1.217610042835781030e+02
1.623615390593436403e-01 1.219667308223886977e+02
1.633762008921396669e-01 1.221677237403932423e+02
1.643925146622765843e-01 1.223634269165153938e+02
1.654104492967181372e-01 1.225567769219059073e+02
1.664299744571889894e-01 1.227463247222202938e+02
1.674510605197799262e-01 1.229317559035241203e+02
1.684736785551858851e-01 1.231155768385881686e+02
1.694978003095568841e-01 1.232953138873666603e+02
1.705233981859409220e-01 1.234700979644616581e+02
1.715504452262995860e-01 1.236429965729824261e+02
1.725789150940761074e-01 1.238126337466124625e+02
1.736087820572990437e-01 1.239791280527504966e+02
1.746400209722022701e-01 1.241455380882752735e+02
1.756726072673456263e-01 1.243038909208857206e+02
