7.195227382024743656e-02 -5.110946154337485225e+00
7.195102199589931136e-02 -5.184439458013049951e+00
7.194973995702810821e-02 -5.257941915008202294e+00
7.194842674456949916e-02 -5.331340561202798867e+00
7.194708136178309954e-02 -5.404511948679127542e+00
7.194570277248857337e-02 -5.477321419179988382e+00
7.194428989920570450e-02 -5.549622341271607695e+00
7.194284162119267412e-02 -5.621255311350798145e+00
7.194135677237591120e-02 -5.692047318539767531e+00
7.193983413916510417e-02 -5.761810874412701899e+00
7.193827245814579663e-02 -5.830343109760447007e+00
7.193667041364174008e-02 -5.897424839464286528e+00
7.193502663513884343e-02 -5.962819598659323539e+00
7.193333969456151833e-02 -6.026272653772811516e+00
7.193160810339199740e-02 -6.087509992787449420e+00
7.192983030962216140e-02 -6.146237300872747333e+00
7.192800469452670376e-02 -6.202138927492510945e+00
7.192612956924598899e-02 -6.254876853595801478e+00
7.192420317116551831e-02 -6.304089669038893007e+00
7.192222366007830492e-02 -6.349391571249738853e+00
7.192018911411535154e-02 -6.390371398742612286e+00
7.191809752542829837e-02 -6.426591715362832247e+00
7.191594679560689429e-02 -6.457587963032261236e+00
7.191373473081288936e-02 -6.482867703536873805e+00
7.191145903661017025e-02 -6.501909972330225607e+00
7.190911731246987793e-02 -6.514164770857754583e+00
7.190670704592677653e-02 -6.519052726784307694e+00
7.190422560636192117e-02 -6.515964953706097518e+00
7.190167023838463234e-02 -6.504263147330924255e+00
7.189903805478373156e-02 -6.483279956759216311e+00
7.189632602901685487e-02 -6.452319673532882049e+00
7.189353098720269175e-02 -6.410659284474767183e+00
7.189064959957941481e-02 -6.357549937207291002e+00
7.188767837138823613e-02 -6.292218870883471205e+00
7.188461363313819463e-02 -6.213871865270412798e+00
7.188145153020479572e-02 -6.121696264696166345e+00
7.187818801171023952e-02 -6.014864633979407849e+00
7.187481881862886612e-02 -5.892539102284365171e+00
7.187133947105672771e-02 -5.753876450183937230e+00
7.186774525457854945e-02 -5.598033992502608136e+00
7.186403120565920677e-02 -5.424176304303428786e+00
7.186019209598044910e-02 -5.231482829849515959e+00
7.185622241563714707e-02 -5.019156406325762987e+00
7.185211635509793082e-02 -4.786432721340283081e+00
7.184786778582821776e-02 -4.532590708155733950e+00
7.184347023946277555e-02 -4.256963865517005452e+00
7.183891688540505749e-02 -3.958952466710895735e+00
7.183420050671922297e-02 -3.638036598652204301e+00
7.182931347416773860e-02 -3.293789944314089002e+00
7.182424771823324450e-02 -2.925894190613310020e+00
7.181899469894911792e-02 -2.534153911424974481e+00
7.181354537334447286e-02 -2.118511740239874097e+00
7.180789016029233418e-02 -1.679063610650593841e+00
7.180201890252778385e-02 -1.216073807142602270e+00
7.179592082558100552e-02 -7.299895334832814386e-01
7.178958449334450764e-02 -2.214546740842406047e-01
7.178299775996627163e-02 3.086776040748747674e-01
7.177614771773030422e-02 8.593337826896794152e-01
7.176902064055196151e-02 1.429210843391034880e+00
7.176160192267877491e-02 2.016769428907387418e+00
7.175387601214644473e-02 2.620229694975343637e+00
7.174582633849513336e-02 3.237570211388931973e+00
7.173743523420131329e-02 3.866530233256064264e+00
7.172868384922716223e-02 4.504615610686966143e+00
7.171955205802993394e-02 5.149108536936592095e+00
7.171001835830910498e-02 5.797081251638248389e+00
7.170005976069922238e-02 6.445413719023592947e+00
7.168965166853993876e-02 7.090815193237279601e+00
7.167876774677267582e-02 7.729849466980243555e+00
7.166737977892505274e-02 8.358963479806977404e+00
7.165545751105061034e-02 8.974518843086922715e+00
7.164296848139226070e-02 9.572825724991433916e+00
7.162987783443468259e-02 1.015017843581395596e+01
7.161614811790550927e-02 1.070289196681485677e+01
7.160173906117933695e-02 1.122733866934012781e+01
7.158660733343630289e-02 1.171998421926947742e+01
7.157070627983228017e-02 1.217742199751132048e+01
7.155398563385878541e-02 1.259640503276469303e+01
7.153639120401418527e-02 1.297387469839863883e+01
7.151786453288812295e-02 1.330698542986829658e+01
7.149834252679278246e-02 1.359312483127257920e+01
7.147775705417915015e-02 1.382992866559405876e+01
7.145603451128154648e-02 1.401529036885738400e+01
7.143309535377521946e-02 1.414736488948400073e+01
7.140885359375552521e-02 1.422456682608943801e+01
7.138321626211077686e-02 1.424556301480571996e+01
7.135608283744095115e-02 1.420925989826231550e+01
7.132734464416003173e-02 1.411478619020222780e+01
7.129688422442873041e-02 1.396147153137094854e+01
7.126457469123377575e-02 1.374882201580863672e+01
7.123027907342766030e-02 1.347649365452689452e+01
7.119384966806385773e-02 1.314426504129796669e+01
7.115512742112756195e-02 1.275201069960414024e+01
7.111394136501007768e-02 1.229967682764255166e+01
7.107010815004928539e-02 1.178726142657959386e+01
7.102343171837476044e-02 1.121480109981656348e+01
7.097370318130104272e-02 1.058236714556408309e+01
7.092070097660975458e-02 9.890073918843771850e+00
7.086419139901473097e-02 9.138102782361684717e+00
7.080392961529963225e-02 8.326745244682294711e+00
7.073966129388632729e-02 7.456469010969869693e+00
7.067112499502049838e-02 6.528010516981450628e+00
7.059805547947733961e-02 5.542496905448037303e+00
7.052018809672107313e-02 4.501599116855804716e+00
7.043726440271379230e-02 3.407715564013733989e+00
7.034903912710671614e-02 2.264182526000504847e+00
7.025528855320757604e-02 1.075502820508478674e+00
7.015582028674986759e-02 -1.524213984154179358e-01
7.005048426875230827e-02 -1.412072258282243142e+00
6.993918473637356081e-02 -2.694142881180706439e+00
6.982189266368916958e-02 -3.987438341794427910e+00
6.969865804058521241e-02 -5.278883055644849165e+00
6.956962119971182856e-02 -6.553662643254027920e+00
6.943502231110063039e-02 -7.795517883480984622e+00
6.929520816290656027e-02 -8.987191817539359917e+00
6.915063545635785625e-02 -1.011101033223242851e+01
6.900187006676032631e-02 -1.114955529945953394e+01
6.884958204030276752e-02 -1.208637223067551680e+01
6.869453646605713781e-02 -1.290664574179124635e+01
6.853758072722669625e-02 -1.359777846088574016e+01
6.837962893751051152e-02 -1.414982215376439889e+01
6.822164456254789511e-02 -1.455573084056829281e+01
6.806462229105567086e-02 -1.481142978801506160e+01
6.790957015991869183e-02 -1.491571646344014823e+01
6.775749277836985718e-02 -1.487002600417063647e+01
6.760937627718698051e-02 -1.467810251188615212e+01
6.746617537016061372e-02 -1.434561886475009906e+01
6.732880269104565829e-02 -1.387978341375237257e+01
6.719812038273224875e-02 -1.328896346882562618e+01
6.707493377741993723e-02 -1.258234631419383120e+01
6.695998691808670300e-02 -1.176965081679447067e+01
6.685395962665854896e-02 -1.086089330077435378e+01
6.675746581368097177e-02 -9.866206007884800400e+00
6.667105273783079100e-02 -8.795706106451126161e+00
6.659520095206265811e-02 -7.659408194781209822e+00
6.653032470913493313e-02 -6.467171341585946642e+00
6.647677263731475994e-02 -5.228678322982359461e+00
6.643482853371776575e-02 -3.953433914685799522e+00
6.640471215603512001e-02 -2.650778405113627834e+00
6.638657992253936546e-02 -1.329926329932727969e+00
6.638052545525208181e-02 0.000000000000000000e+00
6.638657992253936546e-02 1.329926329932727969e+00
6.640471215603512001e-02 2.650778405113627834e+00
6.643482853371776575e-02 3.953433914685799522e+00
6.647677263731475994e-02 5.228678322982359461e+00
6.653032470913493313e-02 6.467171341585946642e+00
6.659520095206265811e-02 7.659408194781209822e+00
6.667105273783079100e-02 8.795706106451126161e+00
6.675746581368097177e-02 9.866206007884800400e+00
6.685395962665854896e-02 1.086089330077435378e+01
6.695998691808670300e-02 1.176965081679447067e+01
6.707493377741993723e-02 1.258234631419466609e+01
6.719812038273226262e-02 1.328896346882562618e+01
6.732880269104565829e-02 1.387978341375237257e+01
6.746617537016062760e-02 1.434561886475093395e+01
6.760937627718699439e-02 1.467810251188531723e+01
6.775749277836985718e-02 1.487002600416980158e+01
6.790957015991869183e-02 1.491571646344014823e+01
6.806462229105567086e-02 1.481142978801589649e+01
6.822164456254790899e-02 1.455573084056829281e+01
6.837962893751051152e-02 1.414982215376356400e+01
6.853758072722669625e-02 1.359777846088574016e+01
6.869453646605713781e-02 1.290664574179208124e+01
6.884958204030278139e-02 1.208637223067635169e+01
6.900187006676034018e-02 1.114955529945786417e+01
6.915063545635785625e-02 1.011101033223159362e+01
6.929520816290656027e-02 8.987191817540194805e+00
6.943502231110063039e-02 7.795517883480984622e+00
6.956962119971182856e-02 6.553662643254027920e+00
6.969865804058521241e-02 5.278883055644849165e+00
6.982189266368918346e-02 3.987438341794427910e+00
6.993918473637356081e-02 2.694142881180706439e+00
7.005048426875232215e-02 1.412072258282243142e+00
7.015582028674986759e-02 1.524213984154179358e-01
7.025528855320757604e-02 -1.075502820508478674e+00
7.034903912710671614e-02 -2.264182526000504847e+00
7.043726440271377842e-02 -3.407715564013733989e+00
7.052018809672107313e-02 -4.501599116855804716e+00
7.059805547947733961e-02 -5.542496905448037303e+00
7.067112499502049838e-02 -6.528010516980615741e+00
7.073966129388631341e-02 -7.456469010970703692e+00
7.080392961529964613e-02 -8.326745244683129599e+00
7.086419139901473097e-02 -9.138102782360849830e+00
7.092070097660975458e-02 -9.890073918845441625e+00
7.097370318130105660e-02 -1.058236714556408309e+01
7.102343171837476044e-02 -1.121480109981489370e+01
7.107010815004928539e-02 -1.178726142657959386e+01
7.111394136501007768e-02 -1.229967682764255166e+01
7.115512742112756195e-02 -1.275201069960414024e+01
7.119384966806385773e-02 -1.314426504129796669e+01
7.123027907342766030e-02 -1.347649365452689452e+01
7.126457469123377575e-02 -1.374882201580863672e+01
7.129688422442873041e-02 -1.396147153137094854e+01
7.132734464416003173e-02 -1.411478619020556735e+01
7.135608283744096503e-02 -1.420925989826565505e+01
7.138321626211079074e-02 -1.424556301479904263e+01
7.140885359375551134e-02 -1.422456682608610024e+01
7.143309535377521946e-02 -1.414736488948400073e+01
7.145603451128153261e-02 -1.401529036886155843e+01
7.147775705417916403e-02 -1.382992866560157097e+01
7.149834252679279634e-02 -1.359312483126840654e+01
7.151786453288812295e-02 -1.330698542986412214e+01
7.153639120401418527e-02 -1.297387469840281327e+01
7.155398563385879929e-02 -1.259640503276469303e+01
7.157070627983228017e-02 -1.217742199750213850e+01
7.158660733343628901e-02 -1.171998421926947742e+01
7.160173906117933695e-02 -1.122733866934513536e+01
7.161614811790550927e-02 -1.070289196681986610e+01
7.162987783443469647e-02 -1.015017843581395596e+01
7.164296848139226070e-02 -9.572825724986426366e+00
7.165545751105061034e-02 -8.974518843086922715e+00
7.166737977892505274e-02 -8.358963479811984953e+00
7.167876774677268970e-02 -7.729849466980243555e+00
7.168965166853993876e-02 -7.090815193228096724e+00
7.170005976069920850e-02 -6.445413719019419396e+00
7.171001835830909110e-02 -5.797081251642421940e+00
7.171955205802993394e-02 -5.149108536940765646e+00
7.172868384922716223e-02 -4.504615610686966143e+00
7.173743523420131329e-02 -3.866530233256064264e+00
7.174582633849513336e-02 -3.237570211386427754e+00
7.175387601214643085e-02 -2.620229694972004530e+00
7.176160192267874716e-02 -2.016769428909892081e+00
7.176902064055196151e-02 -1.429210843394373986e+00
7.177614771773031810e-02 -8.593337826896794152e-01
7.178299775996627163e-02 -3.086776040748747674e-01
7.178958449334449377e-02 2.214546740842406047e-01
7.179592082558100552e-02 7.299895334816118853e-01
7.180201890252776997e-02 1.216073807142602270e+00
7.180789016029233418e-02 1.679063610652263394e+00
7.181354537334447286e-02 2.118511740239874097e+00
7.181899469894911792e-02 2.534153911424974481e+00
7.182424771823324450e-02 2.925894190608301138e+00
7.182931347416772472e-02 3.293789944319932772e+00
7.183420050671923685e-02 3.638036598650534525e+00
7.183891688540504361e-02 3.958952466705051965e+00
7.184347023946277555e-02 4.256963865523683666e+00
7.184786778582821776e-02 4.532590708147385961e+00
7.185211635509791694e-02 4.786432721331935980e+00
7.185622241563713319e-02 5.019156406334110976e+00
7.186019209598044910e-02 5.231482829857863948e+00
7.186403120565920677e-02 5.424176304303428786e+00
7.186774525457854945e-02 5.598033992480068832e+00
7.187133947105669995e-02 5.753876450159729039e+00
7.187481881862883837e-02 5.892539102319425126e+00
7.187818801171025340e-02 6.014864634016972467e+00
7.188145153020480960e-02 6.121696264656097064e+00
7.188461363313816688e-02 6.213871865242031056e+00
7.188767837138822225e-02 6.292218870941905351e+00
7.189064959957944256e-02 6.357549937222316316e+00
7.189353098720269175e-02 6.410659284443879891e+00
7.189632602901685487e-02 6.452319673532882049e+00
7.189903805478373156e-02 6.483279956759216311e+00
7.190167023838463234e-02 6.504263147330924255e+00
7.190422560636192117e-02 6.515964953669367787e+00
7.190670704592674878e-02 6.519052726822708088e+00
7.190911731246990568e-02 6.514164770933718707e+00
7.191145903661019800e-02 6.501909972311860741e+00
7.191373473081290324e-02 6.482867703497639411e+00
7.191594679560689429e-02 6.457587963033096123e+00
7.191809752542831224e-02 6.426591715362832247e+00
7.192018911411535154e-02 6.390371398721742757e+00
7.192222366007830492e-02 6.349391571249738853e+00
7.192420317116551831e-02 6.304089669038893007e+00
7.192612956924598899e-02 6.254876853619175670e+00
7.192800469452671763e-02 6.202138927492510945e+00
7.192983030962216140e-02 6.146237300849373142e+00
7.193160810339199740e-02 6.087509992763240341e+00
7.193333969456150445e-02 6.026272653723560246e+00
7.193502663513881568e-02 5.962819598683532618e+00
7.193667041364174008e-02 5.897424839513537798e+00
7.193827245814579663e-02 5.830343109760447007e+00
7.193983413916510417e-02 5.761810874412701899e+00
7.194135677237591120e-02 5.692047318539767531e+00
7.194284162119267412e-02 5.621255311405058741e+00
7.194428989920573225e-02 5.549622341244894841e+00
7.194570277248855950e-02 5.477321419070632302e+00
7.194708136178307178e-02 5.404511948705840396e+00
7.194842674456949916e-02 5.331340561313823834e+00
7.194973995702813596e-02 5.257941915008202294e+00
7.195102199589931136e-02 5.184439457957120467e+00
7.195227382024743656e-02 5.110946154337485225e+00
