7.195464348019786627e-02 -5.143416910955627586e+00
7.195340514140108334e-02 -5.222544481010707784e+00
7.195213610482323330e-02 -5.301938365360845395e+00
7.195083536355123544e-02 -5.381490910174427711e+00
7.194950186953719129e-02 -5.461083385571384063e+00
7.194813453158226124e-02 -5.540585143219554531e+00
7.194673221320517509e-02 -5.619852723675966111e+00
7.194529373038754949e-02 -5.698728913109870398e+00
7.194381784918796319e-02 -5.777041748783985575e+00
7.194230328321571388e-02 -5.854603472379011464e+00
7.194074869095523628e-02 -5.931209431396836429e+00
7.193915267293068960e-02 -6.006636930012302145e+00
7.193751376869990388e-02 -6.080644030490439889e+00
7.193583045366576390e-02 -6.152968307287020266e+00
7.193410113569261022e-02 -6.223325558009617176e+00
7.193232415151339099e-02 -6.291408475312053383e+00
7.193049776291335351e-02 -6.356885285750970560e+00
7.192862015267370568e-02 -6.419398363549076336e+00
7.192668942025837175e-02 -6.478562828229712522e+00
7.192470357722482999e-02 -6.533965138298757580e+00
7.192266054233883987e-02 -6.585161694278519384e+00
7.192055813637115991e-02 -6.631677468139695719e+00
7.191839407655226113e-02 -6.673004678211865937e+00
7.191616597065958461e-02 -6.708601533188272903e+00
7.191387131070864358e-02 -6.737891071165519108e+00
7.191150746621827183e-02 -6.760260124082277500e+00
7.190907167701635072e-02 -6.775058443311240630e+00
7.190656104555018246e-02 -6.781598025140353592e+00
7.190397252866223554e-02 -6.779152681096790367e+00
7.190130292878837981e-02 -6.766957902202581643e+00
7.189854888453242610e-02 -6.744211073014999336e+00
7.189570686056537263e-02 -6.710072095944481951e+00
7.189277313679424963e-02 -6.663664491161187087e+00
7.188974379673965243e-02 -6.604077044117873108e+00
7.188661471505544687e-02 -6.530366076986668489e+00
7.188338154411760828e-02 -6.441558424401036653e+00
7.188003969960256312e-02 -6.336655197510474125e+00
7.187658434496738136e-02 -6.214636423280540001e+00
7.187301037473539655e-02 -6.074466645899852857e+00
7.186931239648189362e-02 -5.915101576783385440e+00
7.186548471140291605e-02 -5.735495875516732234e+00
7.186152129333983618e-02 -5.534612137928717424e+00
7.185741576611789916e-02 -5.311431158299716238e+00
7.185316137904308731e-02 -5.064963517884928379e+00
7.184875098038542851e-02 -4.794262534766407846e+00
7.184417698865849800e-02 -4.498438587261619048e+00
7.183943136148426833e-02 -4.176674794253961487e+00
7.183450556181092406e-02 -3.828244002957331471e+00
7.182939052122447321e-02 -3.452526995535937449e+00
7.182407660006756567e-02 -3.049031780972866645e+00
7.181855354404678704e-02 -2.617413789632203169e+00
7.181281043697392008e-02 -2.157496734098180990e+00
7.180683564924605911e-02 -1.669293842742040512e+00
7.180061678162535932e-02 -1.153029114180790238e+00
7.179414060382706408e-02 -6.091581827201405508e-01
7.178739298736787344e-02 -3.838832923615427550e-02
7.178035883206204670e-02 5.583028775995622084e-01
7.177302198547949597e-02 1.179650865901356704e+00
7.176536515459770726e-02 1.824089855891805723e+00
7.175736980878666404e-02 2.489741763939705255e+00
7.174901607316022667e-02 3.174408807106378738e+00
7.174028261120878047e-02 3.875570371557967686e+00
7.173114649549290622e-02 4.590384654815045096e+00
7.172158306502590674e-02 5.315695511928776540e+00
7.171156576779971759e-02 6.048044828523722494e+00
7.170106598671416309e-02 6.783690609913105796e+00
7.169005284694843216e-02 7.518630817890298523e+00
7.167849300256363965e-02 8.248632808470668820e+00
7.166635039984414757e-02 8.969268030875626962e+00
7.165358601456719989e-02 9.675951447399206984e+00
7.164015756003327962e-02 1.036398493320876035e+01
7.162601916228905630e-02 1.102860372429343805e+01
7.161112099852691426e-02 1.166502480941998066e+01
7.159540889414831022e-02 1.226849601794658007e+01
7.157882387342798247e-02 1.283434444727160795e+01
7.156130165811587507e-02 1.335802280864075620e+01
7.154277210766261941e-02 1.383515225318542008e+01
7.152315859406219167e-02 1.426156027313891350e+01
7.150237730358456612e-02 1.463331235736329461e+01
7.148033645694348848e-02 1.494673621192764479e+01
7.145693543874957754e-02 1.519843753218450111e+01
7.143206382648757680e-02 1.538530652638159779e+01
7.140560030881519527e-02 1.550451463513116224e+01
7.137741148282601700e-02 1.555350116173220165e+01
7.134735052021970447e-02 1.552994981995468748e+01
7.131525569331939596e-02 1.543175551918545096e+01
7.128094875389415219e-02 1.525698204650376333e+01
7.124423316123661143e-02 1.500381168357020556e+01
7.120489216151212886e-02 1.467048823509692212e+01
7.116268672883642454e-02 1.425525547739535170e+01
7.111735339088455510e-02 1.375629370615384417e+01
7.106860197938892620e-02 1.317165793047513489e+01
7.101611337023486237e-02 1.249922239567997728e+01
7.095953731085090366e-02 1.173663759533834394e+01
7.089849047619728450e-02 1.088130782008528818e+01
7.083255495072503238e-02 9.930399617140968971e+00
7.076127740342935679e-02 8.880894248118034184e+00
7.068416930628404482e-02 7.729700125880571093e+00
7.060070863987545631e-02 6.473843815965327764e+00
7.051034362631210251e-02 5.110759647123293448e+00
7.041249911402827633e-02 3.638696918445482709e+00
7.030658628846953029e-02 2.057258186961173685e+00
7.019201636318075921e-02 3.680698409010748628e-01
7.006821877506483331e-02 -1.424435062993907763e+00
6.993466412067939064e-02 -3.312172796382530482e+00
6.979089159351026250e-02 -5.282593773503643675e+00
6.963654001307705010e-02 -7.318026085846207174e+00
6.947138072933631281e-02 -9.395336288973290095e+00
6.929534986748800418e-02 -1.148606713312803329e+01
6.910857674538051221e-02 -1.355717099260080793e+01
6.891140507388324177e-02 -1.557236999172809711e+01
6.870440391944555858e-02 -1.749405200002564342e+01
6.848836641405471604e-02 -1.928548707687692598e+01
6.826429569876073244e-02 -2.091306214795896423e+01
6.803337926882471742e-02 -2.234821522665711768e+01
6.779695436194821401e-02 -2.356881268069995272e+01
6.755646796779228580e-02 -2.455983309137390336e+01
6.731343528065372728e-02 -2.531335916261550878e+01
6.706940001595000644e-02 -2.582799453163924497e+01
6.682589916804332342e-02 -2.610788697130550062e+01
6.658443376433112459e-02 -2.616155994902466020e+01
6.634644620001073356e-02 -2.600071668447788298e+01
6.611330396815576216e-02 -2.563914254067213605e+01
6.588628908809693319e-02 -2.509178082817593491e+01
6.566659226871264521e-02 -2.437399738305083119e+01
6.545531077020823318e-02 -2.350104511712124733e+01
6.525344898474261246e-02 -2.248770109680106088e+01
6.506192088521330075e-02 -2.134803384230926682e+01
6.488155364885626886e-02 -2.009525666613840755e+01
6.471309191929373872e-02 -1.874172919792652792e+01
6.455720231116385266e-02 -1.729894408599324152e+01
6.441447787851244111e-02 -1.577754865611908563e+01
6.428544236052161076e-02 -1.418747135529653569e+01
6.417055408788616133e-02 -1.253794095738640735e+01
6.407020948363596757e-02 -1.083761218809270055e+01
6.398474612717963694e-02 -9.094649835289960293e+00
6.391444537330752407e-02 -7.316752280028453015e+00
6.385953453182544037e-02 -5.511314279094664315e+00
6.382018862081774435e-02 -3.685452345239279115e+00
6.379653170914248439e-02 -1.846085839655694727e+00
6.378863786307775730e-02 0.000000000000000000e+00
6.379653170914248439e-02 1.846085839655694727e+00
6.382018862081775823e-02 3.685452345239279115e+00
6.385953453182544037e-02 5.511314279094664315e+00
6.391444537330752407e-02 7.316752280028453015e+00
6.398474612717963694e-02 9.094649835289960293e+00
6.407020948363596757e-02 1.083761218809437032e+01
6.417055408788618909e-02 1.253794095738640735e+01
6.428544236052161076e-02 1.418747135529486769e+01
6.441447787851244111e-02 1.577754865611908563e+01
6.455720231116385266e-02 1.729894408599324152e+01
6.471309191929373872e-02 1.874172919792652792e+01
6.488155364885626886e-02 2.009525666613840755e+01
6.506192088521330075e-02 2.134803384230926682e+01
6.525344898474261246e-02 2.248770109680106088e+01
6.545531077020823318e-02 2.350104511712124733e+01
6.566659226871264521e-02 2.437399738305166608e+01
6.588628908809694706e-02 2.509178082817593491e+01
6.611330396815576216e-02 2.563914254067130116e+01
6.634644620001073356e-02 2.600071668447704809e+01
6.658443376433112459e-02 2.616155994902549509e+01
6.682589916804333730e-02 2.610788697130633551e+01
6.706940001595000644e-02 2.582799453163924497e+01
6.731343528065374116e-02 2.531335916261550878e+01
6.755646796779228580e-02 2.455983309137390336e+01
6.779695436194822789e-02 2.356881268069995272e+01
6.803337926882471742e-02 2.234821522665628279e+01
6.826429569876073244e-02 2.091306214795979912e+01
6.848836641405472991e-02 1.928548707687692598e+01
6.870440391944555858e-02 1.749405200002397365e+01
6.891140507388322789e-02 1.557236999172809711e+01
6.910857674538051221e-02 1.355717099260164282e+01
6.929534986748800418e-02 1.148606713312886818e+01
6.947138072933632669e-02 9.395336288973290095e+00
6.963654001307705010e-02 7.318026085845373174e+00
6.979089159351027638e-02 5.282593773503643675e+00
6.993466412067940452e-02 3.312172796382530482e+00
7.006821877506483331e-02 1.424435062993907763e+00
7.019201636318075921e-02 -3.680698409010748628e-01
7.030658628846953029e-02 -2.057258186961173685e+00
7.041249911402827633e-02 -3.638696918446317596e+00
7.051034362631211638e-02 -5.110759647123293448e+00
7.060070863987547019e-02 -6.473843815964493764e+00
7.068416930628405870e-02 -7.729700125879736206e+00
7.076127740342934291e-02 -8.880894248118869072e+00
7.083255495072504626e-02 -9.930399617141803859e+00
7.089849047619728450e-02 -1.088130782008445330e+01
7.095953731085090366e-02 -1.173663759533750905e+01
7.101611337023484849e-02 -1.249922239568164706e+01
7.106860197938894008e-02 -1.317165793047596978e+01
7.111735339088455510e-02 -1.375629370615217439e+01
7.116268672883642454e-02 -1.425525547739535170e+01
7.120489216151212886e-02 -1.467048823509441746e+01
7.124423316123659755e-02 -1.500381168356770090e+01
7.128094875389413831e-02 -1.525698204650626799e+01
7.131525569331939596e-02 -1.543175551919129518e+01
7.134735052021971835e-02 -1.552994981995468748e+01
7.137741148282601700e-02 -1.555350116172886210e+01
7.140560030881519527e-02 -1.550451463512698780e+01
7.143206382648756292e-02 -1.538530652638577223e+01
7.145693543874959142e-02 -1.519843753218867555e+01
7.148033645694348848e-02 -1.494673621191929591e+01
7.150237730358455224e-02 -1.463331235736329461e+01
7.152315859406219167e-02 -1.426156027313891350e+01
7.154277210766260553e-02 -1.383515225318542008e+01
7.156130165811587507e-02 -1.335802280864493063e+01
7.157882387342798247e-02 -1.283434444726659862e+01
7.159540889414829634e-02 -1.226849601794157074e+01
7.161112099852690038e-02 -1.166502480941998066e+01
7.162601916228904242e-02 -1.102860372430345670e+01
7.164015756003329349e-02 -1.036398493320876035e+01
7.165358601456718601e-02 -9.675951447390024995e+00
7.166635039984413369e-02 -8.969268030880636289e+00
7.167849300256363965e-02 -8.248632808479017697e+00
7.169005284694844604e-02 -7.518630817894472074e+00
7.170106598671417697e-02 -6.783690609908932245e+00
7.171156576779971759e-02 -6.048044828519548055e+00
7.172158306502590674e-02 -5.315695511928776540e+00
7.173114649549290622e-02 -4.590384654812541321e+00
7.174028261120876659e-02 -3.875570371559637461e+00
7.174901607316024055e-02 -3.174408807108882957e+00
7.175736980878666404e-02 -2.489741763939705255e+00
7.176536515459772114e-02 -1.824089855891805723e+00
7.177302198547949597e-02 -1.179650865899687151e+00
7.178035883206204670e-02 -5.583028776003969851e-01
7.178739298736785956e-02 3.838832923615427550e-02
7.179414060382706408e-02 6.091581827209753275e-01
7.180061678162535932e-02 1.153029114179120684e+00
7.180683564924604523e-02 1.669293842742040512e+00
7.181281043697392008e-02 2.157496734099850322e+00
7.181855354404678704e-02 2.617413789623855180e+00
7.182407660006753791e-02 3.049031780972866645e+00
7.182939052122447321e-02 3.452526995543450550e+00
7.183450556181092406e-02 3.828244002964009685e+00
7.183943136148428221e-02 4.176674794254796375e+00
7.184417698865849800e-02 4.498438587269967037e+00
7.184875098038545627e-02 4.794262534766407846e+00
7.185316137904308731e-02 5.064963517869902176e+00
7.185741576611789916e-02 5.311431158308899114e+00
7.186152129333985006e-02 5.534612137928717424e+00
7.186548471140291605e-02 5.735495875507549357e+00
7.186931239648189362e-02 5.915101576783385440e+00
7.187301037473539655e-02 6.074466645899852857e+00
7.187658434496738136e-02 6.214636423280540001e+00
7.188003969960256312e-02 6.336655197482927271e+00
7.188338154411758052e-02 6.441558424401036653e+00
7.188661471505544687e-02 6.530366077014216231e+00
7.188974379673965243e-02 6.604077044102847793e+00
7.189277313679423576e-02 6.663664491161187087e+00
7.189570686056537263e-02 6.710072095959508154e+00
7.189854888453242610e-02 6.744211073014999336e+00
7.190130292878837981e-02 6.766957902166685912e+00
7.190397252866220779e-02 6.779152681096790367e+00
7.190656104555018246e-02 6.781598025176248434e+00
7.190907167701635072e-02 6.775058443272006237e+00
7.191150746621824408e-02 6.760260124041374219e+00
7.191387131070861582e-02 6.737891071183884861e+00
7.191616597065957073e-02 6.708601533229177072e+00
7.191839407655226113e-02 6.673004678211031049e+00
7.192055813637114603e-02 6.631677468139695719e+00
7.192266054233883987e-02 6.585161694300222912e+00
7.192470357722482999e-02 6.533965138298757580e+00
7.192668942025837175e-02 6.478562828229712522e+00
7.192862015267370568e-02 6.419398363549076336e+00
7.193049776291335351e-02 6.356885285750970560e+00
7.193232415151339099e-02 6.291408475287010305e+00
7.193410113569259634e-02 6.223325558034661142e+00
7.193583045366577777e-02 6.152968307286185379e+00
7.193751376869989000e-02 6.080644030465396810e+00
7.193915267293068960e-02 6.006636930064058078e+00
7.194074869095525016e-02 5.931209431396836429e+00
7.194230328321571388e-02 5.854603472353133498e+00
7.194381784918796319e-02 5.777041748783985575e+00
7.194529373038754949e-02 5.698728913109870398e+00
7.194673221320517509e-02 5.619852723704347852e+00
7.194813453158227512e-02 5.540585143275484015e+00
7.194950186953721905e-02 5.461083385599765805e+00
7.195083536355126319e-02 5.381490910060898081e+00
7.195213610482320554e-02 5.301938365304081024e+00
7.195340514140108334e-02 5.222544481068307043e+00
7.195464348019786627e-02 5.143416910955627586e+00
