7.195010386302681804e-02 -5.062825216697551589e+00
7.194884368257203899e-02 -5.130795399901157516e+00
7.194755391778542841e-02 -5.198555588855466425e+00
7.194623366139582532e-02 -5.265990616472615571e+00
7.194488197194673362e-02 -5.332975579424537038e+00
7.194349787227324877e-02 -5.399375225137910128e+00
7.194208034790125494e-02 -5.465043314073924741e+00
7.194062834536360529e-02 -5.529821958090093581e+00
7.193914077042912192e-02 -5.593540935244721624e+00
7.193761648623897553e-02 -5.656016983843868751e+00
7.193605431134506012e-02 -5.717053077575656950e+00
7.193445301764438138e-02 -5.776437683982480920e+00
7.193281132820361634e-02 -5.833944009753795790e+00
7.193112791496703018e-02 -5.889329237956644647e+00
7.192940139634051988e-02 -5.942333761075626164e+00
7.192763033464466549e-02 -5.992680415977850394e+00
7.192581323342847610e-02 -6.040073728315852541e+00
7.192394853463533744e-02 -6.084199173700299390e+00
7.192203461561216815e-02 -6.124722465780814140e+00
7.192006978595161248e-02 -6.161288881516020055e+00
7.191805228415726337e-02 -6.193522635573400770e+00
7.191598027412055005e-02 -6.221026318421635004e+00
7.191385184139736930e-02 -6.243380413870096568e+00
7.191166498927137329e-02 -6.260142912447166808e+00
7.190941763459100800e-02 -6.270849040943271113e+00
7.190710760336477270e-02 -6.275011130249362523e+00
7.190473262609933802e-02 -6.272118643251749504e+00
7.190229033286413274e-02 -6.261638390179738778e+00
7.189977824806356721e-02 -6.243014958930287683e+00
7.189719378489825563e-02 -6.215671389949888770e+00
7.189453423949399014e-02 -6.179010128022058623e+00
7.189179678467669254e-02 -6.132414284571781948e+00
7.188897846336908537e-02 -6.075249246219439847e+00
7.188607618158363022e-02 -6.006864665818457460e+00
7.188308670098408903e-02 -5.926596873454705872e+00
7.188000663098623177e-02 -5.833771744792204395e+00
7.187683242036592424e-02 -5.727708064100422547e+00
7.187356034834024854e-02 -5.607721417482003368e+00
7.187018651508506051e-02 -5.473128649330437412e+00
7.186670683164958495e-02 -5.323252912279936133e+00
7.186311700922515255e-02 -5.157429335309255514e+00
7.185941254772271192e-02 -4.975011328168326585e+00
7.185558872361008653e-02 -4.775377533639253436e+00
7.185164057695515860e-02 -4.557939427776081409e+00
7.184756289761914938e-02 -4.322149557465772673e+00
7.184335021053761539e-02 -4.067510391382404222e+00
7.183899676002389323e-02 -3.793583744320515816e+00
7.183449649302314777e-02 -3.500000717856583954e+00
7.182984304124133412e-02 -3.186472081172136761e+00
7.182502970206580684e-02 -2.852798995311493613e+00
7.182004941818964650e-02 -2.498883962022257155e+00
7.181489475584393323e-02 -2.124741856292817754e+00
7.180955788153539632e-02 -1.730510878471007707e+00
7.180403053717958339e-02 -1.316463240140571811e+00
7.179830401351026958e-02 -8.830153768089844535e-01
7.179236912163874940e-02 -4.307374620074451155e-01
7.178621616262600980e-02 3.963801767214049365e-02
7.177983489492134606e-02 5.272088782117788641e-01
7.177321449951129528e-02 1.030897301329583238e+00
7.176634354261079984e-02 1.549445600997913619e+00
7.175920993571824336e-02 2.081413940621114733e+00
7.175180089284360907e-02 2.625180231345776161e+00
7.174410288470736696e-02 3.178942416305449825e+00
7.173610158969537243e-02 3.740723310749923147e+00
7.172778184134319390e-02 4.308378124236900142e+00
7.171912757211065803e-02 4.879604738416375653e+00
7.171012175319700643e-02 5.451956753729043648e+00
7.170074633013601151e-02 6.022859252106537831e+00
7.169098215390114215e-02 6.589627151398950389e+00
7.168080890724498611e-02 7.149485954138816268e+00
7.167020502599211196e-02 7.699594620430017855e+00
7.165914761500498387e-02 8.237070224575600008e+00
7.164761235854774646e-02 8.759013991532095034e+00
7.163557342478399370e-02 9.262538254099391466e+00
7.162300336416597968e-02 9.744793828476268516e+00
7.160987300150364887e-02 1.020299727660796485e+01
7.159615132154785455e-02 1.063445751000927864e+01
7.158180534798519457e-02 1.103660119324518796e+01
7.156680001582749195e-02 1.140699642681326686e+01
7.155109803729031714e-02 1.174337422751166038e+01
7.153465976140215010e-02 1.204364737975951272e+01
7.151744302777147955e-02 1.230592630163813972e+01
7.149940301517750119e-02 1.252853165210814090e+01
7.148049208594722814e-02 1.271000349905023796e+01
7.146065962745393185e-02 1.284910696742215386e+01
7.143985189253125589e-02 1.294483439078168097e+01
7.141801184116189360e-02 1.299640409404337227e+01
7.139507898648780881e-02 1.300325603768049376e+01
7.137098924902324226e-02 1.296504465181765475e+01
7.134567482395234861e-02 1.288162927995716878e+01
7.131906406758900530e-02 1.275306273570738824e+01
7.129108141048609570e-02 1.257957855045421525e+01
7.126164730633466338e-02 1.236157755514541989e+01
7.123067822770215440e-02 1.209961449523470201e+01
7.119808672184066434e-02 1.179438542375842403e+01
7.116378154224439756e-02 1.144671665403678062e+01
7.112766787433177917e-02 1.105755607885919467e+01
7.108964767652034555e-02 1.062796767573813383e+01
7.104962016096401378e-02 1.015913001428033979e+01
7.100748244118870733e-02 9.652339556114348795e+00
7.096313037658735778e-02 9.109019481859940370e+00
7.091645964592652174e-02 8.530734682205309838e+00
7.086736708328934820e-02 7.919213396671007210e+00
7.081575230974417046e-02 7.276375757360773022e+00
7.076151969189223290e-02 6.604369177495286181e+00
7.070458065363674494e-02 5.905610098461780311e+00
7.064485635930542462e-02 5.182831061794125560e+00
7.058228077395850564e-02 4.439131401128860510e+00
7.051680408976089554e-02 3.678029067719208456e+00
7.044839648541247057e-02 2.903510249395175435e+00
7.037705215898786004e-02 2.120072585747986960e+00
7.030279354394802782e-02 1.332757025264167616e+00
7.022567558516715214e-02 5.471628491584208387e-01
7.014578991906533778e-02 -2.305597403915616017e-01
7.006326877269426767e-02 -9.937446455942915424e-01
6.997828837483903441e-02 -1.735276590201479729e+00
6.989107166200447807e-02 -2.447691780220609292e+00
6.980189006721390643e-02 -3.123312266081752053e+00
6.971106420233967593e-02 -3.754410796743039569e+00
6.961896328578105753e-02 -4.333399840597397024e+00
6.952600322489715934e-02 -4.853035603895885508e+00
6.943264333239805575e-02 -5.306625748707678447e+00
6.933938173150749895e-02 -5.688228476279394208e+00
6.924674957851700841e-02 -5.992830921356053331e+00
6.915530429567361137e-02 -6.216496408688245268e+00
6.906562205569134749e-02 -6.356472840494569176e+00
6.897828978726404381e-02 -6.411257917525529315e+00
6.889389697727987816e-02 -6.380620553314019006e+00
6.881302753129753258e-02 -6.265581231354987679e+00
6.873625192286353380e-02 -6.068356782830877982e+00
6.866411981955179711e-02 -5.792276885845057954e+00
6.859715332485477601e-02 -5.441680432943321044e+00
6.853584092561242069e-02 -5.021799858943960970e+00
6.848063218893742088e-02 -4.538640746343474142e+00
6.843193321372605109e-02 -3.998862761387233178e+00
6.839010281162515026e-02 -3.409666453451015933e+00
6.835544937136776855e-02 -2.778688872782958175e+00
6.832822834836996262e-02 -2.113909476614830751e+00
6.830864031746414211e-02 -1.423566495147077449e+00
6.829682952935099693e-02 -7.160828629991999872e-01
6.829288291938982736e-02 0.000000000000000000e+00
6.829682952935099693e-02 7.160828629991999872e-01
6.830864031746415599e-02 1.423566495147077449e+00
6.832822834836996262e-02 2.113909476614830751e+00
6.835544937136776855e-02 2.778688872782958175e+00
6.839010281162515026e-02 3.409666453451015933e+00
6.843193321372605109e-02 3.998862761388068066e+00
6.848063218893743476e-02 4.538640746343474142e+00
6.853584092561242069e-02 5.021799858942291195e+00
6.859715332485476214e-02 5.441680432942486156e+00
6.866411981955178323e-02 5.792276885845892842e+00
6.873625192286353380e-02 6.068356782830877982e+00
6.881302753129753258e-02 6.265581231355822567e+00
6.889389697727989204e-02 6.380620553315688781e+00
6.897828978726405769e-02 6.411257917524694427e+00
6.906562205569134749e-02 6.356472840493735177e+00
6.915530429567361137e-02 6.216496408688245268e+00
6.924674957851700841e-02 5.992830921356053331e+00
6.933938173150749895e-02 5.688228476279394208e+00
6.943264333239805575e-02 5.306625748708513335e+00
6.952600322489717322e-02 4.853035603895885508e+00
6.961896328578105753e-02 4.333399840596562136e+00
6.971106420233967593e-02 3.754410796743039569e+00
6.980189006721390643e-02 3.123312266081752053e+00
6.989107166200447807e-02 2.447691780220609292e+00
6.997828837483903441e-02 1.735276590201479729e+00
7.006326877269426767e-02 9.937446455942915424e-01
7.014578991906533778e-02 2.305597403915616017e-01
7.022567558516713826e-02 -5.471628491584208387e-01
7.030279354394804170e-02 -1.332757025264167616e+00
7.037705215898786004e-02 -2.120072585747986960e+00
7.044839648541247057e-02 -2.903510249395175435e+00
7.051680408976089554e-02 -3.678029067719208456e+00
7.058228077395850564e-02 -4.439131401128025622e+00
7.064485635930541074e-02 -5.182831061794125560e+00
7.070458065363673106e-02 -5.905610098463450086e+00
7.076151969189224678e-02 -6.604369177495286181e+00
7.081575230974417046e-02 -7.276375757359938135e+00
7.086736708328934820e-02 -7.919213396671007210e+00
7.091645964592652174e-02 -8.530734682206144726e+00
7.096313037658735778e-02 -9.109019481859940370e+00
7.100748244118870733e-02 -9.652339556115183683e+00
7.104962016096402766e-02 -1.015913001428033979e+01
7.108964767652034555e-02 -1.062796767573646406e+01
7.112766787433177917e-02 -1.105755607885919467e+01
7.116378154224439756e-02 -1.144671665403678062e+01
7.119808672184066434e-02 -1.179438542375842403e+01
7.123067822770215440e-02 -1.209961449523470201e+01
7.126164730633466338e-02 -1.236157755514541989e+01
7.129108141048609570e-02 -1.257957855045171058e+01
7.131906406758899142e-02 -1.275306273570822313e+01
7.134567482395234861e-02 -1.288162927995967344e+01
7.137098924902324226e-02 -1.296504465182099430e+01
7.139507898648782269e-02 -1.300325603768049376e+01
7.141801184116189360e-02 -1.299640409403919961e+01
7.143985189253125589e-02 -1.294483439077750653e+01
7.146065962745391797e-02 -1.284910696742215386e+01
7.148049208594722814e-02 -1.271000349904940308e+01
7.149940301517748731e-02 -1.252853165210313335e+01
7.151744302777146567e-02 -1.230592630164314905e+01
7.153465976140215010e-02 -1.204364737976869648e+01
7.155109803729033102e-02 -1.174337422751166038e+01
7.156680001582749195e-02 -1.140699642680909420e+01
7.158180534798519457e-02 -1.103660119324017863e+01
7.159615132154784067e-02 -1.063445751001428796e+01
7.160987300150366275e-02 -1.020299727661297418e+01
7.162300336416597968e-02 -9.744793828471259189e+00
7.163557342478399370e-02 -9.262538254099391466e+00
7.164761235854774646e-02 -8.759013991532095034e+00
7.165914761500498387e-02 -8.237070224570592458e+00
7.167020502599209808e-02 -7.699594620425844305e+00
7.168080890724497223e-02 -7.149485954139651156e+00
7.169098215390112827e-02 -6.589627151403124827e+00
7.170074633013601151e-02 -6.022859252110711381e+00
7.171012175319700643e-02 -5.451956753722365434e+00
7.171912757211063028e-02 -4.879604738413036102e+00
7.172778184134318002e-02 -4.308378124243578355e+00
7.173610158969537243e-02 -3.740723310753262254e+00
7.174410288470736696e-02 -3.178942416302945606e+00
7.175180089284359519e-02 -2.625180231345776161e+00
7.175920993571824336e-02 -2.081413940623619396e+00
7.176634354261079984e-02 -1.549445600997913619e+00
7.177321449951129528e-02 -1.030897301329583238e+00
7.177983489492134606e-02 -5.272088782117788641e-01
7.178621616262600980e-02 -3.963801767130571696e-02
7.179236912163876327e-02 4.307374620066103388e-01
7.179830401351025571e-02 8.830153768081496768e-01
7.180403053717958339e-02 1.316463240146415137e+00
7.180955788153542407e-02 1.730510878467668601e+00
7.181489475584391935e-02 2.124741856291147979e+00
7.182004941818966037e-02 2.498883962025596261e+00
7.182502970206580684e-02 2.852798995308154506e+00
7.182984304124133412e-02 3.186472081172136761e+00
7.183449649302314777e-02 3.500000717844896858e+00
7.183899676002386547e-02 3.793583744327194029e+00
7.184335021053762926e-02 4.067510391394091762e+00
7.184756289761914938e-02 4.322149557466607561e+00
7.185164057695517248e-02 4.557939427776081409e+00
7.185558872361008653e-02 4.775377533631740334e+00
7.185941254772271192e-02 4.975011328168326585e+00
7.186311700922515255e-02 5.157429335309255514e+00
7.186670683164958495e-02 5.323252912302475437e+00
7.187018651508508826e-02 5.473128649330437412e+00
7.187356034834024854e-02 5.607721417446942525e+00
7.187683242036591036e-02 5.727708064100422547e+00
7.188000663098623177e-02 5.833771744790534619e+00
7.188308670098407516e-02 5.926596873469732074e+00
7.188607618158364410e-02 6.006864665832648775e+00
7.188897846336908537e-02 6.075249246204413645e+00
7.189179678467669254e-02 6.132414284571781948e+00
7.189453423949399014e-02 6.179010128022058623e+00
7.189719378489825563e-02 6.215671389949888770e+00
7.189977824806356721e-02 6.243014958930287683e+00
7.190229033286413274e-02 6.261638390179738778e+00
7.190473262609933802e-02 6.272118643214184885e+00
7.190710760336474494e-02 6.275011130268562276e+00
7.190941763459102187e-02 6.270849040960801979e+00
7.191166498927135942e-02 6.260142912427967055e+00
7.191385184139736930e-02 6.243380413911000737e+00
7.191598027412056393e-02 6.221026318421635004e+00
7.191805228415726337e-02 6.193522635552532130e+00
7.192006978595161248e-02 6.161288881516020055e+00
7.192203461561216815e-02 6.124722465780814140e+00
7.192394853463533744e-02 6.084199173654386783e+00
7.192581323342844835e-02 6.040073728292479238e+00
7.192763033464465161e-02 5.992680416023763001e+00
7.192940139634051988e-02 5.942333761098999467e+00
7.193112791496703018e-02 5.889329237956644647e+00
7.193281132820361634e-02 5.833944009729587599e+00
7.193445301764436750e-02 5.776437683982480920e+00
7.193605431134506012e-02 5.717053077599865141e+00
7.193761648623897553e-02 5.656016983843868751e+00
7.193914077042912192e-02 5.593540935244721624e+00
7.194062834536360529e-02 5.529821958090093581e+00
7.194208034790125494e-02 5.465043314127350449e+00
7.194349787227327653e-02 5.399375225110362386e+00
7.194488197194671975e-02 5.332975579371111330e+00
7.194623366139582532e-02 5.265990616500162425e+00
7.194755391778542841e-02 5.198555588855466425e+00
7.194884368257203899e-02 5.130795399901157516e+00
7.195010386302681804e-02 5.062825216697551589e+00
