1.727207137566086348e-01 -1.264307975157416166e+02
1.716703489729766718e-01 -1.262931978697506423e+02
1.706211386003317065e-01 -1.261528900672154379e+02
1.695731045388684244e-01 -1.260112348664649744e+02
1.685262692274802632e-01 -1.258650024758224220e+02
1.674806556598936180e-01 -1.257153522249347759e+02
1.664362874013695093e-01 -1.255648050902986910e+02
1.653931886059958334e-01 -1.254106099155431764e+02
1.643513840345945387e-01 -1.252531914471834966e+02
1.633108990732691224e-01 -1.250938151864598780e+02
1.622717597526185385e-01 -1.249301705801757265e+02
1.612339927676460227e-01 -1.247624549719115379e+02
1.601976254983910608e-01 -1.245926806644884692e+02
1.591626860313160585e-01 -1.244190593214967606e+02
1.581292031814798826e-01 -1.242433388339397595e+02
1.570972065155308850e-01 -1.240621691987735318e+02
1.560667263755566025e-01 -1.238765052872453936e+02
1.550377939038258268e-01 -1.236890151555973461e+02
1.540104410684640102e-01 -1.234965557694124954e+02
1.529847006901018103e-01 -1.233017701540455136e+02
1.519606064695417091e-01 -1.231019208408430643e+02
1.509381930164875874e-01 -1.228963164702648783e+02
1.499174958793866308e-01 -1.226875102957290267e+02
1.488985515764345569e-01 -1.224756246368259127e+02
1.478813976277975062e-01 -1.222578748595834668e+02
1.468660725891093310e-01 -1.220341519198537839e+02
1.458526160863034271e-01 -1.218064270489255421e+02
1.448410688518441958e-01 -1.215758912029357646e+02
1.438314727624256106e-01 -1.213391370129698998e+02
1.428238708782098021e-01 -1.210946952997721127e+02
1.418183074836814328e-01 -1.208485979167997755e+02
1.408148281302007698e-01 -1.205944384471643360e+02
1.398134796803409130e-01 -1.203332395617682948e+02
1.388143103541031043e-01 -1.200716865731034346e+02
1.378173697771081507e-01 -1.197987537130049986e+02
1.368227090308704597e-01 -1.195181781443164653e+02
1.358303807052668177e-01 -1.192382712222763530e+02
1.348404389533219006e-01 -1.189469459516562466e+02
1.338529395484402695e-01 -1.186468317287277046e+02
1.328679399442245501e-01 -1.183454175061687152e+02
1.318854993370304762e-01 -1.180340173064229248e+02
1.309056787314205605e-01 -1.177169515701912559e+02
1.299285410086918058e-01 -1.173879553586337892e+02
1.289541509986666390e-01 -1.170471766060579455e+02
1.279825755549522659e-01 -1.167105180194534029e+02
1.270138836338909616e-01 -1.163602423931304344e+02
1.260481463774431321e-01 -1.159993249184031328e+02
1.250854372002673243e-01 -1.156301991440831927e+02
1.241258318812836214e-01 -1.152521019150334780e+02
1.231694086600360616e-01 -1.148630049877177299e+02
1.222162483381971365e-01 -1.144665200530604778e+02
1.212664343865927780e-01 -1.140686645468895506e+02
1.203200530581629568e-01 -1.136399412998522109e+02
1.193771935073147938e-01 -1.132058414086730522e+02
1.184379479161731946e-01 -1.127673440491768559e+02
1.175024116282866599e-01 -1.123169842730456196e+02
1.165706832904061241e-01 -1.118595594532397826e+02
1.156428650030224548e-01 -1.113692110579895314e+02
1.147190624804243081e-01 -1.108845220923471118e+02
1.137993852211248991e-01 -1.103926959260309104e+02
1.128839466896043309e-01 -1.098700872255677865e+02
1.119728645104233339e-01 -1.093395972521313837e+02
1.110662606758922727e-01 -1.087983213490632721e+02
1.101642617686189873e-01 -1.082123305573959158e+02
1.092669992004219603e-01 -1.076299229568932390e+02
1.083746094692776551e-01 -1.070558418632801505e+02
1.074872344361775256e-01 -1.064378599706438280e+02
1.066050216240057164e-01 -1.058321783916161962e+02
1.057281245408127623e-01 -1.051790985862195384e+02
1.048567030301613134e-01 -1.044816815783805453e+02
1.039909236515564328e-01 -1.037951255634102523e+02
1.031309600943531857e-01 -1.030767726225149801e+02
1.022769936289579656e-01 -1.023638056422127534e+02
1.014292135996126831e-01 -1.016078660384353896e+02
1.005878179635726344e-01 -1.008217891148539280e+02
9.975301388206102293e-02 -1.000054396758183231e+02
9.892501836900181866e-02 -9.917282626045745531e+01
9.810405900419147396e-02 -9.833691629847085380e+01
9.729037471825495442e-02 -9.743694975333436048e+01
9.648421665741954700e-02 -9.650927358105616349e+01
9.568584913679635540e-02 -9.554560179158390554e+01
9.489555069142453780e-02 -9.454466726734248994e+01
9.411361523473139867e-02 -9.354823019087193359e+01
9.334035333416741687e-02 -9.247052393348876365e+01
9.257609361342380994e-02 -9.135534708299489637e+01
9.182118428959248901e-02 -9.023730349204384993e+01
9.107599485155412622e-02 -8.902186774087388699e+01
9.034091788233390707e-02 -8.774907844018325420e+01
8.961637102253885989e-02 -8.644153112836613673e+01
8.890279906349289607e-02 -8.509859590194815837e+01
8.820067614628059049e-02 -8.369496090501469610e+01
8.751050802529618255e-02 -8.223558792517965799e+01
8.683283433048669120e-02 -8.068521259380329980e+01
8.616823072943040340e-02 -7.905745810532140183e+01
8.551731084673308558e-02 -7.734850586616042278e+01
8.488072774210235483e-02 -7.557168243857458378e+01
8.425917467866322896e-02 -7.370801824863755769e+01
8.365338482987302871e-02 -7.175814897692070815e+01
8.306412947982767803e-02 -6.969054301732960255e+01
8.249221417546721835e-02 -6.751852695286507355e+01
8.193847220463121306e-02 -6.524468725621943577e+01
8.140375472453953432e-02 -6.285103521410922411e+01
8.088891688475166597e-02 -6.038936344711958526e+01
8.039479941943433738e-02 -5.778805566215345380e+01
7.992220547071038350e-02 -5.508818376952854834e+01
7.947187288185247889e-02 -5.231413957871594533e+01
7.904444286825075550e-02 -4.945783336014625320e+01
7.864042678158050803e-02 -4.654360570888248816e+01
7.826017350108674386e-02 -4.359542586414959686e+01
7.790384061897043244e-02 -4.064131884178589615e+01
7.757137280887468900e-02 -3.770708580653697339e+01
7.726249039783310291e-02 -3.482289929109240489e+01
7.697669015629420020e-02 -3.201729884011113825e+01
7.671325882015588016e-02 -2.931624230939521780e+01
7.647129817715778155e-02 -2.674182060790006332e+01
7.624975907691372567e-02 -2.431124140017007207e+01
7.604748078747251838e-02 -2.203634025297490595e+01
7.586323187802213042e-02 -1.992361085127164699e+01
7.569574920897266523e-02 -1.797464359387229038e+01
7.554377245419563458e-02 -1.618684830444667000e+01
7.540607260323420324e-02 -1.455431997932782018e+01
7.528147386225647608e-02 -1.306872620213472125e+01
7.516886914273246401e-02 -1.172012794801909230e+01
7.506722983888811096e-02 -1.049768137525052758e+01
7.497561086178915202e-02 -9.390198986169441042e+00
7.489315197131916901e-02 -8.386570844554878335e+00
7.481907639088847262e-02 -7.476060135030496490e+00
7.475268756106294432e-02 -6.648493803137732527e+00
7.469336473121114539e-02 -5.894370466889042426e+00
7.464055793148317852e-02 -5.204906237704657990e+00
7.459378272705416424e-02 -4.572036062989796257e+00
7.455261503956535363e-02 -3.988384727235488203e+00
7.451668622826276844e-02 -3.447218319657059382e+00
7.448567855347251743e-02 -2.942384084097217745e+00
7.445932109435123014e-02 -2.468244207496225862e+00
7.443738615756878563e-02 -2.019607263218035076e+00
7.441968619022711062e-02 -1.591659639787065705e+00
7.440607119590800234e-02 -1.179898271493573958e+00
7.439642664486191548e-02 -7.800652637737948147e-01
7.439067186612033367e-02 -3.880845029812550195e-01
7.438875890931140322e-02 0.000000000000000000e+00
7.439067186612033367e-02 3.880845029820897962e-01
7.439642664486192936e-02 7.800652637737948147e-01
7.440607119590800234e-02 1.179898271492739292e+00
7.441968619022711062e-02 1.591659639787065705e+00
7.443738615756878563e-02 2.019607263218035076e+00
7.445932109435123014e-02 2.468244207496225862e+00
7.448567855347251743e-02 2.942384084097217745e+00
7.451668622826276844e-02 3.447218319657059382e+00
7.455261503956535363e-02 3.988384727235488203e+00
7.459378272705416424e-02 4.572036062989796257e+00
7.464055793148317852e-02 5.204906237704657990e+00
7.469336473121114539e-02 5.894370466889042426e+00
7.475268756106294432e-02 6.648493803137732527e+00
7.481907639088847262e-02 7.476060135030496490e+00
7.489315197131916901e-02 8.386570844554878335e+00
7.497561086178915202e-02 9.390198986170275930e+00
7.506722983888812484e-02 1.049768137525052758e+01
7.516886914273246401e-02 1.172012794801825741e+01
7.528147386225647608e-02 1.306872620213472125e+01
7.540607260323420324e-02 1.455431997932865507e+01
7.554377245419564846e-02 1.618684830444667000e+01
7.569574920897266523e-02 1.797464359387229038e+01
7.586323187802214429e-02 1.992361085127164699e+01
7.604748078747251838e-02 2.203634025297490595e+01
7.624975907691373955e-02 2.431124140017007207e+01
7.647129817715778155e-02 2.674182060789922843e+01
7.671325882015588016e-02 2.931624230939605269e+01
7.697669015629421407e-02 3.201729884011113825e+01
7.726249039783310291e-02 3.482289929109240489e+01
7.757137280887470288e-02 3.770708580653697339e+01
7.790384061897043244e-02 4.064131884178506482e+01
7.826017350108674386e-02 4.359542586415042820e+01
7.864042678158052191e-02 4.654360570888248816e+01
7.904444286825075550e-02 4.945783336014625320e+01
7.947187288185249276e-02 5.231413957871677667e+01
7.992220547071039738e-02 5.508818376952937967e+01
8.039479941943436514e-02 5.778805566215429224e+01
8.088891688475169373e-02 6.038936344711791548e+01
8.140375472453953432e-02 6.285103521410755434e+01
8.193847220463121306e-02 6.524468725622026000e+01
8.249221417546723223e-02 6.751852695286591199e+01
8.306412947982769190e-02 6.969054301732960255e+01
8.365338482987304258e-02 7.175814897692070815e+01
8.425917467866324284e-02 7.370801824863755769e+01
8.488072774210236870e-02 7.557168243857374534e+01
8.551731084673308558e-02 7.734850586616126122e+01
8.616823072943043116e-02 7.905745810532222606e+01
8.683283433048670508e-02 8.068521259380247557e+01
8.751050802529619643e-02 8.223558792518048222e+01
8.820067614628061825e-02 8.369496090501553454e+01
8.890279906349292383e-02 8.509859590194648149e+01
8.961637102253885989e-02 8.644153112836529829e+01
9.034091788233392095e-02 8.774907844018409264e+01
9.107599485155414010e-02 8.902186774087304855e+01
9.182118428959248901e-02 9.023730349204552681e+01
9.257609361342385157e-02 9.135534708299655904e+01
9.334035333416744462e-02 9.247052393348792521e+01
9.411361523473142643e-02 9.354823019087110936e+01
9.489555069142455168e-02 9.454466726734165150e+01
9.568584913679636927e-02 9.554560179158640665e+01
9.648421665741960251e-02 9.650927358105616349e+01
9.729037471825496830e-02 9.743694975333269781e+01
9.810405900419150171e-02 9.833691629847085380e+01
9.892501836900183254e-02 9.917282626045577842e+01
9.975301388206102293e-02 1.000054396758191473e+02
1.005878179635726621e-01 1.008217891148547665e+02
1.014292135996126970e-01 1.016078660384345653e+02
1.022769936289579795e-01 1.023638056422127534e+02
1.031309600943531996e-01 1.030767726225166427e+02
1.039909236515564744e-01 1.037951255634119292e+02
1.048567030301613551e-01 1.044816815783788826e+02
1.057281245408127762e-01 1.051790985862170373e+02
1.066050216240057164e-01 1.058321783916161962e+02
1.074872344361775395e-01 1.064378599706446522e+02
1.083746094692776690e-01 1.070558418632809889e+02
1.092669992004219881e-01 1.076299229568924005e+02
1.101642617686189873e-01 1.082123305573959158e+02
1.110662606758923004e-01 1.087983213490641106e+02
1.119728645104233478e-01 1.093395972521305453e+02
1.128839466896043447e-01 1.098700872255702876e+02
1.137993852211249546e-01 1.103926959260309104e+02
1.147190624804243220e-01 1.108845220923454491e+02
1.156428650030224825e-01 1.113692110579903698e+02
1.165706832904061518e-01 1.118595594532389583e+02
1.175024116282866737e-01 1.123169842730456196e+02
1.184379479161732224e-01 1.127673440491760317e+02
1.193771935073147938e-01 1.132058414086722138e+02
1.203200530581629707e-01 1.136399412998522109e+02
1.212664343865927780e-01 1.140686645468887264e+02
1.222162483381971365e-01 1.144665200530621547e+02
1.231694086600360893e-01 1.148630049877193926e+02
1.241258318812836492e-01 1.152521019150318011e+02
1.250854372002673243e-01 1.156301991440848553e+02
1.260481463774431876e-01 1.159993249184031328e+02
1.270138836338909616e-01 1.163602423931287717e+02
1.279825755549522937e-01 1.167105180194567424e+02
1.289541509986666945e-01 1.170471766060562828e+02
1.299285410086918058e-01 1.173879553586337892e+02
1.309056787314206161e-01 1.177169515701912559e+02
1.318854993370304762e-01 1.180340173064195852e+02
1.328679399442245501e-01 1.183454175061687152e+02
1.338529395484402695e-01 1.186468317287277046e+02
1.348404389533219006e-01 1.189469459516595862e+02
1.358303807052668732e-01 1.192382712222780299e+02
1.368227090308704874e-01 1.195181781443131257e+02
1.378173697771081507e-01 1.197987537130033360e+02
1.388143103541031043e-01 1.200716865731050973e+02
1.398134796803409408e-01 1.203332395617716344e+02
1.408148281302008253e-01 1.205944384471626734e+02
1.418183074836814328e-01 1.208485979167964359e+02
1.428238708782098021e-01 1.210946952997737753e+02
1.438314727624256384e-01 1.213391370129698998e+02
1.448410688518441958e-01 1.215758912029374272e+02
1.458526160863034826e-01 1.218064270489272189e+02
1.468660725891093588e-01 1.220341519198521070e+02
1.478813976277975339e-01 1.222578748595818041e+02
1.488985515764345569e-01 1.224756246368275896e+02
1.499174958793866863e-01 1.226875102957290267e+02
1.509381930164875874e-01 1.228963164702648783e+02
1.519606064695417647e-01 1.231019208408430643e+02
1.529847006901018103e-01 1.233017701540421740e+02
1.540104410684640102e-01 1.234965557694124954e+02
1.550377939038258268e-01 1.236890151555973461e+02
1.560667263755566025e-01 1.238765052872453936e+02
1.570972065155308850e-01 1.240621691987735318e+02
1.581292031814798826e-01 1.242433388339414222e+02
1.591626860313160863e-01 1.244190593214967606e+02
1.601976254983910608e-01 1.245926806644901461e+02
1.612339927676460782e-01 1.247624549719182170e+02
1.622717597526186495e-01 1.249301705801724012e+02
1.633108990732691224e-01 1.250938151864531989e+02
1.643513840345945387e-01 1.252531914471834966e+02
1.653931886059958334e-01 1.254106099155465159e+02
1.664362874013695648e-01 1.255648050903020305e+02
1.674806556598936735e-01 1.257153522249330990e+02
1.685262692274802909e-01 1.258650024758207593e+02
1.695731045388684521e-01 1.260112348664649744e+02
1.706211386003317343e-01 1.261528900672171147e+02
1.716703489729767274e-01 1.262931978697523192e+02
1.727207137566086903e-01 1.264307975157382771e+02
