1.727207137566086348e-01 -1.264304133052425527e+02
1.716703489729766718e-01 -1.262927968524102198e+02
1.706211386003317065e-01 -1.261521573986977671e+02
1.695731045388684244e-01 -1.260141295867726967e+02
1.685262692274802632e-01 -1.258659915837831420e+02
1.674806556598936180e-01 -1.257125839676096177e+02
1.664362874013695093e-01 -1.255642000379162369e+02
1.653931886059958334e-01 -1.254100509148133256e+02
1.643513840345945387e-01 -1.252520579084293786e+02
1.633108990732691224e-01 -1.250955121620363713e+02
1.622717597526185385e-01 -1.249314076610682065e+02
1.612339927676460227e-01 -1.247607772938784194e+02
1.601976254983910608e-01 -1.245919213682948481e+02
1.591626860313160585e-01 -1.244179454959002555e+02
1.581292031814798826e-01 -1.242461083484571986e+02
1.570972065155308850e-01 -1.240632854746105238e+02
1.560667263755566025e-01 -1.238735806888012831e+02
1.550377939038258268e-01 -1.236879596435643691e+02
1.540104410684640102e-01 -1.234941530709599249e+02
1.529847006901018103e-01 -1.233030457435871341e+02
1.519606064695417091e-01 -1.231040106350377101e+02
1.509381930164875874e-01 -1.228946157248829394e+02
1.499174958793866308e-01 -1.226854184247486756e+02
1.488985515764345569e-01 -1.224772638206464705e+02
1.478813976277975062e-01 -1.222593810436937503e+02
1.468660725891093310e-01 -1.220317139146887229e+02
1.458526160863034271e-01 -1.218025401799588252e+02
1.448410688518441958e-01 -1.215770298262987552e+02
1.438314727624256106e-01 -1.213419734240181924e+02
1.428238708782098021e-01 -1.210919287552859345e+02
1.418183074836814328e-01 -1.208514727844874272e+02
1.408148281302007698e-01 -1.205954450744298470e+02
1.398134796803409130e-01 -1.203284178797976836e+02
1.388143103541031043e-01 -1.200776310578752231e+02
1.378173697771081507e-01 -1.197994979119322920e+02
1.368227090308704597e-01 -1.195095020097980267e+02
1.358303807052668177e-01 -1.192414430435003823e+02
1.348404389533219006e-01 -1.189475475173938008e+02
1.338529395484402695e-01 -1.186389286241867467e+02
1.328679399442245501e-01 -1.183461598651258555e+02
1.318854993370304762e-01 -1.180351381204236674e+02
1.309056787314205605e-01 -1.177238101209860304e+02
1.299285410086918058e-01 -1.173878064008459177e+02
1.289541509986666390e-01 -1.170284355226733908e+02
1.279825755549522659e-01 -1.167100529678473180e+02
1.270138836338909616e-01 -1.163624837707412496e+02
1.260481463774431321e-01 -1.159984332245336702e+02
1.250854372002673243e-01 -1.156284722896173491e+02
1.241258318812836214e-01 -1.152504190228018928e+02
1.231694086600360616e-01 -1.148570668334985214e+02
1.222162483381971365e-01 -1.144638064992826116e+02
1.212664343865927780e-01 -1.140956914749362738e+02
1.203200530581629568e-01 -1.136357587168416785e+02
1.193771935073147938e-01 -1.131870425662398674e+02
1.184379479161731946e-01 -1.127545765913482256e+02
1.175024116282866599e-01 -1.123096675765582404e+02
1.165706832904061241e-01 -1.118727243414883077e+02
1.156428650030224548e-01 -1.113415881354752202e+02
1.147190624804243081e-01 -1.108719259929340240e+02
1.137993852211248991e-01 -1.104139499578261763e+02
1.128839466896043309e-01 -1.098745450866465205e+02
1.119728645104233339e-01 -1.093468553184076910e+02
1.110662606758922727e-01 -1.088208785558188794e+02
1.101642617686189873e-01 -1.081625987655515360e+02
1.092669992004219603e-01 -1.075669975499842650e+02
1.083746094692776551e-01 -1.070549337832949135e+02
1.074872344361775256e-01 -1.064194877476379304e+02
1.066050216240057164e-01 -1.058875656700280246e+02
1.057281245408127623e-01 -1.052225967253881294e+02
1.048567030301613134e-01 -1.044391802168648553e+02
1.039909236515564328e-01 -1.037606074758277686e+02
1.031309600943531857e-01 -1.030189014909229286e+02
1.022769936289579656e-01 -1.023656188194758982e+02
1.014292135996126831e-01 -1.016103363597528784e+02
1.005878179635726344e-01 -1.008076104996359987e+02
9.975301388206102293e-02 -9.996033933819829542e+01
9.892501836900181866e-02 -9.912824167687678312e+01
9.810405900419147396e-02 -9.836714222484283709e+01
9.729037471825495442e-02 -9.743825352930069528e+01
9.648421665741954700e-02 -9.649154418575240300e+01
9.568584913679635540e-02 -9.549881269716092902e+01
9.489555069142453780e-02 -9.446033177373010403e+01
9.411361523473139867e-02 -9.354892257209536410e+01
9.334035333416741687e-02 -9.242778223737100518e+01
9.257609361342380994e-02 -9.127889920761208487e+01
9.182118428959248901e-02 -9.024806324376616828e+01
9.107599485155412622e-02 -8.896517874577868668e+01
9.034091788233390707e-02 -8.759908940282633694e+01
8.961637102253885989e-02 -8.624959864587201253e+01
8.890279906349289607e-02 -8.492438268590639439e+01
8.820067614628059049e-02 -8.353319522380205342e+01
8.751050802529618255e-02 -8.210770123885858141e+01
8.683283433048669120e-02 -8.051945947876269827e+01
8.616823072943040340e-02 -7.883631546828027581e+01
8.551731084673308558e-02 -7.705696067257265724e+01
8.488072774210235483e-02 -7.524907255363361003e+01
8.425917467866322896e-02 -7.335122978671194005e+01
8.365338482987302871e-02 -7.138005441150575336e+01
8.306412947982767803e-02 -6.922248020043311101e+01
8.249221417546721835e-02 -6.694300240530826329e+01
8.193847220463121306e-02 -6.456019754514471742e+01
8.140375472453953432e-02 -6.200605583554921196e+01
8.088891688475166597e-02 -5.948586686105465304e+01
8.039479941943433738e-02 -5.670378041856274365e+01
7.992220547071038350e-02 -5.380551691621511878e+01
7.947187288185247889e-02 -5.085942301390322484e+01
7.904444286825075550e-02 -4.779226812703171134e+01
7.864042678158050803e-02 -4.464866095529332313e+01
7.826017350108674386e-02 -4.146064059423670756e+01
7.790384061897043244e-02 -3.826736596204843011e+01
7.757137280887468900e-02 -3.509313479037691508e+01
7.726249039783310291e-02 -3.197781059158271333e+01
7.697669015629420020e-02 -2.895730761640248119e+01
7.671325882015588016e-02 -2.606418046511379316e+01
7.647129817715778155e-02 -2.332618022860966178e+01
7.624975907691372567e-02 -2.076476442924315435e+01
7.604748078747251838e-02 -1.839438181915057413e+01
7.586323187802213042e-02 -1.622252711115347523e+01
7.569574920897266523e-02 -1.425034758020568049e+01
7.554377245419563458e-02 -1.247364131254095199e+01
7.540607260323420324e-02 -1.088404261577192322e+01
7.528147386225647608e-02 -9.470223313032947843e+00
7.516886914273246401e-02 -8.218988207217108766e+00
7.506722983888811096e-02 -7.116195657933232610e+00
7.497561086178915202e-02 -6.147478192297667121e+00
7.489315197131916901e-02 -5.298768962544009753e+00
7.481907639088847262e-02 -4.556657795106465514e+00
7.475268756106294432e-02 -3.908608222637778518e+00
7.469336473121114539e-02 -3.343067621581666149e+00
7.464055793148317852e-02 -2.849499381793929587e+00
7.459378272705416424e-02 -2.418361111468620539e+00
7.455261503956535363e-02 -2.041047631606250690e+00
7.451668622826276844e-02 -1.709812705180346670e+00
7.448567855347251743e-02 -1.417679408009904440e+00
7.445932109435123014e-02 -1.158345850564946433e+00
7.443738615756878563e-02 -9.260905349196424385e-01
7.441968619022711062e-02 -7.156798543373108501e-01
7.440607119590800234e-02 -5.222789785785738603e-01
7.439642664486191548e-02 -3.413664917034178181e-01
7.439067186612033367e-02 -1.686525575156058443e-01
7.438875890931140322e-02 0.000000000000000000e+00
7.439067186612033367e-02 1.686525575156058443e-01
7.439642664486192936e-02 3.413664917034178181e-01
7.440607119590800234e-02 5.222789785785738603e-01
7.441968619022711062e-02 7.156798543373108501e-01
7.443738615756878563e-02 9.260905349196424385e-01
7.445932109435123014e-02 1.158345850564946433e+00
7.448567855347251743e-02 1.417679408009904440e+00
7.451668622826276844e-02 1.709812705180346670e+00
7.455261503956535363e-02 2.041047631606250690e+00
7.459378272705416424e-02 2.418361111468620539e+00
7.464055793148317852e-02 2.849499381793929587e+00
7.469336473121114539e-02 3.343067621581666149e+00
7.475268756106294432e-02 3.908608222637778518e+00
7.481907639088847262e-02 4.556657795106465514e+00
7.489315197131916901e-02 5.298768962544009753e+00
7.497561086178915202e-02 6.147478192298502009e+00
7.506722983888812484e-02 7.116195657933232610e+00
7.516886914273246401e-02 8.218988207216275654e+00
7.528147386225647608e-02 9.470223313032947843e+00
7.540607260323420324e-02 1.088404261577275811e+01
7.554377245419564846e-02 1.247364131254095199e+01
7.569574920897266523e-02 1.425034758020484560e+01
7.586323187802214429e-02 1.622252711115347523e+01
7.604748078747251838e-02 1.839438181915140547e+01
7.624975907691373955e-02 2.076476442924315435e+01
7.647129817715778155e-02 2.332618022860882689e+01
7.671325882015588016e-02 2.606418046511462805e+01
7.697669015629421407e-02 2.895730761640248119e+01
7.726249039783310291e-02 3.197781059158271333e+01
7.757137280887470288e-02 3.509313479037691508e+01
7.790384061897043244e-02 3.826736596204759167e+01
7.826017350108674386e-02 4.146064059423753889e+01
7.864042678158052191e-02 4.464866095529332313e+01
7.904444286825075550e-02 4.779226812703171134e+01
7.947187288185249276e-02 5.085942301390406328e+01
7.992220547071039738e-02 5.380551691621595012e+01
8.039479941943436514e-02 5.670378041856357498e+01
8.088891688475169373e-02 5.948586686105298327e+01
8.140375472453953432e-02 6.200605583554754219e+01
8.193847220463121306e-02 6.456019754514555586e+01
8.249221417546723223e-02 6.694300240530910173e+01
8.306412947982769190e-02 6.922248020043311101e+01
8.365338482987304258e-02 7.138005441150575336e+01
8.425917467866324284e-02 7.335122978671194005e+01
8.488072774210236870e-02 7.524907255363277159e+01
8.551731084673308558e-02 7.705696067257349569e+01
8.616823072943043116e-02 7.883631546828110004e+01
8.683283433048670508e-02 8.051945947876185983e+01
8.751050802529619643e-02 8.210770123885940563e+01
8.820067614628061825e-02 8.353319522380289186e+01
8.890279906349292383e-02 8.492438268590473172e+01
8.961637102253885989e-02 8.624959864587117409e+01
9.034091788233392095e-02 8.759908940282717538e+01
9.107599485155414010e-02 8.896517874577786245e+01
9.182118428959248901e-02 9.024806324376783095e+01
9.257609361342385157e-02 9.127889920761374754e+01
9.334035333416744462e-02 9.242778223737016674e+01
9.411361523473142643e-02 9.354892257209452566e+01
9.489555069142455168e-02 9.446033177372926559e+01
9.568584913679636927e-02 9.549881269716343013e+01
9.648421665741960251e-02 9.649154418575240300e+01
9.729037471825496830e-02 9.743825352929903261e+01
9.810405900419150171e-02 9.836714222484283709e+01
9.892501836900183254e-02 9.912824167687510624e+01
9.975301388206102293e-02 9.996033933819911965e+01
1.005878179635726621e-01 1.008076104996368372e+02
1.014292135996126970e-01 1.016103363597520399e+02
1.022769936289579795e-01 1.023656188194758982e+02
1.031309600943531996e-01 1.030189014909246055e+02
1.039909236515564744e-01 1.037606074758294312e+02
1.048567030301613551e-01 1.044391802168631926e+02
1.057281245408127762e-01 1.052225967253856140e+02
1.066050216240057164e-01 1.058875656700280246e+02
1.074872344361775395e-01 1.064194877476387546e+02
1.083746094692776690e-01 1.070549337832957519e+02
1.092669992004219881e-01 1.075669975499834266e+02
1.101642617686189873e-01 1.081625987655515360e+02
1.110662606758923004e-01 1.088208785558197178e+02
1.119728645104233478e-01 1.093468553184068526e+02
1.128839466896043447e-01 1.098745450866490216e+02
1.137993852211249546e-01 1.104139499578261763e+02
1.147190624804243220e-01 1.108719259929323613e+02
1.156428650030224825e-01 1.113415881354760586e+02
1.165706832904061518e-01 1.118727243414874692e+02
1.175024116282866737e-01 1.123096675765582404e+02
1.184379479161732224e-01 1.127545765913473872e+02
1.193771935073147938e-01 1.131870425662390289e+02
1.203200530581629707e-01 1.136357587168416785e+02
1.212664343865927780e-01 1.140956914749354496e+02
1.222162483381971365e-01 1.144638064992842743e+02
1.231694086600360893e-01 1.148570668335001841e+02
1.241258318812836492e-01 1.152504190228002301e+02
1.250854372002673243e-01 1.156284722896190260e+02
1.260481463774431876e-01 1.159984332245336702e+02
1.270138836338909616e-01 1.163624837707395869e+02
1.279825755549522937e-01 1.167100529678506575e+02
1.289541509986666945e-01 1.170284355226717139e+02
1.299285410086918058e-01 1.173878064008459177e+02
1.309056787314206161e-01 1.177238101209860304e+02
1.318854993370304762e-01 1.180351381204203278e+02
1.328679399442245501e-01 1.183461598651258555e+02
1.338529395484402695e-01 1.186389286241867467e+02
1.348404389533219006e-01 1.189475475173971404e+02
1.358303807052668732e-01 1.192414430435020591e+02
1.368227090308704874e-01 1.195095020097946872e+02
1.378173697771081507e-01 1.197994979119306151e+02
1.388143103541031043e-01 1.200776310578768857e+02
1.398134796803409408e-01 1.203284178798010231e+02
1.408148281302008253e-01 1.205954450744281701e+02
1.418183074836814328e-01 1.208514727844840877e+02
1.428238708782098021e-01 1.210919287552876114e+02
1.438314727624256384e-01 1.213419734240181924e+02
1.448410688518441958e-01 1.215770298263004321e+02
1.458526160863034826e-01 1.218025401799605021e+02
1.468660725891093588e-01 1.220317139146870602e+02
1.478813976277975339e-01 1.222593810436920734e+02
1.488985515764345569e-01 1.224772638206481474e+02
1.499174958793866863e-01 1.226854184247486756e+02
1.509381930164875874e-01 1.228946157248829394e+02
1.519606064695417647e-01 1.231040106350377101e+02
1.529847006901018103e-01 1.233030457435837945e+02
1.540104410684640102e-01 1.234941530709599249e+02
1.550377939038258268e-01 1.236879596435643691e+02
1.560667263755566025e-01 1.238735806888012831e+02
1.570972065155308850e-01 1.240632854746105238e+02
1.581292031814798826e-01 1.242461083484588613e+02
1.591626860313160863e-01 1.244179454959002555e+02
1.601976254983910608e-01 1.245919213682965250e+02
1.612339927676460782e-01 1.247607772938850985e+02
1.622717597526186495e-01 1.249314076610648669e+02
1.633108990732691224e-01 1.250955121620296921e+02
1.643513840345945387e-01 1.252520579084293786e+02
1.653931886059958334e-01 1.254100509148166651e+02
1.664362874013695648e-01 1.255642000379195764e+02
1.674806556598936735e-01 1.257125839676079551e+02
1.685262692274802909e-01 1.258659915837814651e+02
1.695731045388684521e-01 1.260141295867726967e+02
1.706211386003317343e-01 1.261521573986994298e+02
1.716703489729767274e-01 1.262927968524118967e+02
1.727207137566086903e-01 1.264304133052392132e+02
