7.195010386302681804e-02 -1.378114373647813418e+00
7.194884368257203899e-02 -1.397736794255467263e+00
7.194755391778542841e-02 -1.417387100494331253e+00
7.194623366139582532e-02 -1.437039519693013467e+00
7.194488197194673362e-02 -1.456665979195727934e+00
7.194349787227324877e-02 -1.476235959968704714e+00
7.194208034790125494e-02 -1.495716344418271060e+00
7.194062834536360529e-02 -1.515071258660186881e+00
7.193914077042912192e-02 -1.534261909331224416e+00
7.193761648623897553e-02 -1.553246415702633776e+00
7.193605431134506012e-02 -1.571979637576330413e+00
7.193445301764438138e-02 -1.590412999547305972e+00
7.193281132820361634e-02 -1.608494312543840232e+00
7.193112791496703018e-02 -1.626167593987831061e+00
7.192940139634051988e-02 -1.643372887551092010e+00
7.192763033464466549e-02 -1.660046084090353480e+00
7.192581323342847610e-02 -1.676118745704319624e+00
7.192394853463533744e-02 -1.691517934760973230e+00
7.192203461561216815e-02 -1.706166050528844291e+00
7.192006978595161248e-02 -1.719980676010056886e+00
7.191805228415726337e-02 -1.732874438021251962e+00
7.191598027412055005e-02 -1.744754884243805204e+00
7.191385184139736930e-02 -1.755524381270300527e+00
7.191166498927137329e-02 -1.765080037783558486e+00
7.190941763459100800e-02 -1.773313658052178887e+00
7.190710760336477270e-02 -1.780111731400692010e+00
7.190473262609933802e-02 -1.785355463123768249e+00
7.190229033286413274e-02 -1.788920853852414838e+00
7.189977824806356721e-02 -1.790678834358390370e+00
7.189719378489825563e-02 -1.790495463288104716e+00
7.189453423949399014e-02 -1.788232196073575864e+00
7.189179678467669254e-02 -1.783746233547668592e+00
7.188897846336908537e-02 -1.776890959356813848e+00
7.188607618158363022e-02 -1.767516475399641740e+00
7.188308670098408903e-02 -1.755470244828830184e+00
7.188000663098623177e-02 -1.740597852148457303e+00
7.187683242036592424e-02 -1.722743889973379128e+00
7.187356034834024854e-02 -1.701752981531306386e+00
7.187018651508506051e-02 -1.677470947403084667e+00
7.186670683164958495e-02 -1.649746124352233112e+00
7.186311700922515255e-02 -1.618430842669834835e+00
7.185941254772271192e-02 -1.583383066860613031e+00
7.185558872361008653e-02 -1.544468202929152323e+00
7.185164057695515860e-02 -1.501561072605183345e+00
7.184756289761914938e-02 -1.454548052230664856e+00
7.184335021053761539e-02 -1.403329370761589923e+00
7.183899676002389323e-02 -1.347821557292114614e+00
7.183449649302314777e-02 -1.287960024314710683e+00
7.182984304124133412e-02 -1.223701768202712259e+00
7.182502970206580684e-02 -1.155028163270258590e+00
7.182004941818964650e-02 -1.081947820253467141e+00
7.181489475584393323e-02 -1.004499474684050098e+00
7.180955788153539632e-02 -9.227548647289092187e-01
7.180403053717958339e-02 -8.368215528059916863e-01
7.179830401351026958e-02 -7.468456399925447187e-01
7.179236912163874940e-02 -6.530143176573275365e-01
7.178621616262600980e-02 -5.555581971245826534e-01
7.177983489492134606e-02 -4.547533553109502913e-01
7.177321449951129528e-02 -3.509230331153397331e-01
7.176634354261079984e-02 -2.444389235922043158e-01
7.175920993571824336e-02 -1.357219891107493137e-01
7.175180089284360907e-02 -2.524275098082124497e-02
7.174410288470736696e-02 8.647899860694438501e-02
7.173610158969537243e-02 1.988751036898006308e-01
7.172778184134319390e-02 3.113306011446388966e-01
7.171912757211065803e-02 4.231859441510978370e-01
7.171012175319700643e-02 5.337398948592602110e-01
7.170074633013601151e-02 6.422530721250304664e-01
7.169098215390114215e-02 7.479521225525218586e-01
7.168080890724498611e-02 8.500344650190962970e-01
7.167020502599211196e-02 9.476735409026955104e-01
7.165914761500498387e-02 1.040024485190015779e+00
7.164761235854774646e-02 1.126230118218273679e+00
7.163557342478399370e-02 1.205427144746609169e+00
7.162300336416597968e-02 1.276752437141044139e+00
7.160987300150364887e-02 1.339349273236192683e+00
7.159615132154785455e-02 1.392373397456815320e+00
7.158180534798519457e-02 1.434998776470297388e+00
7.156680001582749195e-02 1.466422928179974994e+00
7.155109803729031714e-02 1.485871715245601798e+00
7.153465976140215010e-02 1.492603511521952919e+00
7.151744302777147955e-02 1.485912671479822755e+00
7.149940301517750119e-02 1.465132258398077703e+00
7.148049208594722814e-02 1.429636016408509569e+00
7.146065962745393185e-02 1.378839603747618048e+00
7.143985189253125589e-02 1.312201139227626934e+00
7.141801184116189360e-02 1.229221150380282790e+00
7.139507898648780881e-02 1.129442049530600123e+00
7.137098924902324226e-02 1.012447302682725203e+00
7.134567482395234861e-02 8.778604952218146407e-01
7.131906406758900530e-02 7.253445378438596602e-01
7.129108141048609570e-02 5.546012953531155310e-01
7.126164730633466338e-02 3.653719598213833741e-01
7.123067822770215440e-02 1.574385274111672617e-01
7.119808672184066434e-02 -6.937322602510943848e-02
7.116378154224439756e-02 -3.151888430984389755e-01
7.112766787433177917e-02 -5.800779029396851971e-01
7.108964767652034555e-02 -8.640438883562900907e-01
7.104962016096401378e-02 -1.167010728846316292e+00
7.100748244118870733e-02 -1.488805565085302263e+00
7.096313037658735778e-02 -1.829137329490994279e+00
7.091645964592652174e-02 -2.187570827328657153e+00
7.086736708328934820e-02 -2.563496146156317934e+00
7.081575230974417046e-02 -2.956093431767493840e+00
7.076151969189223290e-02 -3.364293359086826474e+00
7.070458065363674494e-02 -3.786734007014423753e+00
7.064485635930542462e-02 -4.221715320930148785e+00
7.058228077395850564e-02 -4.667152908829053537e+00
7.051680408976089554e-02 -5.120533544809654281e+00
7.044839648541247057e-02 -5.578875404227548351e+00
7.037705215898786004e-02 -6.038696661739723304e+00
7.030279354394802782e-02 -6.495996555908134518e+00
7.022567558516715214e-02 -6.946253251875314838e+00
7.014578991906533778e-02 -7.384442699586727166e+00
7.006326877269426767e-02 -7.805082084107832330e+00
6.997828837483903441e-02 -8.202300330257891403e+00
6.989107166200447807e-02 -8.569936456186630025e+00
6.980189006721390643e-02 -8.901664458903237431e+00
6.971106420233967593e-02 -9.191141047139325337e+00
6.961896328578105753e-02 -9.432170188064507244e+00
6.952600322489715934e-02 -9.618876428587652683e+00
6.943264333239805575e-02 -9.745877606909546742e+00
6.933938173150749895e-02 -9.808447130045570006e+00
6.924674957851700841e-02 -9.802656572181126293e+00
6.915530429567361137e-02 -9.725490898657735528e+00
6.906562205569134749e-02 -9.574930934490698320e+00
6.897828978726404381e-02 -9.350000450704811783e+00
6.889389697727987816e-02 -9.050778061063939006e+00
6.881302753129753258e-02 -8.678376652208417141e+00
6.873625192286353380e-02 -8.234895040548629197e+00
6.866411981955179711e-02 -7.723347806817655758e+00
6.859715332485477601e-02 -7.147579774937263153e+00
6.853584092561242069e-02 -6.512171451731409988e+00
6.848063218893742088e-02 -5.822341073296781744e+00
6.843193321372605109e-02 -5.083847888125318626e+00
6.839010281162515026e-02 -4.302900118929803952e+00
6.835544937136776855e-02 -3.486069829703414946e+00
6.832822834836996262e-02 -2.640215789002738678e+00
6.830864031746414211e-02 -1.772414431462862927e+00
6.829682952935099693e-02 -8.898982092132426969e-01
6.829288291938982736e-02 0.000000000000000000e+00
6.829682952935099693e-02 8.898982092140774736e-01
6.830864031746415599e-02 1.772414431462862927e+00
6.832822834836996262e-02 2.640215789001904234e+00
6.835544937136776855e-02 3.486069829703414946e+00
6.839010281162515026e-02 4.302900118929803952e+00
6.843193321372605109e-02 5.083847888125318626e+00
6.848063218893743476e-02 5.822341073296781744e+00
6.853584092561242069e-02 6.512171451730575100e+00
6.859715332485476214e-02 7.147579774936428265e+00
6.866411981955178323e-02 7.723347806818490646e+00
6.873625192286353380e-02 8.234895040549464085e+00
6.881302753129753258e-02 8.678376652209252029e+00
6.889389697727989204e-02 9.050778061064773894e+00
6.897828978726405769e-02 9.350000450703976895e+00
6.906562205569134749e-02 9.574930934489863432e+00
6.915530429567361137e-02 9.725490898657735528e+00
6.924674957851700841e-02 9.802656572181126293e+00
6.933938173150749895e-02 9.808447130045570006e+00
6.943264333239805575e-02 9.745877606910381630e+00
6.952600322489717322e-02 9.618876428587652683e+00
6.961896328578105753e-02 9.432170188063672356e+00
6.971106420233967593e-02 9.191141047139325337e+00
6.980189006721390643e-02 8.901664458903237431e+00
6.989107166200447807e-02 8.569936456186630025e+00
6.997828837483903441e-02 8.202300330257891403e+00
7.006326877269426767e-02 7.805082084107832330e+00
7.014578991906533778e-02 7.384442699585892278e+00
7.022567558516713826e-02 6.946253251875314838e+00
7.030279354394804170e-02 6.495996555908969405e+00
7.037705215898786004e-02 6.038696661739723304e+00
7.044839648541247057e-02 5.578875404227548351e+00
7.051680408976089554e-02 5.120533544809654281e+00
7.058228077395850564e-02 4.667152908829053537e+00
7.064485635930541074e-02 4.221715320930148785e+00
7.070458065363673106e-02 3.786734007014423753e+00
7.076151969189224678e-02 3.364293359086826474e+00
7.081575230974417046e-02 2.956093431767493840e+00
7.086736708328934820e-02 2.563496146156317934e+00
7.091645964592652174e-02 2.187570827328657153e+00
7.096313037658735778e-02 1.829137329490994279e+00
7.100748244118870733e-02 1.488805565085302263e+00
7.104962016096402766e-02 1.167010728846316292e+00
7.108964767652034555e-02 8.640438883562900907e-01
7.112766787433177917e-02 5.800779029396851971e-01
7.116378154224439756e-02 3.151888430984389755e-01
7.119808672184066434e-02 6.937322602510943848e-02
7.123067822770215440e-02 -1.574385274111672617e-01
7.126164730633466338e-02 -3.653719598213833741e-01
7.129108141048609570e-02 -5.546012953531155310e-01
7.131906406758899142e-02 -7.253445378438596602e-01
7.134567482395234861e-02 -8.778604952218146407e-01
7.137098924902324226e-02 -1.012447302683559869e+00
7.139507898648782269e-02 -1.129442049530600123e+00
7.141801184116189360e-02 -1.229221150379448124e+00
7.143985189253125589e-02 -1.312201139227626934e+00
7.146065962745391797e-02 -1.378839603747618048e+00
7.148049208594722814e-02 -1.429636016407674681e+00
7.149940301517748731e-02 -1.465132258398077703e+00
7.151744302777146567e-02 -1.485912671480657421e+00
7.153465976140215010e-02 -1.492603511521952919e+00
7.155109803729033102e-02 -1.485871715245601798e+00
7.156680001582749195e-02 -1.466422928179974994e+00
7.158180534798519457e-02 -1.434998776469462500e+00
7.159615132154784067e-02 -1.392373397456815320e+00
7.160987300150366275e-02 -1.339349273237027349e+00
7.162300336416597968e-02 -1.276752437141044139e+00
7.163557342478399370e-02 -1.205427144746609169e+00
7.164761235854774646e-02 -1.126230118218273679e+00
7.165914761500498387e-02 -1.040024485190015779e+00
7.167020502599209808e-02 -9.476735409018607337e-01
7.168080890724497223e-02 -8.500344650190962970e-01
7.169098215390112827e-02 -7.479521225533566353e-01
7.170074633013601151e-02 -6.422530721250304664e-01
7.171012175319700643e-02 -5.337398948584254343e-01
7.171912757211063028e-02 -4.231859441502630603e-01
7.172778184134318002e-02 -3.113306011454736733e-01
7.173610158969537243e-02 -1.988751036906354075e-01
7.174410288470736696e-02 -8.647899860694438501e-02
7.175180089284359519e-02 2.524275098082124497e-02
7.175920993571824336e-02 1.357219891107493137e-01
7.176634354261079984e-02 2.444389235922043158e-01
7.177321449951129528e-02 3.509230331153397331e-01
7.177983489492134606e-02 4.547533553109502913e-01
7.178621616262600980e-02 5.555581971254174301e-01
7.179236912163876327e-02 6.530143176556579832e-01
7.179830401351025571e-02 7.468456399917099420e-01
7.180403053717958339e-02 8.368215528101655698e-01
7.180955788153542407e-02 9.227548647272396654e-01
7.181489475584391935e-02 1.004499474683215432e+00
7.182004941818966037e-02 1.081947820255136694e+00
7.182502970206580684e-02 1.155028163268589037e+00
7.182984304124133412e-02 1.223701768202712259e+00
7.183449649302314777e-02 1.287960024309702023e+00
7.183899676002386547e-02 1.347821557294618833e+00
7.184335021053762926e-02 1.403329370766598583e+00
7.184756289761914938e-02 1.454548052230664856e+00
7.185164057695517248e-02 1.501561072605183345e+00
7.185558872361008653e-02 1.544468202926648104e+00
7.185941254772271192e-02 1.583383066860613031e+00
7.186311700922515255e-02 1.618430842669834835e+00
7.186670683164958495e-02 1.649746124358911326e+00
7.187018651508508826e-02 1.677470947403084667e+00
7.187356034834024854e-02 1.701752981520454178e+00
7.187683242036591036e-02 1.722743889973379128e+00
7.188000663098623177e-02 1.740597852148457303e+00
7.188308670098407516e-02 1.755470244833003957e+00
7.188607618158364410e-02 1.767516475403815734e+00
7.188897846336908537e-02 1.776890959352640076e+00
7.189179678467669254e-02 1.783746233547668592e+00
7.189453423949399014e-02 1.788232196073575864e+00
7.189719378489825563e-02 1.790495463288104716e+00
7.189977824806356721e-02 1.790678834358390370e+00
7.190229033286413274e-02 1.788920853852414838e+00
7.190473262609933802e-02 1.785355463112916041e+00
7.190710760336474494e-02 1.780111731405700670e+00
7.190941763459102187e-02 1.773313658057187547e+00
7.191166498927135942e-02 1.765080037778550048e+00
7.191385184139736930e-02 1.755524381281987401e+00
7.191598027412056393e-02 1.744754884243805204e+00
7.191805228415726337e-02 1.732874438015408414e+00
7.192006978595161248e-02 1.719980676010056886e+00
7.192203461561216815e-02 1.706166050528844291e+00
7.192394853463533744e-02 1.691517934748451690e+00
7.192581323342844835e-02 1.676118745697641410e+00
7.192763033464465161e-02 1.660046084102875241e+00
7.192940139634051988e-02 1.643372887557770223e+00
7.193112791496703018e-02 1.626167593987831061e+00
7.193281132820361634e-02 1.608494312536327353e+00
7.193445301764436750e-02 1.590412999547305972e+00
7.193605431134506012e-02 1.571979637583843514e+00
7.193761648623897553e-02 1.553246415702633776e+00
7.193914077042912192e-02 1.534261909331224416e+00
7.194062834536360529e-02 1.515071258660186881e+00
7.194208034790125494e-02 1.495716344432462153e+00
7.194349787227327653e-02 1.476235959961191835e+00
7.194488197194671975e-02 1.456665979181536841e+00
7.194623366139582532e-02 1.437039519700526347e+00
7.194755391778542841e-02 1.417387100494331253e+00
7.194884368257203899e-02 1.397736794255467263e+00
7.195010386302681804e-02 1.378114373647813418e+00
