7.195464348019786627e-02 -2.645302665889059046e+00
7.195340514140108334e-02 -2.686683875221682172e+00
7.195213610482323330e-02 -2.728257629585650434e+00
7.195083536355123544e-02 -2.769972519035284186e+00
7.194950186953719129e-02 -2.811771713601075806e+00
7.194813453158226124e-02 -2.853592548834106957e+00
7.194673221320517509e-02 -2.895366086646145476e+00
7.194529373038754949e-02 -2.937016651323546501e+00
7.194381784918796319e-02 -2.978461340442817740e+00
7.194230328321571388e-02 -3.019609510237075245e+00
7.194074869095523628e-02 -3.060362235594530134e+00
7.193915267293068960e-02 -3.100611745431128163e+00
7.193751376869990388e-02 -3.140240834018336091e+00
7.193583045366576390e-02 -3.179122249387186461e+00
7.193410113569261022e-02 -3.217118060968135573e+00
7.193232415151339099e-02 -3.254079008552005714e+00
7.193049776291335351e-02 -3.289843835658173177e+00
7.192862015267370568e-02 -3.324238611361160167e+00
7.192668942025837175e-02 -3.357076045136843323e+00
7.192470357722482999e-02 -3.388154800902267727e+00
7.192266054233883987e-02 -3.417258817003232974e+00
7.192055813637115991e-02 -3.444156640786224965e+00
7.191839407655226113e-02 -3.468600787389663598e+00
7.191616597065958461e-02 -3.490327134707603474e+00
7.191387131070864358e-02 -3.509054367633523519e+00
7.191150746621827183e-02 -3.524483486915668262e+00
7.190907167701635072e-02 -3.536297400665094681e+00
7.190656104555018246e-02 -3.544160618070186342e+00
7.190397252866223554e-02 -3.547719068018494237e+00
7.190130292878837981e-02 -3.546600067343576246e+00
7.189854888453242610e-02 -3.540412466913898548e+00
7.189570686056537263e-02 -3.528747006072295633e+00
7.189277313679424963e-02 -3.511176908356181681e+00
7.188974379673965243e-02 -3.487258754854623000e+00
7.188661471505544687e-02 -3.456533673727111733e+00
7.188338154411760828e-02 -3.418528886463276351e+00
7.188003969960256312e-02 -3.372759653324302054e+00
7.187658434496738136e-02 -3.318731661954512191e+00
7.187301037473539655e-02 -3.255943903108984294e+00
7.186931239648189362e-02 -3.183892077362935336e+00
7.186548471140291605e-02 -3.102072574640119207e+00
7.186152129333983618e-02 -3.009987065409798657e+00
7.185741576611789916e-02 -2.907147737885752647e+00
7.185316137904308731e-02 -2.793083208236439408e+00
7.184875098038542851e-02 -2.667345122351674647e+00
7.184417698865849800e-02 -2.529515456454241917e+00
7.183943136148426833e-02 -2.379214509502584729e+00
7.183450556181092406e-02 -2.216109564081856664e+00
7.182939052122447321e-02 -2.039924173156384413e+00
7.182407660006756567e-02 -1.850448007640423498e+00
7.181855354404678704e-02 -1.647547175560641231e+00
7.181281043697392008e-02 -1.431174896916068473e+00
7.180683564924605911e-02 -1.201382389983957300e+00
7.180061678162535932e-02 -9.583297960569929774e-01
7.179414060382706408e-02 -7.022969409478421188e-01
7.178739298736787344e-02 -4.336937040978723346e-01
7.178035883206204670e-02 -1.530697419125718328e-01
7.177302198547949597e-02 1.388767080675224197e-01
7.176536515459770726e-02 4.412912293904763250e-01
7.175736980878666404e-02 7.531571283037250542e-01
7.174901607316022667e-02 1.073291123911204625e+00
7.174028261120878047e-02 1.400341100933358174e+00
7.173114649549290622e-02 1.732786171404492759e+00
7.172158306502590674e-02 2.068939250593594625e+00
7.171156576779971759e-02 2.406952297539927788e+00
7.170106598671416309e-02 2.744824302305166608e+00
7.169005284694843216e-02 3.080412021586577787e+00
7.167849300256363965e-02 3.411443373337798235e+00
7.166635039984414757e-02 3.735533302527850985e+00
7.165358601456719989e-02 4.050201827544338329e+00
7.164015756003327962e-02 4.352893873984336359e+00
7.162601916228905630e-02 4.641000404419532543e+00
7.161112099852691426e-02 4.911880263646684952e+00
7.159540889414831022e-02 5.162882083874910322e+00
7.157882387342798247e-02 5.391365537135906827e+00
7.156130165811587507e-02 5.594721186635998045e+00
7.154277210766261941e-02 5.770388177601270208e+00
7.152315859406219167e-02 5.915869022585291681e+00
7.150237730358456612e-02 6.028740777247257654e+00
7.148033645694348848e-02 6.106661969166675696e+00
7.145693543874957754e-02 6.147374733655968981e+00
7.143206382648757680e-02 6.148701724904049648e+00
7.140560030881519527e-02 6.108537506686031904e+00
7.137741148282601700e-02 6.024834284523952199e+00
7.134735052021970447e-02 5.895582021620740854e+00
7.131525569331939596e-02 5.718783189181809945e+00
7.128094875389415219e-02 5.492422646637288075e+00
7.124423316123661143e-02 5.214433443153785319e+00
7.120489216151212886e-02 4.882659700074539977e+00
7.116268672883642454e-02 4.494818203727104056e+00
7.111735339088455510e-02 4.048460947451581582e+00
7.106860197938892620e-02 3.540941656720914210e+00
7.101611337023486237e-02 2.969390363154726931e+00
7.095953731085090366e-02 2.330701411306498994e+00
7.089849047619728450e-02 1.621541919828099587e+00
7.083255495072503238e-02 8.383896681484079849e-01
7.076127740342935679e-02 -2.238844852360035234e-02
7.068416930628404482e-02 -9.644040912175138036e-01
7.060070863987545631e-02 -1.991046275393697274e+00
7.051034362631210251e-02 -3.105195835317291042e+00
7.041249911402827633e-02 -4.308842033357906942e+00
7.030658628846953029e-02 -5.602593672914354173e+00
7.019201636318075921e-02 -6.985088630403807564e+00
7.006821877506483331e-02 -8.452324378395797311e+00
6.993466412067939064e-02 -9.996958021916357851e+00
6.979089159351026250e-02 -1.160765530683040581e+01
6.963654001307705010e-02 -1.326859795818943155e+01
6.947138072933631281e-02 -1.495927751031180897e+01
6.929534986748800418e-02 -1.665469912270733488e+01
6.910857674538051221e-02 -1.832608046633365717e+01
6.891140507388324177e-02 -1.994205675724058580e+01
6.870440391944555858e-02 -2.147030517417422857e+01
6.848836641405471604e-02 -2.287940555151880417e+01
6.826429569876073244e-02 -2.414069051170756097e+01
6.803337926882471742e-02 -2.522983079546439455e+01
6.779695436194821401e-02 -2.612795505244104177e+01
6.755646796779228580e-02 -2.682220036399756324e+01
6.731343528065372728e-02 -2.730569896546588282e+01
6.706940001595000644e-02 -2.757709701831531390e+01
6.682589916804332342e-02 -2.763975229068084616e+01
6.658443376433112459e-02 -2.750077167369168762e+01
6.634644620001073356e-02 -2.717002294555119946e+01
6.611330396815576216e-02 -2.665922224036390276e+01
6.588628908809693319e-02 -2.598115816168111891e+01
6.566659226871264521e-02 -2.514907042920318503e+01
6.545531077020823318e-02 -2.417618914660112139e+01
6.525344898474261246e-02 -2.307541538247721746e+01
6.506192088521330075e-02 -2.185911329974148742e+01
6.488155364885626886e-02 -2.053898228929530489e+01
6.471309191929373872e-02 -1.912603123467028965e+01
6.455720231116385266e-02 -1.763056565681715426e+01
6.441447787851244111e-02 -1.606220633018250510e+01
6.428544236052161076e-02 -1.442996940771943137e+01
6.417055408788616133e-02 -1.274229842745378605e+01
6.407020948363596757e-02 -1.100715245891258043e+01
6.398474612717963694e-02 -9.232074679823265129e+00
6.391444537330752407e-02 -7.424230741055591665e+00
6.385953453182544037e-02 -5.590516195841254365e+00
6.382018862081774435e-02 -3.737594367598285672e+00
6.379653170914248439e-02 -1.871961155916634478e+00
6.378863786307775730e-02 0.000000000000000000e+00
6.379653170914248439e-02 1.871961155917469366e+00
6.382018862081775823e-02 3.737594367598285672e+00
6.385953453182544037e-02 5.590516195840419478e+00
6.391444537330752407e-02 7.424230741055591665e+00
6.398474612717963694e-02 9.232074679823265129e+00
6.407020948363596757e-02 1.100715245891425020e+01
6.417055408788618909e-02 1.274229842745378605e+01
6.428544236052161076e-02 1.442996940771776160e+01
6.441447787851244111e-02 1.606220633018250510e+01
6.455720231116385266e-02 1.763056565681715426e+01
6.471309191929373872e-02 1.912603123467028965e+01
6.488155364885626886e-02 2.053898228929530489e+01
6.506192088521330075e-02 2.185911329974148742e+01
6.525344898474261246e-02 2.307541538247721746e+01
6.545531077020823318e-02 2.417618914660112139e+01
6.566659226871264521e-02 2.514907042920401992e+01
6.588628908809694706e-02 2.598115816168111891e+01
6.611330396815576216e-02 2.665922224036306787e+01
6.634644620001073356e-02 2.717002294555119946e+01
6.658443376433112459e-02 2.750077167369252251e+01
6.682589916804333730e-02 2.763975229068084616e+01
6.706940001595000644e-02 2.757709701831531390e+01
6.731343528065374116e-02 2.730569896546588282e+01
6.755646796779228580e-02 2.682220036399756324e+01
6.779695436194822789e-02 2.612795505244104177e+01
6.803337926882471742e-02 2.522983079546355967e+01
6.826429569876073244e-02 2.414069051170839586e+01
6.848836641405472991e-02 2.287940555151880417e+01
6.870440391944555858e-02 2.147030517417339368e+01
6.891140507388322789e-02 1.994205675724058580e+01
6.910857674538051221e-02 1.832608046633365717e+01
6.929534986748800418e-02 1.665469912270816977e+01
6.947138072933632669e-02 1.495927751031180897e+01
6.963654001307705010e-02 1.326859795818943155e+01
6.979089159351027638e-02 1.160765530683124069e+01
6.993466412067940452e-02 9.996958021915522963e+00
7.006821877506483331e-02 8.452324378394962423e+00
7.019201636318075921e-02 6.985088630403807564e+00
7.030658628846953029e-02 5.602593672914354173e+00
7.041249911402827633e-02 4.308842033357906942e+00
7.051034362631211638e-02 3.105195835317291042e+00
7.060070863987547019e-02 1.991046275393697274e+00
7.068416930628405870e-02 9.644040912175138036e-01
7.076127740342934291e-02 2.238844852360035234e-02
7.083255495072504626e-02 -8.383896681484079849e-01
7.089849047619728450e-02 -1.621541919828099587e+00
7.095953731085090366e-02 -2.330701411306498994e+00
7.101611337023484849e-02 -2.969390363155561818e+00
7.106860197938894008e-02 -3.540941656720914210e+00
7.111735339088455510e-02 -4.048460947450747582e+00
7.116268672883642454e-02 -4.494818203727104056e+00
7.120489216151212886e-02 -4.882659700073705089e+00
7.124423316123659755e-02 -5.214433443152950431e+00
7.128094875389413831e-02 -5.492422646638122963e+00
7.131525569331939596e-02 -5.718783189183479720e+00
7.134735052021971835e-02 -5.895582021620740854e+00
7.137741148282601700e-02 -6.024834284523117311e+00
7.140560030881519527e-02 -6.108537506684362128e+00
7.143206382648756292e-02 -6.148701724905719423e+00
7.145693543874959142e-02 -6.147374733657637869e+00
7.148033645694348848e-02 -6.106661969163336146e+00
7.150237730358455224e-02 -6.028740777247257654e+00
7.152315859406219167e-02 -5.915869022584456793e+00
7.154277210766260553e-02 -5.770388177601270208e+00
7.156130165811587507e-02 -5.594721186638501820e+00
7.157882387342798247e-02 -5.391365537134237051e+00
7.159540889414829634e-02 -5.162882083873240546e+00
7.161112099852690038e-02 -4.911880263646684952e+00
7.162601916228904242e-02 -4.641000404423706094e+00
7.164015756003329349e-02 -4.352893873984336359e+00
7.165358601456718601e-02 -4.050201827539329891e+00
7.166635039984413369e-02 -3.735533302529520316e+00
7.167849300256363965e-02 -3.411443373341972229e+00
7.169005284694844604e-02 -3.080412021588247562e+00
7.170106598671417697e-02 -2.744824302303497277e+00
7.171156576779971759e-02 -2.406952297538258012e+00
7.172158306502590674e-02 -2.068939250593594625e+00
7.173114649549290622e-02 -1.732786171403658093e+00
7.174028261120876659e-02 -1.400341100934192839e+00
7.174901607316024055e-02 -1.073291123912039513e+00
7.175736980878666404e-02 -7.531571283037250542e-01
7.176536515459772114e-02 -4.412912293904763250e-01
7.177302198547949597e-02 -1.388767080666876430e-01
7.178035883206204670e-02 1.530697419117370561e-01
7.178739298736785956e-02 4.336937040978723346e-01
7.179414060382706408e-02 7.022969409486768955e-01
7.180061678162535932e-02 9.583297960553234240e-01
7.180683564924604523e-02 1.201382389983957300e+00
7.181281043697392008e-02 1.431174896917738026e+00
7.181855354404678704e-02 1.647547175555632570e+00
7.182407660006753791e-02 1.850448007640423498e+00
7.182939052122447321e-02 2.039924173161393295e+00
7.183450556181092406e-02 2.216109564085195771e+00
7.183943136148428221e-02 2.379214509502584729e+00
7.184417698865849800e-02 2.529515456460085243e+00
7.184875098038545627e-02 2.667345122351674647e+00
7.185316137904308731e-02 2.793083208227256975e+00
7.185741576611789916e-02 2.907147737890761530e+00
7.186152129333985006e-02 3.009987065409798657e+00
7.186548471140291605e-02 3.102072574635110325e+00
7.186931239648189362e-02 3.183892077362935336e+00
7.187301037473539655e-02 3.255943903108984294e+00
7.187658434496738136e-02 3.318731661954512191e+00
7.188003969960256312e-02 3.372759653309275851e+00
7.188338154411758052e-02 3.418528886463276351e+00
7.188661471505544687e-02 3.456533673742137491e+00
7.188974379673965243e-02 3.487258754846275455e+00
7.189277313679423576e-02 3.511176908356181681e+00
7.189570686056537263e-02 3.528747006080643178e+00
7.189854888453242610e-02 3.540412466913898548e+00
7.190130292878837981e-02 3.546600067324376493e+00
7.190397252866220779e-02 3.547719068018494237e+00
7.190656104555018246e-02 3.544160618089386094e+00
7.190907167701635072e-02 3.536297400644225153e+00
7.191150746621824408e-02 3.524483486894798734e+00
7.191387131070861582e-02 3.509054367643540839e+00
7.191616597065957073e-02 3.490327134728473002e+00
7.191839407655226113e-02 3.468600787388828710e+00
7.192055813637114603e-02 3.444156640786224965e+00
7.192266054233883987e-02 3.417258817014920069e+00
7.192470357722482999e-02 3.388154800902267727e+00
7.192668942025837175e-02 3.357076045136843323e+00
7.192862015267370568e-02 3.324238611361160167e+00
7.193049776291335351e-02 3.289843835658173177e+00
7.193232415151339099e-02 3.254079008539484175e+00
7.193410113569259634e-02 3.217118060980657113e+00
7.193583045366577777e-02 3.179122249387186461e+00
7.193751376869989000e-02 3.140240834005814552e+00
7.193915267293068960e-02 3.100611745457006130e+00
7.194074869095525016e-02 3.060362235594530134e+00
7.194230328321571388e-02 3.019609510223718818e+00
7.194381784918796319e-02 2.978461340442817740e+00
7.194529373038754949e-02 2.937016651323546501e+00
7.194673221320517509e-02 2.895366086660336791e+00
7.194813453158227512e-02 2.853592548863324030e+00
7.194950186953721905e-02 2.811771713616101565e+00
7.195083536355126319e-02 2.769972518976849596e+00
7.195213610482320554e-02 2.728257629556433361e+00
7.195340514140108334e-02 2.686683875250899245e+00
7.195464348019786627e-02 2.645302665889059046e+00
