1.756726072673455707e-01 -1.243042254182454087e+02
1.746400209722022145e-01 -1.241481700660806951e+02
1.736087820572989882e-01 -1.239789228429785624e+02
1.725789150940761074e-01 -1.238124975403241592e+02
1.715504452262995583e-01 -1.236428467724678768e+02
1.705233981859408943e-01 -1.234698051531621132e+02
1.694978003095568286e-01 -1.232961983652422617e+02
1.684736785551858851e-01 -1.231159672176025452e+02
1.674510605197799262e-01 -1.229309278265079541e+02
1.664299744571889894e-01 -1.227461076155392874e+02
1.654104492967180817e-01 -1.225565762507534942e+02
1.643925146622765565e-01 -1.223630473121991855e+02
1.633762008921396114e-01 -1.221685060362304540e+02
1.623615390593436403e-01 -1.219671689413105611e+02
1.613485609927374775e-01 -1.217602405037198281e+02
1.603372992987120993e-01 -1.215527162009589262e+02
1.593277873836323744e-01 -1.213400172762621168e+02
1.583200594769953451e-01 -1.211312067684379059e+02
1.573141506553406288e-01 -1.209037686609021591e+02
1.563100968669386970e-01 -1.206702825957008116e+02
1.553079349572847878e-01 -1.204469278201936646e+02
1.543077026954259301e-01 -1.202121934540594310e+02
1.533094388011511100e-01 -1.199759521862577003e+02
1.523131829730741682e-01 -1.197309518520256120e+02
1.513189759176408744e-01 -1.194788927653853676e+02
1.503268593790932917e-01 -1.192258937989748233e+02
1.493368761704237657e-01 -1.189761442263319395e+02
1.483490702053551769e-01 -1.187038489178545149e+02
1.473634865313815656e-01 -1.184239970791924890e+02
1.463801713639087121e-01 -1.181557068606824004e+02
1.453991721215316946e-01 -1.178800187098847942e+02
1.444205374624903115e-01 -1.175889377137258123e+02
1.434443173223447221e-01 -1.172893935956507221e+02
1.424705629529131323e-01 -1.169922217009578418e+02
1.414993269625176020e-01 -1.166895996530528379e+02
1.405306633575833797e-01 -1.163772246398332868e+02
1.395646275856408103e-01 -1.160535481841791920e+02
1.386012765797786650e-01 -1.157315944260169971e+02
1.376406688046017679e-01 -1.153968481421992323e+02
1.366828643037457103e-01 -1.150511490694380257e+02
1.357279247490044138e-01 -1.147084776990927537e+02
1.347759134911289403e-01 -1.143510835491497204e+02
1.338268956123562781e-01 -1.139811860723434620e+02
1.328809379807314173e-01 -1.136147827419282379e+02
1.319381093062861610e-01 -1.132342796018584323e+02
1.309984801991422310e-01 -1.128366605293393405e+02
1.300621232296080010e-01 -1.124460013019424167e+02
1.291291129903403556e-01 -1.120407099072836559e+02
1.281995261606471703e-01 -1.116222853028444746e+02
1.272734415730079893e-01 -1.111961352761167205e+02
1.263509402818928651e-01 -1.107603986553393582e+02
1.254321056349638475e-01 -1.103128574230125452e+02
1.245170233467451648e-01 -1.098572378218997443e+02
1.236057815748531213e-01 -1.093880732233154589e+02
1.226984709988778871e-01 -1.089091848939050493e+02
1.217951849020151023e-01 -1.084188033225025265e+02
1.208960192555470492e-01 -1.079160688956746981e+02
1.200010728062767540e-01 -1.074015315458185853e+02
1.191104471670227649e-01 -1.068759088590461772e+02
1.182242469102846305e-01 -1.063577410816531454e+02
1.173425796651924313e-01 -1.057840424652798816e+02
1.164655562178570636e-01 -1.052082495511262579e+02
1.155932906152400130e-01 -1.046228130708773989e+02
1.147259002726627453e-01 -1.040422893820233412e+02
1.138635060850784336e-01 -1.034598823447163767e+02
1.130062325422266090e-01 -1.028254146513675522e+02
1.121542078477916066e-01 -1.021555040777722496e+02
1.113075640426818558e-01 -1.015057700533014327e+02
1.104664371325408817e-01 -1.008632557383967878e+02
1.096309672195932561e-01 -1.001629479886348264e+02
1.088012986389149950e-01 -9.945452162665668538e+01
1.079775800992013729e-01 -9.872878048897449332e+01
1.071599648280806838e-01 -9.798366171275885961e+01
1.063486107219912824e-01 -9.721792022145316992e+01
1.055436805005981055e-01 -9.643143762920965401e+01
1.047453418656710544e-01 -9.562457126929726314e+01
1.039537676642797587e-01 -9.479644782848012596e+01
1.031691360560719195e-01 -9.394253701376646859e+01
1.023916306842926893e-01 -9.310929425259408276e+01
1.016214408500648037e-01 -9.221588707267557083e+01
1.008587616892766964e-01 -9.125081108586931578e+01
1.001037943512119027e-01 -9.036299624188990265e+01
9.935674617778843254e-02 -8.937511000319129550e+01
9.861783088195047453e-02 -8.837822828103254835e+01
9.788726872335504203e-02 -8.734481156736188723e+01
9.716528667900843630e-02 -8.627969594297870515e+01
9.645211860591512698e-02 -8.528048086665694427e+01
9.574800539208497274e-02 -8.411996225085287904e+01
9.505319509138565603e-02 -8.291482160641535870e+01
9.436794303669895911e-02 -8.178811232939325748e+01
9.369251192462221822e-02 -8.070072663071248087e+01
9.302717186352227330e-02 -7.943668533033087442e+01
9.237220037507959391e-02 -7.805530424517611721e+01
9.172788233753265130e-02 -7.683188480010451826e+01
9.109450985664011013e-02 -7.546732876264245249e+01
9.047238204792149019e-02 -7.407601670053375642e+01
8.986180471103694112e-02 -7.275228025573454715e+01
8.926308987427686303e-02 -7.125208809866890647e+01
8.867655518413937454e-02 -6.972828822317309516e+01
8.810252311202287911e-02 -6.814866193569173447e+01
8.754131994735986355e-02 -6.654984461769770121e+01
8.699327454435901164e-02 -6.500948511901130189e+01
8.645871678829229745e-02 -6.343131710491532971e+01
8.593797574745086487e-02 -6.171312674836638479e+01
8.543137747909196333e-02 -5.991332697921862405e+01
8.493924246258535704e-02 -5.806792377013961470e+01
8.446188264126278100e-02 -5.634048748554379671e+01
8.399959806687401498e-02 -5.448189438308423860e+01
8.355267315761703839e-02 -5.252091190851723468e+01
8.312137260271861006e-02 -5.067948981849585266e+01
8.270593697332247196e-02 -4.878198062998894358e+01
8.230657813017963620e-02 -4.677100272651657065e+01
8.192347455171708481e-02 -4.476069882767349384e+01
8.155676673898698548e-02 -4.276478691428147982e+01
8.120655288342597256e-02 -4.071035130443515726e+01
8.087288500533003355e-02 -3.871171632368450588e+01
8.055576578134721055e-02 -3.669893633622302076e+01
8.025514627443494642e-02 -3.466999304317783270e+01
7.997092475714846771e-02 -3.267661708283959143e+01
7.970294677823917817e-02 -3.072281083310224759e+01
7.945100656515940996e-02 -2.877611916345372833e+01
7.921484978547650713e-02 -2.687493311123590090e+01
7.899417761478499944e-02 -2.501884882614205807e+01
7.878865198508167023e-02 -2.320186606134722140e+01
7.859790182341465370e-02 -2.144381231408193145e+01
7.842153004241834979e-02 -1.973940510548469973e+01
7.825912101638594909e-02 -1.809107351652491502e+01
7.811024827030960127e-02 -1.649983427896326660e+01
7.797448212353058627e-02 -1.496650918247794415e+01
7.785139706066307452e-02 -1.349072074561130563e+01
7.774057864515986072e-02 -1.206965756762684805e+01
7.764162983960848363e-02 -1.070090534962480611e+01
7.755417664622372975e-02 -9.380692939355295579e+00
7.747787302662108300e-02 -8.105461247750698206e+00
7.741240509868178854e-02 -6.870302975224808151e+00
7.735749463835402129e-02 -5.670228101813073351e+00
7.731290193497393493e-02 -4.499901787833242572e+00
7.727842806045479018e-02 -3.353603081381393292e+00
7.725391661642361241e-02 -2.225553210039692420e+00
7.723925502036384227e-02 -1.109705187756762301e+00
7.723437538344556097e-02 0.000000000000000000e+00
7.723925502036384227e-02 1.109705187757596967e+00
7.725391661642362628e-02 2.225553210039692420e+00
7.727842806045479018e-02 3.353603081380558404e+00
7.731290193497393493e-02 4.499901787833242572e+00
7.735749463835402129e-02 5.670228101813073351e+00
7.741240509868178854e-02 6.870302975223973263e+00
7.747787302662106912e-02 8.105461247750698206e+00
7.755417664622372975e-02 9.380692939356130466e+00
7.764162983960849751e-02 1.070090534962564099e+01
7.774057864515987459e-02 1.206965756762684805e+01
7.785139706066307452e-02 1.349072074561047074e+01
7.797448212353058627e-02 1.496650918247877904e+01
7.811024827030961515e-02 1.649983427896410149e+01
7.825912101638596297e-02 1.809107351652408013e+01
7.842153004241834979e-02 1.973940510548386484e+01
7.859790182341465370e-02 2.144381231408193145e+01
7.878865198508167023e-02 2.320186606134722140e+01
7.899417761478499944e-02 2.501884882614205807e+01
7.921484978547650713e-02 2.687493311123673578e+01
7.945100656515942383e-02 2.877611916345372833e+01
7.970294677823917817e-02 3.072281083310141270e+01
7.997092475714846771e-02 3.267661708283959143e+01
8.025514627443494642e-02 3.466999304317783270e+01
8.055576578134721055e-02 3.669893633622302076e+01
8.087288500533003355e-02 3.871171632368450588e+01
8.120655288342597256e-02 4.071035130443515726e+01
8.155676673898698548e-02 4.276478691428231116e+01
8.192347455171709869e-02 4.476069882767432517e+01
8.230657813017965008e-02 4.677100272651740198e+01
8.270593697332249972e-02 4.878198062998810514e+01
8.312137260271861006e-02 5.067948981849418288e+01
8.355267315761703839e-02 5.252091190851890445e+01
8.399959806687404273e-02 5.448189438308506993e+01
8.446188264126279488e-02 5.634048748554296537e+01
8.493924246258537092e-02 5.806792377013961470e+01
8.543137747909197721e-02 5.991332697921946249e+01
8.593797574745089263e-02 6.171312674836722323e+01
8.645871678829232521e-02 6.343131710491365993e+01
8.699327454435901164e-02 6.500948511900963922e+01
8.754131994735986355e-02 6.654984461769770121e+01
8.810252311202287911e-02 6.814866193569257291e+01
8.867655518413938842e-02 6.972828822317475783e+01
8.926308987427689079e-02 7.125208809866974491e+01
8.986180471103696887e-02 7.275228025573454715e+01
9.047238204792151794e-02 7.407601670053207954e+01
9.109450985664011013e-02 7.546732876264077561e+01
9.172788233753265130e-02 7.683188480010618093e+01
9.237220037507962167e-02 7.805530424517611721e+01
9.302717186352227330e-02 7.943668533033003598e+01
9.369251192462223210e-02 8.070072663071248087e+01
9.436794303669895911e-02 8.178811232939241904e+01
9.505319509138565603e-02 8.291482160641618293e+01
9.574800539208498662e-02 8.411996225085455592e+01
9.645211860591515474e-02 8.528048086665778271e+01
9.716528667900846405e-02 8.627969594297786671e+01
9.788726872335505591e-02 8.734481156736188723e+01
9.861783088195050229e-02 8.837822828103254835e+01
9.935674617778844642e-02 8.937511000319047128e+01
1.001037943512119166e-01 9.036299624189074109e+01
1.008587616892767241e-01 9.125081108587097845e+01
1.016214408500648453e-01 9.221588707267390816e+01
1.023916306842926893e-01 9.310929425259158165e+01
1.031691360560719195e-01 9.394253701376730703e+01
1.039537676642797726e-01 9.479644782848262707e+01
1.047453418656710961e-01 9.562457126929810158e+01
1.055436805005981332e-01 9.643143762920882978e+01
1.063486107219913102e-01 9.721792022145149303e+01
1.071599648280806838e-01 9.798366171275885961e+01
1.079775800992014007e-01 9.872878048897531755e+01
1.088012986389150089e-01 9.945452162665584694e+01
1.096309672195932700e-01 1.001629479886348264e+02
1.104664371325408956e-01 1.008632557383976263e+02
1.113075640426818835e-01 1.015057700533022711e+02
1.121542078477916343e-01 1.021555040777722496e+02
1.130062325422266367e-01 1.028254146513683907e+02
1.138635060850784753e-01 1.034598823447146998e+02
1.147259002726627453e-01 1.040422893820208259e+02
1.155932906152400130e-01 1.046228130708799000e+02
1.164655562178571052e-01 1.052082495511279348e+02
1.173425796651924591e-01 1.057840424652790574e+02
1.182242469102846583e-01 1.063577410816531454e+02
1.191104471670227927e-01 1.068759088590445145e+02
1.200010728062767540e-01 1.074015315458185853e+02
1.208960192555470770e-01 1.079160688956771992e+02
1.217951849020151439e-01 1.084188033225016881e+02
1.226984709988779010e-01 1.089091848939042109e+02
1.236057815748531491e-01 1.093880732233162973e+02
1.245170233467451926e-01 1.098572378218997443e+02
1.254321056349638752e-01 1.103128574230142220e+02
1.263509402818929206e-01 1.107603986553410351e+02
1.272734415730080448e-01 1.111961352761133810e+02
1.281995261606471703e-01 1.116222853028411350e+02
1.291291129903403556e-01 1.120407099072869954e+02
1.300621232296080287e-01 1.124460013019457563e+02
1.309984801991422865e-01 1.128366605293360010e+02
1.319381093062861610e-01 1.132342796018567697e+02
1.328809379807314450e-01 1.136147827419315774e+02
1.338268956123563336e-01 1.139811860723451389e+02
1.347759134911289958e-01 1.143510835491463808e+02
1.357279247490044138e-01 1.147084776990894142e+02
1.366828643037457103e-01 1.150511490694396883e+02
1.376406688046017956e-01 1.153968481421992323e+02
1.386012765797786650e-01 1.157315944260153344e+02
1.395646275856408103e-01 1.160535481841825316e+02
1.405306633575834352e-01 1.163772246398332868e+02
1.414993269625176020e-01 1.166895996530511610e+02
1.424705629529131601e-01 1.169922217009611813e+02
1.434443173223447776e-01 1.172893935956523990e+02
1.444205374624903671e-01 1.175889377137224727e+02
1.453991721215316946e-01 1.178800187098814547e+02
1.463801713639087121e-01 1.181557068606824004e+02
1.473634865313815656e-01 1.184239970791924890e+02
1.483490702053551769e-01 1.187038489178578544e+02
1.493368761704238212e-01 1.189761442263336164e+02
1.503268593790933194e-01 1.192258937989748233e+02
1.513189759176409299e-01 1.194788927653837050e+02
1.523131829730741682e-01 1.197309518520256120e+02
1.533094388011511655e-01 1.199759521862610399e+02
1.543077026954259856e-01 1.202121934540594310e+02
1.553079349572848433e-01 1.204469278201903251e+02
1.563100968669386970e-01 1.206702825956974721e+02
1.573141506553406288e-01 1.209037686609021591e+02
1.583200594769953451e-01 1.211312067684395828e+02
1.593277873836324021e-01 1.213400172762621168e+02
1.603372992987120993e-01 1.215527162009572493e+02
1.613485609927374775e-01 1.217602405037198281e+02
1.623615390593436403e-01 1.219671689413139006e+02
1.633762008921396669e-01 1.221685060362321167e+02
1.643925146622765843e-01 1.223630473121991855e+02
1.654104492967181372e-01 1.225565762507518173e+02
1.664299744571889894e-01 1.227461076155359621e+02
1.674510605197799262e-01 1.229309278265079541e+02
1.684736785551858851e-01 1.231159672176058848e+02
1.694978003095568841e-01 1.232961983652439386e+02
1.705233981859409220e-01 1.234698051531604364e+02
1.715504452262995860e-01 1.236428467724661999e+02
1.725789150940761074e-01 1.238124975403258361e+02
1.736087820572990437e-01 1.239789228429818877e+02
1.746400209722022701e-01 1.241481700660806951e+02
1.756726072673456263e-01 1.243042254182420692e+02
