0.000000000000000000e+00 1.245279854314614454e+01 1.744110370515597808e+01 1.880886338587383833e+01
2.010050251256281229e+00 1.245273248350689421e+01 1.744096529476549406e+01 1.880863100440333469e+01
4.020100502512562457e+00 1.245253636347726811e+01 1.744055436902763390e+01 1.880794106810371957e+01
6.030150753768843686e+00 1.245221628400758895e+01 1.743988368864117078e+01 1.880681494353229866e+01
8.040201005025124914e+00 1.245178058566501100e+01 1.743897070264959126e+01 1.880528184421130433e+01
1.005025125628140614e+01 1.245123845297383269e+01 1.743783462506035775e+01 1.880337393918251010e+01
1.206030150753768737e+01 1.245059902487965431e+01 1.743649457513402368e+01 1.880112323871355073e+01
1.407035175879396860e+01 1.244987092877819279e+01 1.743496859969617319e+01 1.879855995722143192e+01
1.608040201005024983e+01 1.244906207716417690e+01 1.743327325149277840e+01 1.879571180722012613e+01
1.809045226130653106e+01 1.244817961462315914e+01 1.743142347499302858e+01 1.879260380799025398e+01
2.010050251256281229e+01 1.244722993744872497e+01 1.742943265029847311e+01 1.878925835845489800e+01
2.211055276381909351e+01 1.244621874948890650e+01 1.742731270842538294e+01 1.878569543134817721e+01
2.412060301507537474e+01 1.244515113026380071e+01 1.742507427413471532e+01 1.878193281145992444e+01
2.613065326633165597e+01 1.244403160450228896e+01 1.742272681151678881e+01 1.877798633955683982e+01
2.814070351758793720e+01 1.244286420783880409e+01 1.742027876172909373e+01 1.877387014311418767e+01
3.015075376884421843e+01 1.244165254691709421e+01 1.741773766837946269e+01 1.876959684642857340e+01
3.216080402010049966e+01 1.244039985264885928e+01 1.741511028838410979e+01 1.876517775593790205e+01
3.417085427135678088e+01 1.243910902637677296e+01 1.741240268946932801e+01 1.876062302300243445e+01
3.618090452261306211e+01 1.243778268011062416e+01 1.740962033440024115e+01 1.875594178623386910e+01
3.819095477386934334e+01 1.243642317217219961e+01 1.740676815485836215e+01 1.875114229387328635e+01
4.020100502512562457e+01 1.243503263758107025e+01 1.740385061455054228e+01 1.874623200947362278e+01
4.221105527638190580e+01 1.243361301359870197e+01 1.740087176405368297e+01 1.874121770506051732e+01
4.422110552763818703e+01 1.243216606310213734e+01 1.739783528873078211e+01 1.873610553935069944e+01
4.623115577889446826e+01 1.243069339386730121e+01 1.739474454946794424e+01 1.873090112745565605e+01
4.824120603015074948e+01 1.242919647584882092e+01 1.739160261865316315e+01 1.872560960006717323e+01
5.025125628140703071e+01 1.242767665620598549e+01 1.738841231139689469e+01 1.872023565613159235e+01
5.226130653266331194e+01 1.242613517207478147e+01 1.738517621224485055e+01 1.871478360809460995e+01
5.427135678391959317e+01 1.242457316192083816e+01 1.738189669972035034e+01 1.870925742088524402e+01
5.628140703517587440e+01 1.242299167597410658e+01 1.737857596685981321e+01 1.870366074831201786e+01
5.829145728643215563e+01 1.242139168424269968e+01 1.737521603907689638e+01 1.869799696177918946e+01
6.030150753768843686e+01 1.241977408477715095e+01 1.737181879077453672e+01 1.869226917825172762e+01
6.231155778894471808e+01 1.241813971043210429e+01 1.736838595987002165e+01 1.868648028387940130e+01
6.432160804020099931e+01 1.241648933487667783e+01 1.736491915981573797e+01 1.868063295520008182e+01
6.633165829145727344e+01 1.241482367785354946e+01 1.736141989111906625e+01 1.867472967742130052e+01
6.834170854271356177e+01 1.241314341010413003e+01 1.735788955161011415e+01 1.866877276144963460e+01
7.035175879396985010e+01 1.241144915762590450e+01 1.735432944453901882e+01 1.866276435841581005e+01
7.236180904522612423e+01 1.240974150567936363e+01 1.735074078767499728e+01 1.865670647361542578e+01
7.437185929648239835e+01 1.240802100145926978e+01 1.734712471948368062e+01 1.865060097819578999e+01
7.638190954773868668e+01 1.240628815818506148e+01 1.734348230580530625e+01 1.864444962009148909e+01
7.839195979899497502e+01 1.240454345718778484e+01 1.733981454578161419e+01 1.863825403404166181e+01
8.040201005025124914e+01 1.240278735074833172e+01 1.733612237703146519e+01 1.863201575018818801e+01
8.241206030150752326e+01 1.240102026376698063e+01 1.733240668032556187e+01 1.862573620317473555e+01
8.442211055276381160e+01 1.239924259685207630e+01 1.732866828376032586e+01 1.861941673840756195e+01
8.643216080402009993e+01 1.239745472723826936e+01 1.732490796643091358e+01 1.861305861990239663e+01
8.844221105527637405e+01 1.239565701062302416e+01 1.732112646302246617e+01 1.860666303696264379e+01
9.045226130653264818e+01 1.239384978308660479e+01 1.731732446522924107e+01 1.860023110868716145e+01
9.246231155778893651e+01 1.239203336217727802e+01 1.731350262667976025e+01 1.859376389098236970e+01
9.447236180904522485e+01 1.239020804824695254e+01 1.730966156393856537e+01 1.858726238073612080e+01
9.648241206030149897e+01 1.238837412561986362e+01 1.730580186051311387e+01 1.858072752007505457e+01
9.849246231155777309e+01 1.238653186367778147e+01 1.730192406785552350e+01 1.857416020229149112e+01
1.005025125628140614e+02 1.238468151761130898e+01 1.729802870836774531e+01 1.856756127401385470e+01
1.025125628140703498e+02 1.238282333008942793e+01 1.729411627707114008e+01 1.856093154046573801e+01
1.045226130653266239e+02 1.238095753100906826e+01 1.729018724344294711e+01 1.855427176746938756e+01
1.065326633165828980e+02 1.237908433891422710e+01 1.728624205333629504e+01 1.854758268620389217e+01
1.085427135678391863e+02 1.237720396158030844e+01 1.728228112989843623e+01 1.854086499487474171e+01
1.105527638190954747e+02 1.237531659701585163e+01 1.727830487607508658e+01 1.853411936221989009e+01
1.125628140703517488e+02 1.237342243329558045e+01 1.727431367536170370e+01 1.852734642934624176e+01
1.145728643216080229e+02 1.237152164997951331e+01 1.727030789297218405e+01 1.852054681290181648e+01
1.165829145728643113e+02 1.236961441794601591e+01 1.726628787750841099e+01 1.851372110632788903e+01
1.185929648241205996e+02 1.236770090022657342e+01 1.726225396171155069e+01 1.850686988269723443e+01
1.206030150753768737e+02 1.236578125259012850e+01 1.725820646396463687e+01 1.849999369488108769e+01
1.226130653266331478e+02 1.236385562379351910e+01 1.725414568870998266e+01 1.849309307980648498e+01
1.246231155778894362e+02 1.236192415599886552e+01 1.725007192778479137e+01 1.848616855687019722e+01
1.266331658291457245e+02 1.235998698510747396e+01 1.724598546108899200e+01 1.847922063161173512e+01
1.286432160804019986e+02 1.235804424134418511e+01 1.724188655800435654e+01 1.847224979604725803e+01
1.306532663316582727e+02 1.235609604925737237e+01 1.723777547672667509e+01 1.846525652875305568e+01
1.326633165829145469e+02 1.235414252838676319e+01 1.723365246685356311e+01 1.845824129837160754e+01
1.346733668341708494e+02 1.235218379343038997e+01 1.722951776804881163e+01 1.845120456127419217e+01
1.366834170854271235e+02 1.235021995432806996e+01 1.722537161271367268e+01 1.844414676506696438e+01
1.386934673366833977e+02 1.234825111692922661e+01 1.722121422498513610e+01 1.843706834767269243e+01
1.407035175879397002e+02 1.234627738265897356e+01 1.721704582148721485e+01 1.842996973849943743e+01
1.427135678391959743e+02 1.234429884977028635e+01 1.721286661283354746e+01 1.842285135877447644e+01
1.447236180904522485e+02 1.234231561209183248e+01 1.720867680321000392e+01 1.841571362237906584e+01
1.467336683417085226e+02 1.234032776053056502e+01 1.720447659070860169e+01 1.840855693534758331e+01
1.487437185929647967e+02 1.233833538290477883e+01 1.720026616807880515e+01 1.840138169728664153e+01
1.507537688442210992e+02 1.233633856377714011e+01 1.719604572339532922e+01 1.839418830120812487e+01
1.527638190954773734e+02 1.233433738470512964e+01 1.719181543930686829e+01 1.838697713327878347e+01
1.547738693467336475e+02 1.233233192515929133e+01 1.718757549470561941e+01 1.837974857432278952e+01
1.567839195979899500e+02 1.233032226143802568e+01 1.718332606397600415e+01 1.837250299873656800e+01
1.587939698492462242e+02 1.232830846808670877e+01 1.717906731766247574e+01 1.836524077465572446e+01
1.608040201005024983e+02 1.232629061706290940e+01 1.717479942313734753e+01 1.835796226562460731e+01
1.628140703517587724e+02 1.232426877807031040e+01 1.717052254301471237e+01 1.835066782859284729e+01
1.648241206030150465e+02 1.232224301930999744e+01 1.716623683840607839e+01 1.834335781566837298e+01
1.668341708542713491e+02 1.232021340672916843e+01 1.716194246591515693e+01 1.833603257336613623e+01
1.688442211055276232e+02 1.231818000493937504e+01 1.715763958014220947e+01 1.832869244227417838e+01
1.708542713567838973e+02 1.231614287613132852e+01 1.715332833268231383e+01 1.832133775855624336e+01
1.728643216080401999e+02 1.231410208199487322e+01 1.714900887212534641e+01 1.831396885228221194e+01
1.748743718592964740e+02 1.231205768179900772e+01 1.714468134522468645e+01 1.830658604934810185e+01
1.768844221105527481e+02 1.231000973381100039e+01 1.714034589589548219e+01 1.829918966880477171e+01
1.788944723618090222e+02 1.230795829529638930e+01 1.713600266563203078e+01 1.829178002586311536e+01
1.809045226130652964e+02 1.230590342160073369e+01 1.713165179417559969e+01 1.828435742955669951e+01
1.829145728643215989e+02 1.230384516765220226e+01 1.712729341876314137e+01 1.827692218441130834e+01
1.849246231155778730e+02 1.230178358654246118e+01 1.712292767479509692e+01 1.826947458927625334e+01
1.869346733668341471e+02 1.229971873077883515e+01 1.711855469558497234e+01 1.826201493799220543e+01
1.889447236180904497e+02 1.229765065161648430e+01 1.711417461235934212e+01 1.825454351922422447e+01
1.909547738693467238e+02 1.229557939947579648e+01 1.710978755467522561e+01 1.824706061646177346e+01
1.929648241206029979e+02 1.229350502402586365e+01 1.710539365000271061e+01 1.823956650776828070e+01
1.949748743718592721e+02 1.229142757368360961e+01 1.710099302414232625e+01 1.823206146653243209e+01
1.969849246231155462e+02 1.228934709653205637e+01 1.709658580097462988e+01 1.822454576046644803e+01
1.989949748743718487e+02 1.228726363915162523e+01 1.709217210296105804e+01 1.821701965244086097e+01
2.010050251256281229e+02 1.228517724787231025e+01 1.708775205030915600e+01 1.820948340040102309e+01
2.030150753768843970e+02 1.228308796860671315e+01 1.708332576197430797e+01 1.820193725711669686e+01
2.050251256281406995e+02 1.228099584576484560e+01 1.707889335515887197e+01 1.819438146959769043e+01
2.070351758793969736e+02 1.227890092350628315e+01 1.707445494481131121e+01 1.818681628151471230e+01
2.090452261306532478e+02 1.227680324540626344e+01 1.707001064512879296e+01 1.817924192927593907e+01
2.110552763819095219e+02 1.227470285453915544e+01 1.706556056805460031e+01 1.817165864661826191e+01
2.130653266331657960e+02 1.227259979289412328e+01 1.706110482419636298e+01 1.816406666085081412e+01
2.150753768844220986e+02 1.227049410204294411e+01 1.705664352215826085e+01 1.815646619527580086e+01
2.170854271356783727e+02 1.226838582322348081e+01 1.705217676970970331e+01 1.814885746760245055e+01
2.190954773869346468e+02 1.226627499692230572e+01 1.704770467194880723e+01 1.814124069144958540e+01
2.211055276381909493e+02 1.226416166304164435e+01 1.704322733338936047e+01 1.813361607567781775e+01
2.231155778894472235e+02 1.226204586106633521e+01 1.703874485629125246e+01 1.812598382347128734e+01
2.251256281407034976e+02 1.225992762998035701e+01 1.703425734182916784e+01 1.811834413584372427e+01
2.271356783919597717e+02 1.225780700801638368e+01 1.702976488925780885e+01 1.811069720637936342e+01
2.291457286432160458e+02 1.225568403324014000e+01 1.702526759649623855e+01 1.810304322532333998e+01
2.311557788944723484e+02 1.225355874296604952e+01 1.702076555962701931e+01 1.809538237966517116e+01
2.331658291457286225e+02 1.225143117417463046e+01 1.701625887364749445e+01 1.808771485080138319e+01
2.351758793969848966e+02 1.224930136309509976e+01 1.701174763196895157e+01 1.808004081545375996e+01
2.371859296482411992e+02 1.224716934612363062e+01 1.700723192591573252e+01 1.807236044708847089e+01
2.391959798994974733e+02 1.224503515823728250e+01 1.700271184622783949e+01 1.806467391491433006e+01
2.412060301507537474e+02 1.224289883483049479e+01 1.699818748114094902e+01 1.805698138338193814e+01
2.432160804020100215e+02 1.224076041062989617e+01 1.699365891788900740e+01 1.804928301393670509e+01
2.452261306532662957e+02 1.223861991952733419e+01 1.698912624287118689e+01 1.804157896301540021e+01
2.472361809045225982e+02 1.223647739524770195e+01 1.698458953973191043e+01 1.803386938363220793e+01
2.492462311557788723e+02 1.223433287084807830e+01 1.698004889169820331e+01 1.802615442504483312e+01
2.512562814070351465e+02 1.223218637963596755e+01 1.697550437991015926e+01 1.801843423300491764e+01
2.532663316582914490e+02 1.223003795375019465e+01 1.697095608484005425e+01 1.801070894934067823e+01
2.552763819095477231e+02 1.222788762482871583e+01 1.696640408453931315e+01 1.800297871229079050e+01
2.572864321608039972e+02 1.222573542517731049e+01 1.696184845664197738e+01 1.799524365617048716e+01
2.592964824120602998e+02 1.222358138526525195e+01 1.695728927644471540e+01 1.798750391320807296e+01
2.613065326633165455e+02 1.222142553606267690e+01 1.695272661857637786e+01 1.797975961028928538e+01
2.633165829145728480e+02 1.221926790762147519e+01 1.694816055607974903e+01 1.797201087263032093e+01
2.653266331658290937e+02 1.221710852999352959e+01 1.694359116057848524e+01 1.796425782085611189e+01
2.673366834170853963e+02 1.221494743281334294e+01 1.693901850236061790e+01 1.795650057475682004e+01
2.693467336683416988e+02 1.221278464471368075e+01 1.693444265079590849e+01 1.794873924777830965e+01
2.713567839195979445e+02 1.221062019432731560e+01 1.692986367333415032e+01 1.794097395278211238e+01
2.733668341708542471e+02 1.220845411037049288e+01 1.692528163625645377e+01 1.793320479895674779e+01
2.753768844221105496e+02 1.220628642039077505e+01 1.692069660534304987e+01 1.792543189256902991e+01
2.773869346733667953e+02 1.220411715193572633e+01 1.691610864353594934e+01 1.791765533704752755e+01
2.793969849246230979e+02 1.220194633180161148e+01 1.691151781427802447e+01 1.790987523273215487e+01
2.814070351758794004e+02 1.219977398678469349e+01 1.690692417859130003e+01 1.790209167779240929e+01
2.834170854271356461e+02 1.219760014326385367e+01 1.690232779691345755e+01 1.789430476822736438e+01
2.854271356783919487e+02 1.219542482711710285e+01 1.689772872826306127e+01 1.788651459561180346e+01
2.874371859296481944e+02 1.219324806355463586e+01 1.689312703065695231e+01 1.787872125110311572e+01
2.894472361809044969e+02 1.219106987787012386e+01 1.688852276019197873e+01 1.787092482235262736e+01
2.914572864321607994e+02 1.218889029502332555e+01 1.688391597329890814e+01 1.786312539509170350e+01
2.934673366834170452e+02 1.218670933905575460e+01 1.687930672373722985e+01 1.785532305154563559e+01
2.954773869346733477e+02 1.218452703425934835e+01 1.687469506484903548e+01 1.784751787419016011e+01
2.974874371859295934e+02 1.218234340400779914e+01 1.687008104914165330e+01 1.783970994007497524e+01
2.994974874371858959e+02 1.218015847167479571e+01 1.686546472812067421e+01 1.783189932683411882e+01
3.015075376884421985e+02 1.217797226013315992e+01 1.686084615087084870e+01 1.782408610876253263e+01
3.035175879396984442e+02 1.217578479208876452e+01 1.685622536747865396e+01 1.781627035765083633e+01
3.055276381909547467e+02 1.217359608949618099e+01 1.685160242544276343e+01 1.780845214478877736e+01
3.075376884422110493e+02 1.217140617430998262e+01 1.684697737201142331e+01 1.780063153770962714e+01
3.095477386934672950e+02 1.216921506806735387e+01 1.684235025334767144e+01 1.779280860403013165e+01
3.115577889447235975e+02 1.216702279213852655e+01 1.683772111444585562e+01 1.778498340836184255e+01
3.135678391959799001e+02 1.216482936664156611e+01 1.683308999913164428e+01 1.777715601256155864e+01
3.155778894472361458e+02 1.216263481286322801e+01 1.682845695139766207e+01 1.776932647881999472e+01
3.175879396984924483e+02 1.216043915042071433e+01 1.682382201281568612e+01 1.776149486690700741e+01
3.195979899497486940e+02 1.215824239926513783e+01 1.681918522470705568e+01 1.775366123433857268e+01
3.216080402010049966e+02 1.215604457901370594e+01 1.681454662805920819e+01 1.774582563737849839e+01
3.236180904522612991e+02 1.215384570853232127e+01 1.680990626227350759e+01 1.773798813045408806e+01
3.256281407035175448e+02 1.215164580710427877e+01 1.680526416608349294e+01 1.773014876749178370e+01
3.276381909547738474e+02 1.214944489292766505e+01 1.680062037755488547e+01 1.772230759957979629e+01
3.296482412060300931e+02 1.214724298420056847e+01 1.679597493375168327e+01 1.771446467747241371e+01
3.316582914572863956e+02 1.214504009912107207e+01 1.679132787132049032e+01 1.770662004992048466e+01
3.336683417085426981e+02 1.214283625513597009e+01 1.678667922523835898e+01 1.769877376467310626e+01
3.356783919597989438e+02 1.214063146944161709e+01 1.678202903056583040e+01 1.769092586739246187e+01
3.376884422110552464e+02 1.213842575923436939e+01 1.677737732119474856e+01 1.768307640365723543e+01
3.396984924623115489e+02 1.213621914120972178e+01 1.677272413001523788e+01 1.767522541637484679e+01
3.417085427135677946e+02 1.213401163181273290e+01 1.676806949041828076e+01 1.766737294912053358e+01
3.437185929648240972e+02 1.213180324707107616e+01 1.676341343362444647e+01 1.765951904213043022e+01
3.457286432160803997e+02 1.212959400259503440e+01 1.675875599110474212e+01 1.765166373605806172e+01
3.477386934673366454e+02 1.212738391474619526e+01 1.675409719232671080e+01 1.764380707022131034e+01
3.497487437185929480e+02 1.212517299846702024e+01 1.674943706842744362e+01 1.763594908168417419e+01
3.517587939698491937e+02 1.212296126861649981e+01 1.674477564770580074e+01 1.762808980767759337e+01
3.537688442211054962e+02 1.212074874005361913e+01 1.674011295871107663e+01 1.762022928443079550e+01
3.557788944723617988e+02 1.211853542738693790e+01 1.673544902899083198e+01 1.761236754683735128e+01
3.577889447236180445e+02 1.211632134497457969e+01 1.673078388634306179e+01 1.760450462837173191e+01
3.597989949748743470e+02 1.211410650675727751e+01 1.672611755697969116e+01 1.759664056184057301e+01
3.618090452261305927e+02 1.211189092659229161e+01 1.672145006652829835e+01 1.758877537904879063e+01
3.638190954773868953e+02 1.210967461758558272e+01 1.671678144153471735e+01 1.758090911238563692e+01
3.658291457286431978e+02 1.210745759384484366e+01 1.671211170612393460e+01 1.757304179115170584e+01
3.678391959798994435e+02 1.210523986739082858e+01 1.670744088475484546e+01 1.756517344506497480e+01
3.698492462311557460e+02 1.210302145157992904e+01 1.670276900046723156e+01 1.755730410217386250e+01
3.718592964824120486e+02 1.210080235910072410e+01 1.669809607771998827e+01 1.754943379086071431e+01
3.738693467336682943e+02 1.209858260205744074e+01 1.669342213880159775e+01 1.754156253817222577e+01
3.758793969849245968e+02 1.209636219272126922e+01 1.668874720541619894e+01 1.753369036965250061e+01
3.778894472361808994e+02 1.209414114269557494e+01 1.668407129935141597e+01 1.752581731226475625e+01
3.798994974874371451e+02 1.209191946416806651e+01 1.667939444289572037e+01 1.751794338963311759e+01
3.819095477386934476e+02 1.208969716849168208e+01 1.667471665533241421e+01 1.751006862629995808e+01
3.839195979899496933e+02 1.208747426635153488e+01 1.667003795803172750e+01 1.750219304563896472e+01
3.859296482412059959e+02 1.208525076943447019e+01 1.666535837027694811e+01 1.749431667085687536e+01
3.879396984924622984e+02 1.208302668842560301e+01 1.666067791135137810e+01 1.748643952390825973e+01
3.899497487437185441e+02 1.208080203417700105e+01 1.665599660087221423e+01 1.747856162616334785e+01
3.919597989949748467e+02 1.207857681653900883e+01 1.665131445670363419e+01 1.747068299924280765e+01
3.939698492462310924e+02 1.207635104628021594e+01 1.664663149712720625e+01 1.746280366276383589e+01
3.959798994974873949e+02 1.207412473300053257e+01 1.664194773992362641e+01 1.745492363734537022e+01
3.979899497487436975e+02 1.207189788746855008e+01 1.663726320203882025e+01 1.744704294160288427e+01
4.000000000000000000e+02 1.206967051861635731e+01 1.663257790108653111e+01 1.743916159490314755e+01
