-1.172033762274011116e-03 7.077499452505132960e-02 1.752070342155055138e-01
-1.163721466087670568e-03 7.076323485926563905e-02 1.741642183549025613e-01
-1.155409169901330021e-03 7.075129633355933811e-02 1.731226265764188865e-01
-1.147096873714989690e-03 7.073917812740464217e-02 1.720822854271522040e-01
-1.138784577528649143e-03 7.072687962428668429e-02 1.710432186835425805e-01
-1.130472281342308595e-03 7.071440043212315341e-02 1.700054508527009123e-01
-1.122159985155968048e-03 7.070174040513262093e-02 1.689690169254628449e-01
-1.113847688969627501e-03 7.068889966722327611e-02 1.679338978409423977e-01
-1.105535392783287170e-03 7.067587863697731565e-02 1.669001746232504080e-01
-1.097223096596946623e-03 7.066267805430084814e-02 1.658678490901836500e-01
-1.088910800410606075e-03 7.064929900881432301e-02 1.648369497557650720e-01
-1.080598504224265528e-03 7.063574297004866775e-02 1.638075052341315396e-01
-1.072286208037924980e-03 7.062201181951124895e-02 1.627795775143665857e-01
-1.063973911851584650e-03 7.060810788468223353e-02 1.617530796776365243e-01
-1.055661615665244102e-03 7.059403397499063038e-02 1.607281692675137652e-01
-1.047349319478903555e-03 7.057979341981432397e-02 1.597048285503447906e-01
-1.039037023292563007e-03 7.056539010853396521e-02 1.586830904905721651e-01
-1.030724727106222460e-03 7.055082853265730314e-02 1.576629960991467183e-01
-1.022412430919882129e-03 7.053611383001689994e-02 1.566445365943445467e-01
-1.014100134733541582e-03 7.052125183101956574e-02 1.556278020167931597e-01
-1.005787838547201034e-03 7.050624910690547753e-02 1.546128000359128229e-01
-9.974755423608604871e-04 7.049111301994712142e-02 1.535995694882709706e-01
-9.891632461745199396e-04 7.047585177548591762e-02 1.525880722808673484e-01
-9.808509499881793922e-04 7.046047447566690380e-02 1.515785502676467722e-01
-9.725386538018390616e-04 7.044499117469175953e-02 1.505708519000088230e-01
-9.642263576154985142e-04 7.042941293536024439e-02 1.495650744414569189e-01
-9.559140614291579668e-04 7.041375188662006568e-02 1.485612793707065948e-01
-9.476017652428174193e-04 7.039802128177941043e-02 1.475594294045041721e-01
-9.392894690564769803e-04 7.038223555697341316e-02 1.465596627572958999e-01
-9.309771728701364329e-04 7.036641038940158466e-02 1.455619842047396473e-01
-9.226648766837959939e-04 7.035056275476544996e-02 1.445664518950890154e-01
-9.143525804974554465e-04 7.033471098325487503e-02 1.435730555294430777e-01
-9.060402843111148991e-04 7.031887481332627088e-02 1.425819171106492977e-01
-8.977279881247744600e-04 7.030307544242006546e-02 1.415930587310019195e-01
-8.894156919384340210e-04 7.028733557364717777e-02 1.406064920167088561e-01
-8.811033957520934736e-04 7.027167945736192967e-02 1.396223350334627467e-01
-8.727910995657529262e-04 7.025613292641894048e-02 1.386406049166550580e-01
-8.644788033794123788e-04 7.024072342378374911e-02 1.376613205943800766e-01
-8.561665071930719398e-04 7.022548002104363196e-02 1.366846227057069707e-01
-8.478542110067313923e-04 7.021043342624248840e-02 1.357105124266954621e-01
-8.395419148203909533e-04 7.019561597934220742e-02 1.347390184890610576e-01
-8.312296186340504059e-04 7.018106163350060211e-02 1.337702858855650268e-01
-8.229173224477098585e-04 7.016680592025670293e-02 1.328043336030123867e-01
-8.146050262613694195e-04 7.015288589663330743e-02 1.318411723566787486e-01
-8.062927300750288720e-04 7.013934007209998711e-02 1.308809636549593258e-01
-7.979804338886884330e-04 7.012620831331312088e-02 1.299236553279057571e-01
-7.896681377023478856e-04 7.011353172454574956e-02 1.289695085753158887e-01
-7.813558415160073382e-04 7.010135250176495469e-02 1.280184654343908546e-01
-7.730435453296668992e-04 7.008971375840486462e-02 1.270705273917720202e-01
-7.647312491433263517e-04 7.007865932102809448e-02 1.261259306830848359e-01
-7.564189529569859127e-04 7.006823349327447048e-02 1.251846223760250121e-01
-7.481066567706453653e-04 7.005848078677258395e-02 1.242468035572675406e-01
-7.397943605843048179e-04 7.004944561803187753e-02 1.233124353782361210e-01
-7.314820643979642704e-04 7.004117197075754309e-02 1.223817344384049988e-01
-7.231697682116238314e-04 7.003370302352565635e-02 1.214546473540989158e-01
-7.148574720252833924e-04 7.002708074332981980e-02 1.205314453601212671e-01
-7.065451758389428450e-04 7.002134544615341849e-02 1.196119796248789058e-01
-6.982328796526022976e-04 7.001653532642784783e-02 1.186964721519996602e-01
-6.899205834662617502e-04 7.001268595799498007e-02 1.177852047188557988e-01
-6.816082872799213111e-04 7.000982976998507135e-02 1.168779859110978259e-01
-6.732959910935807637e-04 7.000799550183051112e-02 1.159749958283977783e-01
-6.649836949072403247e-04 7.000720764243636984e-02 1.150765993101535850e-01
-6.566713987208997773e-04 7.000748585929353340e-02 1.141825604466019939e-01
-6.483591025345593383e-04 7.000884442401832108e-02 1.132931220372551950e-01
-6.400468063482187909e-04 7.001129164140092176e-02 1.124086717588811540e-01
-6.317345101618782434e-04 7.001482928950986118e-02 1.115288083217686327e-01
-6.234222139755378044e-04 7.001945207869840482e-02 1.106540156040883016e-01
-6.151099177891972570e-04 7.002514713745892905e-02 1.097843655023932469e-01
-6.067976216028568180e-04 7.003189353294750341e-02 1.089199905045959427e-01
-5.984853254165162706e-04 7.003966183363134757e-02 1.080610352070692087e-01
-5.901730292301757231e-04 7.004841372088309315e-02 1.072076549632716702e-01
-5.818607330438352841e-04 7.005810165545497958e-02 1.063600113757629945e-01
-5.735484368574947367e-04 7.006866860361928018e-02 1.055182643775532947e-01
-5.652361406711542977e-04 7.008004782637682062e-02 1.046825756225579773e-01
-5.569238444848137503e-04 7.009216273354330895e-02 1.038531196197897410e-01
-5.486115482984732028e-04 7.010492680276426969e-02 1.030301095915357318e-01
-5.402992521121327638e-04 7.011824356163541550e-02 1.022132342510304326e-01
-5.319869559257922164e-04 7.013200662917622175e-02 1.014037138004470207e-01
-5.236746597394516690e-04 7.014609981098615665e-02 1.006011084399266869e-01
-5.153623635531112300e-04 7.016039724057938909e-02 9.980527467316117896e-02
-5.070500673667706825e-04 7.017476355771401497e-02 9.901734673908064999e-02
-4.987377711804302435e-04 7.018905411308290487e-02 9.823658530581662329e-02
-4.904254749940896961e-04 7.020311518758286240e-02 9.746372490222091067e-02
-4.821131788077491487e-04 7.021678421359714428e-02 9.669953775861830914e-02
-4.738008826214087097e-04 7.022988998537554872e-02 9.594316326952928575e-02
-4.654885864350681622e-04 7.024225284573938632e-02 9.519548628523172296e-02
-4.571762902487277232e-04 7.025368483703736677e-02 9.445677717914684191e-02
-4.488639940623871758e-04 7.026398980559545038e-02 9.372738327401275438e-02
-4.405516978760466284e-04 7.027296345091262053e-02 9.300657348613046438e-02
-4.322394016897061894e-04 7.028039331363948594e-02 9.229665633523136126e-02
-4.239271055033656420e-04 7.028605870004200895e-02 9.159597258647322882e-02
-4.156148093170252029e-04 7.028973054532768050e-02 9.090698006143674292e-02
-4.073025131306846555e-04 7.029117122405595386e-02 9.022789314872561861e-02
-3.989902169443441081e-04 7.029013432305952769e-02 8.956017873152744002e-02
-3.906779207580036691e-04 7.028636440108940175e-02 8.890376280574339984e-02
-3.823656245716631217e-04 7.027959677000245042e-02 8.825924132087065166e-02
-3.740533283853226827e-04 7.026955734496877215e-02 8.762752738505709404e-02
-3.657410321989821352e-04 7.025596262606897957e-02 8.700899819045082584e-02
-3.574287360126415878e-04 7.023851989084686775e-02 8.640312300156760550e-02
-3.491164398263011488e-04 7.021692769672198409e-02 8.581067641009440528e-02
-3.408041436399606014e-04 7.019087681313060378e-02 8.523368816985088525e-02
-3.324918474536200539e-04 7.016005172477363105e-02 8.467092176795987246e-02
-3.241795512672796149e-04 7.012413286754376474e-02 8.412299868759333388e-02
-3.158672550809390675e-04 7.008279977468631627e-02 8.359136305029457592e-02
-3.075549588945986285e-04 7.003573531837593846e-02 8.307581331141870862e-02
-2.992426627082580811e-04 6.998263122569062245e-02 8.257766313009108627e-02
-2.909303665219175336e-04 6.992319502129536180e-02 8.209622159643113759e-02
-2.826180703355770946e-04 6.985715849481849427e-02 8.163311841643827727e-02
-2.743057741492365472e-04 6.978428770239536449e-02 8.118862973250159931e-02
-2.659934779628961082e-04 6.970439438526336573e-02 8.076254892145866282e-02
-2.576811817765555608e-04 6.961734852491575920e-02 8.035591025880921279e-02
-2.493688855902150133e-04 6.952309156341887619e-02 7.996857743158419796e-02
-2.410565894038745743e-04 6.942164961840006920e-02 7.960109697162295883e-02
-2.327442932175340269e-04 6.931314584450551375e-02 7.925351164033274387e-02
-2.244319970311935879e-04 6.919781097367273814e-02 7.892575108308966247e-02
-2.161197008448530405e-04 6.907599104273610957e-02 7.861782573513670380e-02
-2.078074046585124931e-04 6.894815141673982239e-02 7.832949892175346263e-02
-1.994951084721720540e-04 6.881487644822704974e-02 7.806042608369027913e-02
-1.911828122858315066e-04 6.867686445821852281e-02 7.781018404681964984e-02
-1.828705160994909592e-04 6.853491813805756561e-02 7.757821495222136376e-02
-1.745582199131504118e-04 6.838993088852562963e-02 7.736387393849120109e-02
-1.662459237268100812e-04 6.824286996572127839e-02 7.716643880730304772e-02
-1.579336275404695338e-04 6.809475753752773641e-02 7.698512750047857567e-02
-1.496213313541289863e-04 6.794665084162170021e-02 7.681911751548077538e-02
-1.413090351677884389e-04 6.779962257819675819e-02 7.666756480099569393e-02
-1.329967389814478915e-04 6.765474249654117311e-02 7.652962145051241116e-02
-1.246844427951075609e-04 6.751306088841045605e-02 7.640445138337904896e-02
-1.163721466087670135e-04 6.737559443056757857e-02 7.629124376082391246e-02
-1.080598504224264660e-04 6.724331456315950362e-02 7.618922384277918014e-02
-9.974755423608591860e-05 6.711713837730216847e-02 7.609766135480089400e-02
-9.143525804974537118e-05 6.699792182967174992e-02 7.601587654469364741e-02
-8.312296186340504059e-05 6.688645500058335025e-02 7.594324422993030399e-02
-7.481066567706449316e-05 6.678345905841585883e-02 7.587919617020848218e-02
-6.649836949072394574e-05 6.668958458994053706e-02 7.582322211761571840e-02
-5.818607330438339831e-05 6.660541096877654887e-02 7.577486987677205243e-02
-4.987377711804285088e-05 6.653144646143396845e-02 7.573374467422577805e-02
-4.156148093170252029e-05 6.646812882117521248e-02 7.569950809419954962e-02
-3.324918474536197287e-05 6.641582616243325854e-02 7.567187679381051635e-02
-2.493688855902142544e-05 6.637483793151711942e-02 7.565062116894365196e-02
-1.662459237268087801e-05 6.634539587450642706e-02 7.563556410408005248e-02
-8.312296186340330587e-06 6.632766488083809142e-02 7.562657990648070927e-02
0.000000000000000000e+00 6.632174360091622201e-02 7.562359349706807010e-02
8.312296186340547427e-06 6.632766488083809142e-02 7.562657990648070927e-02
1.662459237268109485e-05 6.634539587450642706e-02 7.563556410408005248e-02
2.493688855902164228e-05 6.637483793151711942e-02 7.565062116894365196e-02
3.324918474536218971e-05 6.641582616243325854e-02 7.567187679381051635e-02
4.156148093170252029e-05 6.646812882117521248e-02 7.569950809419954962e-02
4.987377711804306772e-05 6.653144646143396845e-02 7.573374467422577805e-02
5.818607330438361515e-05 6.660541096877654887e-02 7.577486987677205243e-02
6.649836949072416258e-05 6.668958458994053706e-02 7.582322211761571840e-02
7.481066567706471000e-05 6.678345905841585883e-02 7.587919617020848218e-02
8.312296186340525743e-05 6.688645500058335025e-02 7.594324422993030399e-02
9.143525804974558802e-05 6.699792182967174992e-02 7.601587654469364741e-02
9.974755423608613544e-05 6.711713837730218235e-02 7.609766135480090787e-02
1.080598504224266829e-04 6.724331456315950362e-02 7.618922384277918014e-02
1.163721466087672303e-04 6.737559443056759245e-02 7.629124376082392633e-02
1.246844427951077777e-04 6.751306088841046993e-02 7.640445138337906283e-02
1.329967389814481083e-04 6.765474249654117311e-02 7.652962145051241116e-02
1.413090351677886557e-04 6.779962257819675819e-02 7.666756480099569393e-02
1.496213313541292032e-04 6.794665084162170021e-02 7.681911751548080314e-02
1.579336275404697506e-04 6.809475753752775029e-02 7.698512750047858955e-02
1.662459237268102980e-04 6.824286996572127839e-02 7.716643880730303384e-02
1.745582199131506286e-04 6.838993088852562963e-02 7.736387393849120109e-02
1.828705160994911760e-04 6.853491813805756561e-02 7.757821495222136376e-02
1.911828122858317235e-04 6.867686445821853669e-02 7.781018404681966372e-02
1.994951084721722709e-04 6.881487644822706362e-02 7.806042608369029301e-02
2.078074046585128183e-04 6.894815141673982239e-02 7.832949892175349038e-02
2.161197008448531489e-04 6.907599104273610957e-02 7.861782573513670380e-02
2.244319970311936963e-04 6.919781097367273814e-02 7.892575108308966247e-02
2.327442932175342438e-04 6.931314584450551375e-02 7.925351164033274387e-02
2.410565894038747912e-04 6.942164961840006920e-02 7.960109697162295883e-02
2.493688855902153386e-04 6.952309156341889007e-02 7.996857743158421183e-02
2.576811817765556692e-04 6.961734852491575920e-02 8.035591025880921279e-02
2.659934779628962166e-04 6.970439438526337961e-02 8.076254892145867670e-02
2.743057741492367640e-04 6.978428770239536449e-02 8.118862973250159931e-02
2.826180703355773115e-04 6.985715849481849427e-02 8.163311841643827727e-02
2.909303665219178589e-04 6.992319502129536180e-02 8.209622159643113759e-02
2.992426627082581895e-04 6.998263122569060857e-02 8.257766313009110015e-02
3.075549588945987369e-04 7.003573531837593846e-02 8.307581331141870862e-02
3.158672550809392843e-04 7.008279977468631627e-02 8.359136305029457592e-02
3.241795512672798318e-04 7.012413286754376474e-02 8.412299868759333388e-02
3.324918474536203792e-04 7.016005172477361718e-02 8.467092176795988634e-02
3.408041436399607098e-04 7.019087681313061766e-02 8.523368816985089913e-02
3.491164398263012572e-04 7.021692769672198409e-02 8.581067641009440528e-02
3.574287360126418046e-04 7.023851989084686775e-02 8.640312300156763325e-02
3.657410321989823521e-04 7.025596262606897957e-02 8.700899819045083972e-02
3.740533283853228995e-04 7.026955734496877215e-02 8.762752738505712180e-02
3.823656245716632301e-04 7.027959677000245042e-02 8.825924132087065166e-02
3.906779207580037775e-04 7.028636440108940175e-02 8.890376280574339984e-02
3.989902169443443249e-04 7.029013432305952769e-02 8.956017873152746778e-02
4.073025131306848724e-04 7.029117122405595386e-02 9.022789314872561861e-02
4.156148093170254198e-04 7.028973054532768050e-02 9.090698006143674292e-02
4.239271055033657504e-04 7.028605870004200895e-02 9.159597258647322882e-02
4.322394016897062978e-04 7.028039331363948594e-02 9.229665633523138901e-02
4.405516978760468452e-04 7.027296345091262053e-02 9.300657348613046438e-02
4.488639940623873927e-04 7.026398980559545038e-02 9.372738327401276826e-02
4.571762902487279401e-04 7.025368483703736677e-02 9.445677717914685578e-02
4.654885864350684875e-04 7.024225284573938632e-02 9.519548628523173683e-02
4.738008826214088181e-04 7.022988998537554872e-02 9.594316326952928575e-02
4.821131788077493655e-04 7.021678421359714428e-02 9.669953775861835077e-02
4.904254749940899129e-04 7.020311518758284852e-02 9.746372490222095231e-02
4.987377711804304604e-04 7.018905411308290487e-02 9.823658530581666493e-02
5.070500673667710078e-04 7.017476355771401497e-02 9.901734673908067774e-02
5.153623635531113384e-04 7.016039724057938909e-02 9.980527467316117896e-02
5.236746597394518858e-04 7.014609981098614278e-02 1.006011084399267008e-01
5.319869559257924332e-04 7.013200662917622175e-02 1.014037138004470484e-01
5.402992521121329807e-04 7.011824356163542937e-02 1.022132342510304742e-01
5.486115482984735281e-04 7.010492680276426969e-02 1.030301095915357595e-01
5.569238444848138587e-04 7.009216273354330895e-02 1.038531196197897410e-01
5.652361406711544061e-04 7.008004782637682062e-02 1.046825756225579912e-01
5.735484368574949535e-04 7.006866860361928018e-02 1.055182643775533224e-01
5.818607330438355010e-04 7.005810165545497958e-02 1.063600113757630222e-01
5.901730292301760484e-04 7.004841372088309315e-02 1.072076549632716980e-01
5.984853254165163790e-04 7.003966183363134757e-02 1.080610352070692226e-01
6.067976216028569264e-04 7.003189353294750341e-02 1.089199905045959704e-01
6.151099177891974738e-04 7.002514713745892905e-02 1.097843655023932885e-01
6.234222139755380213e-04 7.001945207869841870e-02 1.106540156040883155e-01
6.317345101618785687e-04 7.001482928950986118e-02 1.115288083217686604e-01
6.400468063482188993e-04 7.001129164140092176e-02 1.124086717588811540e-01
6.483591025345594467e-04 7.000884442401832108e-02 1.132931220372551950e-01
6.566713987208999941e-04 7.000748585929353340e-02 1.141825604466019939e-01
6.649836949072405416e-04 7.000720764243636984e-02 1.150765993101536266e-01
6.732959910935810890e-04 7.000799550183051112e-02 1.159749958283978061e-01
6.816082872799214196e-04 7.000982976998507135e-02 1.168779859110978259e-01
6.899205834662619670e-04 7.001268595799498007e-02 1.177852047188558127e-01
6.982328796526025144e-04 7.001653532642784783e-02 1.186964721519996879e-01
7.065451758389430618e-04 7.002134544615341849e-02 1.196119796248789197e-01
7.148574720252836093e-04 7.002708074332981980e-02 1.205314453601212948e-01
7.231697682116239399e-04 7.003370302352564247e-02 1.214546473540989296e-01
7.314820643979644873e-04 7.004117197075754309e-02 1.223817344384050265e-01
7.397943605843050347e-04 7.004944561803187753e-02 1.233124353782361488e-01
7.481066567706455821e-04 7.005848078677258395e-02 1.242468035572675683e-01
7.564189529569861296e-04 7.006823349327447048e-02 1.251846223760250121e-01
7.647312491433264602e-04 7.007865932102806672e-02 1.261259306830848637e-01
7.730435453296670076e-04 7.008971375840489237e-02 1.270705273917720757e-01
7.813558415160075550e-04 7.010135250176491306e-02 1.280184654343908546e-01
7.896681377023481024e-04 7.011353172454574956e-02 1.289695085753158887e-01
7.979804338886886499e-04 7.012620831331312088e-02 1.299236553279057571e-01
8.062927300750291973e-04 7.013934007209994548e-02 1.308809636549593258e-01
8.146050262613697447e-04 7.015288589663325192e-02 1.318411723566787486e-01
8.229173224477102921e-04 7.016680592025670293e-02 1.328043336030124422e-01
8.312296186340504059e-04 7.018106163350060211e-02 1.337702858855650268e-01
8.395419148203909533e-04 7.019561597934220742e-02 1.347390184890610576e-01
8.478542110067315007e-04 7.021043342624237737e-02 1.357105124266954899e-01
8.561665071930720482e-04 7.022548002104350706e-02 1.366846227057069985e-01
8.644788033794125956e-04 7.024072342378381850e-02 1.376613205943801321e-01
8.727910995657531430e-04 7.025613292641900987e-02 1.386406049166551135e-01
8.811033957520936905e-04 7.027167945736179089e-02 1.396223350334627744e-01
8.894156919384342379e-04 7.028733557364710838e-02 1.406064920167088839e-01
8.977279881247747853e-04 7.030307544242020423e-02 1.415930587310019473e-01
9.060402843111153327e-04 7.031887481332627088e-02 1.425819171106493533e-01
9.143525804974554465e-04 7.033471098325487503e-02 1.435730555294430777e-01
9.226648766837959939e-04 7.035056275476544996e-02 1.445664518950890154e-01
9.309771728701365413e-04 7.036641038940158466e-02 1.455619842047396473e-01
9.392894690564770888e-04 7.038223555697341316e-02 1.465596627572958999e-01
9.476017652428176362e-04 7.039802128177923002e-02 1.475594294045041999e-01
9.559140614291581836e-04 7.041375188662025997e-02 1.485612793707066226e-01
9.642263576154987310e-04 7.042941293536042480e-02 1.495650744414569466e-01
9.725386538018392785e-04 7.044499117469185667e-02 1.505708519000088508e-01
9.808509499881798259e-04 7.046047447566690380e-02 1.515785502676468277e-01
9.891632461745203733e-04 7.047585177548601476e-02 1.525880722808673762e-01
9.974755423608609207e-04 7.049111301994712142e-02 1.535995694882710261e-01
1.005787838547201034e-03 7.050624910690547753e-02 1.546128000359128229e-01
1.014100134733541582e-03 7.052125183101956574e-02 1.556278020167931597e-01
1.022412430919882129e-03 7.053611383001689994e-02 1.566445365943445467e-01
1.030724727106222677e-03 7.055082853265741416e-02 1.576629960991467738e-01
1.039037023292563224e-03 7.056539010853396521e-02 1.586830904905722206e-01
1.047349319478903772e-03 7.057979341981432397e-02 1.597048285503447906e-01
1.055661615665244319e-03 7.059403397499050548e-02 1.607281692675137652e-01
1.063973911851584866e-03 7.060810788468199761e-02 1.617530796776365520e-01
1.072286208037925414e-03 7.062201181951124895e-02 1.627795775143666412e-01
1.080598504224265961e-03 7.063574297004866775e-02 1.638075052341315951e-01
1.088910800410606075e-03 7.064929900881432301e-02 1.648369497557650720e-01
1.097223096596946623e-03 7.066267805430084814e-02 1.658678490901836500e-01
1.105535392783287170e-03 7.067587863697731565e-02 1.669001746232504080e-01
1.113847688969627717e-03 7.068889966722352591e-02 1.679338978409424255e-01
1.122159985155968265e-03 7.070174040513248215e-02 1.689690169254628449e-01
1.130472281342308812e-03 7.071440043212290361e-02 1.700054508527009400e-01
1.138784577528649360e-03 7.072687962428668429e-02 1.710432186835425805e-01
1.147096873714989907e-03 7.073917812740489197e-02 1.720822854271522317e-01
1.155409169901330454e-03 7.075129633355933811e-02 1.731226265764189420e-01
1.163721466087671002e-03 7.076323485926563905e-02 1.741642183549026168e-01
1.172033762274011116e-03 7.077499452505132960e-02 1.752070342155055138e-01
