7.195227382024743656e-02 -1.425490078838522967e+00
7.195102199589931136e-02 -1.447056945620446955e+00
7.194973995702810821e-02 -1.468710253177538450e+00
7.194842674456949916e-02 -1.490424229721597493e+00
7.194708136178309954e-02 -1.512170559765074751e+00
7.194570277248857337e-02 -1.533918205524380740e+00
7.194428989920570450e-02 -1.555633219482931429e+00
7.194284162119267412e-02 -1.577278548225789612e+00
7.194135677237591120e-02 -1.598813827560096046e+00
7.193983413916510417e-02 -1.620195169202605090e+00
7.193827245814579663e-02 -1.641374939689626444e+00
7.193667041364174008e-02 -1.662301531786516406e+00
7.193502663513884343e-02 -1.682919129289093707e+00
7.193333969456151833e-02 -1.703167466195335544e+00
7.193160810339199740e-02 -1.722981581415201413e+00
7.192983030962216140e-02 -1.742291570686469004e+00
7.192800469452670376e-02 -1.761022337316039632e+00
7.192612956924598899e-02 -1.779093344047357528e+00
7.192420317116551831e-02 -1.796418368759440387e+00
7.192222366007830492e-02 -1.812905266896703171e+00
7.192018911411535154e-02 -1.828455744244973147e+00
7.191809752542829837e-02 -1.842965144250117371e+00
7.191594679560689429e-02 -1.856322254545668127e+00
7.191373473081288936e-02 -1.868409138121323920e+00
7.191145903661017025e-02 -1.879100995163576426e+00
7.190911731246987793e-02 -1.888266062536325229e+00
7.190670704592677653e-02 -1.895765558645681859e+00
7.190422560636192117e-02 -1.901453681942385954e+00
7.190167023838463234e-02 -1.905177672807820022e+00
7.189903805478373156e-02 -1.906777948961967617e+00
7.189632602901685487e-02 -1.906088325585132859e+00
7.189353098720269175e-02 -1.902936332249307361e+00
7.189064959957941481e-02 -1.897143639498854562e+00
7.188767837138823613e-02 -1.888526608912725502e+00
7.188461363313819463e-02 -1.876896980614818577e+00
7.188145153020479572e-02 -1.862062713131545255e+00
7.187818801171023952e-02 -1.843828990699339032e+00
7.187481881862886612e-02 -1.821999412811813990e+00
7.187133947105672771e-02 -1.796377380686915437e+00
7.186774525457854945e-02 -1.766767694716680159e+00
7.186403120565920677e-02 -1.732978375629080858e+00
7.186019209598044910e-02 -1.694822720200670263e+00
7.185622241563714707e-02 -1.652121600397852497e+00
7.185211635509793082e-02 -1.604706011560641965e+00
7.184786778582821776e-02 -1.552419871457898948e+00
7.184347023946277555e-02 -1.495123067739772660e+00
7.183891688540505749e-02 -1.432694745648295687e+00
7.183420050671922297e-02 -1.365036821844217485e+00
7.182931347416773860e-02 -1.292077703251977905e+00
7.182424771823324450e-02 -1.213776181885191097e+00
7.181899469894911792e-02 -1.130125468427529478e+00
7.181354537334447286e-02 -1.041157318448549862e+00
7.180789016029233418e-02 -9.469461959314388055e-01
7.180201890252778385e-02 -8.476134098108267789e-01
7.179592082558100552e-02 -7.433311503351416327e-01
7.178958449334450764e-02 -6.343263441033942795e-01
7.178299775996627163e-02 -5.208842397043316197e-01
7.177614771773030422e-02 -4.033516306718959443e-01
7.176902064055196151e-02 -2.821396193855972845e-01
7.176160192267877491e-02 -1.577258250861175715e-01
7.175387601214644473e-02 -3.065594184523908264e-02
7.174582633849513336e-02 9.845544150850495113e-02
7.173743523420131329e-02 2.289248374981110445e-01
7.172868384922716223e-02 3.600007361007490636e-01
7.171955205802993394e-02 4.908654067749032013e-01
7.171001835830910498e-02 6.206376504017633300e-01
7.170005976069922238e-02 7.483764997175762490e-01
7.168965166853993876e-02 8.730858385598835314e-01
7.167876774677267582e-02 9.937198798773000386e-01
7.166737977892505274e-02 1.109189411100019562e+00
7.165545751105061034e-02 1.218368684303593907e+00
7.164296848139226070e-02 1.320102798905602004e+00
7.162987783443468259e-02 1.413215397848567312e+00
7.161614811790550927e-02 1.496516475696105575e+00
7.160173906117933695e-02 1.568810080117496231e+00
7.158660733343630289e-02 1.628901678001553055e+00
7.157070627983228017e-02 1.675604954772716759e+00
7.155398563385878541e-02 1.707747821223042139e+00
7.153639120401418527e-02 1.724177416521860629e+00
7.151786453288812295e-02 1.723763919204847950e+00
7.149834252679278246e-02 1.705403009786704338e+00
7.147775705417915015e-02 1.668016868780963557e+00
7.145603451128154648e-02 1.610553642005976949e+00
7.143309535377521946e-02 1.531985360681336505e+00
7.140885359375552521e-02 1.431304366952161677e+00
7.138321626211077686e-02 1.307518366091431128e+00
7.135608283744095115e-02 1.159644305440774126e+00
7.132734464416003173e-02 9.867013684492598191e-01
7.129688422442873041e-02 7.877034718100888178e-01
7.126457469123377575e-02 5.616517673863853366e-01
7.123027907342766030e-02 3.075277816944390064e-01
7.119384966806385773e-02 2.428797788213496109e-02
7.115512742112756195e-02 -2.891392979024901555e-01
7.111394136501007768e-02 -6.338533192785793524e-01
7.107010815004928539e-02 -1.010975532142872169e+00
7.102343171837476044e-02 -1.421637499654333281e+00
7.097370318130104272e-02 -1.866960309529616335e+00
7.092070097660975458e-02 -2.348023246040059853e+00
7.086419139901473097e-02 -2.865819302406176217e+00
7.080392961529963225e-02 -3.421194978700129230e+00
7.073966129388632729e-02 -4.014771856693354124e+00
7.067112499502049838e-02 -4.646847775603903941e+00
7.059805547947733961e-02 -5.317276188563181627e+00
7.052018809672107313e-02 -6.025323613967165315e+00
7.043726440271379230e-02 -6.769507158895047283e+00
7.034903912710671614e-02 -7.547416986795739469e+00
7.025528855320757604e-02 -8.355532321397623363e+00
7.015582028674986759e-02 -9.189043925441634286e+00
7.005048426875230827e-02 -1.004170049630411121e+01
6.993918473637356081e-02 -1.090570028907423428e+01
6.982189266368916958e-02 -1.177165142630977357e+01
6.969865804058521241e-02 -1.262862356001958908e+01
6.956962119971182856e-02 -1.346430876074659366e+01
6.943502231110063039e-02 -1.426530025236086807e+01
6.929520816290656027e-02 -1.501748441923766997e+01
6.915063545635785625e-02 -1.570652613041778523e+01
6.900187006676032631e-02 -1.631841265275777531e+01
6.884958204030276752e-02 -1.684001050332727445e+01
6.869453646605713781e-02 -1.725958527346548266e+01
6.853758072722669625e-02 -1.756723808856840918e+01
6.837962893751051152e-02 -1.775522336914236021e+01
6.822164456254789511e-02 -1.781812855672479046e+01
6.806462229105567086e-02 -1.775291403932215317e+01
6.790957015991869183e-02 -1.755882722034225907e+01
6.775749277836985718e-02 -1.723721600880897498e+01
6.760937627718698051e-02 -1.679127281534515959e+01
6.746617537016061372e-02 -1.622574071014348007e+01
6.732880269104565829e-02 -1.554660995418609204e+01
6.719812038273224875e-02 -1.476082709197750553e+01
6.707493377741993723e-02 -1.387603205825943853e+01
6.695998691808670300e-02 -1.290033261857981195e+01
6.685395962665854896e-02 -1.184211956777520314e+01
6.675746581368097177e-02 -1.070992212307673164e+01
6.667105273783079100e-02 -9.512301111601043857e+00
6.659520095206265811e-02 -8.257775259917336186e+00
6.653032470913493313e-02 -6.954774974856331227e+00
6.647677263731475994e-02 -5.611619675643678917e+00
6.643482853371776575e-02 -4.236512171123567150e+00
6.640471215603512001e-02 -2.837546306190740442e+00
6.638657992253936546e-02 -1.422728032061250758e+00
6.638052545525208181e-02 0.000000000000000000e+00
6.638657992253936546e-02 1.422728032061250758e+00
6.640471215603512001e-02 2.837546306190740442e+00
6.643482853371776575e-02 4.236512171123567150e+00
6.647677263731475994e-02 5.611619675643678917e+00
6.653032470913493313e-02 6.954774974856331227e+00
6.659520095206265811e-02 8.257775259917336186e+00
6.667105273783079100e-02 9.512301111601043857e+00
6.675746581368097177e-02 1.070992212307673164e+01
6.685395962665854896e-02 1.184211956777520314e+01
6.695998691808670300e-02 1.290033261857981195e+01
6.707493377741993723e-02 1.387603205826027342e+01
6.719812038273226262e-02 1.476082709197750553e+01
6.732880269104565829e-02 1.554660995418609204e+01
6.746617537016062760e-02 1.622574071014431496e+01
6.760937627718699439e-02 1.679127281534432470e+01
6.775749277836985718e-02 1.723721600880814009e+01
6.790957015991869183e-02 1.755882722034225907e+01
6.806462229105567086e-02 1.775291403932298806e+01
6.822164456254790899e-02 1.781812855672479046e+01
6.837962893751051152e-02 1.775522336914152532e+01
6.853758072722669625e-02 1.756723808856840918e+01
6.869453646605713781e-02 1.725958527346631755e+01
6.884958204030278139e-02 1.684001050332810934e+01
6.900187006676034018e-02 1.631841265275694042e+01
6.915063545635785625e-02 1.570652613041695034e+01
6.929520816290656027e-02 1.501748441923766997e+01
6.943502231110063039e-02 1.426530025236086807e+01
6.956962119971182856e-02 1.346430876074659366e+01
6.969865804058521241e-02 1.262862356002042397e+01
6.982189266368918346e-02 1.177165142630977357e+01
6.993918473637356081e-02 1.090570028907423428e+01
7.005048426875232215e-02 1.004170049630411121e+01
7.015582028674986759e-02 9.189043925440799399e+00
7.025528855320757604e-02 8.355532321397623363e+00
7.034903912710671614e-02 7.547416986794904581e+00
7.043726440271377842e-02 6.769507158895047283e+00
7.052018809672107313e-02 6.025323613968000203e+00
7.059805547947733961e-02 5.317276188563181627e+00
7.067112499502049838e-02 4.646847775603069941e+00
7.073966129388631341e-02 4.014771856694189012e+00
7.080392961529964613e-02 3.421194978700964118e+00
7.086419139901473097e-02 2.865819302405341329e+00
7.092070097660975458e-02 2.348023246040059853e+00
7.097370318130105660e-02 1.866960309529616335e+00
7.102343171837476044e-02 1.421637499654333281e+00
7.107010815004928539e-02 1.010975532142872169e+00
7.111394136501007768e-02 6.338533192785793524e-01
7.115512742112756195e-02 2.891392979024901555e-01
7.119384966806385773e-02 -2.428797788213496109e-02
7.123027907342766030e-02 -3.075277816944390064e-01
7.126457469123377575e-02 -5.616517673863853366e-01
7.129688422442873041e-02 -7.877034718100888178e-01
7.132734464416003173e-02 -9.867013684492598191e-01
7.135608283744096503e-02 -1.159644305440774126e+00
7.138321626211079074e-02 -1.307518366091431128e+00
7.140885359375551134e-02 -1.431304366952161677e+00
7.143309535377521946e-02 -1.531985360681336505e+00
7.145603451128153261e-02 -1.610553642006811614e+00
7.147775705417916403e-02 -1.668016868780963557e+00
7.149834252679279634e-02 -1.705403009785869672e+00
7.151786453288812295e-02 -1.723763919204847950e+00
7.153639120401418527e-02 -1.724177416522695294e+00
7.155398563385879929e-02 -1.707747821223042139e+00
7.157070627983228017e-02 -1.675604954771047206e+00
7.158660733343628901e-02 -1.628901678001553055e+00
7.160173906117933695e-02 -1.568810080118330896e+00
7.161614811790550927e-02 -1.496516475696105575e+00
7.162987783443469647e-02 -1.413215397848567312e+00
7.164296848139226070e-02 -1.320102798905602004e+00
7.165545751105061034e-02 -1.218368684303593907e+00
7.166737977892505274e-02 -1.109189411100019562e+00
7.167876774677268970e-02 -9.937198798773000386e-01
7.168965166853993876e-02 -8.730858385598835314e-01
7.170005976069920850e-02 -7.483764997167414723e-01
7.171001835830909110e-02 -6.206376504017633300e-01
7.171955205802993394e-02 -4.908654067757379780e-01
7.172868384922716223e-02 -3.600007361007490636e-01
7.173743523420131329e-02 -2.289248374981110445e-01
7.174582633849513336e-02 -9.845544150850495113e-02
7.175387601214643085e-02 3.065594184523908264e-02
7.176160192267874716e-02 1.577258250861175715e-01
7.176902064055196151e-02 2.821396193855972845e-01
7.177614771773031810e-02 4.033516306718959443e-01
7.178299775996627163e-02 5.208842397043316197e-01
7.178958449334449377e-02 6.343263441033942795e-01
7.179592082558100552e-02 7.433311503343068560e-01
7.180201890252776997e-02 8.476134098108267789e-01
7.180789016029233418e-02 9.469461959322735822e-01
7.181354537334447286e-02 1.041157318448549862e+00
7.181899469894911792e-02 1.130125468427529478e+00
7.182424771823324450e-02 1.213776181883521543e+00
7.182931347416772472e-02 1.292077703253647458e+00
7.183420050671923685e-02 1.365036821843382597e+00
7.183891688540504361e-02 1.432694745646626133e+00
7.184347023946277555e-02 1.495123067742276879e+00
7.184786778582821776e-02 1.552419871455394729e+00
7.185211635509791694e-02 1.604706011557302858e+00
7.185622241563713319e-02 1.652121600400356716e+00
7.186019209598044910e-02 1.694822720204009370e+00
7.186403120565920677e-02 1.732978375629080858e+00
7.186774525457854945e-02 1.766767694710001946e+00
7.187133947105669995e-02 1.796377380679402336e+00
7.187481881862883837e-02 1.821999412822665976e+00
7.187818801171025340e-02 1.843828990711025906e+00
7.188145153020480960e-02 1.862062713119023716e+00
7.188461363313816688e-02 1.876896980606470811e+00
7.188767837138822225e-02 1.888526608929421036e+00
7.189064959957944256e-02 1.897143639503028556e+00
7.189353098720269175e-02 1.902936332240959594e+00
7.189632602901685487e-02 1.906088325585132859e+00
7.189903805478373156e-02 1.906777948961967617e+00
7.190167023838463234e-02 1.905177672807820022e+00
7.190422560636192117e-02 1.901453681931533746e+00
7.190670704592674878e-02 1.895765558657368732e+00
7.190911731246990568e-02 1.888266062558029423e+00
7.191145903661019800e-02 1.879100995157733101e+00
7.191373473081290324e-02 1.868409138110471712e+00
7.191594679560689429e-02 1.856322254545668127e+00
7.191809752542831224e-02 1.842965144250117371e+00
7.192018911411535154e-02 1.828455744239129599e+00
7.192222366007830492e-02 1.812905266896703171e+00
7.192420317116551831e-02 1.796418368759440387e+00
7.192612956924598899e-02 1.779093344054035741e+00
7.192800469452671763e-02 1.761022337316039632e+00
7.192983030962216140e-02 1.742291570679790791e+00
7.193160810339199740e-02 1.722981581407688312e+00
7.193333969456150445e-02 1.703167466181144452e+00
7.193502663513881568e-02 1.682919129296606808e+00
7.193667041364174008e-02 1.662301531800707499e+00
7.193827245814579663e-02 1.641374939689626444e+00
7.193983413916510417e-02 1.620195169202605090e+00
7.194135677237591120e-02 1.598813827560096046e+00
7.194284162119267412e-02 1.577278548240815592e+00
7.194428989920573225e-02 1.555633219474583662e+00
7.194570277248855950e-02 1.533918205494329001e+00
7.194708136178307178e-02 1.512170559773422518e+00
7.194842674456949916e-02 1.490424229751649454e+00
7.194973995702813596e-02 1.468710253177538450e+00
7.195102199589931136e-02 1.447056945605420974e+00
7.195227382024743656e-02 1.425490078838522967e+00
