1.741642126196108475e-01 -1.253809773111729555e+02
1.731226193575078898e-01 -1.252321188441024162e+02
1.720822771384295791e-01 -1.250802333230955554e+02
1.710432092358249723e-01 -1.249254434571351027e+02
1.700054394803494906e-01 -1.247670746795714223e+02
1.689689922759347596e-01 -1.246077476860522495e+02
1.679338926163934098e-01 -1.244446934898764567e+02
1.669001661025797389e-01 -1.242766561996341039e+02
1.658678389601265790e-01 -1.241067943942973102e+02
1.648369380577804355e-01 -1.239334962244149665e+02
1.638074909263577961e-01 -1.237547481031372882e+02
1.627795257783458960e-01 -1.235774995524712807e+02
1.617530715281726983e-01 -1.233960027930588126e+02
1.607281578131724564e-01 -1.232060962082648956e+02
1.597048150152728940e-01 -1.230152734633206819e+02
1.586830742834327845e-01 -1.228200009615502069e+02
1.576629675568589906e-01 -1.226227898121302928e+02
1.566445275890330224e-01 -1.224206907892645688e+02
1.556277879725802282e-01 -1.222127143261835016e+02
1.546127831650141171e-01 -1.220019404418690385e+02
1.535995485153909823e-01 -1.217911218306124965e+02
1.525881202919115720e-01 -1.215680466214199811e+02
1.515785357105076392e-01 -1.213395393786249343e+02
1.505708329644539212e-01 -1.211142974848852987e+02
1.495650512550467659e-01 -1.208795069528756727e+02
1.485612308233940360e-01 -1.206432610190544352e+02
1.475594129833618373e-01 -1.204009438871967177e+02
1.465596401557263395e-01 -1.201500256359302909e+02
1.455619559035815080e-01 -1.198953223949294227e+02
1.445664049690560671e-01 -1.196377409268056198e+02
1.435730333113953150e-01 -1.193734402595560340e+02
1.425818881464663845e-01 -1.191004720028415704e+02
1.415930179877495920e-01 -1.188254755158161657e+02
1.406064726888798522e-01 -1.185426778209388772e+02
1.396223034878079083e-01 -1.182517475306225521e+02
1.386405630526528210e-01 -1.179586479548918874e+02
1.376613055293228749e-01 -1.176559501189526316e+02
1.366845865909848412e-01 -1.173447218405393073e+02
1.357104634894679140e-01 -1.170316945540926952e+02
1.347389951086920279e-01 -1.167082174188388564e+02
1.337702420202165898e-01 -1.163748766091796085e+02
1.328042665410115730e-01 -1.160397491643979890e+02
1.318411327935584965e-01 -1.156942621470648191e+02
1.308809067683967542e-01 -1.153421982197899780e+02
1.299236563892372243e-01 -1.149775607601963259e+02
1.289694515807739694e-01 -1.146006982189631458e+02
1.280183643393330017e-01 -1.142272328231296399e+02
1.270704688065075194e-01 -1.138394679929709667e+02
1.261258413459387662e-01 -1.134406771287868168e+02
1.251845606234136543e-01 -1.130329745050009507e+02
1.242467076904628931e-01 -1.126155129593086173e+02
1.233123660716572145e-01 -1.121873593681236798e+02
1.223816218558138741e-01 -1.117493880445499599e+02
1.214545637913434090e-01 -1.112983125724201017e+02
1.205312833859839283e-01 -1.108398743206500541e+02
1.196118750111912349e-01 -1.103770346355671705e+02
1.186964360114745043e-01 -1.098838915909309577e+02
1.177850668189925898e-01 -1.093853130432311360e+02
1.168778710737521376e-01 -1.088874150943216819e+02
1.159749557497793404e-01 -1.083567380517809511e+02
1.150764312876691731e-01 -1.078183056530915280e+02
1.141824117339520495e-01 -1.072794588232519573e+02
1.132930148877578647e-01 -1.067026876782759786e+02
1.124083624553006006e-01 -1.061267353770326736e+02
1.115285802127538584e-01 -1.055458152270998511e+02
1.106537981781406804e-01 -1.049314641989056298e+02
1.097841507929165211e-01 -1.043048190668333319e+02
1.089197771139867321e-01 -1.036615068021732071e+02
1.080608210169653194e-01 -1.030001520000047606e+02
1.072074314115534638e-01 -1.023197317067140375e+02
1.063597624699911676e-01 -1.016199704538032336e+02
1.055179738696145897e-01 -1.009008651521295832e+02
1.046822310506340531e-01 -1.001615390281603055e+02
1.038527054903295443e-01 -9.939889014889257624e+01
1.030295749949432793e-01 -9.864214002949653093e+01
1.022130240106243759e-01 -9.783071696610974755e+01
1.014032439548485931e-01 -9.697235125914571086e+01
1.006004335697864294e-01 -9.614907189619452765e+01
9.980479929911824366e-02 -9.526619753087030062e+01
9.901655568978327826e-02 -9.435956877489253714e+01
9.823592582008448815e-02 -9.345322892925658209e+01
9.746314175543079050e-02 -9.245625473043885734e+01
9.669844503275773495e-02 -9.146459646074315231e+01
9.594208717428832911e-02 -9.047147982155448176e+01
9.519433023073360645e-02 -8.940887433877755086e+01
9.445544735322902730e-02 -8.830911328878516997e+01
9.372572339218356030e-02 -8.723243617085445578e+01
9.300545551969123526e-02 -8.606087335605785427e+01
9.229495387010641649e-02 -8.485025485348150198e+01
9.159454219067440783e-02 -8.359159988056305224e+01
9.090455849057138549e-02 -8.229251022092736889e+01
9.022535567214984287e-02 -8.101259265294697798e+01
8.955730212238419141e-02 -7.964889082983708590e+01
8.890078223522930589e-02 -7.825379302500050471e+01
8.825619682660178211e-02 -7.676792260985125438e+01
8.762396339275056734e-02 -7.520443824381094089e+01
8.700451614975866776e-02 -7.365018979361749984e+01
8.639830577680547574e-02 -7.208127294150092723e+01
8.580579876885735535e-02 -7.034366951687984226e+01
8.522747628626059502e-02 -6.855835118143839679e+01
8.466383237044998455e-02 -6.681002802106162619e+01
8.411537137857873214e-02 -6.493745491404148140e+01
8.358260447819115813e-02 -6.299013850682118942e+01
8.306604504007177037e-02 -6.097592635530030947e+01
8.256620277820221621e-02 -5.892425468412189105e+01
8.208357651629294427e-02 -5.681611268887187549e+01
8.161864551678597868e-02 -5.459333038571028851e+01
8.117185939570016606e-02 -5.236636637239937642e+01
8.074362676755307555e-02 -5.008961753918129034e+01
8.033430291612136953e-02 -4.775885459779359365e+01
7.994417695894230624e-02 -4.540341623212522393e+01
7.957345914737508352e-02 -4.301253078701101629e+01
7.922226909249363569e-02 -4.062330512494733625e+01
7.889062579764274941e-02 -3.823768372454362918e+01
7.857844037987167518e-02 -3.586567104743035372e+01
7.828551225309154926e-02 -3.352862066936389596e+01
7.801152932231071591e-02 -3.123775087485416790e+01
7.775607242068398317e-02 -2.900589203385970549e+01
7.751862385175714576e-02 -2.684637904637363803e+01
7.729857953492720590e-02 -2.476909723182029310e+01
7.709526395062418769e-02 -2.278229923008596103e+01
7.690794688792448874e-02 -2.089201852509896185e+01
7.673586093294881838e-02 -1.910198411870398871e+01
7.657821869703004825e-02 -1.741372410694942019e+01
7.643422894302491499e-02 -1.582675903975935761e+01
7.630311098759189059e-02 -1.433885922401445789e+01
7.618410699614305837e-02 -1.294633491005460790e+01
7.607649201139732309e-02 -1.164434000445803896e+01
7.597958174307743728e-02 -1.042716081089551139e+01
7.589273828433976132e-02 -9.288475856066161995e+00
7.581537400906183943e-02 -8.221577493218404697e+00
7.574695394899297329e-02 -7.219552192558769121e+00
7.568699696031247481e-02 -6.275419637227757086e+00
7.563507597548423111e-02 -5.382233824690768387e+00
7.559081760766007962e-02 -4.533150701267330440e+00
7.555390133869839542e-02 -3.721467512005173450e+00
7.552405848351563533e-02 -2.940639034027246357e+00
7.550107108648576593e-02 -2.184275494786620087e+00
7.548477087191053647e-02 -1.446126432696736908e+00
7.547503834100320608e-02 -7.200541669613188533e-01
7.547180208236017873e-02 0.000000000000000000e+00
7.547503834100320608e-02 7.200541669613188533e-01
7.548477087191053647e-02 1.446126432696736908e+00
7.550107108648576593e-02 2.184275494786620087e+00
7.552405848351563533e-02 2.940639034027246357e+00
7.555390133869839542e-02 3.721467512005173450e+00
7.559081760766007962e-02 4.533150701267330440e+00
7.563507597548423111e-02 5.382233824690768387e+00
7.568699696031247481e-02 6.275419637227757086e+00
7.574695394899297329e-02 7.219552192558769121e+00
7.581537400906183943e-02 8.221577493218404697e+00
7.589273828433976132e-02 9.288475856066995107e+00
7.597958174307745116e-02 1.042716081089551139e+01
7.607649201139732309e-02 1.164434000445803896e+01
7.618410699614307224e-02 1.294633491005544279e+01
7.630311098759190447e-02 1.433885922401362301e+01
7.643422894302491499e-02 1.582675903975852272e+01
7.657821869703004825e-02 1.741372410695108996e+01
7.673586093294884614e-02 1.910198411870482360e+01
7.690794688792450262e-02 2.089201852509645718e+01
7.709526395062418769e-02 2.278229923008512614e+01
7.729857953492720590e-02 2.476909723182112799e+01
7.751862385175714576e-02 2.684637904637447292e+01
7.775607242068399705e-02 2.900589203386054038e+01
7.801152932231072978e-02 3.123775087485500279e+01
7.828551225309157702e-02 3.352862066936305752e+01
7.857844037987167518e-02 3.586567104742868395e+01
7.889062579764274941e-02 3.823768372454362918e+01
7.922226909249363569e-02 4.062330512494733625e+01
7.957345914737508352e-02 4.301253078701184762e+01
7.994417695894232012e-02 4.540341623212522393e+01
8.033430291612136953e-02 4.775885459779359365e+01
8.074362676755308943e-02 5.008961753918129034e+01
8.117185939570016606e-02 5.236636637239853798e+01
8.161864551678597868e-02 5.459333038571028851e+01
8.208357651629294427e-02 5.681611268887271393e+01
8.256620277820223008e-02 5.892425468412189105e+01
8.306604504007177037e-02 6.097592635529947103e+01
8.358260447819115813e-02 6.299013850682118942e+01
8.411537137857873214e-02 6.493745491404231984e+01
8.466383237044999843e-02 6.681002802106246463e+01
8.522747628626060890e-02 6.855835118143757256e+01
8.580579876885735535e-02 7.034366951688068070e+01
8.639830577680550350e-02 7.208127294150176567e+01
8.700451614975868164e-02 7.365018979361749984e+01
8.762396339275059509e-02 7.520443824381010245e+01
8.825619682660178211e-02 7.676792260984959171e+01
8.890078223522930589e-02 7.825379302500216738e+01
8.955730212238421917e-02 7.964889082983708590e+01
9.022535567214984287e-02 8.101259265294531531e+01
9.090455849057138549e-02 8.229251022092736889e+01
9.159454219067440783e-02 8.359159988056471491e+01
9.229495387010644425e-02 8.485025485348150198e+01
9.300545551969123526e-02 8.606087335605703004e+01
9.372572339218357418e-02 8.723243617085529422e+01
9.445544735322904117e-02 8.830911328878516997e+01
9.519433023073362032e-02 8.940887433877672663e+01
9.594208717428832911e-02 9.047147982155614443e+01
9.669844503275777658e-02 9.146459646074565342e+01
9.746314175543083214e-02 9.245625473043885734e+01
9.823592582008452978e-02 9.345322892925575786e+01
9.901655568978330602e-02 9.435956877489003602e+01
9.980479929911824366e-02 9.526619753086946218e+01
1.006004335697864432e-01 9.614907189619619032e+01
1.014032439548486209e-01 9.697235125914737353e+01
1.022130240106244176e-01 9.783071696610974755e+01
1.030295749949433071e-01 9.864214002949401561e+01
1.038527054903295443e-01 9.939889014889173779e+01
1.046822310506340670e-01 1.001615390281619824e+02
1.055179738696146174e-01 1.009008651521304216e+02
1.063597624699911953e-01 1.016199704538032336e+02
1.072074314115534915e-01 1.023197317067132133e+02
1.080608210169653333e-01 1.030001520000047606e+02
1.089197771139867599e-01 1.036615068021748840e+02
1.097841507929165628e-01 1.043048190668324935e+02
1.106537981781406943e-01 1.049314641989047914e+02
1.115285802127538861e-01 1.055458152270990269e+02
1.124083624553006006e-01 1.061267353770310109e+02
1.132930148877578647e-01 1.067026876782759786e+02
1.141824117339520495e-01 1.072794588232544584e+02
1.150764312876692147e-01 1.078183056530932049e+02
1.159749557497793682e-01 1.083567380517784358e+02
1.168778710737521376e-01 1.088874150943208434e+02
1.177850668189926037e-01 1.093853130432328129e+02
1.186964360114745320e-01 1.098838915909309577e+02
1.196118750111912488e-01 1.103770346355671705e+02
1.205312833859839561e-01 1.108398743206500541e+02
1.214545637913434228e-01 1.112983125724201017e+02
1.223816218558139018e-01 1.117493880445507983e+02
1.233123660716572423e-01 1.121873593681236798e+02
1.242467076904629208e-01 1.126155129593069546e+02
1.251845606234136543e-01 1.130329745050009507e+02
1.261258413459387939e-01 1.134406771287901563e+02
1.270704688065075749e-01 1.138394679929692899e+02
1.280183643393330017e-01 1.142272328231263003e+02
1.289694515807739694e-01 1.146006982189631458e+02
1.299236563892372243e-01 1.149775607601963259e+02
1.308809067683967542e-01 1.153421982197899780e+02
1.318411327935584965e-01 1.156942621470681587e+02
1.328042665410116285e-01 1.160397491643979890e+02
1.337702420202165898e-01 1.163748766091762690e+02
1.347389951086920279e-01 1.167082174188405332e+02
1.357104634894679418e-01 1.170316945540943721e+02
1.366845865909848690e-01 1.173447218405409842e+02
1.376613055293229304e-01 1.176559501189543084e+02
1.386405630526528765e-01 1.179586479548902105e+02
1.396223034878079361e-01 1.182517475306208752e+02
1.406064726888798799e-01 1.185426778209388772e+02
1.415930179877496198e-01 1.188254755158178426e+02
1.425818881464664400e-01 1.191004720028398935e+02
1.435730333113953150e-01 1.193734402595526944e+02
1.445664049690560671e-01 1.196377409268056198e+02
1.455619559035815080e-01 1.198953223949294227e+02
1.465596401557263395e-01 1.201500256359319678e+02
1.475594129833618651e-01 1.204009438871983804e+02
1.485612308233940637e-01 1.206432610190544352e+02
1.495650512550467937e-01 1.208795069528756727e+02
1.505708329644539489e-01 1.211142974848869756e+02
1.515785357105076947e-01 1.213395393786249343e+02
1.525881202919115998e-01 1.215680466214199811e+02
1.535995485153910378e-01 1.217911218306108339e+02
1.546127831650141171e-01 1.220019404418656990e+02
1.556277879725802282e-01 1.222127143261835016e+02
1.566445275890330224e-01 1.224206907892679084e+02
1.576629675568590461e-01 1.226227898121336324e+02
1.586830742834328400e-01 1.228200009615468673e+02
1.597048150152728940e-01 1.230152734633173424e+02
1.607281578131724564e-01 1.232060962082665583e+02
1.617530715281727260e-01 1.233960027930621521e+02
1.627795257783459515e-01 1.235774995524729434e+02
1.638074909263578516e-01 1.237547481031339487e+02
1.648369380577804355e-01 1.239334962244116269e+02
1.658678389601265790e-01 1.241067943942973102e+02
1.669001661025797389e-01 1.242766561996357666e+02
1.679338926163934376e-01 1.244446934898764567e+02
1.689689922759347596e-01 1.246077476860522495e+02
1.700054394803495184e-01 1.247670746795714223e+02
1.710432092358249723e-01 1.249254434571351027e+02
1.720822771384296068e-01 1.250802333230988950e+02
1.731226193575079453e-01 1.252321188441040789e+02
1.741642126196109031e-01 1.253809773111696160e+02
