1.741642126196108475e-01 -1.253809888331863931e+02
1.731226193575078898e-01 -1.252321231065517821e+02
1.720822771384295791e-01 -1.250802369672340433e+02
1.710432092358249723e-01 -1.249254484119014705e+02
1.700054394803494906e-01 -1.247670996737002866e+02
1.689689922759347596e-01 -1.246077379432373675e+02
1.679338926163934098e-01 -1.244446671826922000e+02
1.669001661025797389e-01 -1.242766641330532877e+02
1.658678389601265790e-01 -1.241067995903085404e+02
1.648369380577804355e-01 -1.239335029303381503e+02
1.638074909263577961e-01 -1.237548148507961088e+02
1.627795257783458960e-01 -1.235774898917431130e+02
1.617530715281726983e-01 -1.233959360946800672e+02
1.607281578131724564e-01 -1.232061048986593761e+02
1.597048150152728940e-01 -1.230152810287211338e+02
1.586830742834327845e-01 -1.228200256643610828e+02
1.576629675568589906e-01 -1.226227784837127786e+02
1.566445275890330224e-01 -1.224206672780961327e+02
1.556277879725802282e-01 -1.222127270903081921e+02
1.546127831650141171e-01 -1.220019516881330475e+02
1.535995485153909823e-01 -1.217910083140911013e+02
1.525881202919115720e-01 -1.215680367131894997e+02
1.515785357105076392e-01 -1.213396565479030329e+02
1.505708329644539212e-01 -1.211143113876225499e+02
1.495650512550467659e-01 -1.208795560527178168e+02
1.485612308233940360e-01 -1.206432503733807096e+02
1.475594129833618373e-01 -1.204009012238592362e+02
1.465596401557263395e-01 -1.201500449686994756e+02
1.455619559035815080e-01 -1.198953612762102807e+02
1.445664049690560671e-01 -1.196377313725947005e+02
1.435730333113953150e-01 -1.193734122003017291e+02
1.425818881464663845e-01 -1.191005025174101206e+02
1.415930179877495920e-01 -1.188254600344249496e+02
1.406064726888798522e-01 -1.185426629998861046e+02
1.396223034878079083e-01 -1.182517846894661773e+02
1.386405630526528210e-01 -1.179586210635857668e+02
1.376613055293228749e-01 -1.176559409305299368e+02
1.366845865909848412e-01 -1.173447780627753616e+02
1.357104634894679140e-01 -1.170316740259396084e+02
1.347389951086920279e-01 -1.167082092787027534e+02
1.337702420202165898e-01 -1.163749489638242380e+02
1.328042665410115730e-01 -1.160397426256167250e+02
1.318411327935584965e-01 -1.156942456859153197e+02
1.308809067683967542e-01 -1.153421279603929293e+02
1.299236563892372243e-01 -1.149775615460197713e+02
1.289694515807739694e-01 -1.146008714378125148e+02
1.280183643393330017e-01 -1.142272359502588159e+02
1.270704688065075194e-01 -1.138394486062653215e+02
1.261258413459387662e-01 -1.134406829680820437e+02
1.251845606234136543e-01 -1.130329860404517603e+02
1.242467076904628931e-01 -1.126155259632598842e+02
1.233123660716572145e-01 -1.121873878071411639e+02
1.223816218558138741e-01 -1.117494123958798298e+02
1.214545637913434090e-01 -1.112983961810554092e+02
1.205312833859839283e-01 -1.108399098101005364e+02
1.196118750111912349e-01 -1.103768215205471677e+02
1.186964360114745043e-01 -1.098839480150255241e+02
1.177850668189925898e-01 -1.093854489628695319e+02
1.168778710737521376e-01 -1.088872456945578477e+02
1.159749557497793404e-01 -1.083568273458408129e+02
1.150764312876691731e-01 -1.078184950941611930e+02
1.141824117339520495e-01 -1.072793569109317389e+02
1.132930148877578647e-01 -1.067029588498574242e+02
1.124083624553006006e-01 -1.061269404006774266e+02
1.115285802127538584e-01 -1.055456613483506629e+02
1.106537981781406804e-01 -1.049314431517439345e+02
1.097841507929165211e-01 -1.043048138050485392e+02
1.089197771139867321e-01 -1.036615067220056261e+02
1.080608210169653194e-01 -1.030001696069441834e+02
1.072074314115534638e-01 -1.023197915225404842e+02
1.063597624699911676e-01 -1.016200855765645770e+02
1.055179738696145897e-01 -1.009010282313055313e+02
1.046822310506340531e-01 -1.001617492622537071e+02
1.038527054903295443e-01 -9.939921269626657363e+01
1.030295749949432793e-01 -9.864178927408883624e+01
1.022130240106243759e-01 -9.783060977291262361e+01
1.014032439548485931e-01 -9.697314647840848068e+01
1.006004335697864294e-01 -9.614908035686821108e+01
9.980479929911824366e-02 -9.526639702654233588e+01
9.901655568978327826e-02 -9.435988522786585975e+01
9.823592582008448815e-02 -9.345287362683737342e+01
9.746314175543079050e-02 -9.245699247577029212e+01
9.669844503275773495e-02 -9.146544104141636922e+01
9.594208717428832911e-02 -9.047159083132949320e+01
9.519433023073360645e-02 -8.940930783853414709e+01
9.445544735322902730e-02 -8.830997201592225565e+01
9.372572339218356030e-02 -8.723207413749888417e+01
9.300545551969123526e-02 -8.606094992423906831e+01
9.229495387010641649e-02 -8.485079036074347414e+01
9.159454219067440783e-02 -8.359282629738085291e+01
9.090455849057138549e-02 -8.229440148364805907e+01
9.022535567214984287e-02 -8.101337156245165261e+01
8.955730212238419141e-02 -7.964964887523696291e+01
8.890078223522930589e-02 -7.825408016973555902e+01
8.825619682660178211e-02 -7.676892090844097538e+01
8.762396339275056734e-02 -7.520689379101754923e+01
8.700451614975866776e-02 -7.365232963492398710e+01
8.639830577680547574e-02 -7.208195229626839762e+01
8.580579876885735535e-02 -7.034605092901948353e+01
8.522747628626059502e-02 -6.856212448959225014e+01
8.466383237044998455e-02 -6.681244661591193790e+01
8.411537137857873214e-02 -6.494030721496710612e+01
8.358260447819115813e-02 -6.299379460349073412e+01
8.306604504007177037e-02 -6.098053781634440895e+01
8.256620277820221621e-02 -5.892916553940805358e+01
8.208357651629294427e-02 -5.682125595306926158e+01
8.161864551678597868e-02 -5.460036898269640915e+01
8.117185939570016606e-02 -5.237395836630587809e+01
8.074362676755307555e-02 -5.009787041094126181e+01
8.033430291612136953e-02 -4.776820031575706338e+01
7.994417695894230624e-02 -4.541370374649233099e+01
7.957345914737508352e-02 -4.302420096094839153e+01
7.922226909249363569e-02 -4.063607452327135405e+01
7.889062579764274941e-02 -3.825156989099377114e+01
7.857844037987167518e-02 -3.588078116143163498e+01
7.828551225309154926e-02 -3.354483799400472321e+01
7.801152932231071591e-02 -3.125501321778824604e+01
7.775607242068398317e-02 -2.902412379787892505e+01
7.751862385175714576e-02 -2.686544196829084541e+01
7.729857953492720590e-02 -2.478884260551463470e+01
7.709526395062418769e-02 -2.280255911071646580e+01
7.690794688792448874e-02 -2.091261074320833302e+01
7.673586093294881838e-02 -1.912271821218216772e+01
7.657821869703004825e-02 -1.743440683361889754e+01
7.643422894302491499e-02 -1.584719989270104712e+01
7.630311098759189059e-02 -1.435887352627588953e+01
7.618410699614305837e-02 -1.296574756885762802e+01
7.607649201139732309e-02 -1.166298781227175319e+01
7.597958174307743728e-02 -1.044489437943544452e+01
7.589273828433976132e-02 -9.305159727103916367e+00
7.581537400906183943e-02 -8.237090813095411690e+00
7.574695394899297329e-02 -7.233788446824793716e+00
7.568699696031247481e-02 -6.288286086086995574e+00
7.563507597548423111e-02 -5.393651237138652910e+00
7.559081760766007962e-02 -4.543052252981003569e+00
7.555390133869839542e-02 -3.729798292322261233e+00
7.552405848351563533e-02 -2.947354748505745192e+00
7.550107108648576593e-02 -2.189341762535865765e+00
7.548477087191053647e-02 -1.449517983590512316e+00
7.547503834100320608e-02 -7.217540691983566070e-01
7.547180208236017873e-02 0.000000000000000000e+00
7.547503834100320608e-02 7.217540691983566070e-01
7.548477087191053647e-02 1.449517983590512316e+00
7.550107108648576593e-02 2.189341762535865765e+00
7.552405848351563533e-02 2.947354748505745192e+00
7.555390133869839542e-02 3.729798292322261233e+00
7.559081760766007962e-02 4.543052252981003569e+00
7.563507597548423111e-02 5.393651237138652910e+00
7.568699696031247481e-02 6.288286086086995574e+00
7.574695394899297329e-02 7.233788446824793716e+00
7.581537400906183943e-02 8.237090813095411690e+00
7.589273828433976132e-02 9.305159727103916367e+00
7.597958174307745116e-02 1.044489437943544452e+01
7.607649201139732309e-02 1.166298781227258807e+01
7.618410699614307224e-02 1.296574756885846291e+01
7.630311098759190447e-02 1.435887352627505464e+01
7.643422894302491499e-02 1.584719989270021223e+01
7.657821869703004825e-02 1.743440683362056731e+01
7.673586093294884614e-02 1.912271821218300261e+01
7.690794688792450262e-02 2.091261074320666324e+01
7.709526395062418769e-02 2.280255911071563091e+01
7.729857953492720590e-02 2.478884260551463470e+01
7.751862385175714576e-02 2.686544196829167674e+01
7.775607242068399705e-02 2.902412379787975993e+01
7.801152932231072978e-02 3.125501321778908093e+01
7.828551225309157702e-02 3.354483799400389188e+01
7.857844037987167518e-02 3.588078116142996521e+01
7.889062579764274941e-02 3.825156989099377114e+01
7.922226909249363569e-02 4.063607452327135405e+01
7.957345914737508352e-02 4.302420096094922997e+01
7.994417695894232012e-02 4.541370374649233099e+01
8.033430291612136953e-02 4.776820031575706338e+01
8.074362676755308943e-02 5.009787041094126181e+01
8.117185939570016606e-02 5.237395836630504675e+01
8.161864551678597868e-02 5.460036898269640915e+01
8.208357651629294427e-02 5.682125595307010002e+01
8.256620277820223008e-02 5.892916553940805358e+01
8.306604504007177037e-02 6.098053781634357762e+01
8.358260447819115813e-02 6.299379460349073412e+01
8.411537137857873214e-02 6.494030721496794456e+01
8.466383237044999843e-02 6.681244661591277634e+01
8.522747628626060890e-02 6.856212448959141170e+01
8.580579876885735535e-02 7.034605092902032197e+01
8.639830577680550350e-02 7.208195229626923606e+01
8.700451614975868164e-02 7.365232963492398710e+01
8.762396339275059509e-02 7.520689379101671079e+01
8.825619682660178211e-02 7.676892090843929850e+01
8.890078223522930589e-02 7.825408016973722169e+01
8.955730212238421917e-02 7.964964887523696291e+01
9.022535567214984287e-02 8.101337156244998994e+01
9.090455849057138549e-02 8.229440148364805907e+01
9.159454219067440783e-02 8.359282629738252979e+01
9.229495387010644425e-02 8.485079036074347414e+01
9.300545551969123526e-02 8.606094992423822987e+01
9.372572339218357418e-02 8.723207413749972261e+01
9.445544735322904117e-02 8.830997201592225565e+01
9.519433023073362032e-02 8.940930783853330865e+01
9.594208717428832911e-02 9.047159083133117008e+01
9.669844503275777658e-02 9.146544104141887033e+01
9.746314175543083214e-02 9.245699247577029212e+01
9.823592582008452978e-02 9.345287362683654919e+01
9.901655568978330602e-02 9.435988522786334443e+01
9.980479929911824366e-02 9.526639702654151165e+01
1.006004335697864432e-01 9.614908035686988796e+01
1.014032439548486209e-01 9.697314647841015756e+01
1.022130240106244176e-01 9.783060977291262361e+01
1.030295749949433071e-01 9.864178927408633513e+01
1.038527054903295443e-01 9.939921269626573519e+01
1.046822310506340670e-01 1.001617492622553840e+02
1.055179738696146174e-01 1.009010282313063698e+02
1.063597624699911953e-01 1.016200855765645770e+02
1.072074314115534915e-01 1.023197915225396457e+02
1.080608210169653333e-01 1.030001696069441834e+02
1.089197771139867599e-01 1.036615067220073030e+02
1.097841507929165628e-01 1.043048138050477007e+02
1.106537981781406943e-01 1.049314431517431103e+02
1.115285802127538861e-01 1.055456613483498245e+02
1.124083624553006006e-01 1.061269404006757640e+02
1.132930148877578647e-01 1.067029588498574242e+02
1.141824117339520495e-01 1.072793569109342400e+02
1.150764312876692147e-01 1.078184950941628699e+02
1.159749557497793682e-01 1.083568273458383118e+02
1.168778710737521376e-01 1.088872456945570235e+02
1.177850668189926037e-01 1.093854489628711946e+02
1.186964360114745320e-01 1.098839480150255241e+02
1.196118750111912488e-01 1.103768215205471677e+02
1.205312833859839561e-01 1.108399098101005364e+02
1.214545637913434228e-01 1.112983961810554092e+02
1.223816218558139018e-01 1.117494123958806540e+02
1.233123660716572423e-01 1.121873878071411639e+02
1.242467076904629208e-01 1.126155259632582215e+02
1.251845606234136543e-01 1.130329860404517603e+02
1.261258413459387939e-01 1.134406829680853832e+02
1.270704688065075749e-01 1.138394486062636588e+02
1.280183643393330017e-01 1.142272359502554764e+02
1.289694515807739694e-01 1.146008714378125148e+02
1.299236563892372243e-01 1.149775615460197713e+02
1.308809067683967542e-01 1.153421279603929293e+02
1.318411327935584965e-01 1.156942456859186592e+02
1.328042665410116285e-01 1.160397426256167250e+02
1.337702420202165898e-01 1.163749489638208985e+02
1.347389951086920279e-01 1.167082092787044303e+02
1.357104634894679418e-01 1.170316740259412853e+02
1.366845865909848690e-01 1.173447780627770385e+02
1.376613055293229304e-01 1.176559409305316137e+02
1.386405630526528765e-01 1.179586210635841041e+02
1.396223034878079361e-01 1.182517846894645146e+02
1.406064726888798799e-01 1.185426629998861046e+02
1.415930179877496198e-01 1.188254600344266265e+02
1.425818881464664400e-01 1.191005025174084579e+02
1.435730333113953150e-01 1.193734122002983895e+02
1.445664049690560671e-01 1.196377313725947005e+02
1.455619559035815080e-01 1.198953612762102807e+02
1.465596401557263395e-01 1.201500449687011525e+02
1.475594129833618651e-01 1.204009012238609131e+02
1.485612308233940637e-01 1.206432503733807096e+02
1.495650512550467937e-01 1.208795560527178168e+02
1.505708329644539489e-01 1.211143113876242126e+02
1.515785357105076947e-01 1.213396565479030329e+02
1.525881202919115998e-01 1.215680367131894997e+02
1.535995485153910378e-01 1.217910083140894386e+02
1.546127831650141171e-01 1.220019516881297079e+02
1.556277879725802282e-01 1.222127270903081921e+02
1.566445275890330224e-01 1.224206672780994722e+02
1.576629675568590461e-01 1.226227784837161181e+02
1.586830742834328400e-01 1.228200256643577433e+02
1.597048150152728940e-01 1.230152810287177942e+02
1.607281578131724564e-01 1.232061048986610388e+02
1.617530715281727260e-01 1.233959360946834067e+02
1.627795257783459515e-01 1.235774898917447899e+02
1.638074909263578516e-01 1.237548148507927692e+02
1.648369380577804355e-01 1.239335029303348108e+02
1.658678389601265790e-01 1.241067995903085404e+02
1.669001661025797389e-01 1.242766641330549504e+02
1.679338926163934376e-01 1.244446671826922000e+02
1.689689922759347596e-01 1.246077379432373675e+02
1.700054394803495184e-01 1.247670996737002866e+02
1.710432092358249723e-01 1.249254484119014705e+02
1.720822771384296068e-01 1.250802369672373828e+02
1.731226193575079453e-01 1.252321231065534590e+02
1.741642126196109031e-01 1.253809888331830535e+02
