7.195227382024743656e-02 -1.389363461969861158e+00
7.195102199589931136e-02 -1.410421269211712625e+00
7.194973995702810821e-02 -1.431566272006901341e+00
7.194842674456949916e-02 -1.452773553189450340e+00
7.194708136178309954e-02 -1.474015729790192353e+00
7.194570277248857337e-02 -1.495262779775958339e+00
7.194428989920570450e-02 -1.516481860157196104e+00
7.194284162119267412e-02 -1.537637116903110668e+00
7.194135677237591120e-02 -1.558689486095010235e+00
7.193983413916510417e-02 -1.579596487144284911e+00
7.193827245814579663e-02 -1.600312008386387985e+00
7.193667041364174008e-02 -1.620786085378053798e+00
7.193502663513884343e-02 -1.640964672805148572e+00
7.193333969456151833e-02 -1.660789411101391222e+00
7.193160810339199740e-02 -1.680197388609375952e+00
7.192983030962216140e-02 -1.699120901020231500e+00
7.192800469452670376e-02 -1.717487209937599957e+00
7.192612956924598899e-02 -1.735218302263034973e+00
7.192420317116551831e-02 -1.752230653662611770e+00
7.192222366007830492e-02 -1.768434998483843446e+00
7.192018911411535154e-02 -1.783736109759175736e+00
7.191809752542829837e-02 -1.798032593356408970e+00
7.191594679560689429e-02 -1.811216700962470227e+00
7.191373473081288936e-02 -1.823174167141250690e+00
7.191145903661017025e-02 -1.833784075926603752e+00
7.190911731246987793e-02 -1.842918764507718521e+00
7.190670704592677653e-02 -1.850443770764370166e+00
7.190422560636192117e-02 -1.856217833027338671e+00
7.190167023838463234e-02 -1.860092951901818337e+00
7.189903805478373156e-02 -1.861914523148510803e+00
7.189632602901685487e-02 -1.861521553353492342e+00
7.189353098720269175e-02 -1.858746969644624381e+00
7.189064959957941481e-02 -1.853418036033726901e+00
7.188767837138823613e-02 -1.845356889690820568e+00
7.188461363313819463e-02 -1.834381211648805188e+00
7.188145153020479572e-02 -1.820305044970240926e+00
7.187818801171023952e-02 -1.802939776130097371e+00
7.187481881862886612e-02 -1.782095293788109824e+00
7.187133947105672771e-02 -1.757581338720349828e+00
7.186774525457854945e-02 -1.729209059507715196e+00
7.186403120565920677e-02 -1.696792785401888715e+00
7.186019209598044910e-02 -1.660152027633216010e+00
7.185622241563714707e-02 -1.619113717728628332e+00
7.185211635509793082e-02 -1.573514687770624532e+00
7.184786778582821776e-02 -1.523204394982264454e+00
7.184347023946277555e-02 -1.468047888108802601e+00
7.183891688540505749e-02 -1.407929007659765697e+00
7.183420050671922297e-02 -1.342753806376259407e+00
7.182931347416773860e-02 -1.272454169287045911e+00
7.182424771823324450e-02 -1.196991605581271712e+00
7.181899469894911792e-02 -1.116361175773118886e+00
7.181354537334447286e-02 -1.030595509546354815e+00
7.180789016029233418e-02 -9.397688607304899300e-01
7.180201890252778385e-02 -8.440011366677212523e-01
7.179592082558100552e-02 -7.434618316425674056e-01
7.178958449334450764e-02 -6.383737843443516580e-01
7.178299775996627163e-02 -5.290166752907136116e-01
7.177614771773030422e-02 -4.157301730305491549e-01
7.176902064055196151e-02 -2.989166348511103632e-01
7.176160192267877491e-02 -1.790432700555326662e-01
7.175387601214644473e-02 -5.664367206643732000e-02
7.174582633849513336e-02 6.768136445910440113e-02
7.173743523420131329e-02 1.932638170169561909e-01
7.172868384922716223e-02 3.193692625526272644e-01
7.171955205802993394e-02 4.451986011122589515e-01
7.171001835830910498e-02 5.698907006966230648e-01
7.170005976069922238e-02 6.925259607595487532e-01
7.168965166853993876e-02 8.121307649500144610e-01
7.167876774677267582e-02 9.276827653532058182e-01
7.166737977892505274e-02 1.038116909017341882e+00
7.165545751105061034e-02 1.142332085943493558e+00
7.164296848139226070e-02 1.239198251960319075e+00
7.162987783443468259e-02 1.327563852151055102e+00
7.161614811790550927e-02 1.406263346239045031e+00
7.160173906117933695e-02 1.474124626269810001e+00
7.158660733343630289e-02 1.529976102600433929e+00
7.157070627983228017e-02 1.572653232335464946e+00
7.155398563385878541e-02 1.601004271957509495e+00
7.153639120401418527e-02 1.613895047967361274e+00
7.151786453288812295e-02 1.610212562519345747e+00
7.149834252679278246e-02 1.588867283711477452e+00
7.147775705417915015e-02 1.548794005988495925e+00
7.145603451128154648e-02 1.488951216633076502e+00
7.143309535377521946e-02 1.408318958267810617e+00
7.140885359375552521e-02 1.305895237426056177e+00
7.138321626211077686e-02 1.180691100880089772e+00
7.135608283744095115e-02 1.031724578514783497e+00
7.132734464416003173e-02 8.580137787030231999e-01
7.129688422442873041e-02 6.585695210356766749e-01
7.126457469123377575e-02 4.323880047223159773e-01
7.123027907342766030e-02 1.784441411736885919e-01
7.119384966806385773e-02 -1.043136694568960465e-01
7.115512742112756195e-02 -4.169663606323711358e-01
7.111394136501007768e-02 -7.606234594910270541e-01
7.107010815004928539e-02 -1.136417391036521618e+00
7.102343171837476044e-02 -1.545491175902333980e+00
7.097370318130104272e-02 -1.988977597576900624e+00
7.092070097660975458e-02 -2.467967649265234265e+00
7.086419139901473097e-02 -2.983465845429126517e+00
7.080392961529963225e-02 -3.536329852726352474e+00
7.073966129388632729e-02 -4.127191943840177402e+00
7.067112499502049838e-02 -4.756360112089486947e+00
7.059805547947733961e-02 -5.423697441467272284e+00
7.052018809672107313e-02 -6.128479661663362776e+00
7.043726440271379230e-02 -6.869232879790212465e+00
7.034903912710671614e-02 -7.643556370416795254e+00
7.025528855320757604e-02 -8.447939017235830406e+00
7.015582028674986759e-02 -9.277582333464593489e+00
7.005048426875230827e-02 -1.012624747220665000e+01
6.993918473637356081e-02 -1.098614748412161468e+01
6.982189266368916958e-02 -1.184790820744693995e+01
6.969865804058521241e-02 -1.270062036182685006e+01
6.956962119971182856e-02 -1.353200062106743040e+01
6.943502231110063039e-02 -1.432867019636388584e+01
6.929520816290656027e-02 -1.507654630104450710e+01
6.915063545635785625e-02 -1.576132653906302750e+01
6.900187006676032631e-02 -1.636903155079321692e+01
6.884958204030276752e-02 -1.688656038734417564e+01
6.869453646605713781e-02 -1.730220881013387668e+01
6.853758072722669625e-02 -1.760610435658695394e+01
6.837962893751051152e-02 -1.779052299264668946e+01
6.822164456254789511e-02 -1.785006812240668239e+01
6.806462229105567086e-02 -1.778171023159771025e+01
6.790957015991869183e-02 -1.758470108751542682e+01
6.775749277836985718e-02 -1.726038770200133499e+01
6.760937627718698051e-02 -1.681195704124564827e+01
6.746617537016061372e-02 -1.624414303057271169e+01
6.732880269104565829e-02 -1.556292396578858117e+01
6.719812038273224875e-02 -1.477523244352259368e+01
6.707493377741993723e-02 -1.388869321089329922e+01
6.695998691808670300e-02 -1.291139821710575397e+01
6.685395962665854896e-02 -1.185172228895341995e+01
6.675746581368097177e-02 -1.071817888197975499e+01
6.667105273783079100e-02 -9.519313517191990925e+00
6.659520095206265811e-02 -8.263630253525612090e+00
6.653032470913493313e-02 -6.959545600894148976e+00
6.647677263731475994e-02 -5.615365822592082168e+00
6.643482853371776575e-02 -4.239281130228720329e+00
6.640471215603512001e-02 -2.839373129648188776e+00
6.638657992253936546e-02 -1.423635758924297612e+00
6.638052545525208181e-02 0.000000000000000000e+00
6.638657992253936546e-02 1.423635758924297612e+00
6.640471215603512001e-02 2.839373129648188776e+00
6.643482853371776575e-02 4.239281130228720329e+00
6.647677263731475994e-02 5.615365822592082168e+00
6.653032470913493313e-02 6.959545600894148976e+00
6.659520095206265811e-02 8.263630253525612090e+00
6.667105273783079100e-02 9.519313517191990925e+00
6.675746581368097177e-02 1.071817888197975499e+01
6.685395962665854896e-02 1.185172228895341995e+01
6.695998691808670300e-02 1.291139821710575397e+01
6.707493377741993723e-02 1.388869321089413411e+01
6.719812038273226262e-02 1.477523244352259368e+01
6.732880269104565829e-02 1.556292396578858117e+01
6.746617537016062760e-02 1.624414303057354658e+01
6.760937627718699439e-02 1.681195704124481338e+01
6.775749277836985718e-02 1.726038770200050010e+01
6.790957015991869183e-02 1.758470108751542682e+01
6.806462229105567086e-02 1.778171023159854514e+01
6.822164456254790899e-02 1.785006812240668239e+01
6.837962893751051152e-02 1.779052299264585457e+01
6.853758072722669625e-02 1.760610435658695394e+01
6.869453646605713781e-02 1.730220881013471157e+01
6.884958204030278139e-02 1.688656038734417564e+01
6.900187006676034018e-02 1.636903155079238203e+01
6.915063545635785625e-02 1.576132653906302750e+01
6.929520816290656027e-02 1.507654630104450710e+01
6.943502231110063039e-02 1.432867019636388584e+01
6.956962119971182856e-02 1.353200062106743040e+01
6.969865804058521241e-02 1.270062036182768495e+01
6.982189266368918346e-02 1.184790820744693995e+01
6.993918473637356081e-02 1.098614748412161468e+01
7.005048426875232215e-02 1.012624747220665000e+01
7.015582028674986759e-02 9.277582333463758602e+00
7.025528855320757604e-02 8.447939017235830406e+00
7.034903912710671614e-02 7.643556370415960366e+00
7.043726440271377842e-02 6.869232879790212465e+00
7.052018809672107313e-02 6.128479661664197664e+00
7.059805547947733961e-02 5.423697441467272284e+00
7.067112499502049838e-02 4.756360112089486947e+00
7.073966129388631341e-02 4.127191943841012289e+00
7.080392961529964613e-02 3.536329852726352474e+00
7.086419139901473097e-02 2.983465845427457186e+00
7.092070097660975458e-02 2.467967649266069152e+00
7.097370318130105660e-02 1.988977597577735290e+00
7.102343171837476044e-02 1.545491175901499092e+00
7.107010815004928539e-02 1.136417391036521618e+00
7.111394136501007768e-02 7.606234594910270541e-01
7.115512742112756195e-02 4.169663606323711358e-01
7.119384966806385773e-02 1.043136694568960465e-01
7.123027907342766030e-02 -1.784441411736885919e-01
7.126457469123377575e-02 -4.323880047223159773e-01
7.129688422442873041e-02 -6.585695210356766749e-01
7.132734464416003173e-02 -8.580137787021884233e-01
7.135608283744096503e-02 -1.031724578513948831e+00
7.138321626211079074e-02 -1.180691100881759326e+00
7.140885359375551134e-02 -1.305895237426890843e+00
7.143309535377521946e-02 -1.408318958267810617e+00
7.145603451128153261e-02 -1.488951216632241836e+00
7.147775705417916403e-02 -1.548794005986826372e+00
7.149834252679279634e-02 -1.588867283712312117e+00
7.151786453288812295e-02 -1.610212562520180413e+00
7.153639120401418527e-02 -1.613895047966526386e+00
7.155398563385879929e-02 -1.601004271957509495e+00
7.157070627983228017e-02 -1.572653232337134499e+00
7.158660733343628901e-02 -1.529976102600433929e+00
7.160173906117933695e-02 -1.474124626268975335e+00
7.161614811790550927e-02 -1.406263346238210143e+00
7.162987783443469647e-02 -1.327563852151055102e+00
7.164296848139226070e-02 -1.239198251961153741e+00
7.165545751105061034e-02 -1.142332085943493558e+00
7.166737977892505274e-02 -1.038116909016507217e+00
7.167876774677268970e-02 -9.276827653532058182e-01
7.168965166853993876e-02 -8.121307649508492377e-01
7.170005976069920850e-02 -6.925259607587140875e-01
7.171001835830909110e-02 -5.698907006966230648e-01
7.171955205802993394e-02 -4.451986011130937282e-01
7.172868384922716223e-02 -3.193692625526272644e-01
7.173743523420131329e-02 -1.932638170169561909e-01
7.174582633849513336e-02 -6.768136445993917782e-02
7.175387601214643085e-02 5.664367206476777356e-02
7.176160192267874716e-02 1.790432700563674429e-01
7.176902064055196151e-02 2.989166348536146378e-01
7.177614771773031810e-02 4.157301730305491549e-01
7.178299775996627163e-02 5.290166752890440582e-01
7.178958449334449377e-02 6.383737843443516580e-01
7.179592082558100552e-02 7.434618316425674056e-01
7.180201890252776997e-02 8.440011366677212523e-01
7.180789016029233418e-02 9.397688607313247067e-01
7.181354537334447286e-02 1.030595509546354815e+00
7.181899469894911792e-02 1.116361175773118886e+00
7.182424771823324450e-02 1.196991605580436824e+00
7.182931347416772472e-02 1.272454169305410998e+00
7.183420050671923685e-02 1.342753806376259407e+00
7.183891688540504361e-02 1.407929007641400609e+00
7.184347023946277555e-02 1.468047888109637489e+00
7.184786778582821776e-02 1.523204394981429566e+00
7.185211635509791694e-02 1.573514687769789866e+00
7.185622241563713319e-02 1.619113717729462998e+00
7.186019209598044910e-02 1.660152027634050897e+00
7.186403120565920677e-02 1.696792785401888715e+00
7.186774525457854945e-02 1.729209059506045643e+00
7.187133947105669995e-02 1.757581338713671615e+00
7.187481881862883837e-02 1.782095293792283597e+00
7.187818801171025340e-02 1.802939776138445138e+00
7.188145153020480960e-02 1.820305044964397601e+00
7.188461363313816688e-02 1.834381211644631193e+00
7.188767837138822225e-02 1.845356889697498781e+00
7.189064959957944256e-02 1.853418036036231342e+00
7.189353098720269175e-02 1.858746969641285274e+00
7.189632602901685487e-02 1.861521553353492342e+00
7.189903805478373156e-02 1.861914523148510803e+00
7.190167023838463234e-02 1.860092951901818337e+00
7.190422560636192117e-02 1.856217833023999564e+00
7.190670704592674878e-02 1.850443770768543938e+00
7.190911731246990568e-02 1.842918764536100928e+00
7.191145903661019800e-02 1.833784075929107971e+00
7.191373473081290324e-02 1.823174167116207389e+00
7.191594679560689429e-02 1.811216700958296233e+00
7.191809752542831224e-02 1.798032593356408970e+00
7.192018911411535154e-02 1.783736109756671517e+00
7.192222366007830492e-02 1.768434998483843446e+00
7.192420317116551831e-02 1.752230653662611770e+00
7.192612956924598899e-02 1.735218302265539192e+00
7.192800469452671763e-02 1.717487209937599957e+00
7.192983030962216140e-02 1.699120901017727281e+00
7.193160810339199740e-02 1.680197388606871733e+00
7.193333969456150445e-02 1.660789411097217227e+00
7.193502663513881568e-02 1.640964672807653013e+00
7.193667041364174008e-02 1.620786085382227792e+00
7.193827245814579663e-02 1.600312008386387985e+00
7.193983413916510417e-02 1.579596487144284911e+00
7.194135677237591120e-02 1.558689486095010235e+00
7.194284162119267412e-02 1.537637116933162629e+00
7.194428989920573225e-02 1.516481860131318138e+00
7.194570277248855950e-02 1.495262779735054393e+00
7.194708136178307178e-02 1.474015729816070319e+00
7.194842674456949916e-02 1.452773553211989199e+00
7.194973995702813596e-02 1.431566272006901341e+00
7.195102199589931136e-02 1.410421269200025751e+00
7.195227382024743656e-02 1.389363461969861158e+00
