2.793852983831822598e+02
1.545024647533720668e+02
2.402620027448342626e+02
2.285765184010352584e+02
1.729321736502295153e+02
2.813420429514321199e+02
1.121084707234440714e+02
2.970961855803629419e+02
1.334425356292462084e+02
2.715593368110278334e+02
2.100594149694991017e+02
2.106384696708641684e+02
2.768325720290351342e+02
1.370765950402634985e+02
3.098186856593765697e+02
1.189668265247252634e+02
3.000114495871058580e+02
1.878128450677204171e+02
2.493342524499989850e+02
2.663921293112284161e+02
1.728230314940613255e+02
3.167421528316609169e+02
1.191251357544744565e+02
3.245980570841529698e+02
1.641856357900575176e+02
2.875038306304867888e+02
2.501737902498526296e+02
2.146674329065334348e+02
3.174087078204600516e+02
1.386085753999335282e+02
3.443975013556832891e+02
1.437653429318302756e+02
3.237169821987470186e+02
2.287688348361543547e+02
2.598620217386294371e+02
3.116124330144948544e+02
1.741400739364624997e+02
3.586144572614623485e+02
1.347659625126239575e+02
3.569357620976073804e+02
2.040895841745608266e+02
3.061685621795787142e+02
2.990840242652603251e+02
2.203021926071856171e+02
3.664495606904945930e+02
1.459078414749970420e+02
3.860678319501439546e+02
1.794747675522410475e+02
3.522743125258209602e+02
2.802858779019691724e+02
2.729054817381012299e+02
3.674231013573759697e+02
1.790153485186795024e+02
4.101192442585680737e+02
1.622760494856914022e+02
3.968289371309607532e+02
2.562179041215842972e+02
3.295956893394744611e+02
3.611146908443617463e+02
2.289566067322626282e+02
4.282096162819444771e+02
1.633247491396182625e+02
4.387098799790916246e+02
2.296502010353149501e+02
3.885862817846309554e+02
3.472868650127734895e+02
2.906733859648780367e+02
4.394982923714534309e+02
1.910825752891702223e+02
4.769352259285128071e+02
2.062351421588769256e+02
4.489068232622280448e+02
3.266562926370457944e+02
3.608437773900838010e+02
4.428703891604341152e+02
2.444955692985023177e+02
5.109118066810896153e+02
1.971843073665868928e+02
5.099536052074928989e+02
3.010716062560960040e+02
4.389089867019362714e+02
4.396319895617101565e+02
3.180021546397102270e+02
5.395416323917559112e+02
2.170555114918412301e+02
5.705623850926871228e+02
2.751004135404084536e+02
5.231887988198180892e+02
4.281638009328656835e+02
4.081176603310592554e+02
5.618949772282849153e+02
2.732669841168520861e+02
6.308189795022616408e+02
2.588030783047863110e+02
6.148995669420061176e+02
4.096610733309910302e+02
5.156672625877247356e+02
5.788067902705261076e+02
3.641898569034839852e+02
6.927140609540145988e+02
2.715806174917835847e+02
7.145176472720763741e+02
3.884594183288095337e+02
6.415160011137216998e+02
5.890640571953854305e+02
4.873212207770808959e+02
7.534924058729239960e+02
3.314276010594693958e+02
8.282949115443541359e+02
3.742935556598892504e+02
7.938045889090726632e+02
5.972613065099901632e+02
6.507954534286582202e+02
8.213892514921599286e+02
4.546343427214878261e+02
9.618834931170301843e+02
3.890738054955508574e+02
9.823406849655698352e+02
6.049291355745248211e+02
8.684170548840626225e+02
8.998677443765698172e+02
6.505395672291003848e+02
1.131573428799459634e+03
4.722055742520391846e+02
1.233938911136827301e+03
6.270897742157256971e+02
1.177139401386543568e+03
1.006693187049024573e+03
9.546945153699751927e+02
1.370116340117283926e+03
6.788547982301624870e+02
1.606353047204677978e+03
7.045274912465019952e+02
1.660245391452745025e+03
1.175798262609101357e+03
1.486199264591391056e+03
1.770693708256627360e+03
1.133208778404712120e+03
2.278606986555148978e+03
9.637335620747644498e+02
2.617416750699962904e+03
1.566343674878404954e+03
2.646041553298209692e+03
2.674640078834032465e+03
2.358211284188826085e+03
4.079649778219776636e+03
2.019111933464405865e+03
5.752448503284216713e+03
3.146331171785231163e+03
7.874294637620983849e+03
8.043262889901394374e+03
1.289328415745582060e+04
3.484499319925932650e+04
4.132071919366506336e+04
2.547269900297433560e+04
5.764997830306173455e+03
9.537511025411664377e+03
4.456197566832843222e+03
4.852205384084259094e+03
4.139049380847184693e+03
2.483046384341046632e+03
3.701564664309441923e+03
1.335877846433910463e+03
3.001477671617117721e+03
1.349616324054313964e+03
2.215502852775019619e+03
1.696307721332792880e+03
1.431553777204247353e+03
1.841895962558431393e+03
8.234697432365373970e+02
1.741596134697962498e+03
6.932411001625188192e+02
1.458051100880627473e+03
9.298763893041553956e+02
1.061848275885382918e+03
1.134525511685418678e+03
6.596797680513034265e+02
1.179595117483046124e+03
4.483322140283807471e+02
1.072033986538595400e+03
5.653703747860820386e+02
8.520277266000808822e+02
7.475730623298210276e+02
5.824369174549274248e+02
8.459981453585020290e+02
3.612475399967469798e+02
8.303417361022036403e+02
3.631472864609644944e+02
7.110338668463552949e+02
5.082793588429415763e+02
5.263062067676355582e+02
6.226959261088462654e+02
3.322640209107538567e+02
6.537401262004509590e+02
2.562006302157856226e+02
5.977051690272096494e+02
3.480289056639718410e+02
4.769216032500820575e+02
4.584893068940296530e+02
3.238646612280048771e+02
5.163643649592187330e+02
2.118348147840989952e+02
5.036080489048994195e+02
2.402267271423636146e+02
4.297846713786582882e+02
3.372088281240322658e+02
3.112104905764147702e+02
4.015678558738060246e+02
2.025692123118362531e+02
4.183911880517064787e+02
1.709916368847780745e+02
3.791127716250911703e+02
2.385571087125067038e+02
2.987463193105855908e+02
3.097084957167039079e+02
2.011090802026691335e+02
3.423926292182316615e+02
1.392186787686700313e+02
3.293868591111425417e+02
1.677969301435618661e+02
2.773303372995497398e+02
2.312090551427388050e+02
1.994634792616479331e+02
2.716893109078887960e+02
1.296825261373997193e+02
2.782140357311292291e+02
1.177195436976006135e+02
2.495115704947755830e+02
1.648640358681927580e+02
1.959673437961554043e+02
2.097726281510817330e+02
1.305945820525593035e+02
2.296335212611946588e+02
9.234488964439610470e+01
2.177262038046874864e+02
1.134210956095562182e+02
1.827698297221842552e+02
1.529341647047251342e+02
1.312895262546271056e+02
1.801777378551242066e+02
8.410783172665907159e+01
1.823233982606666075e+02
7.584099806410479516e+01
1.645511138649541181e+02
1.042241721982526883e+02
1.281977397936539091e+02
1.336550323019619384e+02
8.554172644517139190e+01
1.469771188695778505e+02
5.709856542849163219e+01
1.385725664130786470e+02
6.662790548060007723e+01
1.188842324910492749e+02
8.991965578692855843e+01
8.932002222008712522e+01
1.074410550549922903e+02
5.617069347316628836e+01
1.111815279070677178e+02
4.110457045367932949e+01
1.082018571624451511e+02
5.516185046000708070e+01
8.612740285042518451e+01
7.319601162236658354e+01
6.345689292548831872e+01
8.167920498348578917e+01
4.231478570044753695e+01
8.651650943251782166e+01
2.738928952490826418e+01
8.028658811150233987e+01
3.885485306583991871e+01
6.823598343705748448e+01
5.363897128171825557e+01
4.997534239307299231e+01
6.198051880810009351e+01
3.504539201714605667e+01
7.005954209638969132e+01
2.030180157606714531e+01
6.545624134479015765e+01
2.332435882632527679e+01
5.847368640518109117e+01
3.650771461109064120e+01
4.942082363688805913e+01
5.167462169432980801e+01
3.067698930361965637e+01
5.610446471169202454e+01
1.902490014057414314e+01
6.076040620152538452e+01
1.127387966021916554e+01
6.219474496949790421e+01
2.711559745707143065e+01
5.326509994284633365e+01
4.310486430949395498e+01
4.109105480823608758e+01
5.922710721455825222e+01
2.061909073305304574e+01
6.721901602843122703e+01
3.340119941464598341e+00
6.556467352954584271e+01
2.355682896726068876e+01
5.893565556381982873e+01
4.164977887383557942e+01
4.993613208931530778e+01
6.284567892553148738e+01
2.837604045004781028e+01
7.394850747803299384e+01
4.618226554696764019e+00
7.654221873097708340e+01
2.040362805221888465e+01
7.751823698700437149e+01
5.013397883986025505e+01
6.321419507001471061e+01
7.711727686709078000e+01
3.638579892333734733e+01
9.074614571728929491e+01
1.116270347086236825e+01
9.958334228783145647e+01
3.110561985784007533e+01
9.289557358781921437e+01
6.528048646993715920e+01
7.564590136997112779e+01
9.803387117450343169e+01
4.196518023469172221e+01
1.180247534996854455e+02
6.836724374633109669e+00
1.246838832864293920e+02
4.823156923318519063e+01
1.131305686836518589e+02
9.304283935640212633e+01
8.425619069215061074e+01
1.309380754902308013e+02
3.826974756822403378e+01
1.522696277728783230e+02
1.682751088279325202e+01
1.568734936290223061e+02
8.112925809279639111e+01
1.326544395731468171e+02
1.367306244615523667e+02
8.783175336531721200e+01
1.804068349760730996e+02
2.193080696950618247e+01
1.977243306131791201e+02
5.745421166671917490e+01
1.879957089323309276e+02
1.360652981787331157e+02
1.443717388106605881e+02
1.995201666391834010e+02
7.605000436815863907e+01
2.409322238236138958e+02
3.170549266707035940e+01
2.483644730530825200e+02
1.247355011560008506e+02
2.138652445716929549e+02
2.166063252138927169e+02
1.403935816815047986e+02
2.827972879604751597e+02
5.150370054888285409e+01
3.099193489911186248e+02
1.044733879212401035e+02
2.906055247499924690e+02
2.210285193735578844e+02
2.225344834690942832e+02
3.199597267430173702e+02
1.160875956790463590e+02
3.782186543534946850e+02
8.400351792906691628e+01
3.804747680953556710e+02
2.173480700908941685e+02
3.211306430750511822e+02
3.509373185723634379e+02
2.085261783718875677e+02
4.492402360737552272e+02
9.341869573853277586e+01
4.840475267319463342e+02
1.989814416875402401e+02
4.476980454361327588e+02
3.787788712529136887e+02
3.307005928717812822e+02
5.266477651050856821e+02
1.721533548822851003e+02
6.087748761786730256e+02
1.794230641000921196e+02
6.040554494061638025e+02
3.960097455369833597e+02
4.994274809197058858e+02
6.108040055010983451e+02
3.146247730886405520e+02
7.632718473255024492e+02
1.820513289581208767e+02
8.168723263046581451e+02
4.050639249974525455e+02
7.395909447411687552e+02
7.124090030750503502e+02
5.397898132973798511e+02
9.753300691524650574e+02
2.881667526752366939e+02
1.121772324704889115e+03
4.164396900172120013e+02
1.109315726417318274e+03
8.464209458050557942e+02
9.213243187220036816e+02
1.293152522540616701e+03
5.707231147790070054e+02
1.632981949158928501e+03
4.714758184770702201e+02
1.787561744910837206e+03
1.070206643009488516e+03
1.695731636848748167e+03
1.917690290019121448e+03
1.288405297460447173e+03
2.779013057175699487e+03
8.157297270740816657e+02
3.567102686350549448e+03
1.713854708436249894e+03
4.169376062241180080e+03
4.102047051384914084e+03
4.383001828151661357e+03
8.722355897263134466e+03
4.702265988242726053e+03
2.627279253011883338e+04
4.040402805161573633e+04
3.203012281686106508e+04
9.708576087655170340e+03
7.829223137236510411e+03
6.801856139446687848e+03
2.817759103065208819e+03
5.220395108078616431e+03
1.193459855025487968e+03
3.899755683098266218e+03
1.716366832216347120e+03
2.629670900894047008e+03
2.214652286432061828e+03
1.495504659398648528e+03
2.345925055647447607e+03
6.939372972348127178e+02
2.161557398883803671e+03
7.564237797424639211e+02
1.729636062688248558e+03
1.194000665672984724e+03
1.172090599256732276e+03
1.464118794223625628e+03
6.186985043785474545e+02
1.506544917549262209e+03
4.284158053272561233e+02
1.333846186431636625e+03
7.344091129650253151e+02
1.004022698066258840e+03
1.010309142608550815e+03
6.116539498526077523e+02
1.138099784856831320e+03
3.233251205017207326e+02
1.089482668381122949e+03
4.632299355673630998e+02
8.985437187490173301e+02
7.263994163098999479e+02
6.125118196574680951e+02
8.908389739324759375e+02
3.252714567833392607e+02
9.168264670298598276e+02
3.052286699648091144e+02
8.133476821538896502e+02
5.242798048068940489e+02
6.103544099935810436e+02
7.045762973125550843e+02
3.604098979727218079e+02
7.795463623553471280e+02
2.260684811171723823e+02
7.397226019093164950e+02
3.733861957920220789e+02
5.993533408885498375e+02
5.546320223480643108e+02
3.983344642238496363e+02
6.645587577814832230e+02
2.128029059356457253e+02
6.706601066410329395e+02
2.626821520054259622e+02
5.825323773790566975e+02
4.329738736243179460e+02
4.221235897978394291e+02
5.584502717113670087e+02
2.410887823112545050e+02
6.027014067256400267e+02
1.890635891058023788e+02
5.591158831881847391e+02
3.284249034960529912e+02
4.401748258462404237e+02
4.649787857941220750e+02
2.772021201678256261e+02
5.365670094417293967e+02
1.613393725424821525e+02
5.294063470926482751e+02
2.428201014792549017e+02
4.470693281751478025e+02
3.788609490137843068e+02
3.115475704511314348e+02
4.709037581412216014e+02
1.733643497126237207e+02
4.940796793940259022e+02
1.761415512106565302e+02
4.463347557609907881e+02
3.017679087112132379e+02
3.380626229911877658e+02
4.065215886696066150e+02
2.037592675893799026e+02
4.545379871666682448e+02
1.381646797584482442e+02
4.356285717453927191e+02
2.316939602715061710e+02
3.565487908550831548e+02
3.433666212704156919e+02
2.373642402905310291e+02
4.110867327715413353e+02
1.335784913387685435e+02
4.187102028847950805e+02
1.731509315690203721e+02
3.662417791911172458e+02
2.826061546691789772e+02
2.669884770615167895e+02
3.650583352464017253e+02
1.541172993657464474e+02
3.951066943999443311e+02
1.306065242569621319e+02
3.678521861149415031e+02
2.253894910761882500e+02
2.902283152418768850e+02
3.172524976861125765e+02
1.837323526794400266e+02
3.661510577519701428e+02
1.125058125810881648e+02
3.618626644559205374e+02
1.736863755338861495e+02
3.061837761840854455e+02
2.686902063644746477e+02
2.133709751420880707e+02
3.329185368033533905e+02
1.205774414299170445e+02
3.490854126191138675e+02
1.310711562318473682e+02
3.148463543200483628e+02
2.209410897868159793e+02
2.386561663576374031e+02
2.961612967691633003e+02
1.440136762083488406e+02
3.303426780389723945e+02
1.039967926131902800e+02
3.164083519825820190e+02
1.754877611005329641e+02
2.582807551626596592e+02
2.571988785779645923e+02
1.714209945929697483e+02
3.064871580153374566e+02
9.941910821340317739e+01
3.113240228829318994e+02
1.349239323932748391e+02
2.715819642570818928e+02
2.171636153875792274e+02
1.970534852471091654e+02
2.782926018516878912e+02
1.143514301489757514e+02
3.002572172950495997e+02
1.036453170954980578e+02
2.784661155981641514e+02
1.774593111512592145e+02
2.187189625642310773e+02
2.470983434978740547e+02
1.378632573651330802e+02
2.835869695279540679e+02
8.842530377405527986e+01
2.790917479869698923e+02
1.398906573975247909e+02
2.350702454270977739e+02
2.135470174397294443e+02
1.626916401990592078e+02
2.624656697359978352e+02
9.312523048908151679e+01
2.738701492381742355e+02
1.075767929599064274e+02
2.459008767694889457e+02
1.793027407564507598e+02
1.849710665417144639e+02
2.373764732686458672e+02
1.112756615241392382e+02
2.631999832588462027e+02
8.551693268843813200e+01
2.507502256210075302e+02
1.448802358085370088e+02
2.033598832000151617e+02
2.095702994291426648e+02
1.338521365106755638e+02
2.477656619661606499e+02
7.987427769125908128e+01
2.501787878593090113e+02
1.134150966239307934e+02
2.168439548645075092e+02
1.797411147932719189e+02
1.560788621318960168e+02
2.281649961578423245e+02
9.054979344814272224e+01
2.443968978569275237e+02
8.790350088449288535e+01
2.252536125678512917e+02
1.492471886973381743e+02
1.754965831343556601e+02
2.052093253202101266e+02
1.097175412367463139e+02
2.337683877634021314e+02
7.394901994515403487e+01
2.285004874305816145e+02
1.195782812137666156e+02
1.909705147302317414e+02
1.797184723036527885e+02
1.309023166785027286e+02
2.188736330701449617e+02
7.586971476166158368e+01
2.267378951415080621e+02
9.308968504813536526e+01
2.019999725243481521e+02
1.527056458746261001e+02
1.506937381753412524e+02
2.003193309985992983e+02
8.996622764370536629e+01
2.202628448369966918e+02
7.382083039403475766e+01
2.083160621818294089e+02
1.253646882887121876e+02
1.675098663707980791e+02
1.788125799656416177e+02
1.090609671485682526e+02
2.094753031854492065e+02
6.718318474340671287e+01
2.099464527181880555e+02
9.939677537168873300e+01
1.805123228690088411e+02
1.551778265495202618e+02
1.285190195444403969e+02
1.948562200420059582e+02
7.458370219515398958e+01
2.070420493029547799e+02
7.751022054220817381e+01
1.893365970442205253e+02
1.304171682402077579e+02
1.460593642913868848e+02
1.770136459931929096e+02
9.037768983658720856e+01
1.998647333558984656e+02
6.422399215901641867e+01
1.938250097410295325e+02
1.057722437345122160e+02
1.605408409843402637e+02
1.566341585847223428e+02
1.087231052559633753e+02
1.888157816783063936e+02
6.392699224314279860e+01
1.940054933990890049e+02
8.316183744215010165e+01
1.713567604284697552e+02
1.345293468115971507e+02
1.264189279389658225e+02
1.743491503595450069e+02
7.492392394120152233e+01
1.900334531346203732e+02
6.575398819874139633e+01
1.782450165713989918e+02
1.116907683311580257e+02
1.418709256497866704e+02
1.570642947596667227e+02
9.121738129904940706e+01
1.821950709377076691e+02
5.827136323464270617e+01
1.810904505332250096e+02
8.950226383704142563e+01
1.542513678108958572e+02
1.376196913529670667e+02
1.084620933135664842e+02
1.708589072235117499e+02
6.304697796215090477e+01
1.799604398102325717e+02
7.013929662870860682e+01
1.631237261848647506e+02
1.168346194478571078e+02
1.244175107036582375e+02
1.564974470458724625e+02
7.610511872622544161e+01
1.750313365132874424e+02
5.729978635265301534e+01
1.682721588646139423e+02
9.575210179655725540e+01
1.379524785248196110e+02
1.396761055840787833e+02
9.217670797450071518e+01
1.665831327341826125e+02
5.522161044230079341e+01
1.696568853146540050e+02
7.591842480550890571e+01
1.484404136011282276e+02
1.210621614930014687e+02
1.081452638947663587e+02
1.549898756294838051e+02
6.364721480960606215e+01
1.673594897963826043e+02
5.990084002867331492e+01
1.555534544048691998e+02
1.014913234191991052e+02
1.224278338634151737e+02
1.407140284211528467e+02
7.764393418745480346e+01
1.615731431571807946e+02
5.173331337836486910e+01
1.591492375561101085e+02
8.210103580093363007e+01
1.341827691011656611e+02
1.243160719155742271e+02
9.306473967781805356e+01
1.525834278919475651e+02
5.431711999131991320e+01
1.592222715908515340e+02
6.465945842541242428e+01
1.429471394242948179e+02
1.064815303130921080e+02
1.076895574611811384e+02
1.407655130876461556e+02
6.507988552603583798e+01
1.558802901969873744e+02
5.218769652351474519e+01
1.484755881516323370e+02
8.808605526338263303e+01
1.203744828949026555e+02
1.265869361435423741e+02
7.925946253295447264e+01
1.493292473084518974e+02
4.864828551775069343e+01
1.506743569799542115e+02
7.039240348838589512e+01
1.304911334210281098e+02
1.106125473196063496e+02
9.378225576209449343e+01
1.398694460506611108e+02
5.486612307720842097e+01
1.495679555246070720e+02
5.548809616759025687e+01
1.376814049882901827e+02
9.353945687987361168e+01
1.070515486134318479e+02
1.278752975111868722e+02
6.690569013693036027e+01
1.453000896420263075e+02
4.681508779013294941e+01
1.417677136076918316e+02
7.632415080441998612e+01
1.182299919233364704e+02
1.138226510695108971e+02
8.077923626378525057e+01
1.380789483533056057e+02
4.753981068701995127e+01
1.427064241830442199e+02
6.041742693168585276e+01
1.268285994925160338e+02
9.828594298016213315e+01
9.426408156981257491e+01
1.282135107605859616e+02
5.630319499267837813e+01
1.405551532290054979e+02
4.829583078775843319e+01
1.325806219593624746e+02
8.200879246754577423e+01
1.062021262240385653e+02
1.160868569270326276e+02
6.886256183580564993e+01
1.354824966305624798e+02
4.352403871110397660e+01
1.353861417316596771e+02
6.608598676938328254e+01
1.158977101507237109e+02
1.022220343127557385e+02
8.209797108746037964e+01
1.276147350045760476e+02
4.788531894238722941e+01
1.351481958940069035e+02
5.208580797434778731e+01
1.231290017433492920e+02
8.713737275809413063e+01
9.450031824886144705e+01
1.174430211553087560e+02
5.818568394031894542e+01
1.320447332287814675e+02
4.305349137154489370e+01
1.275597592118268153e+02
7.168783709874544741e+01
1.051477660313997831e+02
1.052628749180876468e+02
7.071285711220170356e+01
1.262149427849218881e+02
4.217703496801661345e+01
1.291473628076382738e+02
5.706660345623075870e+01
1.135540331282541331e+02
9.157997336888961115e+01
8.320119126434435941e+01
1.179065255474116327e+02
4.914263863188244130e+01
1.279159459668556167e+02
4.531514117662023722e+01
1.194345058711139842e+02
7.703012453908020518e+01
9.447000906640184326e+01
1.074496124272203730e+02
6.023974603221208923e+01
1.239663512321358638e+02
3.963237911306120509e+01
1.226411829618609488e+02
6.248902530755089657e+01
1.038760162055500160e+02
9.524969968315934921e+01
7.241888838173190379e+01
1.175045884153537230e+02
4.219209704453778187e+01
1.231383675209550006e+02
4.938494701285955557e+01
1.110159462737900498e+02
8.182580544875830242e+01
8.402445379281464000e+01
1.087728337529509020e+02
5.094519097880349534e+01
1.209714174889800233e+02
4.013489603461678001e+01
1.156839876194915178e+02
6.785615261098159579e+01
9.418178601968604369e+01
9.811879818522464802e+01
6.227997840451975264e+01
1.162721864641302147e+02
3.788872697034754822e+01
1.177715331431632677e+02
5.434359676049118804e+01
1.023868710104291466e+02
8.596564771243450309e+01
7.388984393081288715e+01
1.092430470528448012e+02
4.321391494008565815e+01
1.172716421340819721e+02
4.297659839110017543e+01
1.083413663283982658e+02
7.285164695725768524e+01
8.457303052731700177e+01
1.001628801006075662e+02
5.299387931698802134e+01
1.142759087021690192e+02
3.653307992954929517e+01
1.118814092028451057e+02
5.955329018041671674e+01
9.363263882629433965e+01
8.937940866355894798e+01
6.419154502842049226e+01
1.089017841296815305e+02
3.754933327116047792e+01
1.129412071936291824e+02
4.721009331182668234e+01
1.007035734064252495e+02
7.734096896142928301e+01
7.509780563170598100e+01
1.013886095357811570e+02
4.485427427687969271e+01
1.115413452680673601e+02
3.786290368999974731e+01
1.055425472872964860e+02
6.462877804942982607e+01
8.481205114601360151e+01
9.202319086426894046e+01
5.509638949903526850e+01
1.077745177816653666e+02
3.445385699117081657e+01
1.080322617590532701e+02
5.208470109929650960e+01
9.282110772027110102e+01
8.117089259171682158e+01
6.591158897937479821e+01
1.018194400597568290e+02
3.826189379558139336e+01
1.081397379416765290e+02
4.111238292424680196e+01
9.881971181709877783e+01
6.931068019149945769e+01
7.603626842642941597e+01
9.389637243843247916e+01
4.681710239967006260e+01
1.059152014686657566e+02
3.410421617345912182e+01
1.026158065319388584e+02
5.707197901740549639e+01
8.479414186010592402e+01
8.431675041372615453e+01
5.711811273088545704e+01
1.014741643553155086e+02
3.372780014139221549e+01
1.041334643389902652e+02
4.543504329519532803e+01
9.178010910318835158e+01
7.346625449886168724e+01
6.738915593548476579e+01
9.499938781709073510e+01
3.966655422047536206e+01
1.033723505081186715e+02
3.609032719766497621e+01
9.674874474621216791e+01
6.185041990426913117e+01
7.669434981090455494e+01
8.673840280487014809e+01
4.889453530044373508e+01
1.003984826191272077e+02
3.170562981114294487e+01
9.956752653258249097e+01
5.018299097971397060e+01
8.450698328089195854e+01
7.701243412453943904e+01
5.897641039300741284e+01
9.534923155583462062e+01
3.408941215016918136e+01
1.001834886229724901e+02
3.962313950335995827e+01
9.050996718330755186e+01
6.622862553388409879e+01
6.860444377060787247e+01
8.842607097127982740e+01
4.148445250906171111e+01
9.862244475150896506e+01
3.220782240677512220e+01
9.450939700144199662e+01
5.493596788219840477e+01
7.707225959106332880e+01
7.989206166308701995e+01
5.094787004489628401e+01
9.497199516505432371e+01
3.059304792542824458e+01
9.640815523150149602e+01
4.395578619771146833e+01
8.396553366499524884e+01
7.007964876400278342e+01
6.063215358604837490e+01
8.939104870464004193e+01
3.522563532506048745e+01
9.619127547354062813e+01
3.469978676160010167e+01
8.902522644436724875e+01
5.942838132866577183e+01
6.955783123676934565e+01
8.208678206201538785e+01
4.348631015464302862e+01
9.389756378907230783e+01
2.952086090280586461e+01
9.211340787654788187e+01
4.855373646057940817e+01
7.718149044797979741e+01
7.334035141818931436e+01
5.288973129218888403e+01
8.964130624129565206e+01
3.057536428935089745e+01
9.315847758874275542e+01
3.841733302342056788e+01
8.317720443167441147e+01
6.351007288519018346e+01
6.205288229874102512e+01
8.358819666291954320e+01
3.684728732285768160e+01
9.216928086756892924e+01
3.072901454690840239e+01
8.734525850978251071e+01
5.307506433356197562e+01
7.023572273699983270e+01
7.597083454751786746e+01
4.551896035296726950e+01
8.920033553709971841e+01
2.802981954982190516e+01
8.956764388674316990e+01
4.271298752631015816e+01
7.702927962317518507e+01
6.707677749134712997e+01
5.465228831974940249e+01
8.439865944499305783e+01
3.140132693524050467e+01
8.981365275746368582e+01
3.360836209590570434e+01
8.215871409605620102e+01
5.729026538733862850e+01
6.322238994307355142e+01
7.793919749146455445e+01
3.872914869234654134e+01
8.811127534301495245e+01
2.780498021014459198e+01
8.546879728129673026e+01
4.713693443128346416e+01
7.066381228268438974e+01
7.006503136462771408e+01
4.748601343168336797e+01
8.454397190058760714e+01
2.762580956183078129e+01
8.688470973574283107e+01
3.742825295097668459e+01
7.663686889120812396e+01
6.109032414579893100e+01
5.620662133526184334e+01
7.925557795698212260e+01
