1.303904832127542193e+02
9.260123902845114685e+01
1.567560104645253887e+02
6.222958157671266122e+01
1.622855201868744075e+02
7.804884722771046768e+01
1.455372300185893835e+02
1.188401338257138633e+02
1.108878736002222354e+02
1.522801460997939103e+02
7.265305527252300521e+01
1.666575669407554301e+02
6.841763574699831452e+01
1.582193029526157773e+02
1.056020889038109090e+02
1.290169299309423536e+02
1.446756433729537434e+02
8.868152343190263309e+01
1.676721847707719917e+02
6.559312903699611752e+01
1.681875330461053295e+02
9.192675934173347230e+01
1.460011103952719509e+02
1.342543337356788413e+02
1.074346630864977215e+02
1.652771119670922246e+02
7.180986548309043371e+01
1.750659868179787395e+02
7.994022769079523982e+01
1.610606310113585664e+02
1.216367835039974210e+02
1.269577640526761115e+02
1.595124651869707293e+02
8.572156987985280807e+01
1.785523073452958442e+02
7.290913132111957395e+01
1.736247937700643149e+02
1.077884811241104757e+02
1.459219159035435496e+02
1.506020943021966616e+02
1.042224883592522673e+02
1.785070980986841676e+02
7.427457545193693988e+01
1.832250750443082552e+02
9.441317142628001591e+01
1.634170002353314715e+02
1.390118473517117934e+02
1.246929501559285853e+02
1.748832044558709242e+02
8.474663138740783097e+01
1.894588211416398451e+02
8.421640148891221145e+01
1.787282185962260712e+02
1.255945948315148257e+02
1.455310150696483902e+02
1.678972713871840767e+02
1.018889620043138819e+02
1.920861820950220533e+02
8.087647593250203215e+01
1.911742975817980152e+02
1.116066243873809753e+02
1.654196540866911675e+02
1.577470529209871017e+02
1.228533276386352497e+02
1.910613505896841673e+02
8.699202855090339881e+01
2.005175605579390208e+02
9.944273449756350658e+01
1.836383018237540057e+02
1.453700361470745861e+02
1.452034926521456555e+02
1.863452692636134600e+02
1.016440666685198835e+02
2.062051270749165326e+02
9.236283350513052426e+01
1.992836880389244527e+02
1.315790039714573254e+02
1.675507092819111108e+02
1.782984055811576525e+02
1.221278676860531220e+02
2.081177107515923979e+02
9.375460520833605926e+01
2.119686410966695291e+02
1.184571479758552215e+02
1.886668618805473159e+02
1.673545708444527236e+02
1.457246708717954675e+02
2.063123156320756380e+02
1.048957462803060849e+02
2.211621144830906474e+02
1.087947548193193228e+02
2.078883363860712450e+02
1.546083673408908510e+02
1.702998543524857951e+02
2.008619229859421011e+02
1.239901403060950571e+02
2.267553259241130377e+02
1.064056342744841714e+02
2.243931238019578984e+02
1.416193986848159341e+02
1.946008636805960350e+02
1.923238896157982651e+02
1.481340085511743894e+02
2.283848975130563872e+02
1.135862350111052876e+02
2.376614965603960172e+02
1.308905875289797507e+02
2.175739786759925209e+02
1.812993216793824445e+02
1.749144027782245132e+02
2.263903571719741592e+02
1.304624999688972196e+02
2.473752079604596190e+02
1.256028732641575090e+02
2.385852672552230160e+02
1.696153255091257961e+02
2.027064117591368415e+02
2.209945533620663412e+02
1.541623813458054713e+02
2.535227183425446640e+02
1.294702526337387383e+02
2.566722286696594324e+02
1.591440606959640434e+02
2.299983808439620816e+02
2.131771560832098373e+02
1.831534543399307893e+02
2.562510337012377590e+02
1.435705527319615555e+02
2.716440023421185401e+02
1.533152688083737019e+02
2.557884218908518790e+02
2.041816627147350687e+02
2.143858617325727778e+02
2.550003768628190812e+02
1.675937167340717622e+02
2.836382261772345714e+02
1.553750634185317665e+02
2.799123255288562291e+02
1.956559606435191085e+02
2.468263147733980247e+02
2.517803459023962773e+02
1.983750607504378820e+02
2.923103602076184870e+02
1.680846714339534458e+02
3.018735221220742346e+02
1.916267080281515689e+02
2.795573664148694206e+02
2.477297573897112386e+02
2.340987075134378870e+02
2.980215325431425981e+02
1.933034056312937992e+02
3.223786214547199620e+02
1.959760100223053314e+02
3.126788702635373056e+02
2.455055659244835624e+02
2.744370582166878876e+02
3.037003586911997672e+02
2.281435243472316472e+02
3.407354714311063049e+02
2.128843604924448982e+02
3.455506468565682781e+02
2.491918381259227147e+02
3.181656006624853035e+02
3.099031719178311164e+02
2.736089260412268231e+02
3.596213167308656580e+02
2.443382371140060911e+02
3.799548022000390120e+02
2.632259325272259503e+02
3.657002225201891292e+02
3.219711872406813882e+02
3.277104467685296640e+02
3.816117751509902973e+02
2.929783228357055123e+02
4.178448764898739682e+02
2.960224152575318044e+02
4.198869540063261638e+02
3.454934060336261155e+02
3.936007464289592122e+02
4.125173230093975008e+02
3.604562278229795425e+02
4.646997588870927984e+02
3.528718271980856684e+02
4.859394188316494478e+02
3.940148500248710093e+02
4.770757190203606228e+02
4.647810306942002967e+02
4.547537395160322831e+02
5.324845895626215224e+02
4.485736639347161940e+02
5.775867598926039364e+02
4.884149952855138963e+02
5.954299856722496997e+02
5.666610586054812302e+02
5.958957399961551573e+02
6.516377696524209568e+02
6.173680609101103300e+02
7.295506384183330510e+02
6.731855274022260573e+02
7.888321088851567993e+02
7.794134575733960446e+02
8.482441862989782067e+02
9.081395890112580673e+02
9.449600942360372073e+02
1.062610130792509153e+03
1.121187800341593174e+03
1.247430836007782545e+03
1.396448135030348340e+03
1.534258956273389003e+03
1.806984877179981595e+03
2.085540929144748134e+03
2.500154561637611096e+03
3.376098248204949869e+03
4.195616101147325935e+03
7.381132883691697316e+03
1.040403744270179050e+04
9.269217137373547303e+03
5.114467625632499221e+03
3.404227632403489679e+03
2.768166708979185387e+03
1.798025611194343355e+03
1.925735863033454280e+03
1.198019737766872822e+03
1.384115333423814036e+03
9.848159350406061776e+02
9.707287110270804078e+02
9.160188539730378352e+02
6.562379555288277970e+02
8.454573084763153474e+02
4.667441261128506653e+02
7.317393188400405961e+02
4.323380273524738300e+02
5.759028773453235317e+02
4.819322165469306469e+02
3.984157639018491750e+02
5.211583402198579051e+02
2.477761862044044676e+02
4.970285560067559913e+02
2.036213182283223375e+02
4.232393814688512634e+02
2.777310038557207008e+02
3.042641306010227140e+02
3.470223301669392413e+02
1.676254296336410050e+02
3.657347877379426109e+02
8.173229881993268009e+01
3.416027856606873456e+02
1.507724114147771104e+02
2.661535395897209355e+02
2.338676255741232239e+02
1.626291309064718860e+02
2.799228186834917551e+02
4.974984358813786400e+01
2.830080246197680367e+02
6.312364786307623632e+01
2.447363826803892550e+02
1.511846944292828994e+02
1.793106246930466625e+02
2.144947934350146568e+02
9.308924515075477757e+01
2.386398012494352940e+02
3.804177135185570791e+01
2.292484373751525197e+02
9.906310160190302838e+01
1.884051773310476392e+02
1.600605687235699577e+02
1.310778757306289037e+02
1.970232349188779040e+02
7.984991016753249937e+01
2.090293680004143937e+02
7.690174849875998575e+01
1.947407941112334413e+02
1.213428989637557720e+02
1.593116709301428102e+02
1.597306154681474482e+02
1.201354125804423347e+02
1.880516745886836816e+02
9.212745692596601543e+01
1.937124246589651761e+02
1.024909058824491126e+02
1.771497991582584461e+02
1.308383375084466138e+02
1.496422460164355073e+02
1.643947881219221188e+02
1.208014684383786630e+02
1.810821923894085614e+02
1.019320565742715416e+02
1.862073805002918050e+02
1.143163870688399015e+02
1.731004331730490264e+02
1.432321731090945889e+02
1.480102506649627401e+02
1.685281236794237145e+02
1.251217528899296241e+02
1.844721186539694315e+02
1.134746194565046409e+02
1.829207154214623188e+02
1.232939085954219252e+02
1.710112842815655938e+02
1.480828001748503198e+02
1.502295076057015137e+02
1.733909441945439198e+02
1.272309996984543119e+02
1.880684306983981173e+02
1.179884898788788234e+02
1.888898689116024059e+02
1.311864931033955770e+02
1.765546216484123647e+02
1.565981274897045807e+02
1.504259315146488234e+02
1.842574609665176695e+02
1.273338369767035942e+02
1.991795309014191275e+02
1.202071321649088418e+02
1.981047444913628510e+02
1.411783040608084718e+02
1.805639712767570018e+02
1.706012549991982041e+02
1.503095064878853009e+02
2.015451976288549076e+02
1.229859967388255484e+02
2.147518245693742642e+02
1.218402414079249354e+02
2.077574260052721797e+02
1.529915139264532797e+02
1.827465741884095110e+02
1.957705513928951291e+02
1.410658541690269203e+02
2.251767583214309809e+02
1.140642119135893608e+02
2.334036260542885373e+02
1.305712779495354141e+02
2.149926013151688835e+02
1.805567573950150688e+02
1.723328334609014689e+02
2.274990753811038360e+02
1.216019894458760433e+02
2.532654784265014314e+02
1.081566803076952397e+02
2.485558422913195784e+02
1.592082822046943988e+02
2.110758802148117752e+02
2.225885228764834380e+02
1.497960279846212188e+02
2.689150978044036719e+02
9.893057244048058863e+01
2.797057125839429546e+02
1.324800197775209938e+02
2.519038694774525027e+02
2.107554899278111407e+02
1.863131527264271767e+02
2.727798561077776185e+02
1.115610464864002580e+02
3.043435194370112526e+02
1.027826924311801946e+02
2.918406589185131566e+02
1.870018139312716414e+02
2.341196012606596071e+02
2.712050090246146397e+02
1.465982701313026837e+02
3.236789328570745283e+02
8.324990718597400985e+01
3.287614681740355422e+02
1.560234113000541072e+02
2.837509019309322866e+02
2.589805319889551356e+02
1.953524495046316929e+02
3.339439204927667788e+02
9.215871765484871503e+01
3.614281567628482890e+02
1.181583408708949889e+02
3.333702695734261283e+02
2.365479086786136236e+02
2.520457486234811597e+02
3.352554222389383654e+02
1.348004507435980770e+02
3.876311186268027882e+02
8.023930886194216328e+01
3.803260631632064701e+02
2.025859433710926112e+02
3.128777985454026975e+02
3.259203628391455254e+02
1.943419977478564817e+02
4.051130709444788636e+02
7.055338129657383206e+01
4.239022924887438535e+02
1.585404218997713883e+02
3.748430763827836358e+02
3.045175950410887822e+02
2.643556504841228048e+02
4.131987445700069657e+02
1.147920321483418320e+02
4.611249017924421310e+02
1.054913902849752532e+02
4.367097910486818932e+02
2.704803717082200478e+02
3.402448458606177724e+02
4.098358625515419362e+02
1.874730843313436992e+02
4.910756830052541204e+02
5.873545413468833942e+01
4.956898569068497409e+02
2.226644560460297271e+02
4.203413787382140185e+02
3.938487284781448352e+02
2.737087991795530115e+02
5.112976931822954612e+02
8.638642031729567350e+01
5.508387038243967027e+02
1.615753933110405853e+02
5.020646912584090273e+02
3.632716680584539972e+02
3.689405583328035618e+02
5.193752062244824401e+02
1.718490635572818235e+02
5.989238445180034205e+02
8.778279588516777210e+01
5.845014360074758315e+02
3.160681345397043174e+02
4.727028835909770237e+02
5.140588699600991731e+02
2.782959620673108816e+02
6.389737219546967708e+02
4.883557431237800728e+01
6.650715108663334831e+02
2.503096966365534399e+02
5.833300487798047698e+02
4.923464004418696049e+02
4.002792725426592142e+02
6.676602702272704164e+02
1.441489883234417562e+02
7.431687350581534020e+02
1.642865768164394638e+02
7.004689547162060990e+02
4.515875342593250252e+02
5.379131913149234379e+02
6.832855484573437934e+02
2.771805961778488836e+02
8.162382417146133093e+02
5.932851770720981932e+01
8.227765227667498493e+02
3.871953153287799978e+02
6.927093186788887351e+02
6.824631396133281669e+02
4.371190410110305606e+02
8.828289736518563586e+02
9.607292058638761034e+01
9.518360673743661664e+02
2.966406222569520423e+02
8.642801476256095157e+02
6.588647701503590497e+02
6.279840508975388502e+02
9.405104023225796936e+02
2.678235953560271128e+02
1.085991155996493944e+03
1.683431896605491147e+02
1.062677761820634032e+03
6.104251561643633295e+02
8.564079355301217902e+02
9.869470248988451431e+02
4.892829274754750486e+02
1.231501542340943388e+03
2.013928928518573613e+01
1.289436808882547439e+03
5.242731766066046930e+02
1.136831219879461969e+03
1.017669701429317229e+03
7.755063039699157343e+02
1.389604272207642907e+03
2.438800612245338186e+02
1.564387318166574232e+03
3.873498479970764947e+02
1.494870210328102758e+03
1.027565973488500049e+03
1.160686938625457969e+03
1.571566247418649937e+03
5.850771636426298983e+02
1.919018315568536536e+03
1.720334949384647132e+02
1.982746179379641262e+03
1.009066259953409030e+03
1.711863429809310674e+03
1.799380932222958791e+03
1.104866443574212326e+03
2.418676793719708712e+03
1.883802642426977911e+02
2.723209399633946759e+03
9.413378648231248462e+02
2.602948008621800454e+03
2.142740408464965185e+03
1.988537927146724769e+03
3.243080250956688815e+03
8.611867271193249280e+02
4.054493538469124360e+03
7.615002358507970257e+02
4.359830307310096032e+03
2.780621853106629260e+03
3.965367311424951822e+03
5.124455585812353092e+03
2.552168448228453144e+03
7.573102470328174604e+03
2.247935439144441716e+02
1.006593064401368247e+04
5.145111022819308346e+03
1.264262667427452288e+04
1.553443286676022944e+04
1.640636945190666302e+04
6.379795676711211854e+04
8.324433664297632640e+04
5.546855193824532762e+04
7.804500437114162196e+03
1.755252768310678584e+04
9.311897747730638002e+03
7.671103866657357685e+03
8.827218790071054173e+03
2.486658382964257726e+03
7.523697138276365877e+03
7.825026807088512442e+02
5.759728086199708741e+03
2.712442029319574431e+03
3.834225067833109279e+03
3.732949587375439023e+03
1.898429046039525474e+03
3.949205841071433952e+03
2.159147918197780314e+02
3.558993225575463384e+03
1.200460909541636966e+03
2.735154728261697073e+03
2.123749607711959470e+03
1.667147532418431183e+03
2.569475057773685876e+03
5.446972187065854314e+02
2.564590108295623850e+03
5.016388029709112288e+02
2.183422842110041984e+03
1.306798723716621225e+03
1.523807968889002041e+03
1.806571743357581681e+03
7.258232861137929604e+02
1.971834130192312614e+03
1.214566489428655558e+02
1.819351655854853334e+03
7.971958722089424327e+02
1.408222493475014062e+03
1.301299177730269093e+03
8.273205290448084952e+02
1.556211754750775299e+03
1.881500063254181612e+02
1.547026526578805488e+03
4.453515830614333026e+02
1.303068722569586043e+03
9.326562483786299254e+02
8.808747846031986910e+02
1.236378151468702526e+03
3.619794763421016341e+02
1.324494121423652587e+03
1.905870057675666089e+02
1.201215760211219958e+03
6.472431320210641843e+02
9.018791130296943948e+02
9.756412573071180532e+02
4.873711785956865583e+02
1.131195513530530206e+03
6.433247735143024215e+01
1.099824973688188265e+03
4.178179846099803285e+02
8.998439496580679133e+02
7.565851122701355962e+02
5.736911109360626142e+02
9.572657474233275252e+02
1.843668156864885077e+02
9.967369483311556451e+02
2.306468742707735089e+02
8.785342126169647372e+02
5.663839732378847884e+02
6.307038167336620518e+02
7.979700339913209746e+02
3.003783402113289753e+02
8.923575370906876287e+02
8.463954755869558255e+01
8.424822753179929578e+02
4.001590395060563878e+02
6.635918270291316503e+02
6.505176296072065725e+02
3.910212417140128878e+02
7.872684451008199176e+02
8.422728584154488374e+01
7.940678250143230343e+02
2.544468348821268933e+02
6.763865861759724112e+02
5.134686369596197437e+02
4.586407522765467775e+02
6.818457495388147436e+02
1.823938080674367654e+02
7.359863396169095040e+02
1.293318760371367091e+02
6.722670870872775595e+02
3.864648587571080611e+02
5.059785296101210861e+02
5.772346712810794997e+02
2.687714913221520874e+02
6.699530882142880728e+02
4.736160480280214813e+01
6.537104659907046198e+02
2.694414683091712277e+02
5.354499660962544567e+02
4.743656100715260777e+02
3.383999738800271757e+02
5.979506388746810899e+02
1.023798703863950692e+02
6.229577350291934863e+02
1.633110882166292583e+02
5.490571655062522041e+02
3.743896364905446603e+02
3.918224842460958257e+02
5.216821413956282640e+02
1.809236571516495644e+02
5.820024141149544903e+02
7.291212316932831072e+01
5.486076841373158004e+02
2.784895204364884194e+02
4.301179060190548853e+02
4.428326853823618308e+02
2.489434437954782311e+02
5.326860557725168519e+02
5.167801933714276430e+01
5.357429871588719834e+02
1.880508045908545967e+02
4.543350571021835549e+02
3.629189695780896159e+02
3.044382208477281324e+02
4.767296844556369138e+02
1.152564658226466037e+02
5.120722466105681860e+02
1.054530223331370991e+02
4.656213840441254206e+02
2.834868977682079958e+02
3.473811933133084722e+02
4.157811308745117458e+02
1.795261913011362935e+02
4.791473291925899503e+02
4.344632766177669225e+01
4.651116250241806256e+02
2.060491172989272002e+02
3.782177202096251563e+02
3.514979697644745329e+02
2.348646099669037142e+02
4.384641978069662400e+02
6.663397952516555733e+01
4.539952327145860522e+02
1.324769170328076200e+02
3.974706936178199044e+02
2.853898177902175348e+02
2.801041120289701212e+02
3.915368817679683957e+02
1.242988800536249272e+02
4.334534095072797300e+02
6.681154907121685937e+01
4.058662577748391982e+02
2.190069434284533543e+02
3.150273837144437721e+02
3.398312136383426605e+02
1.780040169185189143e+02
4.047364716282864947e+02
3.828426990325925772e+01
4.042726821963383372e+02
1.540875073470716075e+02
3.396495728058135910e+02
2.847854996276667521e+02
2.238998878143374327e+02
3.690401342051952156e+02
8.020663277574574579e+01
3.931968783884449863e+02
9.243630560001379592e+01
3.546644894417696605e+02
2.278974810208125632e+02
2.613294925123618668e+02
3.277960039302237760e+02
1.306532133782569929e+02
3.740607811922689052e+02
4.238328839506951340e+01
3.602126751032679408e+02
1.706003745848128688e+02
2.898989752663046602e+02
2.822164101300448351e+02
1.761927082117664440e+02
3.477134521455237177e+02
4.727382352114227615e+01
3.569642416795455233e+02
1.145604776919662413e+02
3.096787024714291192e+02
2.336302026304180970e+02
2.148748170381500984e+02
3.152699031876103390e+02
9.114866951627465141e+01
3.456729105036976648e+02
6.293755916259828354e+01
3.208608375726606141e+02
1.833809440849576617e+02
2.460288424217420982e+02
2.778557303304889388e+02
1.351717649535292196e+02
3.271234217529711827e+02
3.255961964147756760e+01
3.238142073257602647e+02
1.328717616664046659e+02
2.694522876302116856e+02
2.366724250997222896e+02
1.741914595097104268e+02
3.022662459508244410e+02
5.888964271529024330e+01
3.190143259500314912e+02
8.405797993114769895e+01
2.850493738603055931e+02
1.928662653143161663e+02
2.069879601834685730e+02
2.720162392309328538e+02
9.974967373122107972e+01
3.070938956374071722e+02
4.210160219453902641e+01
2.930226206508008886e+02
1.477255196618097841e+02
2.330380163952510486e+02
2.374191958059140291e+02
1.382697666903572156e+02
2.887700319213777220e+02
3.597765586397050441e+01
2.936645183556781831e+02
1.026982454339073882e+02
2.521141752598804544e+02
1.995408696605588545e+02
1.719176303409742559e+02
2.648415211002542833e+02
6.946572605373721387e+01
2.874070168802495004e+02
6.019323181567726522e+01
2.642023197478166026e+02
1.594991348686978938e+02
1.998397849294303228e+02
2.362118321984503098e+02
1.064527251643259262e+02
2.748106204679181701e+02
3.050406615154921752e+01
2.694000559014590408e+02
1.185082176343221789e+02
2.215935338452697465e+02
2.037817538612310670e+02
1.402625728009533930e+02
2.565172455083730370e+02
4.482711810926842588e+01
2.680134075739567265e+02
7.815446749051078257e+01
2.369991594845067198e+02
1.685622451561882542e+02
1.693816722989418793e+02
2.332700686040212190e+02
7.841236199920508909e+01
2.604302334478243210e+02
4.209171539858061806e+01
2.460402546936288388e+02
1.316152422979126584e+02
1.931564380828721710e+02
2.058803072071087001e+02
1.116336276827479708e+02
2.471646718867295647e+02
2.938198907895560552e+01
2.488436097569958179e+02
9.417080003643067698e+01
2.112384239348830306e+02
1.752207212866644568e+02
1.413568984267380984e+02
2.288131926805100136e+02
5.425151789557280324e+01
2.456725876564805162e+02
5.813119899442136784e+01
2.234906305091756167e+02
1.422348002932382087e+02
1.665782656819928604e+02
2.060863975870194338e+02
8.582051548984726708e+01
2.369059984678236219e+02
3.012603817873778667e+01
2.298969392408436079e+02
1.079507048094048116e+02
1.867823159317850070e+02
1.797359369760067693e+02
1.155569930062608961e+02
2.230268127831818958e+02
3.521587072828427978e+01
2.306014852269047708e+02
7.369031866203070535e+01
2.016877880371123695e+02
1.505884273520034924e+02
1.417034315947980190e+02
2.046131331506760773e+02
6.282894057925306441e+01
2.258624055158489057e+02
4.214962952570549248e+01
2.111821829126542127e+02
1.195454903112383391e+02
1.635242549722463252e+02
1.823251968282554571e+02
9.185879022180770903e+01
2.160547138505875466e+02
2.583903220551031765e+01
2.152814386610727979e+02
8.765690149779302942e+01
1.805977802785601796e+02
1.568765024248207283e+02
1.184312407196296846e+02
2.016352830815564516e+02
4.313944050187419776e+01
2.141462965427890026e+02
5.646690726960756734e+01
1.927112513715116791e+02
1.290707108373094343e+02
1.414060601062552962e+02
1.831658145174696131e+02
7.027168260963517810e+01
2.080338562595588030e+02
3.046943958998296864e+01
1.997825009844546571e+02
9.979168821605334472e+01
1.602177262140275502e+02
1.612761455400910791e+02
9.671798776773790962e+01
1.973116195710476006e+02
2.864297408392760147e+01
2.018568181883028387e+02
7.015495010263963138e+01
1.745217603649007287e+02
1.366518092987070645e+02
1.204195979439837032e+02
1.824284664491900401e+02
5.101648169565930857e+01
1.991108979131962826e+02
4.220984045990356037e+01
1.841726732307786278e+02
1.100902243131645690e+02
1.405536692259475444e+02
1.639424373968856798e+02
7.659213690603115765e+01
1.917945750679048729e+02
2.426504058882438386e+01
1.890975872804396261e+02
8.246656905291764872e+01
1.566795739470840090e+02
1.424454269419161676e+02
1.005582090049445299e+02
1.802848399281246543e+02
3.485482366089001971e+01
1.893821170899012998e+02
5.506641789362952011e+01
1.685256876271478177e+02
1.186182846703860889e+02
1.216348234338451135e+02
1.650312448145405995e+02
5.816375643913538340e+01
1.852051595470219354e+02
3.108511955818024930e+01
1.759635775488368097e+02
9.322731796618954547e+01
1.392118717675972164e+02
1.465594998532858142e+02
8.187103614203877555e+01
1.768503812808443456e+02
2.432416121328993341e+01
1.789827128558345350e+02
6.723117175626796893e+01
1.529161625995754719e+02
1.254632156785863799e+02
1.035017167670396674e+02
1.646700131710526023e+02
4.181820156662833199e+01
1.776792743161132648e+02
4.224250891678566688e+01
1.625489441871644942e+02
1.024127058317075978e+02
1.221815559561853064e+02
1.491235044768056639e+02
6.444455002548994571e+01
1.722489465855933588e+02
2.389185052007652743e+01
1.680127773524445161e+02
7.818411317578501496e+01
1.374288399013056221e+02
1.307231550783011471e+02
8.620757169399607278e+01
1.629802017852299798e+02
2.866517912742077812e+01
1.693270831139803079e+02
5.384610889613480822e+01
1.489501802261922023e+02
1.100570170594315158e+02
1.056488362164732564e+02
1.502372516471366737e+02
4.851296862133666110e+01
1.666086660355235267e+02
3.176309148609379207e+01
1.565879026411833763e+02
8.778126108253893278e+01
1.221408901942573806e+02
1.344888890108731800e+02
6.985072695563428624e+01
1.600863859802946934e+02
2.173811282513941023e+01
1.602702448909036548e+02
6.473609187532593978e+01
1.352588972065498751e+02
1.162110017527190990e+02
8.970913330643422512e+01
1.500372143537831278e+02
3.458108575310462385e+01
1.600615919299613381e+02
4.222343671664124543e+01
1.447879414652545904e+02
9.600298350174301731e+01
1.071144387895551802e+02
1.368433322143517898e+02
5.457740142635437053e+01
1.560953621572721204e+02
2.417747993792669448e+01
1.506044641070856187e+02
7.454361649376227206e+01
1.215604025772306471e+02
1.209463120164956251e+02
7.442479769983177107e+01
1.485918344684961028e+02
2.414705783067217837e+01
1.526823030837578017e+02
5.271793142673072907e+01
1.327607964305605037e+02
1.028545546659520795e+02
9.246351253438452034e+01
1.379093593338482151e+02
4.067109383715263959e+01
1.511196801832720098e+02
3.241755036527474942e+01
1.404558118518553158e+02
8.315600797494226981e+01
1.079498797818068709e+02
1.243401797268860065e+02
5.993749010376789244e+01
1.460481955066041735e+02
2.043490824296701547e+01
1.446266760429515159e+02
6.256147323004566374e+01
1.205128262543677522e+02
1.083778731994707272e+02
7.824089000264446270e+01
1.377210693219769553e+02
2.885899928380597501e+01
1.452641122343807751e+02
4.215575548551208129e+01
1.298922777239908157e+02
9.052679852942370076e+01
9.451159245274357090e+01
1.264497220212462310e+02
4.642722255073029203e+01
1.424691716421903891e+02
2.478107922037126087e+01
1.359365515406272493e+02
7.137850078795614195e+01
1.082256023694251184e+02
1.126230862377733644e+02
6.458370142293038896e+01
1.364088372201842674e+02
2.096132613115464594e+01
1.386206835670651856e+02
5.173047362881000311e+01
1.190413991551416046e+02
9.667190931331603565e+01
8.134173466466965863e+01
1.273590375801642267e+02
3.428082870807985216e+01
1.379533860281998443e+02
3.299965593258657037e+01
1.267661309165566337e+02
7.912400420298192216e+01
9.595144729526363392e+01
1.156311480885791525e+02
5.163838445573748004e+01
1.340660143648242695e+02
2.004004207866048048e+01
1.312915552172987645e+02
6.060445217454467581e+01
1.079900903128829555e+02
1.016115925040224397e+02
6.854893595109476223e+01
1.271546190210519001e+02
2.438975453629701917e+01
1.325985076692727205e+02
4.202348823874586969e+01
1.171913391827695676e+02
8.574937846864004598e+01
8.380181761505416205e+01
1.174888895660040760e+02
3.962314511332524347e+01
1.307571459819366169e+02
2.551316664400210144e+01
