1.248141706629541545e+02
5.561125859331983179e+01
1.436104598609546485e+02
3.233485539716330237e+01
1.404834865164555708e+02
7.200059398481454309e+01
1.158245975154472234e+02
1.144975794345753144e+02
7.472069181434441987e+01
1.414938941284884208e+02
3.411886968415110033e+01
1.471534644449000098e+02
5.530393909127818830e+01
1.302186241285737651e+02
1.013768797247487896e+02
9.390693284854447143e+01
1.359935619534353748e+02
4.818479592906912501e+01
1.505738078406454576e+02
4.045360920376118941e+01
1.421241849844214187e+02
8.590276881747219306e+01
1.121182281633249573e+02
1.271880691641144239e+02
6.721832367225627536e+01
1.505606192382587949e+02
3.394952822082977661e+01
1.511324090895803920e+02
6.889194332313948621e+01
1.286171910265949236e+02
1.152496208527842754e+02
8.750085520790152316e+01
1.470255148165903165e+02
4.204727487561360988e+01
1.569285910420926200e+02
5.201715473573523951e+01
1.428327011467492582e+02
1.005647983106834005e+02
1.073988610721123251e+02
1.399655957601651721e+02
5.958788768588439666e+01
1.592119798029791298e+02
3.941025078350566702e+01
1.543065628794132920e+02
8.373529457895347150e+01
1.260026742705435794e+02
1.295092521870019766e+02
8.039416100625189188e+01
1.578807214626281166e+02
3.906653115263097220e+01
1.626014227109485262e+02
6.593566278893469246e+01
1.425976253594309640e+02
1.159095987101388658e+02
1.017714302622614895e+02
1.528251068482313713e+02
5.265518215634657651e+01
1.674488224297085992e+02
4.978604820854378943e+01
1.566556750573056433e+02
9.970491930704633887e+01
1.223901993583051677e+02
1.441389745321471594e+02
7.294910695240722021e+01
1.685391169610696522e+02
4.140109231750132324e+01
1.676359976324400236e+02
8.169394197049427930e+01
1.413952597001358242e+02
1.319671852017163758e+02
9.539779246270715873e+01
1.657941535102793011e+02
4.787446126365384913e+01
1.752212063756896043e+02
6.371781534998381602e+01
1.581187801206404515e+02
1.167467086783269394e+02
1.178486978928475821e+02
1.591152717714929565e+02
6.582018913818919259e+01
1.789839627120497028e+02
4.973606565968062654e+01
1.719996666395311991e+02
9.904636087527983079e+01
1.393166075120466019e+02
1.487430886902000680e+02
8.862455575194489654e+01
1.788889605469599644e+02
4.759715456499346686e+01
1.825995797892207406e+02
8.033175149059313469e+01
1.588364767949720999e+02
1.348727260790109028e+02
1.127655057094249855e+02
1.747318594075816520e+02
6.038772135882524594e+01
1.894136143655020987e+02
6.313751597965485018e+01
1.758127739243795986e+02
1.180889552706724430e+02
1.365302693718775515e+02
1.664923842758368266e+02
8.210933235693470067e+01
1.923052382691765843e+02
5.357310499820143690e+01
1.896465844009574084e+02
9.933969331182022700e+01
1.589805390950338051e+02
1.544895859339003152e+02
1.072282402281376648e+02
1.909588500269432529e+02
5.867999489093371324e+01
1.998581313433224409e+02
8.062471208942803003e+01
1.793228351690223406e+02
1.390615921783057729e+02
1.332128273777030358e+02
1.854077882207007235e+02
7.718883706308125170e+01
2.062535285794175763e+02
6.616953926532512753e+01
1.966765988500015965e+02
1.210017755203010239e+02
1.586446121114705647e+02
1.756850393848289116e+02
1.022267917913992932e+02
2.082211391532095774e+02
6.296845641966250184e+01
2.107321391644383652e+02
1.017102130562513054e+02
1.825062583607251838e+02
1.622397943493145362e+02
1.299751980401869673e+02
2.058671634058629536e+02
7.541800939012800598e+01
2.210356260326422273e+02
8.467729605156220885e+01
2.038446194978795063e+02
1.454347202244920823e+02
1.584808529902627470e+02
1.991441831798002511e+02
9.899938317422085277e+01
2.270838326837409227e+02
7.530133211533372162e+01
2.225767366843464004e+02
1.270629663701401171e+02
1.861951949237123074e+02
1.882504330290404368e+02
1.281828493737743599e+02
2.287427653555157008e+02
8.058585394417569603e+01
2.377363873231643083e+02
1.089587384520295643e+02
2.127698809627350158e+02
1.742017061595289249e+02
1.599490583514899527e+02
2.263076694952896162e+02
1.004941452429401494e+02
2.489353968140229938e+02
9.635759101501024304e+01
2.369078503356778924e+02
1.576458708311702139e+02
1.926011381558676021e+02
2.195725411147018917e+02
1.305273479671179473e+02
2.564407576500535697e+02
9.604530169393134997e+01
2.586041492520932934e+02
1.411076009279059633e+02
2.253330538478678022e+02
2.096787546093455887e+02
1.660292607880657272e+02
2.602217253128542893e+02
1.120752992645017514e+02
2.771564641943599554e+02
1.286118778189791669e+02
2.571759165046373141e+02
1.974235493015380030e+02
2.050380867480766938e+02
2.601966732648768925e+02
1.426793941086588404e+02
2.936911862953969035e+02
1.270961849276455240e+02
2.886597362796448465e+02
1.861938806056857061e+02
2.467989895685317947e+02
2.583798937876958348e+02
1.833802401928091683e+02
3.074255269934679404e+02
1.425618369842783011e+02
3.196986065686516554e+02
1.793876919919838144e+02
2.915561797428029536e+02
2.563777210787342256e+02
2.328351668484581296e+02
3.214261855541022328e+02
1.775005593406356184e+02
3.517347329714452258e+02
1.858397286357468943e+02
3.404420055564201562e+02
2.585642411995764292e+02
2.925586899657250228e+02
3.375025648908388121e+02
2.317672439254698133e+02
3.891782892711261184e+02
2.155200962576249140e+02
3.999152987307699050e+02
2.748498879535809465e+02
3.672012051453014010e+02
3.656533792308792385e+02
3.107666969700132427e+02
4.411059938599261727e+02
2.805053900784591292e+02
4.793011429441248765e+02
3.249567381307511482e+02
4.732124096942820302e+02
4.263177449480252790e+02
4.363722923548154426e+02
5.349245388908382211e+02
4.107896878600682271e+02
6.175423861942305166e+02
4.584426489639974989e+02
6.636885032506975222e+02
5.902250152098777107e+02
6.871479750380176483e+02
7.772353584266315920e+02
7.298263654517263603e+02
9.876181950221854322e+02
8.999521376890091915e+02
1.232366125276741514e+03
1.284867686619025790e+03
1.628390666496896074e+03
2.039031020708694768e+03
2.412925658093381571e+03
3.147128395655595341e+03
3.032221406272424247e+03
2.409480871484289764e+03
1.948688167375202283e+03
1.367016477900367590e+03
1.233870236246803415e+03
9.180630951106569455e+02
8.001638171929381542e+02
7.403486197809411351e+02
5.290741151803985076e+02
6.257866184012596023e+02
3.677302266834907414e+02
5.112885409908519136e+02
3.355050734379246933e+02
3.818838248623487175e+02
3.578509052075655177e+02
2.481698704666030437e+02
3.611214319028036925e+02
1.470383738031996472e+02
3.338830317835488586e+02
1.456649503053944272e+02
2.677802061369409898e+02
1.968511320595023335e+02
1.807810187803297595e+02
2.409580927839564879e+02
8.523805314005512912e+01
2.513115752664256206e+02
3.804498194657227117e+01
2.226582662059033453e+02
1.088574908282423053e+02
1.705971746928400137e+02
1.667830521178645995e+02
9.878526049756958116e+01
1.914871644228078651e+02
3.415686047950057258e+01
1.967578590971670849e+02
5.629038383850034677e+01
1.729693862249428093e+02
1.129936307978236840e+02
1.298116663416036829e+02
1.543674406121494656e+02
8.104951037854188201e+01
1.728912266377656977e+02
5.659124912460788437e+01
1.706055249606692996e+02
8.236459433798381724e+01
1.464215734625113612e+02
1.183766435453326835e+02
1.171815840156604906e+02
1.482644966918461193e+02
8.535113498975630364e+01
1.621929496352982198e+02
7.355827234199151121e+01
1.583387161626808677e+02
9.632776037831848726e+01
1.408524603118887342e+02
1.251840296831001211e+02
1.154291994897734952e+02
1.488032060711922782e+02
8.938846168830544059e+01
1.597588512906026779e+02
8.622212871531472445e+01
1.537139122298457607e+02
1.041501522418038093e+02
1.387755651882863788e+02
1.301225529951938995e+02
1.137370293527243064e+02
1.518190931257001637e+02
9.316905107335821867e+01
1.594937851070772581e+02
9.254618833151687340e+01
1.574747989766075875e+02
1.121289944811952921e+02
1.423193923012404127e+02
1.394962838813001440e+02
1.125758917340720870e+02
1.595559020932635690e+02
9.450452064385434880e+01
1.682904783624686615e+02
9.654752564582041430e+01
1.618517430173946536e+02
1.214864034279396634e+02
1.403146740007276776e+02
1.509273247716345168e+02
1.114020474426510106e+02
1.735950299432677468e+02
9.011392545768406137e+01
1.794254625791225237e+02
1.028699081521485112e+02
1.655384562348473310e+02
1.361049967491105122e+02
1.359665277263446796e+02
1.706357502612167707e+02
9.936443410938980492e+01
1.903457744309085626e+02
8.626635105332832154e+01
1.897813028562849524e+02
1.172528880249111296e+02
1.643579449158688419e+02
1.617565416538480747e+02
1.224334345111586089e+02
1.959086865362497178e+02
8.344235854133438579e+01
2.086419322668801044e+02
9.381671791965443674e+01
1.935617359222021321e+02
1.466345885314371742e+02
1.526474036226606472e+02
1.955398772141819563e+02
9.800952867760467768e+01
2.232231154365518364e+02
7.522024854581498232e+01
2.196437261328579211e+02
1.251380988195526953e+02
1.853617950012791482e+02
1.883549050088797401e+02
1.242500627636255501e+02
2.302633284692738869e+02
6.931180851130710607e+01
2.412310731576027933e+02
9.935337483779214551e+01
2.169602915806682404e+02
1.727585904153069407e+02
1.591918397160143854e+02
2.307854018608643685e+02
8.619365904473846740e+01
2.582105880096592614e+02
7.337125831511555418e+01
2.462382549962195526e+02
1.500170057089559918e+02
1.969542101843019566e+02
2.241581748710468958e+02
1.184302846980035753e+02
2.682032325889515505e+02
5.670055452940607665e+01
2.719670606413080236e+02
1.215499688189743068e+02
2.338896875419405319e+02
2.091899597654640957e+02
1.585064201263203643e+02
2.706295812878079232e+02
6.951974689690192122e+01
2.929445590974199263e+02
8.850487680393850098e+01
2.686067631783253660e+02
1.862328258870801108e+02
2.021173104724507823e+02
2.657440483506314308e+02
1.057316179006490842e+02
3.068009575909104001e+02
5.659065417655143193e+01
2.999847624776144244e+02
1.554713294063645890e+02
2.456504442365698253e+02
2.520273000736138158e+02
1.523428726848698602e+02
3.136976387314745693e+02
5.129454705023105987e+01
3.263306385022689255e+02
1.178669171094265522e+02
2.880349295271226424e+02
2.299265422602587705e+02
2.025275591641910466e+02
3.120653733370530745e+02
8.733453955487011910e+01
3.466230994758352040e+02
7.578199593574957760e+01
3.269043829262198528e+02
1.989494856890120502e+02
2.539273483487413898e+02
3.014444571759095766e+02
1.398671279095519537e+02
3.593678521962681884e+02
4.205201712976581518e+01
3.609784490306117277e+02
1.591322349874293138e+02
3.047398405874598097e+02
2.813621387274537824e+02
1.980234925823837671e+02
3.633303732451818746e+02
6.433155460438875650e+01
3.894440050204631802e+02
1.119214232668614954e+02
3.531019264445939712e+02
2.515368255009950929e+02
2.588313974309673426e+02
3.585953361187204109e+02
1.207204146095342168e+02
4.091905281928258091e+02
6.000631945597941552e+01
3.969186246118823078e+02
2.111913701535365817e+02
3.194185759133565057e+02
3.416853688161854734e+02
1.884543024175047492e+02
4.217462104363057165e+02
3.916305625347478525e+01
4.355558737024793459e+02
1.615170843897830366e+02
3.786835523082054920e+02
3.144316635782981280e+02
2.593445361685983812e+02
4.235211397957593249e+02
9.609810947322122843e+01
4.665262746305304518e+02
1.021788288815704249e+02
4.352228559862253974e+02
2.759655181824998067e+02
3.318332342923158649e+02
4.135131354742240433e+02
1.720159834192256199e+02
4.888773724477833866e+02
4.085237282762039968e+01
4.862453775439747119e+02
2.247654214334788776e+02
4.049607351002820792e+02
3.912659614594126083e+02
2.547549338665057519e+02
5.003322180794429528e+02
6.267445521129753416e+01
5.308682298264908468e+02
1.613292021313370697e+02
4.766241795463863014e+02
3.555321319192792657e+02
3.418573538912314689e+02
4.992124630876884339e+02
1.484407721518724088e+02
5.677397166041793071e+02
8.714967246034372295e+01
5.449346767550674713e+02
3.053055937560409347e+02
4.322606250122659617e+02
4.851373645088894477e+02
2.452891102399311478e+02
5.932581873686698373e+02
2.989818475148701182e+01
6.084091749574561163e+02
2.397530411183360002e+02
5.240810030591708255e+02
4.558107872712343465e+02
3.507094743774222252e+02
6.067371226123585757e+02
1.144137452192297388e+02
6.644141291140434760e+02
1.581070560177069524e+02
6.154126672458729672e+02
4.091936258427552957e+02
4.635623813316188944e+02
6.058417830876077232e+02
2.288448660695117098e+02
7.114360451746542822e+02
6.178840478085244570e+01
7.050218064948794563e+02
3.442727915766589035e+02
5.822410900707261590e+02
5.883131950058051416e+02
3.574863886634540222e+02
7.469517644356258188e+02
6.690313594696138466e+01
7.904806306264407567e+02
2.586607122527202591e+02
7.056163628354593129e+02
5.510929602478518063e+02
5.000712342603709999e+02
7.682606858558141312e+02
2.018059128792027934e+02
8.702421620181453363e+02
1.502386882216107438e+02
8.331736680106578206e+02
4.916448147584468984e+02
6.567141272141898298e+02
7.725485756657610636e+02
3.611972603892471056e+02
9.414161420190574745e+02
2.570562574924753463e+01
9.643295153105901818e+02
4.060299806754492238e+02
8.283979336896418317e+02
7.557008797068942840e+02
5.465430409100398492e+02
1.002290775951036835e+03
1.564831879360859546e+02
1.098301892533620958e+03
2.887069902023231975e+02
1.017783473112353022e+03
7.135365205411192164e+02
7.619807250530171814e+02
1.049789357149447369e+03
3.608440991199354926e+02
1.235453636676863880e+03
1.328814653631389433e+02
1.228354833616262113e+03
6.388373985027769777e+02
1.016105301260738088e+03
1.081201519933878899e+03
6.140746126503530604e+02
1.377263291440779767e+03
7.750763037776061992e+01
1.467674024629348196e+03
5.237015990620950561e+02
1.319088814935242681e+03
1.089216983366339718e+03
9.341779348751964562e+02
1.526048401067698933e+03
3.528878926187056209e+02
1.748933894405497085e+03
3.510744753277772361e+02
1.696050227740969376e+03
1.067929975936895971e+03
1.351416448971008322e+03
1.687895551343777470e+03
7.340029639296175219e+02
2.094494726768132750e+03
8.802085467009594311e+01
2.195064609615802055e+03
1.003960403857982215e+03
1.929907057479889090e+03
1.878239159990103190e+03
1.291307223342607131e+03
2.560790795941791202e+03
3.271659351664586666e+02
2.912609968458754338e+03
8.651865638087846264e+02
2.815358305153813944e+03
2.133691599253415006e+03
2.194263059658612292e+03
3.281864406483206494e+03
1.049137418433350149e+03
4.112732782680539458e+03
5.728807399879990498e+02
4.413662438754349751e+03
2.549744388810694545e+03
3.990219856277651616e+03
4.709079921109616407e+03
2.647669351628022923e+03
6.813482538238880807e+03
1.812897095301745765e+02
8.555386962657423283e+03
3.670167721913839159e+03
9.636102217737763567e+03
9.719546105536068353e+03
9.435486303574700287e+03
2.087735463402201276e+04
5.873531335527984083e+03
6.111190585403186560e+04
9.657971129950987233e+04
7.749272506230509316e+04
2.278426140964524529e+04
1.693100252032698700e+04
1.592501202782101063e+04
4.874607474754116083e+03
1.210108260633187274e+04
7.000483719214504390e+02
8.777682847967360431e+03
3.674998398462585101e+03
5.660192505004228224e+03
5.050233298566578014e+03
2.857147975067944117e+03
5.324840423243033911e+03
4.669062326135501166e+02
4.787958942611049679e+03
1.397977261281363781e+03
3.693574988018570366e+03
2.642492809866517746e+03
2.298062540295870349e+03
3.254437346100901323e+03
8.327679515190552593e+02
3.274323410317318121e+03
4.968898272663595890e+02
2.811079792714694122e+03
1.539577302601262772e+03
2.001271268195087259e+03
2.199725695110581910e+03
1.006539782178508972e+03
2.437917203616432289e+03
2.945689279161932106e+01
2.277685354323874890e+03
8.924804093826213602e+02
1.793007025784352891e+03
1.538699121392690358e+03
1.090895001647394565e+03
1.879128853882057456e+03
2.990706700684784209e+02
1.897449283126718456e+03
4.611513309797304601e+02
1.621690861224568380e+03
1.072485098254970808e+03
1.125147423085498986e+03
1.463910003078261752e+03
5.004765379947848487e+02
1.595588159963983571e+03
1.505025327941244768e+02
1.469623035466447391e+03
7.203815921302610832e+02
1.126860923387369439e+03
1.134895719134699675e+03
6.362876250796480235e+02
1.341313579786070250e+03
8.769080502836398239e+01
1.326018898565248719e+03
4.422494609777686492e+02
1.104692271651221063e+03
8.622109100443532270e+02
7.268861393391126740e+02
1.119885915405730657e+03
2.614027166351696678e+02
1.186296751138138688e+03
2.175430008931530494e+02
1.063450730129375643e+03
6.303093506884787303e+02
7.820426402326243078e+02
9.203539359670578506e+02
3.952869704666702546e+02
1.049623848060795808e+03
3.831369946669473592e+01
1.007314220565633718e+03
4.301446663387969238e+02
8.095374908714626372e+02
7.387381781595787515e+02
4.955197469590634682e+02
9.152460323179379884e+02
1.214287291986553328e+02
9.391385873094606040e+02
2.563759228612035486e+02
8.142215577460920031e+02
5.721751986385228292e+02
5.677999491646557999e+02
7.833910329810620397e+02
2.440537523561721400e+02
8.613830910741297657e+02
1.059965024144648140e+02
8.002423975937722389e+02
4.196967086398364586e+02
6.159172029451910930e+02
6.545875512566885845e+02
3.428411389379523939e+02
7.762163959043363093e+02
3.303746985944547276e+01
7.703287971822793452e+02
2.803446115145967497e+02
6.432204217055910931e+02
5.297040669845206367e+02
4.199108972344982362e+02
6.856357123308870314e+02
1.399762852799566986e+02
7.271771471638925277e+02
1.541266350201150033e+02
6.522746612486439517e+02
4.096934168835676928e+02
4.772209341651870318e+02
5.914593474036577163e+02
2.335970988675289561e+02
6.731243607153312496e+02
4.313610901722362456e+01
6.453748245414369649e+02
2.955581452209339091e+02
5.165657186467070687e+02
4.955293016094510676e+02
3.106760472206536292e+02
6.102970465381516760e+02
6.456386538107159367e+01
6.245680161513099620e+02
1.883745402690486230e+02
5.394780747831495091e+02
3.994513236494701687e+02
3.718380053098155145e+02
5.407058780369632132e+02
1.512268387559292364e+02
5.917982317668562473e+02
8.948690536308942001e+01
5.474929219303481887e+02
3.048400865126664598e+02
4.178119905620538361e+02
4.662378696744232798e+02
2.261037548576396432e+02
5.489067374463317037e+02
1.745780253392043591e+01
5.420622084832536984e+02
2.131458923595801878e+02
4.494539188926373754e+02
3.887078168627357968e+02
2.883233522969593992e+02
4.977238589093697101e+02
8.707052330364193438e+01
5.246777447373258383e+02
1.259186528521562423e+02
4.675876254609351008e+02
3.097928989417877688e+02
3.379052344767392242e+02
4.399681158835571750e+02
1.584442857645489937e+02
4.967942251562238312e+02
4.557455939881418772e+01
4.731967525604576963e+02
2.311095808368492897e+02
3.750957214262650723e+02
3.773116358332810591e+02
2.201199417781398608e+02
4.599279047717255366e+02
3.705648723658450905e+01
4.673798425125232825e+02
1.541830710532218234e+02
4.005023956627074426e+02
3.117739662179046718e+02
2.710772861874570481e+02
4.154598696291523652e+02
1.030362692739224855e+02
4.510126812734276314e+02
8.080296164824584082e+01
4.139778437496505603e+02
2.438742721791755059e+02
3.120170418995658679e+02
3.651660344788807606e+02
1.631021116918067833e+02
4.256307027978322708e+02
1.807465763271581949e+01
4.169903567583847916e+02
1.761842608450874081e+02
3.422176508346853439e+02
3.103459978245203388e+02
2.148125651122508657e+02
3.923013068847257614e+02
5.743443445099865130e+01
4.100102282718544302e+02
1.098699390348162979e+02
3.620817374549642409e+02
2.525049083304959368e+02
2.576250888074682166e+02
3.523240188095087433e+02
1.148414743672383480e+02
3.939657341357539622e+02
4.700686773524362394e+01
3.719973363543427354e+02
1.930920453599282496e+02
2.912911051943821121e+02
3.070428831897435202e+02
1.660524861064297113e+02
3.698387003726572857e+02
2.184692384482302430e+01
3.724750039863363327e+02
1.334991157080919209e+02
3.157716555172290782e+02
2.577742785935753886e+02
2.099615497087034441e+02
3.387720100590788093e+02
7.360292521176501168e+01
3.642082220992345469e+02
7.532709458393735247e+01
3.311324077034083757e+02
2.058691223519790583e+02
2.459765381944809803e+02
3.018225444084106925e+02
1.235724275611184169e+02
3.479200497495826312e+02
2.243027940339564807e+01
3.377073246674268034e+02
1.526319889395595339e+02
2.738754298642910499e+02
2.602165585534315824e+02
1.677299882656382124e+02
3.245123222067239794e+02
3.868214574093477154e+01
3.359175664489688984e+02
9.940764869558265104e+01
2.935651432409755444e+02
2.151580707979752560e+02
2.052516205957131206e+02
2.949431856195826640e+02
8.631588108748401567e+01
3.263234245649341005e+02
4.790191651406541240e+01
3.051277695934942926e+02
1.678477010095229502e+02
2.356948259398101015e+02
2.602456123388719220e+02
1.300806069256828437e+02
3.096428591703420921e+02
1.438472116700994796e+01
3.088091094351326547e+02
1.195465011937982069e+02
2.587607364962086081e+02
2.214799057192054192e+02
1.683867509733417762e+02
2.866195237647747263e+02
5.369598343031681509e+01
3.049875677840195181e+02
7.153066364087810314e+01
2.744058735729737464e+02
1.797602880609232727e+02
2.005963104269825692e+02
2.581606064140477201e+02
9.636158927861713153e+01
2.941821649539895134e+02
2.639922699035024323e+01
2.826921762797766746e+02
1.362057523269499484e+02
2.262998248217824653e+02
2.252020134220292391e+02
1.348667711618472254e+02
2.770230603126690312e+02
2.604180435204493804e+01
2.838482241509844357e+02
9.197883155086455531e+01
2.452694812704690435e+02
1.887367069205963048e+02
1.682285033024227232e+02
2.542395849006271646e+02
6.617464379615323367e+01
2.782200546608339096e+02
4.848467618767468679e+01
2.574405421175880520e+02
1.497748443111655092e+02
1.959161398749256477e+02
2.266533490171595702e+02
1.043087826867920995e+02
2.663122073234885647e+02
1.323978410174602693e+01
2.628893557568703727e+02
1.093816260836649832e+02
2.175588830982340482e+02
1.951281907292027711e+02
1.382942067127792427e+02
2.487053793376351223e+02
3.942313658796312836e+01
2.618355679220338175e+02
6.868327736355212210e+01
2.329753103297498456e+02
1.605908254425235100e+02
1.673986636538619734e+02
2.260872510949327250e+02
7.646035457353933396e+01
2.546307636577506912e+02
2.956290530267390437e+01
2.421199622613850408e+02
1.239970030061351309e+02
1.911589306953926553e+02
1.992223993401586597e+02
1.105719712716117442e+02
2.417445631407610165e+02
1.753170207234702360e+01
2.450914572711737094e+02
8.636109120401745542e+01
2.092638069908382761e+02
1.689323645564685421e+02
1.406036886218485336e+02
2.237282285944139062e+02
5.120504920195309495e+01
2.421050501505768011e+02
4.885753090915665808e+01
2.215739238271681870e+02
1.360834427025869502e+02
1.659751276099361803e+02
2.012480901115655172e+02
8.491388561370207810e+01
2.335124889438443745e+02
1.547193712245912245e+01
2.280656803343214847e+02
1.015834975419370778e+02
1.862853399787509829e+02
1.750247922736162423e+02
1.154366979061036460e+02
2.197654524664413600e+02
2.881067964304182638e+01
2.288539460704562032e+02
6.641942327198145790e+01
2.012809178596761228e+02
1.458367002306395648e+02
1.419754696866367851e+02
2.014088071363114523e+02
6.125920717509472269e+01
2.241678453860917273e+02
3.204453786161342776e+01
2.108501902187861674e+02
1.145042352612247782e+02
1.640432747509319995e+02
1.790730594200137489e+02
9.183313183214552566e+01
2.143667933608253691e+02
1.254943384494605674e+01
2.150021126002336302e+02
8.190992252992292322e+01
1.812907101619404386e+02
1.534475230098800580e+02
1.191373914981007118e+02
1.998839288215497731e+02
3.968187024864000989e+01
2.138682666590326846e+02
4.906483937653550953e+01
1.935213556173681582e+02
1.252787181432938581e+02
1.425508762604404467e+02
1.812541093776769401e+02
6.977286769599642469e+01
2.076972982414156945e+02
1.844936289906576476e+01
2.006536079525030516e+02
9.535443605266762290e+01
1.616552271470814901e+02
1.590846684169999037e+02
9.745281351306914530e+01
1.968400167258042472e+02
2.083708456929810993e+01
2.027329383916881511e+02
6.454218943934739627e+01
1.761621395769337539e+02
1.340468718257770320e+02
1.218353360566396049e+02
1.817287538797692719e+02
4.928990890738602815e+01
1.998960770366561803e+02
3.400459883462956867e+01
1.859186999475246012e+02
1.068445157860915913e+02
1.424279954221713638e+02
1.628986963161075323e+02
7.693038045271836722e+01
1.924189568836778790e+02
1.103250952932510742e+01
1.908737042662651220e+02
7.825141820265750425e+01
1.588612208056825921e+02
1.409316094083842188e+02
1.019424096087408742e+02
1.806489444123397448e+02
3.060040701965800736e+01
1.910966151646883304e+02
4.914951194072998675e+01
1.709007584495857657e+02
1.164704695268173538e+02
1.236760819672004459e+02
1.650278589225929693e+02
5.761499535827970675e+01
1.867539869075520187e+02
2.126966936349357340e+01
1.784257399322107744e+02
9.019852619560106177e+01
1.417100562733513414e+02
1.460644425199392913e+02
8.291363711370250655e+01
1.781518830575941479e+02
1.500628993276186485e+01
1.814358970088451883e+02
6.290851416431671339e+01
1.557097820467419069e+02
1.243400099170247870e+02
1.054605188882266162e+02
1.655986761931739579e+02
3.963681273419069129e+01
1.800095898655652320e+02
3.554815444981586836e+01
1.655135962668653349e+02
1.004757552884693155e+02
1.247546164073550017e+02
1.495592313708160361e+02
6.478518453264592836e+01
1.743472198255572607e+02
1.208961432148580784e+01
1.710273741073135909e+02
7.514613743667304391e+01
1.404263454316127877e+02
1.305371067956062632e+02
8.784210833726287149e+01
1.647303294782174419e+02
2.336448626554120267e+01
1.722636611868491912e+02
4.911872768646715315e+01
