7.778408671596584156e+01
1.582471750400696067e+02
1.108054887632629857e+02
1.308027927455194117e+02
1.467661124029334587e+02
9.438038869724198321e+01
1.680613029051609999e+02
7.571301979274802818e+01
1.681138136292142917e+02
9.925639916847175925e+01
1.468977157335555432e+02
1.379049936991494576e+02
1.112436706478766553e+02
1.665852138482170233e+02
8.086283630833607106e+01
1.752439337384790576e+02
8.937606717728895944e+01
1.614512499909658629e+02
1.271283243287459186e+02
1.292532288562723295e+02
1.620634362106058006e+02
9.260808294620886727e+01
1.793604301885834786e+02
8.366313554592932178e+01
1.738957702083685319e+02
1.153792797497341951e+02
1.471932083911153768e+02
1.547433790550915091e+02
1.088791135364681395e+02
1.803069733654788536e+02
8.454973831174034160e+01
1.837517624117048456e+02
1.041280775274587000e+02
1.640841162022867081e+02
1.450486256868713610e+02
1.275979412552460133e+02
1.780652937967749097e+02
9.303886985936478027e+01
1.906916319175558101e+02
9.557549724960591675e+01
1.792593309603647640e+02
1.337251359449681161e+02
1.471851973880907849e+02
1.727547504151888802e+02
1.077111848342956648e+02
1.945024157173855883e+02
9.242068607587391682e+01
1.921117446637114199e+02
1.219556219646955242e+02
1.662476138061909126e+02
1.645615590963057571e+02
1.264117202637419553e+02
1.949628507554597263e+02
9.680617306031804503e+01
2.022247256833013012e+02
1.115844923254684034e+02
1.843854329875251210e+02
1.544693198841538617e+02
1.471945423961919630e+02
1.921532491931195921e+02
1.087383545439289492e+02
2.092485241364400110e+02
1.051649583240427859e+02
2.004167539136954019e+02
1.429626328987724264e+02
1.686582863008997322e+02
1.863263314351385418e+02
1.265533460082212116e+02
2.129542082101969243e+02
1.052195047617150152e+02
2.141190600091562999e+02
1.318221286123508662e+02
1.895695087914289161e+02
1.779079993571622822e+02
1.480235299495376466e+02
2.134036510683760355e+02
1.135305652998413422e+02
2.248868573048467283e+02
1.232235694459103570e+02
2.091817476340914936e+02
1.676557797163245311e+02
1.714062663791195575e+02
2.104976699515599421e+02
1.293200213328276789e+02
2.325706739187355367e+02
1.198118934306527308e+02
2.268792557702678607e+02
1.568375749246878570e+02
1.953494998330841952e+02
2.048256909350398587e+02
1.507366594999056986e+02
2.369450731923424200e+02
1.241766574138819976e+02
2.421528708447272891e+02
1.472874665953416127e+02
2.188109750939021581e+02
1.968043724574475561e+02
1.757802675336839116e+02
2.380764268426070487e+02
1.368199902358434485e+02
2.546831309708119022e+02
1.415350368430759147e+02
2.411885562302130666e+02
1.878351021774490164e+02
2.025153212615345524e+02
2.362323738631799586e+02
1.572164983666973228e+02
2.641043251619357193e+02
1.427146722652099697e+02
2.617371424310393877e+02
1.789390737910673010e+02
2.304068276529519324e+02
2.319367678018825529e+02
1.832476980102479729e+02
2.706611870430834870e+02
1.518978515108422869e+02
2.803522888592321465e+02
1.731697083834672810e+02
2.579790645457520100e+02
2.263558625952491354e+02
2.131542244105707482e+02
2.741985349519419515e+02
1.708519863417201350e+02
2.962647850096360003e+02
1.720630288361161320e+02
2.854552348472188896e+02
2.204034766840104567e+02
2.460543891056591974e+02
2.758867290169084754e+02
1.973266346331710963e+02
3.104155044254306404e+02
1.789391187496091220e+02
3.117149671842644238e+02
2.166216533763009693e+02
2.807068006041558306e+02
2.761781629290792921e+02
2.303741297764503599e+02
3.228818723491609717e+02
1.963673483416451688e+02
3.374856189894003933e+02
2.170214350888401782e+02
3.164542152815222380e+02
2.771018453832235195e+02
2.695181576765950808e+02
3.342064738770857844e+02
2.246429307337933494e+02
3.632626487947511578e+02
2.256461063711277291e+02
3.550305726362880705e+02
2.805178842721991259e+02
3.136497520506205205e+02
3.457848280598512360e+02
2.621420820599386161e+02
3.901977898989729852e+02
2.460524218456102687e+02
3.963738279129048010e+02
2.895289745260513428e+02
3.651359812698329961e+02
3.617817371553621228e+02
3.122707424143880530e+02
4.212050657346721323e+02
2.804066693400158101e+02
4.446193050641710443e+02
3.099108565333269780e+02
4.253137249320911337e+02
3.856605666849384875e+02
3.756341845994031701e+02
4.608671290319911122e+02
3.331183910081805379e+02
5.036525950329320267e+02
3.470624191687923599e+02
4.996230219728997781e+02
4.229151486552121355e+02
4.579073599778908488e+02
5.176408371617288822e+02
4.092579216618956934e+02
5.839836642417768644e+02
4.103500004798300438e+02
6.008589556144810331e+02
4.896636712388552723e+02
5.713912849676795531e+02
6.051100674298321564e+02
5.221499764373446624e+02
7.061446355373238930e+02
5.200808400275778922e+02
7.584572919370676800e+02
6.095695584391634156e+02
7.508095950659455866e+02
7.644944611137847232e+02
7.147245438069244301e+02
9.304103114661147629e+02
7.219241634934439844e+02
1.048440386216416300e+03
8.515441554115532199e+02
1.105188026954178213e+03
1.123985644303121035e+03
1.137351490904543198e+03
1.485627680523219624e+03
1.234855312253738703e+03
1.849142979393950554e+03
1.592921906248491041e+03
2.226004502164692894e+03
2.453573578506148351e+03
2.812055158024691536e+03
4.302835669505611804e+03
4.561291175288869454e+03
1.013380842224225671e+04
1.492196055953315408e+04
1.289044175731027462e+04
6.344049493438898935e+03
3.943656668534568780e+03
3.503315514970681306e+03
2.025630906004067583e+03
2.339708706846735822e+03
1.440722263702390592e+03
1.604573232612488027e+03
1.262611565011092807e+03
1.061348646324226820e+03
1.164570716253247383e+03
7.388014942025923801e+02
1.026249944903426467e+03
6.269347869010451859e+02
8.127312137581322986e+02
6.445296490056956600e+02
5.887893728623548668e+02
6.707207324287286383e+02
4.045726576028238810e+02
6.393332890588857254e+02
3.475660077226766020e+02
5.327257666185238349e+02
3.883286075460250686e+02
3.956656022318325654e+02
4.428038488178613079e+02
2.542437303363123249e+02
4.484788716275403999e+02
1.955255385180191467e+02
3.980308017055110099e+02
2.419962097997305079e+02
3.010238294171816165e+02
3.078531054897600825e+02
1.878151762014077235e+02
3.374666415025076276e+02
1.048296745091696067e+02
3.182138002052188881e+02
1.433532391936412864e+02
2.546446846891974758e+02
2.162999037769826600e+02
1.602720007869457675e+02
2.587750019071377210e+02
6.199654721744254005e+01
2.623597799802631130e+02
6.635383234382689466e+01
2.266351138394361158e+02
1.456239400906837886e+02
1.605682383144117580e+02
2.000350614433450858e+02
7.684717905519948999e+01
2.223410814817941628e+02
1.448016363536732065e+01
2.098702442290060048e+02
9.545179042880747033e+01
1.655855519831462175e+02
1.548936200471702307e+02
1.033559894545225006e+02
1.851149610235346188e+02
4.388229543862286874e+01
1.898156379612600233e+02
6.015858482453027989e+01
1.663161477685031286e+02
1.118640474627366643e+02
1.307637876087825362e+02
1.513737264687910624e+02
8.431068985265216043e+01
1.723707760296184119e+02
6.161403239193165149e+01
1.708089624187602453e+02
8.883892978065289014e+01
1.506054440158761452e+02
1.256050865281272593e+02
1.161015290888818470e+02
1.524643309838569678e+02
8.686109104958521243e+01
1.652922074583859171e+02
7.982162127407990226e+01
1.616529998201154399e+02
1.034461837037702736e+02
1.403812943610743673e+02
1.330326286356910543e+02
1.134489416675585289e+02
1.541235722642746566e+02
9.320212678581788168e+01
1.627625837998828615e+02
9.006865502299102388e+01
1.575305454488034229e+02
1.129601585779118977e+02
1.373831223939477013e+02
1.381528554542450991e+02
1.149510621979962366e+02
1.572913342069362272e+02
9.709690338323834169e+01
1.670948356703347315e+02
9.788663262562538137e+01
1.597484913042601420e+02
1.207700231123274506e+02
1.388730980270367468e+02
1.466801650599095694e+02
1.162865387487248228e+02
1.685779893427428533e+02
9.954054752750074897e+01
1.741077407778753354e+02
1.036772068654810255e+02
1.647182957993439913e+02
1.306142422562156753e+02
1.422637578924236550e+02
1.609085472725579109e+02
1.115258159220005751e+02
1.801259806516368656e+02
9.868491773208529594e+01
1.901722365556960881e+02
1.137556347083913835e+02
1.737553611420178754e+02
1.488727345138704550e+02
1.402762658614643954e+02
1.848676958160668278e+02
1.057055516523474523e+02
2.032962760594151916e+02
9.530992323505716968e+01
2.016899253668997574e+02
1.296500144727545774e+02
1.744091201050036375e+02
1.770010004846239724e+02
1.296687181465147489e+02
2.139417289534445672e+02
9.042338766695257846e+01
2.275141605177579436e+02
1.042126953583820921e+02
2.095731967124993957e+02
1.614145455233106645e+02
1.664754021125343115e+02
2.185649112209478346e+02
1.048205703208049613e+02
2.479100533486989093e+02
8.034653332613258669e+01
2.471757928270969273e+02
1.407301627708197600e+02
2.080781398588993625e+02
2.141588968527524344e+02
1.387503866322037425e+02
2.644426482792794104e+02
7.185975923415479372e+01
2.798332114440014493e+02
1.114253184280376416e+02
2.517572645886822897e+02
2.008369298695494365e+02
1.838807142606792695e+02
2.728871471858956852e+02
9.362318147125965595e+01
3.083469688448849979e+02
7.672499000071853459e+01
2.960393306789118810e+02
1.789206005342222170e+02
2.361324648226565728e+02
2.737186645368064433e+02
1.368027063094179141e+02
3.305128011519908000e+02
5.064821527346022378e+01
3.362271357931948614e+02
1.453545863923705781e+02
2.907612975136396471e+02
2.625448427488295238e+02
1.947147563747020342e+02
3.451470978893863730e+02
6.992001838404209479e+01
3.763185426753118463e+02
1.047035526886834305e+02
3.462418735182239402e+02
2.418013879193034654e+02
2.582808050402661024e+02
3.504642797712277797e+02
1.257975883927845331e+02
4.082307352893692496e+02
5.386291441664168644e+01
4.015550687883334149e+02
2.085986777432977419e+02
3.277151893562244140e+02
3.453093252202820054e+02
1.971415551918518645e+02
4.333987228041159483e+02
3.571960637576604825e+01
4.540504592944609499e+02
1.617779229151231277e+02
4.009459273316740564e+02
3.277072335368681593e+02
2.788618953238357676e+02
4.497131561259465116e+02
1.043217430543925133e+02
5.036427416705533346e+02
1.013550254635490830e+02
4.764884925774204589e+02
2.973202626006131482e+02
3.684739731230898201e+02
4.555977133508059751e+02
1.925370436150628279e+02
5.457069148525221181e+02
2.574889762899854162e+01
5.520046134008715626e+02
2.499583069062666709e+02
4.658810139429455148e+02
4.470648128861715236e+02
2.969601042514255482e+02
5.805575973970428549e+02
7.029090053048561515e+01
6.279992017261018873e+02
1.846458500064041175e+02
5.715820676610677538e+02
4.234211238668867168e+02
4.169929857590665279e+02
6.073350440882965131e+02
1.824437766447371416e+02
7.014222523702403578e+02
9.899293145040424236e+01
6.847604397533895053e+02
3.814520794615835939e+02
5.527820207524036960e+02
6.209906489767282665e+02
3.180559377393248042e+02
7.723001534381406827e+02
2.769034115446153876e+01
8.063913217270262521e+02
3.176927872543505487e+02
7.067795636685311820e+02
6.181459773851709087e+02
4.820596384017362084e+02
8.399080931909469427e+02
1.598930220857128006e+02
9.372890086128445546e+02
2.265079779252093601e+02
8.851199302089324874e+02
5.967209121203550239e+02
6.797409215073422502e+02
9.012518286856397935e+02
3.423937588486704726e+02
1.081086817254862126e+03
1.097472122102214627e+02
1.093926206692732876e+03
5.480543927716305461e+02
9.253492565073142941e+02
9.549168182551891277e+02
5.830003719176678487e+02
1.245422526273997164e+03
1.256499609769149259e+02
1.349852841843372971e+03
4.664018544339248251e+02
1.238745047042516717e+03
9.993116742150471055e+02
9.063868947698366583e+02
1.435393735293334430e+03
3.817013401018741092e+02
1.683172738289940980e+03
3.351218302070029154e+02
1.671125929777979763e+03
1.034223920041574047e+03
1.374037128781728370e+03
1.683922733850040458e+03
7.937626048363748623e+02
2.152679868349669505e+03
1.853292420465087673e+02
2.329694378944056098e+03
1.056300917846274842e+03
2.128445642689319357e+03
2.052352978739982973e+03
1.518710043840048229e+03
2.941989751833170885e+03
5.121693026309736752e+02
3.525214609657113670e+03
1.065522281685378630e+03
3.628331473529055074e+03
2.779896880508749291e+03
3.119167067671795394e+03
4.726679914309363085e+03
1.745272924723846472e+03
6.644655346256569828e+03
1.118478459043972634e+03
8.465123479906420471e+03
5.400759063846422578e+03
1.010803061071371485e+04
1.441476450899635893e+04
1.182414247080202040e+04
5.331435052594224544e+04
7.302052811764230137e+04
5.130376123877362988e+04
9.741571917829474842e+03
1.495282692648984448e+04
9.332251903425514683e+03
6.084678234463757690e+03
8.238681246664596983e+03
1.668369032630645961e+03
6.706789902721966428e+03
1.378492524310293902e+03
4.916854640602456129e+03
2.834424234454094403e+03
3.104668145364850716e+03
3.542670108616851849e+03
1.383143050050468446e+03
3.561138571521759332e+03
4.096791864631157409e+02
3.082253239553165713e+03
1.357426391599458611e+03
2.272204814292726041e+03
2.074033025269907739e+03
1.281257925366790005e+03
2.359463649568653636e+03
3.621468358866633821e+02
2.259940389499889079e+03
6.894875744154215909e+02
1.844284855759568472e+03
1.325478025354371766e+03
1.215470674897735762e+03
1.693751176374638362e+03
5.110521860107626253e+02
1.764620637357395253e+03
3.199744776763050140e+02
1.565651305633291258e+03
8.607009677818934961e+02
1.154676917939801342e+03
1.252181809718667864e+03
6.216639273410607984e+02
1.418729082529835068e+03
1.745377920475458211e+02
1.352990997401117284e+03
5.402495425096966528e+02
1.091619596010038549e+03
9.278307057147510477e+02
6.912959372913886682e+02
1.149125431602280059e+03
2.497553084584046417e+02
1.178167216020194246e+03
3.093401898329437358e+02
1.025987523569583573e+03
6.761126856081207279e+02
7.304224895762606593e+02
9.286723314956226432e+02
3.566293388246327254e+02
1.023732198358152459e+03
1.586563822239282047e+02
9.553565960274493136e+02
4.726766673536729968e+02
7.465932184706931594e+02
7.407181059060043253e+02
4.416826593783825956e+02
8.825013955580847096e+02
1.392054602011755549e+02
8.808355506394574377e+02
3.070354846602604653e+02
7.441439686085228686e+02
5.769060141464832441e+02
5.033934058152192392e+02
7.513452038669440753e+02
2.148190204183203775e+02
8.020391273733949902e+02
1.770681328563378543e+02
7.267080214369366331e+02
4.324556113312562502e+02
5.445438155945540757e+02
6.282960870781907943e+02
2.945020764815655525e+02
7.201138971143579965e+02
1.055377938565624021e+02
6.972586942395802225e+02
3.056553183576320407e+02
5.677968319147203147e+02
5.128326447715744507e+02
3.600483797212041850e+02
6.363035630165122711e+02
1.321458598173597636e+02
6.567291719564730101e+02
1.965334905202519451e+02
5.753339308803587073e+02
4.042381133666045798e+02
4.099354313740983002e+02
5.510622007305444185e+02
1.979215746613152191e+02
6.082829698930630684e+02
1.136511226148019915e+02
5.693979478356561685e+02
3.034369930909319919e+02
4.448261704740478422e+02
4.659066593271115266e+02
2.606705245764898677e+02
5.530582237021596939e+02
8.991342992845308402e+01
5.518919226641615978e+02
2.118440083213557443e+02
4.657623530333519852e+02
3.818713633354300327e+02
3.128420596869972314e+02
4.927317104615390235e+02
1.319303840386929778e+02
5.244012440970376474e+02
1.331774585873510546e+02
4.740845811663299969e+02
3.003523011951484136e+02
3.531319251398359143e+02
4.287959005504983452e+02
1.878976842688368265e+02
4.885604735266749685e+02
8.193703237006309337e+01
4.710434818021400929e+02
2.229250871725717502e+02
3.816389843725500555e+02
3.627737659162580144e+02
2.390413532054279244e+02
4.458100535841676901e+02
8.917932616525845901e+01
4.578748119828251220e+02
1.520240944214870638e+02
3.989368996529395872e+02
2.961460019711491896e+02
2.814710442002851778e+02
3.976587008025325076e+02
1.332885858241415633e+02
4.358445282842232018e+02
9.395987115212199114e+01
4.056906729889332155e+02
2.304566524560490848e+02
3.142867999081065591e+02
3.455173399466663682e+02
1.810570426062470801e+02
4.062307142903540012e+02
6.916605484306451501e+01
4.027882737461242186e+02
1.676717808045669642e+02
3.373666957809421660e+02
2.908325110898099410e+02
2.236169731004998482e+02
3.702881377636812772e+02
9.323533100151607300e+01
3.911219900512043637e+02
1.111178848249360414e+02
3.510493574333276001e+02
2.351058960463478229e+02
2.587106897423140595e+02
3.293520224240432981e+02
1.348188391562537731e+02
3.717124893774146699e+02
7.023219377098207872e+01
3.558737623322819559e+02
1.802629259693968322e+02
2.853730356697443540e+02
2.845437330824382798e+02
1.758021873464222722e+02
3.454732750475205876e+02
6.752142544380495792e+01
3.519176609581141975e+02
1.276273773283152764e+02
3.040051321967097238e+02
2.373658870167903103e+02
2.116837377925874364e+02
3.136201028765396472e+02
9.822721277065511458e+01
3.405673615768139939e+02
8.255604275086504629e+01
3.144174207662671847e+02
1.892016883785707932e+02
2.409027200320221027e+02
2.772866227564302335e+02
1.360199574480987508e+02
3.223869458302672797e+02
5.822988220023231776e+01
3.169498863340713797e+02
1.417258077331246966e+02
2.629240182105579038e+02
2.375821883220411053e+02
1.715065189888015311e+02
2.982603089607889046e+02
7.105534043093754804e+01
3.121321860932030745e+02
9.758012494254677449e+01
2.776385599014383274e+02
1.957934731030336195e+02
2.019565445716683314e+02
2.691218236816602598e+02
1.029669565672876530e+02
3.005737196541053322e+02
6.318997630009790356e+01
2.851484712928526051e+02
1.532710413399281606e+02
2.264048525169856418e+02
2.360473464089007507e+02
1.368408492065248367e+02
2.829987631749897332e+02
5.493895208717609080e+01
2.856841369171164047e+02
1.118821651624415807e+02
2.443941296731119337e+02
2.000560539323271314e+02
1.676375454110479382e+02
2.601621668539851271e+02
7.633110578333737806e+01
2.797228458341137411e+02
7.497674540371474450e+01
2.558306844723547613e+02
1.623690018604831096e+02
1.936159056412115547e+02
2.329458159908644177e+02
1.070111976764558221e+02
2.677595887550236853e+02
5.171218463247772235e+01
2.608112984603251334e+02
1.243902688493730153e+02
2.140547178972673521e+02
2.022891769889764078e+02
1.372258929554136557e+02
2.504432090053831246e+02
5.700439415952564559e+01
2.595703757272640360e+02
8.820506644190724899e+01
2.286401003901466424e+02
1.692089070656283241e+02
1.640081448262111223e+02
2.285123507154540903e+02
8.176023947690569571e+01
2.524951543914041565e+02
5.844741127640566702e+01
2.372618632325997226e+02
1.348677273836270842e+02
1.861764040341381587e+02
2.027326184314283068e+02
1.103192573158553813e+02
2.400639693731535544e+02
4.707373693810435356e+01
2.400339265835808931e+02
1.007557810513064567e+02
2.032025682125456854e+02
1.740096303116698664e+02
1.371775514826849474e+02
2.228697859453495482e+02
6.149391528241910265e+01
2.371900621361996855e+02
6.946464829103673821e+01
2.148303595673132520e+02
1.433197461886239523e+02
1.604664412829404512e+02
2.015871475819545253e+02
8.675592320435828242e+01
2.290862133479346596e+02
4.751528267893358759e+01
2.210118397747234837e+02
1.118422268413431482e+02
1.793467368470935526e+02
1.769709368131319707e+02
1.129015186255432184e+02
2.161730280476826067e+02
4.755418703833173311e+01
2.218520842531900144e+02
8.125221969736256256e+01
1.934137357976331373e+02
1.498685539291210489e+02
1.367148447083617100e+02
1.990247471520380600e+02
6.672060281021569494e+01
2.175833150869657970e+02
5.499585411294383164e+01
2.024701624848399035e+02
1.212469680941201062e+02
1.569328235300378367e+02
1.782733463886278855e+02
9.109219659214586784e+01
2.085517387021973832e+02
4.194742528834782291e+01
2.065056950162508258e+02
9.235278202929518443e+01
1.729331555169791272e+02
1.546450796951507698e+02
1.148114152921393156e+02
1.952036095687106751e+02
5.095039327251600980e+01
2.056384660005520004e+02
6.522048674813746061e+01
1.843967560948299536e+02
1.289630804525223766e+02
1.358649573824387460e+02
1.780781622108270028e+02
7.184554635849784177e+01
2.001112984177919998e+02
4.464868792601185277e+01
1.911879446184796336e+02
1.022218829801553142e+02
1.533454606067050179e+02
1.577868108195644083e+02
9.472409205719546321e+01
1.902585913144798724e+02
4.100384178579605532e+01
1.933302187570336059e+02
7.580187948798202058e+01
1.667877248049695424e+02
1.350453066210189945e+02
1.161030690923466011e+02
1.765221904845757877e+02
5.557414726815171946e+01
1.909541504153625908e+02
5.234159749546746099e+01
1.759449890356383150e+02
1.106718072541250137e+02
1.346423122255509668e+02
1.594249996184720430e+02
7.652432246773582847e+01
1.843114764187488390e+02
3.849861639021026605e+01
1.807305892449838041e+02
8.571269410756964646e+01
1.496676553448557456e+02
1.395715838981109016e+02
9.766859025665178251e+01
1.737422913413516312e+02
4.322193538052336947e+01
1.811908328949641600e+02
6.180752108748102813e+01
1.608243797914477113e+02
1.176619589757908813e+02
1.168372272010676625e+02
1.596900087363701175e+02
6.045204686948599004e+01
1.774773269249687644e+02
4.259803144577157497e+01
1.679074854411275624e+02
9.452709047406357001e+01
1.330871444434539228e+02
1.426405598589678618e+02
8.062977033575918995e+01
1.698673725966047527e+02
3.638776655582680064e+01
1.709154380767910197e+02
7.135651124451015903e+01
1.458894931863426621e+02
1.232279432470082412e+02
9.996826940207610335e+01
1.586806576053206754e+02
4.708000015918540981e+01
1.698841595530421671e+02
5.020169928531309012e+01
1.549792983774962352e+02
1.021378409106472560e+02
1.170574532188887531e+02
1.443623288973523984e+02
6.513823107667157331e+01
1.650021727409662446e+02
3.612892016965865594e+01
1.602228723154420038e+02
8.026903125201344835e+01
1.311870555231902529e+02
1.274204923261630853e+02
8.411002615498497903e+01
1.565260705085050859e+02
3.746064332062296387e+01
1.616147107800442200e+02
5.895997030544707940e+01
1.419757967006073045e+02
1.084597054039605410e+02
1.016667828205266773e+02
1.448213816108508070e+02
5.153709018220489924e+01
1.592511890494464240e+02
4.102145109463788231e+01
1.492010471333992712e+02
8.820447549525039221e+01
1.168068296928402248e+02
1.303167960989788128e+02
6.938286070203535871e+01
1.533240314556894930e+02
3.310913918409647749e+01
1.527752160535523558e+02
6.763002094762211414e+01
1.289993951150430291e+02
1.135254800823462915e+02
8.697612261051126836e+01
1.441074732778247665e+02
4.049372089311210487e+01
1.527236497893785554e+02
4.840955862962429990e+01
1.379458746180689559e+02
9.505006008503596604e+01
1.028108496583318185e+02
1.319846410540288275e+02
5.601711721876937133e+01
1.491794929216520700e+02
3.446211658414109991e+01
1.434654582702924301e+02
7.567309135639395379e+01
1.161262935356126604e+02
1.173606156498686204e+02
7.311690059354472737e+01
1.423374476782659031e+02
3.313807309654396960e+01
1.455291435635160724e+02
5.651182136141294166e+01
1.265255101261022759e+02
1.007687720087541976e+02
8.927391509773795519e+01
1.324955007940198755e+02
4.441387791988036327e+01
1.441855476620833372e+02
3.978370960996552697e+01
1.337694561954344863e+02
8.283953590507539388e+01
1.034356311083197824e+02
1.200208313777511364e+02
6.023029483340025081e+01
1.395720198402984522e+02
3.078379352253199741e+01
1.377393047751954782e+02
6.439150617368616736e+01
1.150713708548653074e+02
1.053545380654011581e+02
7.631472575792528801e+01
1.319568573583097759e+02
3.530339057986140006e+01
1.384410455814131353e+02
4.686380662387065854e+01
1.237950797736855293e+02
8.903087396547888943e+01
9.101635961432437227e+01
1.215724257556656909e+02
4.859012605920817407e+01
1.359373735659886790e+02
3.324768654783758137e+01
1.294817813407522920e+02
7.171492644576225928e+01
1.035899655645359303e+02
1.088370527289441156e+02
6.404255445348685782e+01
1.303986385362271960e+02
2.988347667442830158e+01
1.320391342162674846e+02
5.436035878174084957e+01
1.136041785346230029e+02
9.419734382413112428e+01
7.896223250083572509e+01
1.220641387892615057e+02
3.865083325808237902e+01
1.314919475497293604e+02
3.875295925115452178e+01
1.207988764900389356e+02
7.820051424910901972e+01
9.224645831013744157e+01
1.112557783257757507e+02
5.265960162494945251e+01
1.279360440108465724e+02
2.909987098900121438e+01
1.250602882986551663e+02
6.158492642161446184e+01
1.033093800022145246e+02
9.834329112354531333e+01
6.738552207539240158e+01
1.215709624028954465e+02
3.123372249030628112e+01
1.263241930323819417e+02
4.548684076129405440e+01
1.118250442991481322e+02
8.380476550315057693e+01
8.109494775671915079e+01
1.126437682728840031e+02
4.246274777664834943e+01
1.246515668659458242e+02
3.233990799997395271e+01
1.175940730918296993e+02
6.822366663108061857e+01
9.298982639933936412e+01
1.014805986350838793e+02
5.643641709635512171e+01
1.201692602353326578e+02
2.745287371468947413e+01
1.205210248988136073e+02
5.241880414988728631e+01
1.026284332902095002e+02
8.847725236459717735e+01
7.025216057828637872e+01
1.130804755969948445e+02
3.396100594995840538e+01
1.206060424213221438e+02
3.785868047373318035e+01
1.097380627636135273e+02
7.412425306322715812e+01
8.272891249149357407e+01
1.036471739115137041e+02
4.631692998746799361e+01
1.179151748518724361e+02
2.789015986007402503e+01
1.141770154173851353e+02
5.904947275786840066e+01
9.328346091273382967e+01
9.221671638536163584e+01
5.983056560625760767e+01
1.126025364252002703e+02
2.801517804051299265e+01
1.158822362397698953e+02
4.422796280515195377e+01
1.015644965488086484e+02
7.919788082876604562e+01
7.263332498389878822e+01
