1.528808411213709348e+02
9.390063044201558284e+01
1.718690204206054375e+02
8.023896543775430246e+01
1.694343733394341314e+02
1.068817334716002847e+02
1.461807321011150123e+02
1.449415430757551917e+02
1.101403206370579966e+02
1.716912657715978412e+02
8.313340391831542320e+01
1.779273855192718372e+02
9.639105608067366404e+01
1.617704766422809257e+02
1.347936068133510901e+02
1.282743647062996502e+02
1.683662204209043125e+02
9.308468265791626095e+01
1.834419522199115988e+02
8.921097686537603977e+01
1.755310100197223449e+02
1.232614216251721189e+02
1.468835931336251690e+02
1.620510582206421759e+02
1.084332406778518987e+02
1.857969267913385920e+02
8.805152371380390264e+01
1.868486563146471440e+02
1.116658711345325088e+02
1.648318363619795264e+02
1.530484388695422240e+02
1.271186679275638909e+02
1.848116065445439631e+02
9.448025631625606024e+01
1.953263232067337185e+02
1.019836717590495141e+02
1.813285635946144509e+02
1.419934622974605816e+02
1.473271305925862578e+02
1.805891484099563229e+02
1.079465844204588620e+02
2.005638417395098827e+02
9.699167064563664553e+01
1.958699309373214987e+02
1.300202170142270006e+02
1.676191066386064392e+02
1.732485984382659012e+02
1.264035733637814758e+02
2.024957483848332629e+02
9.924020236262332162e+01
2.075662451615395412e+02
1.186651879702819485e+02
1.871851314514989042e+02
1.634641080560944033e+02
1.478085775521478240e+02
2.008328665185165107e+02
1.097003794104277006e+02
2.162969009737642523e+02
1.105193442366167602e+02
2.050456157076555428e+02
1.517255964882365049e+02
1.704832703093623536e+02
1.959372288077607891e+02
1.270518339903734244e+02
2.216438834823781292e+02
1.085652319119796090e+02
2.206104763046515984e+02
1.397099738837669918e+02
1.931981826641357713e+02
1.879201870680152240e+02
1.490403434937308589e+02
2.233864923750002731e+02
1.151008107029683174e+02
2.333974968890623529e+02
1.294127207015631029e+02
2.149693299249896086e+02
1.775119793015963410e+02
1.738927546957963557e+02
2.216655215567268726e+02
1.300826816467987044e+02
2.429293356096218020e+02
1.238348277264402100e+02
2.349281427713131620e+02
1.658342104197362517e+02
1.998605840461805201e+02
2.163626868671138652e+02
1.520908121097304218e+02
2.490169582141759861e+02
1.259650615667819693e+02
2.525062651945151515e+02
1.544807269243628411e+02
2.260323670641262765e+02
2.082483087396605868e+02
1.787921082083892088e+02
2.515235044856750619e+02
1.377899517126832620e+02
2.675223674940016281e+02
1.462157881934782608e+02
2.511519100247458596e+02
1.981748650666413312e+02
2.084359783847936853e+02
2.503883558125909019e+02
1.585040673156865125e+02
2.794087344209237926e+02
1.446171848656009900e+02
2.749144772194023290e+02
1.875576222958314645e+02
2.392722642488623137e+02
2.461795800593544925e+02
1.865593775524384910e+02
2.875234950852026827e+02
1.526596629195333321e+02
2.966803120889254615e+02
1.787794297284585241e+02
2.709644899908427078e+02
2.392861560384980635e+02
2.202492434295589021e+02
2.923907582343881586e+02
1.716282718667804659e+02
3.165618949471588621e+02
1.747257607666550427e+02
3.026732477941349657e+02
2.314856556592679055e+02
2.572184797922229791e+02
2.943369453536801075e+02
1.997765464966217053e+02
3.326327458955985321e+02
1.791743556383483451e+02
3.333835352155451801e+02
2.238149447378377488e+02
2.970363481988248964e+02
2.935740134136888742e+02
2.384926159412303832e+02
3.467552986133605941e+02
1.961141828605901480e+02
3.643483923077183704e+02
2.198331063375761687e+02
3.405278833990033718e+02
2.910448621626854333e+02
2.828748657335177086e+02
3.594658242881117758e+02
2.257524903970954995e+02
3.947556848828849070e+02
2.239660545901760145e+02
3.855818170828423490e+02
2.899396878386906451e+02
3.365669106707377978e+02
3.714073579484216907e+02
2.695066249114689754e+02
4.256357077625514762e+02
2.407278629350466304e+02
4.356168017026777761e+02
2.929986385412002505e+02
3.968530492142863295e+02
3.839074823040482443e+02
3.283109103613329580e+02
4.597275399878192275e+02
2.769773114317440559e+02
4.911731544942963410e+02
3.052902003474877688e+02
4.702382806846370045e+02
4.015442157684444737e+02
4.049415639475236617e+02
5.002623285730080056e+02
3.361086018310620602e+02
5.594973003972370407e+02
3.367630452599815385e+02
5.603650867639385069e+02
4.307061999177715848e+02
5.068594412077310949e+02
5.540851883814650591e+02
4.263835474356861823e+02
6.481880942262566805e+02
3.991728931305054289e+02
6.833002222798083949e+02
4.833067103693109061e+02
6.491149491655839938e+02
6.365955675915331540e+02
5.674578178272864761e+02
7.799733268188722377e+02
5.146627197202107027e+02
8.714807148500367475e+02
5.871921382937715634e+02
8.733349848205994022e+02
7.847624773761633605e+02
8.066614484424156899e+02
1.015975032885737505e+03
7.449917535059159945e+02
1.210729995515762312e+03
8.181228912637874373e+02
1.316733492966050335e+03
1.119677612560835087e+03
1.333341306235175125e+03
1.579897017027947641e+03
1.324307087605169954e+03
2.114430812791267726e+03
1.557974267580786091e+03
2.748231277228754607e+03
2.416955256186118277e+03
3.611513804669479214e+03
4.740770572625983732e+03
5.855883686025164934e+03
1.404902148156287149e+04
1.801241674351950496e+04
1.308557116949136071e+04
5.233823215506773522e+03
4.588574122839168922e+03
3.205881847309162367e+03
2.343976648348535491e+03
2.401503054556260395e+03
1.413618438740855481e+03
1.833864297016574255e+03
1.138862616986807552e+03
1.335567071663008846e+03
1.072815348087028269e+03
9.374362137292614534e+02
1.024791902889273842e+03
6.753277728101683124e+02
9.037273180286339311e+02
5.834258134958860182e+02
7.401403790774446634e+02
5.965498641417674435e+02
5.586918112117555211e+02
6.097464454920934713e+02
4.113031580021968807e+02
5.685376143089406469e+02
3.608824206815490925e+02
4.818102981427042550e+02
3.839324906984749646e+02
3.741064716975254214e+02
4.103552030992604500e+02
2.761838577975772751e+02
3.985686100064706920e+02
2.420266859643733426e+02
3.482614028650024238e+02
2.651598854703635766e+02
2.699571850100006145e+02
2.953063410372087105e+02
1.904454091524067962e+02
2.979628782243040064e+02
1.606984130399395667e+02
2.647295296179805746e+02
1.842839531000990689e+02
2.058755672577517544e+02
2.198575010339339997e+02
1.364883751972569144e+02
2.290018954817700774e+02
1.002429899551077881e+02
2.117416038700418994e+02
1.218965144176262925e+02
1.710954908565127823e+02
1.634995115832754777e+02
1.077862587803793133e+02
1.844996581373214610e+02
5.773700054585523844e+01
1.761180498865678032e+02
7.052698694960639614e+01
1.490412455307726418e+02
1.156166418801000759e+02
1.009186205843813440e+02
1.476733039397799416e+02
4.083018521499278108e+01
1.564934417135209799e+02
3.188261052942206319e+01
1.377578017864357491e+02
7.926389621734531943e+01
1.039644974835711224e+02
1.182830464468124063e+02
5.286334506652870147e+01
1.317745675526959701e+02
6.827344362894873342e+00
1.314203294162241491e+02
4.784721107052268252e+01
1.111128074252030160e+02
8.823694775620164421e+01
7.730522765693626752e+01
1.132528285821810101e+02
4.309554985817619865e+01
1.270156860223928703e+02
3.394132880918770212e+01
1.156484881715661714e+02
6.334325755065545849e+01
9.453891133113035039e+01
9.027516165007673976e+01
7.242392428850233443e+01
1.140528202315826434e+02
4.515316275719602146e+01
1.216981150399226550e+02
5.035929256903058615e+01
1.154707296815385007e+02
7.492067579996074755e+01
9.633293853704465448e+01
1.031252663926584745e+02
7.094295268126947462e+01
1.202854735704594873e+02
5.241325622044497123e+01
1.215307723359943424e+02
5.901396963361103332e+01
1.159843737385646278e+02
8.543027976401006640e+01
9.570360846176926373e+01
1.120938998019754536e+02
7.224486263618341297e+01
1.267175713285460006e+02
5.989499340298436181e+01
1.275085130210543838e+02
6.602565356086034853e+01
1.199356778756220478e+02
9.580663405561242030e+01
9.633897071424668468e+01
1.207353819375531003e+02
7.159957137025443785e+01
1.378973018578920460e+02
5.822869968249163719e+01
1.414401030184250772e+02
7.770140468378619403e+01
1.247152942711759636e+02
1.121975873196693669e+02
9.792585675926729039e+01
1.406469012536627474e+02
6.662810932613979276e+01
1.557069071749716898e+02
5.712854699577415118e+01
1.522815327856902741e+02
9.408139782959464981e+01
1.298219320834452049e+02
1.360861644121473262e+02
9.175875444005761494e+01
1.679701427257785440e+02
5.105716006056852052e+01
1.787223822416663381e+02
7.216652771339775541e+01
1.625936628585049561e+02
1.248679800605850687e+02
1.242862370183091372e+02
1.716580262609723491e+02
7.123447799688543114e+01
2.002946397077400889e+02
4.721644430288002070e+01
1.970164259519572738e+02
1.060629678017382105e+02
1.656942212559837060e+02
1.719805551992132280e+02
1.040903993455990815e+02
2.150931258279637177e+02
3.666253663844949529e+01
2.301490470880767703e+02
8.107117719673506429e+01
2.072673207494677854e+02
1.637061679511786281e+02
1.479469294887566946e+02
2.263449730126314137e+02
6.391005054601389190e+01
2.567088377383752800e+02
4.632681519653400670e+01
2.487522767187030865e+02
1.460175761643224916e+02
1.965447793306349809e+02
2.291958313267239760e+02
1.097867209606003343e+02
2.802681751022955154e+02
1.097268741947403825e+01
2.878349138849106907e+02
1.193837793912094156e+02
2.473356148397690504e+02
2.228826371439369893e+02
1.640321726700612999e+02
2.961603525910491044e+02
4.831564752208562652e+01
3.245401359621523625e+02
8.243472398885870689e+01
3.006761154557333953e+02
2.076892967258015972e+02
2.247289021076726385e+02
3.055722504718957566e+02
1.065093602691208332e+02
3.572016058109294363e+02
3.805575034546212265e+01
3.530156552552800235e+02
1.823178789424923991e+02
2.884693222211859052e+02
3.039628800728835358e+02
1.743092513718738132e+02
3.839093349905074319e+02
3.099461678551364230e+01
4.033263952835977193e+02
1.439040254569733861e+02
3.580564172837127899e+02
2.934599751696077874e+02
2.496717214086620231e+02
4.027683661971823312e+02
9.701273771844660132e+01
4.520102393240464380e+02
9.735289217776127657e+01
4.287843635012766867e+02
2.698798563959644525e+02
3.336441843070736581e+02
4.121228234687043255e+02
1.802292120752673839e+02
4.961975116896109057e+02
5.433951246538450164e+01
5.021388400613181489e+02
2.332106373254702874e+02
4.256473823546503468e+02
4.100191752598676089e+02
2.764426325899216863e+02
5.332357465520576625e+02
8.944307864179708645e+01
5.774365639004295190e+02
1.826246747625971807e+02
5.278946707929665081e+02
3.954676827342467504e+02
3.896637417511120702e+02
5.647600161257206537e+02
1.848000031448648599e+02
6.531013586862669626e+02
1.255016143430133297e+02
6.385981596868520000e+02
3.655996826910595132e+02
5.200473119955067887e+02
5.855464384284239259e+02
3.107295504144081519e+02
7.276502279628795122e+02
1.063662086639452866e+02
7.623285761045835898e+02
3.185018707458471567e+02
6.725607653016633094e+02
5.944600186278711362e+02
4.689769470858588534e+02
8.040887924925411880e+02
1.958249717103293790e+02
8.993683179325171295e+02
2.558137454234732786e+02
8.541202201875730680e+02
5.890111665021977387e+02
6.663399680163377070e+02
8.796567055778945132e+02
3.620981781492903906e+02
1.057267735236274120e+03
1.977973777815502103e+02
1.076682210330769976e+03
5.677157299938909318e+02
9.187886683164404076e+02
9.567327386513446754e+02
6.011072478280545965e+02
1.243836984155394703e+03
2.425274622992554043e+02
1.361845298385858769e+03
5.208309375699977863e+02
1.263707678337043944e+03
1.041525521653615897e+03
9.480726119589284053e+02
1.489864306098278348e+03
4.689953423210112078e+02
1.754751896510958659e+03
4.626187879202619797e+02
1.767360570529802999e+03
1.142955143768771222e+03
1.485056721101262156e+03
1.837704902891963684e+03
9.222414087090716066e+02
2.373758097050094420e+03
4.647264698137277037e+02
2.622138976842581087e+03
1.293921269631651739e+03
2.478157488114637999e+03
2.466118131090695442e+03
1.857516999358438852e+03
3.606253508209355914e+03
9.120157408713942004e+02
4.523066019654265801e+03
1.657142942378186945e+03
5.008287600514637234e+03
4.145499620121166117e+03
4.815110898312057543e+03
7.816404762812673653e+03
3.596895389194015024e+03
1.397857361502937965e+04
4.506168747863853241e+03
3.250695862497045891e+04
6.152730948489651928e+04
5.719077105497528828e+04
2.384667521511376253e+04
8.435471325776958111e+03
1.291547501803885098e+04
2.070575918565315988e+03
8.449815656370801662e+03
2.955812249388626242e+03
5.359137750548723488e+03
4.008720957493826972e+03
2.916847563858773356e+03
4.222123046313193299e+03
1.134093947127418005e+03
3.838666439277115387e+03
1.037303815041575490e+03
3.039088997355250740e+03
1.874747315072190986e+03
2.037395825257201750e+03
2.377793551698644933e+03
1.015777623584806861e+03
2.462099175837375242e+03
5.067802847197308438e+02
2.185371921735452815e+03
1.047581320212996161e+03
1.651089924757036670e+03
1.544658358376100296e+03
9.809383285726140684e+02
1.765842639906837348e+03
4.076074152062171834e+02
1.709861032974885120e+03
6.045579405128244161e+02
1.413914294313513892e+03
1.051773978504897059e+03
9.576540348321507281e+02
1.329266235526652736e+03
4.625972500039451347e+02
1.389317253341834885e+03
3.540062932875326283e+02
1.240517798934693474e+03
7.201166268701247191e+02
9.284361078875615476e+02
1.016431832710757362e+03
5.301233804091510819e+02
1.146640713015702886e+03
2.498473343350074742e+02
1.098296698324685622e+03
4.829064176378477669e+02
8.928874782878110636e+02
7.759825371953796775e+02
5.817854419567320292e+02
9.495264921728480658e+02
2.669514866883664581e+02
9.720775147347970915e+02
3.114145540294396142e+02
8.501394851093131138e+02
5.826361660269267304e+02
6.148359136619380934e+02
7.814780587060663493e+02
3.282511736065330865e+02
8.567252534109915132e+02
2.058584813270045686e+02
8.007006746377390982e+02
4.241392382372425232e+02
6.308168665764045500e+02
6.346089440222028770e+02
3.886240655253557748e+02
7.480295895218864644e+02
1.808903824021039952e+02
7.451041304649583026e+02
2.951747878086944183e+02
6.323189384865291913e+02
5.043109538695315450e+02
4.366423834829582233e+02
6.446222756077077065e+02
2.176928089037168093e+02
6.847776993529897709e+02
1.985687213713996186e+02
6.211442192621029790e+02
3.887232038352095742e+02
4.705523091425786788e+02
5.458882635040159812e+02
2.709744502026691748e+02
6.200745909602240999e+02
1.472620842191141719e+02
5.991420660386273767e+02
2.868740041436635124e+02
4.907143454736441868e+02
4.519860494134491660e+02
3.206919107466354717e+02
5.526005657836670935e+02
1.537490241080738826e+02
5.679993398462906953e+02
2.018471559007467704e+02
4.985520927498214974e+02
3.633979333780795855e+02
3.607104000103431076e+02
4.831513609351131890e+02
1.934873031508732311e+02
5.293673861044366049e+02
1.412975067325446901e+02
4.951746007194806225e+02
2.811966668989072673e+02
3.898089968503072669e+02
4.131117726294355066e+02
2.391978138162240271e+02
4.845434160880074614e+02
1.208298747393615571e+02
4.819041388452138222e+02
2.075757633060784713e+02
4.080278229632534135e+02
3.436525247540168948e+02
2.802591998728610747e+02
4.349074085314558147e+02
1.414567924914224193e+02
4.600507278646829832e+02
1.470731191131557409e+02
4.159327325923919147e+02
2.762551389166393392e+02
3.133283863474400732e+02
3.818442377328921680e+02
1.794675348531228565e+02
4.308070535148361841e+02
1.100369684161671984e+02
4.143702730237624223e+02
2.127660731370873748e+02
3.375042740807369341e+02
3.268227138487922616e+02
2.186162433665029141e+02
3.954822204910062169e+02
1.090006538584786142e+02
4.041673096422758817e+02
1.562171334772333466e+02
3.526314014389137697e+02
2.711997910973418016e+02
2.529588362473962775e+02
3.553089826760910341e+02
1.353929225318456986e+02
3.862988711822169421e+02
1.125577528282542374e+02
3.590431735017822348e+02
2.166256678479913944e+02
2.804164144402030274e+02
3.115843097241927353e+02
1.702547410135220503e+02
3.618101808367845251e+02
9.324084516589796579e+01
3.573097147254526362e+02
1.653077918207243044e+02
3.002364196943625529e+02
2.656641456493848068e+02
2.040006648625770254e+02
3.317699512860630762e+02
1.042166258080930703e+02
3.480345384010220187e+02
1.208526383328130294e+02
3.123491713129903360e+02
2.189510983173209411e+02
2.329603690960549898e+02
2.973349463067137322e+02
1.321895199620977905e+02
3.320620551828419593e+02
9.068876162165518906e+01
3.168334164871203598e+02
1.731018757872363949e+02
2.557558357504782975e+02
2.595255587123128862e+02
1.635665224427619080e+02
3.101449270082097200e+02
8.522369237111968232e+01
3.142984909700679736e+02
1.306883348017203730e+02
2.718554497721613075e+02
2.196889399748906158e+02
1.927461194300200589e+02
2.833750752176492824e+02
1.029584734521455829e+02
3.051238645038680488e+02
9.604201623375357144e+01
2.811775036347581249e+02
1.792685373187437676e+02
2.172896987479709594e+02
2.526220835124028667e+02
1.302962601995768352e+02
2.900157090576959718e+02
7.754058294234138771e+01
2.838755018073943575e+02
1.400318538584687076e+02
2.362235327817150221e+02
2.189958393377066841e+02
1.584072414180031387e+02
2.697160958734327210e+02
8.236690930433555025e+01
2.802565449550239123e+02
1.047687442672712734e+02
2.491725085808220115e+02
1.836656026533811712e+02
1.836747725937962059e+02
2.450691201107608777e+02
1.032213321771753414e+02
2.708264392187477938e+02
7.881553001714782170e+01
2.560621096782617201e+02
1.480998610142734151e+02
2.044585762907182982e+02
2.169715626173968985e+02
1.290049052977340409e+02
2.561097788866310339e+02
7.070067318265896006e+01
2.570224086072084901e+02
1.141837011391058212e+02
2.201173237450809665e+02
1.864442762346141365e+02
1.540255772159877665e+02
2.368156708220757025e+02
8.234879833003627425e+01
2.523498059757164640e+02
8.525248165314849302e+01
2.303307550540314139e+02
1.546322731970322764e+02
1.759005935591722505e+02
2.137086049620808978e+02
1.041218903175539339e+02
2.424746238596486023e+02
6.758302878694364324e+01
2.350603379375571080e+02
1.230042817559985195e+02
1.935174195127386554e+02
1.876319816294639793e+02
1.279522933747659863e+02
2.279284489667713274e+02
6.812736719108728778e+01
2.344580681508668931e+02
9.374966077834569944e+01
2.063505059511876425e+02
1.595753296681018867e+02
1.501360875440761333e+02
2.093287281366175705e+02
8.372196402791253433e+01
2.287834395860040217e+02
7.085684075806373983e+01
2.141920507275920329e+02
1.306781331687233489e+02
1.690522718911674929e+02
1.874112043484093135e+02
1.051497178533369095e+02
2.184391543723647828e+02
6.112765612480402666e+01
2.170294637780497453e+02
1.025069108896661163e+02
1.838919087760386617e+02
1.629776449617008325e+02
1.268963161081431821e+02
2.039363533905342649e+02
6.822047469839957046e+01
2.150120125680847423e+02
7.761942788640922686e+01
1.942674381692402221e+02
1.369896425532396620e+02
1.465014186336794353e+02
1.858678698483638527e+02
8.565739436356396652e+01
2.084139113124228686e+02
6.080064179937065916e+01
2.000209383898115618e+02
1.106348558217237752e+02
1.628050396309571397e+02
1.649151719775609024e+02
1.060729911222283022e+02
1.976268526149732736e+02
5.833581911343980408e+01
2.011865250872254478e+02
8.566713640428282872e+01
1.752060956630893997e+02
1.418833514555369675e+02
1.257525377906602841e+02
1.831263554405092577e+02
6.976522642074151292e+01
1.979200238105524079e+02
6.514950074954616355e+01
1.834130948546724369e+02
1.177278766132520218e+02
1.430021869150240263e+02
1.654888775332308342e+02
8.769566696038336318e+01
1.904988319300691728e+02
5.449827784612716641e+01
1.873336151295396519e+02
9.372933831202520594e+01
1.569682528936141921e+02
1.453849493076829162e+02
1.067653229581335808e+02
1.793011211092254769e+02
5.807854908874800515e+01
1.870226762764073669e+02
7.190322008103044027e+01
1.672035406032028391e+02
1.236126241887463806e+02
1.244492353978698986e+02
1.647991079480870837e+02
7.197940947463138173e+01
1.826477204988127596e+02
5.595021083146991003e+01
1.734915655515936805e+02
1.011568372730072127e+02
1.395467175863544185e+02
1.475554220319564536e+02
8.958595585708937392e+01
1.744980474260859751e+02
5.134147113769638082e+01
1.757850191741540868e+02
7.943884986793571557e+01
1.514140817175788527e+02
1.282332447119944447e+02
1.071619791049848374e+02
1.629480088907518791e+02
5.938249534934933394e+01
1.741672838136111636e+02
6.086119641353544552e+01
1.597101567848213790e+02
1.076398222461067462e+02
1.229533753074552607e+02
1.484655686739560849e+02
7.438427311953131493e+01
1.688164639563315461e+02
4.975192054016439158e+01
1.642851510563140778e+02
8.683176259515728646e+01
1.360792603150141531e+02
1.316026949961415937e+02
9.120492050832778830e+01
1.600373515479442972e+02
5.057850206257950987e+01
1.651322181935497611e+02
6.743801804680067846e+01
1.460467678106975882e+02
1.130332520999295838e+02
1.072475905031905796e+02
1.482073189772719388e+02
6.147760450807291477e+01
1.623528521753516998e+02
5.237705104718603621e+01
1.525807946593858730e+02
9.358951819229854152e+01
1.212571781938495548e+02
1.337539189032934246e+02
7.671895808348500623e+01
1.561541012411074405e+02
4.623778140656123981e+01
1.556415698434601325e+02
7.444764469930512973e+01
1.325689460569451228e+02
1.172979179662451088e+02
9.248883736503863418e+01
1.468291425170320394e+02
5.145408544523277072e+01
1.552008631292485745e+02
5.751700587143025700e+01
1.408145810964769282e+02
9.949043617887221558e+01
1.070017806057428800e+02
1.347698420515395696e+02
6.393933516801650541e+01
1.513964858963410904e+02
4.626672998790387226e+01
1.457939571261917990e+02
8.121881864821568797e+01
1.193402817409416912e+02
1.204354104336456572e+02
7.881244091246846040e+01
1.444573419796500673e+02
4.494817775131083692e+01
1.474604679775980287e+02
6.382159320601890329e+01
1.289849790239450158e+02
1.043977142597470760e+02
9.341612811123640370e+01
1.346840447568685306e+02
5.327602407243576721e+01
1.458663647776185712e+02
4.960804481695380019e+01
1.356544845291928425e+02
8.736961644107213942e+01
1.064484524573580018e+02
1.224660843274400861e+02
6.640645091814030820e+01
1.411617420602902371e+02
4.245918770170142409e+01
1.392101148887960846e+02
7.032628396186260034e+01
1.172188586174873706e+02
1.082764555179503247e+02
8.060956773144013709e+01
1.335824950666325321e+02
4.530527301519462924e+01
1.396525923181264091e+02
5.482989930139576984e+01
1.253270575945477532e+02
9.271558804116766339e+01
9.398180253829414710e+01
1.234428249348713251e+02
5.556581729450255835e+01
1.370327718286624190e+02
4.365627222303432120e+01
1.305596369526274998e+02
7.652247596456341228e+01
1.055894890349400015e+02
1.111413055443129849e+02
6.871690643730667603e+01
1.315364680172139060e+02
4.067262283578707383e+01
1.328276113636679838e+02
6.080959606980547250e+01
1.148896719496593164e+02
9.716163489143592358e+01
8.204268736625890313e+01
1.234109673389217079e+02
4.673697438083547695e+01
1.321468375856466650e+02
4.744576168530065985e+01
1.215725000210737647e+02
8.211425025749811368e+01
9.419221572615812477e+01
1.129703550717223095e+02
5.801173740249755895e+01
1.286312700915178198e+02
3.961398590139063458e+01
1.255102465025688758e+02
6.684311562514950822e+01
1.044329731919784621e+02
1.006661789145982198e+02
7.077926645120004423e+01
1.224442053481137549e+02
4.049990211942770912e+01
1.265989625544249719e+02
5.260489453886566480e+01
1.123665366676719941e+02
8.695458116968298157e+01
8.313176129878553411e+01
1.138675575410665033e+02
4.875580771601350705e+01
1.249175073183377691e+02
4.166205251374911711e+01
1.177484486584078525e+02
7.250478971258502270e+01
9.405967652998614881e+01
1.032343606284943007e+02
6.035201672529247929e+01
1.205877753099842806e+02
3.741252986614490084e+01
1.204628272868593371e+02
5.824018511646870877e+01
1.030116702476067587e+02
9.096619610646474996e+01
7.251657361170546778e+01
1.138088264961421459e+02
4.148773533014541215e+01
1.205028222403728648e+02
4.570078080370764440e+01
1.096578259390999364e+02
7.758586050338659845e+01
8.385981132268970839e+01
1.048704194178419016e+02
5.103175302365919208e+01
1.179251769598596127e+02
3.750356511286476291e+01
1.138271862133117196e+02
6.381131587946606487e+01
9.360387987180619973e+01
9.410704607020726087e+01
6.252476851689079496e+01
1.128884898219171617e+02
3.674409917487290045e+01
1.154421427047634268e+02
5.070671576714716622e+01
1.013293709086782144e+02
8.196183902341611827e+01
7.393885993613385210e+01
1.056087871325719618e+02
4.317495870356139420e+01
1.145180848654606507e+02
4.010354013723402034e+01
1.067836010395794091e+02
6.899900693864630341e+01
8.423418253977871473e+01
9.637513721671300004e+01
5.333911037528428523e+01
1.111476701881159812e+02
3.492571990849083363e+01
1.098360944691008285e+02
5.600453731756670805e+01
9.283818096056513980e+01
8.555911300287540655e+01
6.444156101660486513e+01
1.054966285093960465e+02
3.725658731630967679e+01
1.104403487340348278e+02
4.423918771627466384e+01
9.940820293077504743e+01
7.361096478209563543e+01
7.501665835141548655e+01
9.779762396446511730e+01
4.522162907028737777e+01
1.086464579524493246e+02
3.588144015714762247e+01
1.037499863277562042e+02
6.114601757372120261e+01
8.428081573331547816e+01
8.835578803871661080e+01
5.552063826203266217e+01
1.045686371323867832e+02
3.379848685070074765e+01
1.057685545727473055e+02
4.906306798110082212e+01
9.178583344978905245e+01
7.755237927422886912e+01
6.606244825201918047e+01
9.838781444966865308e+01
3.856535436446057474e+01
1.054580829730447533e+02
3.887136459187772886e+01
