3.786653048641657904e+01
1.085356236455247654e+02
7.892246859095810407e+01
7.854840569384839455e+01
1.095233254368762914e+02
3.772130125651752763e+01
1.232768507124620498e+02
2.348941929472502821e+01
1.175996348941104088e+02
6.485629277227405964e+01
9.335695436494620481e+01
1.010948003101843824e+02
5.500329368483828318e+01
1.221733284183964656e+02
1.843651624221108776e+01
1.241090106378908899e+02
4.928992829199187753e+01
1.064487937542342877e+02
9.006797312280282597e+01
7.222004158411549213e+01
1.181177018510459789e+02
2.969488903888764142e+01
1.278158090919178704e+02
3.336324253094903014e+01
1.173988069036086443e+02
7.670142375772155674e+01
8.851864020195068861e+01
1.110976154297211167e+02
4.686199300822397618e+01
1.285641215780365769e+02
2.092964008201747461e+01
1.258996005986243034e+02
6.142837284574988388e+01
1.033318910175988208e+02
1.012615393594837911e+02
6.499750077986276153e+01
1.262554464912634558e+02
2.320764406071454999e+01
1.316295082581191593e+02
4.497680706860828082e+01
1.162000831002285963e+02
8.880702657732847172e+01
8.270680962960622651e+01
1.208716709359616033e+02
3.845915087167094271e+01
1.343822813595474202e+02
2.926229091788392367e+01
1.267206239903417924e+02
7.405030540604482781e+01
9.930337247431756964e+01
1.125522584676260607e+02
5.691840316542658229e+01
1.341050189598804536e+02
2.133729215271452517e+01
1.343724462024130446e+02
5.774460684436106561e+01
1.138600101544755319e+02
1.010067006961683092e+02
7.594428606774090440e+01
1.303137516200662560e+02
3.067750603137662679e+01
1.393700366211840844e+02
4.063378476277934936e+01
1.265804381089441080e+02
8.718541035720475918e+01
9.404914621986340251e+01
1.235035985051675453e+02
4.855160695494171819e+01
1.410549161136212035e+02
2.646984883120955345e+01
1.366391425561476183e+02
7.113937379679431672e+01
1.107519289032764789e+02
1.135776469842990650e+02
6.827956383838566978e+01
1.394408820907034965e+02
2.559572376500192092e+01
1.437507938661364904e+02
5.369508001033302946e+01
1.254882967830915135e+02
1.007297123734692832e+02
8.790974757639953907e+01
1.344489143254233170e+02
4.025359053870030834e+01
1.477084603076694407e+02
3.675710572104399176e+01
1.378554094361447824e+02
8.537769306663450664e+01
1.065277938099743125e+02
1.261959380096728864e+02
6.006364610213149291e+01
1.482857080373016743e+02
2.658909908406789668e+01
1.473537118918397084e+02
6.805010125360165318e+01
1.234284121965157510e+02
1.147057893543417180e+02
8.087278114513568994e+01
1.453518820697571243e+02
3.339273931365963222e+01
1.537330456775359551e+02
5.000604635952763743e+01
1.381134469902085868e+02
1.003094850205868767e+02
1.012186642454036303e+02
1.388696416141735313e+02
5.165657470191075618e+01
1.566878736294200962e+02
3.447551327793109266e+01
1.502039543349681310e+02
8.350413798084727546e+01
1.203302411561497252e+02
1.289954780513129435e+02
7.325811034828070945e+01
1.562010825605752586e+02
3.086021533210194079e+01
1.591896579424178810e+02
6.514632124547382830e+01
1.375812478395644121e+02
1.160104028459015808e+02
9.517941433466998546e+01
1.519219741836394633e+02
4.414129706786923890e+01
1.648945021922749277e+02
4.730045569154566465e+01
1.522461716504688241e+02
1.001370120763426144e+02
1.163406649158976762e+02
1.439498766797610472e+02
6.521992612067047901e+01
1.668400122252135134e+02
3.551671132634872663e+01
1.641187076138898533e+02
8.196544926346159343e+01
1.361618630181080789e+02
1.326228757242112977e+02
8.830627037623425224e+01
1.650334991123057762e+02
3.965116694067400971e+01
1.726825686867201455e+02
6.312942580301846363e+01
1.537099516582651972e+02
1.179262693724846400e+02
1.116690029627742717e+02
1.594226730322075980e+02
5.799002061635420802e+01
1.776541629418019568e+02
4.690224506906510982e+01
1.688374787408554880e+02
1.006385483507353200e+02
1.341294884205983635e+02
1.501149863505863209e+02
8.166223896794770098e+01
1.789701456716145174e+02
4.168202206312465563e+01
1.808305203818627831e+02
8.187255606149670939e+01
1.548814720903781961e+02
1.373217269923007393e+02
1.069086738692313219e+02
1.762254520024784199e+02
5.368219337352806519e+01
1.893121930444653742e+02
6.375839810596639978e+01
1.736806687181898781e+02
1.216132800121070687e+02
1.322435594052965655e+02
1.697350694602750707e+02
7.625290316035909655e+01
1.941547605698467009e+02
5.230645384205860893e+01
1.896125998265440558e+02
1.036039731052674000e+02
1.567503417809727466e+02
1.595058834555733256e+02
1.031273314723721626e+02
1.952291752150440800e+02
5.595568126146794441e+01
2.027129394186304125e+02
8.566723144850456606e+01
1.797370221867697353e+02
1.460524032460624539e+02
1.316297887282757415e+02
1.925797884194051335e+02
7.512521775780975020e+01
2.124197983409641495e+02
7.174992571181768142e+01
2.010604014296125399e+02
1.304589707595233676e+02
1.607400017481221255e+02
1.866354823694265406e+02
1.028340764820020325e+02
2.188515571304902778e+02
6.945740300234817255e+01
2.200293343711547323e+02
1.144679478210024683e+02
1.896467171199880681e+02
1.774471299378373601e+02
1.354213234646919659e+02
2.224988769774088553e+02
8.394750415018901890e+01
2.371601737317251377e+02
1.021598524586572410e+02
2.184261581838676989e+02
1.669644618331748234e+02
1.708096727952999743e+02
2.234432369205794942e+02
1.127266401788813681e+02
2.528129667852721241e+02
9.991745919481824956e+01
2.478750759671924868e+02
1.578196850018851762e+02
2.095551457614049298e+02
2.240448483754208837e+02
1.520311199553540575e+02
2.685390553660973865e+02
1.156612499375103056e+02
2.789288192198061438e+02
1.544220827028637757e+02
2.536158942107419705e+02
2.274144635564869645e+02
2.019291914285032590e+02
2.882308416588473392e+02
1.547260859065293062e+02
3.189997679366564398e+02
1.705822983288628336e+02
3.099783251635580541e+02
2.449840601718606763e+02
2.689189850022089558e+02
3.235771472954313026e+02
2.236473844761887619e+02
3.787754977465361890e+02
2.271237084507650650e+02
3.968645061247943886e+02
3.030008816590383844e+02
3.818154817757133515e+02
4.119579221727134382e+02
3.558987687108555633e+02
5.131158324263687973e+02
3.825315349944527838e+02
5.881456489101691432e+02
5.067007252850423811e+02
6.352754853853707573e+02
7.085881185592140810e+02
6.939222110137362733e+02
9.215518265689566988e+02
8.305176083712208310e+02
1.003573975865596026e+03
9.486832752539460216e+02
8.118522082867176550e+02
8.568163765068411521e+02
5.801694315334160592e+02
6.332831819107066167e+02
4.741117340133798734e+02
4.182692577360953123e+02
4.373680765693645185e+02
2.565695323594079014e+02
3.900603585515997338e+02
1.843812959313284523e+02
3.112156150970994304e+02
2.052857828935550231e+02
2.146424459215210447e+02
2.350400572591099433e+02
1.138514099211197816e+02
2.417018966086936871e+02
5.016975856251158916e+01
2.175148088470119490e+02
9.005188758246340797e+01
1.700192597246659147e+02
1.433940363451946780e+02
1.055236661807802818e+02
1.721910212795112898e+02
3.804765277963044667e+01
1.787838412932304095e+02
3.545732101196441732e+01
1.582972492282417534e+02
8.947891894742826935e+01
1.224373793623294802e+02
1.288293486955413414e+02
7.723997372070533629e+01
1.500088964511186589e+02
4.183280808924136096e+01
1.506203918615003090e+02
5.928448501344897181e+01
1.338746883743772003e+02
9.616423084244330255e+01
1.052532279540367455e+02
1.251092651802053268e+02
7.206349671590302819e+01
1.387482640751065333e+02
5.550379219681984466e+01
1.371397483566119604e+02
7.332703408935660150e+01
1.227684655021369906e+02
1.001658253448250235e+02
1.008810397808918680e+02
1.248179732144834304e+02
7.556449852327646965e+01
1.359053439555223406e+02
6.673147111093410899e+01
1.356078639047208583e+02
8.124177183686906289e+01
1.207277403025036762e+02
1.069042949007688748e+02
9.674222673951332752e+01
1.278231321477101403e+02
7.490316663947386644e+01
1.371163168649575823e+02
6.981801049145430227e+01
1.354455520587907813e+02
8.826389069665499676e+01
1.193761426764864524e+02
1.138844749833507706e+02
9.549426056279772013e+01
1.358107413588355143e+02
7.149465037778517740e+01
1.440303698436556203e+02
7.202879292998478888e+01
1.381034294928749091e+02
9.745429915803840970e+01
1.167694844863587349e+02
1.265296740132151285e+02
8.745346843167962447e+01
1.474310746881243119e+02
6.502076593483657518e+01
1.523837420400360259e+02
7.866829467543037424e+01
1.394504664260799984e+02
1.135306613814370138e+02
1.095362329354324515e+02
1.454803396485921496e+02
7.347431341346607780e+01
1.626786451107129210e+02
6.234858542985026020e+01
1.588230040735030855e+02
9.624371891424617331e+01
1.334739559295415177e+02
1.381182119522757148e+02
9.216960846225542525e+01
1.671154333440895527e+02
5.573600624371923828e+01
1.739614075143479397e+02
7.568563020537887098e+01
1.565654684924002140e+02
1.251039786514960497e+02
1.164003835226504151e+02
1.658392136936860481e+02
6.578846356033697873e+01
1.850428182125837111e+02
5.539990791497849187e+01
1.774995946813109526e+02
1.078943566697242034e+02
1.424584888500960176e+02
1.593506526863251338e+02
8.804362493945116341e+01
1.908351311461122748e+02
4.431878587858762586e+01
1.942569597365399829e+02
8.586493728652607160e+01
1.678946036448388952e+02
1.471978723652960923e+02
1.154984393370062321e+02
1.909578522723350318e+02
5.331725795862689665e+01
2.066845981361751683e+02
6.182959664623991358e+01
1.907091062841951157e+02
1.292007756528300320e+02
1.444663989962047310e+02
1.848705584822673416e+02
7.783603963497984068e+01
2.140794832909234628e+02
4.047371421236137223e+01
2.100833580445814732e+02
1.061443505851535463e+02
1.730258177628268754e+02
1.730131877887711482e+02
1.087669945484891656e+02
2.157058525257212409e+02
3.906755248952978832e+01
2.254250627571172174e+02
7.914035847282819702e+01
1.993637982484894451e+02
1.552101876841621504e+02
1.415122897667899338e+02
2.114159524931757232e+02
6.370082031112506371e+01
2.354272606606766942e+02
5.001408056587034423e+01
2.226179155695730856e+02
1.316422518175541541e+02
1.741516370584393769e+02
2.009808511596197036e+02
9.783612784804618911e+01
2.401597517346555151e+02
3.018495209913216115e+01
2.417143955059430311e+02
1.032810984744888145e+02
2.047319090979120517e+02
1.842362348453043239e+02
1.343293694241918388e+02
2.383210324024364297e+02
4.686294887425856359e+01
2.557410093857862421e+02
7.069139465342000506e+01
2.324078165400385672e+02
1.611298917017190035e+02
1.712847247569244189e+02
2.302308818206378476e+02
8.309236640545124430e+01
2.640388593372286437e+02
3.763309383523022689e+01
2.561306627435242262e+02
1.322711280476831917e+02
2.067489990980193681e+02
2.153088858980385396e+02
1.236520946091694242e+02
2.659634824801465811e+02
2.965020326253048211e+01
2.749182234832763925e+02
9.815180957905781156e+01
2.395757349760096133e+02
1.935899382020981250e+02
1.651420767297448435e+02
2.611094739059903418e+02
6.469364389671812887e+01
2.878507030906209252e+02
5.999480728589413303e+01
2.686468038875763682e+02
1.653115628601330798e+02
2.057060978988352531e+02
2.489021213669714143e+02
1.089678203463090256e+02
2.942880222895765883e+02
2.523986618562293316e+01
2.928471117736678480e+02
1.306834786006217541e+02
2.442037472765559301e+02
2.293596961864148795e+02
1.550939746104736798e+02
2.933769047565727419e+02
4.300536897206480802e+01
3.113510109564981008e+02
9.043125345709275109e+01
2.793519867758589044e+02
2.024408849443229883e+02
2.012206748524386910e+02
2.848919658461124413e+02
9.009386486916589831e+01
3.231863819081954148e+02
4.662490735321104296e+01
3.096527176694180525e+02
1.680507464687952393e+02
2.458370211476640748e+02
2.681711458563100337e+02
1.411946414752630972e+02
3.273743005494918634e+02
2.225538762528769610e+01
3.345906097936383503e+02
1.269459332465414576e+02
2.876431412953322706e+02
2.432392583843308387e+02
1.933502531421016783e+02
3.234062188183726221e+02
6.705515226095677406e+01
3.527586193308400766e+02
7.962258613160388165e+01
3.255992587816249966e+02
2.102321497429056762e+02
2.448930378987694780e+02
3.108705609423902843e+02
1.230508098944300599e+02
3.632922228053664639e+02
2.997155023090500592e+01
3.579891673554049021e+02
1.690322199465571202e+02
2.943535439656366179e+02
2.891114400024935094e+02
1.816703504804568752e+02
3.653690866908013959e+02
3.981530854064887848e+01
3.838566354993361074e+02
1.202335899067142435e+02
3.404402947708466058e+02
2.581752694995783486e+02
2.407039360200939768e+02
3.580277151750501048e+02
1.000431737911075629e+02
4.020556588538600522e+02
6.485192042717646643e+01
3.817277300292732320e+02
2.179598543039518574e+02
2.987388644081113966e+02
3.408373062667670297e+02
1.653166051681072304e+02
4.113962147098162632e+02
1.675019891229129598e+01
4.167333098489074814e+02
1.685503444367730026e+02
3.542863141769290110e+02
3.132598690245183093e+02
2.326096974601440763e+02
4.108903022367767335e+02
7.103960846584462274e+01
4.441162322213027096e+02
1.104088823214260486e+02
4.058040843568707601e+02
2.749483437169395756e+02
3.003784484319938315e+02
3.996694998939834704e+02
1.434195918792204338e+02
4.624818984876042691e+02
4.459509332338828358e+01
4.522380566549965124e+02
2.262751516641984040e+02
3.669299516485046979e+02
3.772151196709691590e+02
2.198577181846110875e+02
4.710058125097160087e+02
3.551314402292048555e+01
4.906116019729501545e+02
1.663324582504001796e+02
4.306795525736422405e+02
3.423954515029600998e+02
2.986779819811672496e+02
4.678833024937862319e+02
1.145220676089419385e+02
5.206800557171477521e+02
9.634187179702243498e+01
4.899000393940975187e+02
2.950549851947229740e+02
3.781544933724014186e+02
4.522469571415109613e+02
2.013191756056856718e+02
5.403963802029825274e+02
2.031845865865494005e+01
5.428875421740074216e+02
2.348206619198222995e+02
4.566591803530289440e+02
4.230495381420535068e+02
2.929994469821065763e+02
5.482658051722929713e+02
7.684079683721851950e+01
5.878188345330254378e+02
1.615669793963325560e+02
5.324225325120015668e+02
3.793749122966164009e+02
3.879693087422507460e+02
5.427027512378895153e+02
1.752315393437214368e+02
6.227895595351369593e+02
7.552862548364407758e+01
6.035735746436567979e+02
3.203168965229453988e+02
4.847287564630419183e+02
5.222204424368870832e+02
2.821386906806615116e+02
6.458794030444454393e+02
2.844793664400148359e+01
6.681181494879510865e+02
2.450952487271863447e+02
5.815517847664027613e+02
4.851937187327567926e+02
3.962135455663976131e+02
6.550690346301059890e+02
1.388065196379508279e+02
7.239899662799917905e+02
1.529560000364843688e+02
6.767339819659914610e+02
4.300978825910327714e+02
5.162665545699302356e+02
6.482608553897412094e+02
2.642460705728818198e+02
7.689603948740721080e+02
4.399945930907696123e+01
7.682922548072906466e+02
3.551705608669437311e+02
6.411034579842835228e+02
6.231145273981824175e+02
4.026334710956961089e+02
8.005994851157900030e+02
8.738634485144795860e+01
8.542376034672879541e+02
2.585112908128851359e+02
7.695251377218091875e+02
5.770968540016539237e+02
5.537362953440907631e+02
8.161242294597938098e+02
2.359346529098344547e+02
9.323041449831445107e+02
1.377490267319835482e+02
9.003865718857019829e+02
5.070605113836090823e+02
7.179582452257048999e+02
8.125691895591249931e+02
4.067903018142293945e+02
1.000204389811916258e+03
1.536753523250382258e+01
1.032695740035023618e+03
4.094040135447203852e+02
8.958159581402171625e+02
7.861488611603281242e+02
6.021552220894762968e+02
1.055081202228288248e+03
1.907566337160170633e+02
1.165415164995844634e+03
2.789002863694781809e+02
1.088974342698154715e+03
7.320479533588272716e+02
8.261813026816663523e+02
1.093696039237653167e+03
4.078925429403087719e+02
1.298069189076522434e+03
1.085546203877068336e+02
1.300397369200813955e+03
6.435991088506094684e+02
1.085546325280681458e+03
1.111732983901129728e+03
6.728771542369834151e+02
1.431180959634446026e+03
1.137200399487715572e+02
1.535823848046991316e+03
5.113161947073451756e+02
1.391513458839139275e+03
1.104139559868480774e+03
1.000244696732439138e+03
1.564832949674305837e+03
4.039925582012011205e+02
1.805124649064061487e+03
3.187993679474083137e+02
1.764015094890054570e+03
1.061392555127639980e+03
1.418878676300768575e+03
1.702995975473059161e+03
7.949948273790281519e+02
2.127946859731966015e+03
3.861974883144679893e+01
2.240331291199311181e+03
9.673561808140174207e+02
1.982859365827745705e+03
1.853461003096537979e+03
1.348773374517428010e+03
2.544929186360136555e+03
3.885134535163719534e+02
2.899948617299127363e+03
7.906971923362798407e+02
2.808192436787951465e+03
2.034691552510375686e+03
2.204756479591557763e+03
3.149858738843943684e+03
1.096313058047716595e+03
3.938534763218906846e+03
4.513520391873300923e+02
4.200639690956498271e+03
2.296556169202127421e+03
3.762939580739132452e+03
4.228864084294744316e+03
2.502085716031085667e+03
5.996926564492274338e+03
3.222894276531699234e+02
7.291898202632166431e+03
2.851628282614015006e+03
7.735967357568419175e+03
7.137456526424696676e+03
6.832813881613177728e+03
1.301012592620246141e+04
3.517945226804386948e+03
2.240989729836349943e+04
6.299829257468767537e+03
4.919900916777889506e+04
9.923706708148043253e+04
9.559755933283649210e+04
4.190351828643856425e+04
1.060422604715843954e+04
2.140089606439269483e+04
7.425260774696630506e+02
1.346727587157317976e+04
5.101800201162415760e+03
8.128505511933785783e+03
6.794614733180243093e+03
3.982939980763457243e+03
6.952027905230942451e+03
7.484912745473686755e+02
6.124118734380557726e+03
1.638564443905291455e+03
4.673357785988394426e+03
3.185893895066596997e+03
2.906471743584776959e+03
3.923008669067568007e+03
1.104454648927308426e+03
3.943737704234992634e+03
5.092833108637626651e+02
3.384419849418273316e+03
1.763787321088732369e+03
2.418402160119246219e+03
2.550796172170683803e+03
1.246306898353612723e+03
2.841005339787457615e+03
5.786062935196588342e+01
2.664286631732553360e+03
9.806351621800612293e+02
2.109564936898570068e+03
1.738571176645071546e+03
1.303969736960139471e+03
2.143177106677427219e+03
3.933581065859196997e+02
2.176421183958616894e+03
4.782423686377688341e+02
1.874125159793397415e+03
1.186439731973831613e+03
1.315221571337997148e+03
1.642859991921999153e+03
6.086856150720566347e+02
1.804533585709129284e+03
1.275394849414402643e+02
1.673965111851942311e+03
7.788284095378525080e+02
1.296391721432482882e+03
1.255624665421767531e+03
7.495528419776511555e+02
1.499938520162359282e+03
1.300672215131775999e+02
1.492790150916547191e+03
4.629274731160339229e+02
1.255317786916037676e+03
9.409033831718114698e+02
8.393099720493285076e+02
1.238693676082790262e+03
3.217329276566993599e+02
1.323428774100461851e+03
2.118006674774364058e+02
1.196373940163538691e+03
6.772360137749847127e+02
8.908027226127129552e+02
1.007955204787554862e+03
4.650060369278422172e+02
1.161083700974196290e+03
1.293031739338220376e+01
1.123677297499260931e+03
4.524651595312737982e+02
9.125172406609127620e+02
8.007427143331506159e+02
5.702253675741011421e+02
1.004466783218370892e+03
1.572969338770693355e+02
1.039825737160802419e+03
2.592304152395712435e+02
9.101374079391500800e+02
6.130743868517272404e+02
6.441871138631942131e+02
8.530789018532196906e+02
2.901185914815314959e+02
9.471960168327294696e+02
9.313796168312867962e+01
8.878598056670084588e+02
4.427358889875743557e+02
6.916023176512265991e+02
7.069099520284282789e+02
3.954135995957395835e+02
8.479018364241067047e+02
5.082066602982244774e+01
8.490748452625789469e+02
2.883789034324429963e+02
7.163672515395468281e+02
5.666464351273314151e+02
4.762713384113729944e+02
7.439665036644428255e+02
1.710766037426049309e+02
7.966518401058200425e+02
1.494408116310673620e+02
7.214375372793302859e+02
4.330023379283663303e+02
5.352356673345711897e+02
6.372913638392740268e+02
2.716864392765048706e+02
7.331015357363229441e+02
2.662482840448288712e+01
7.094270178975029921e+02
3.068438365659803821e+02
5.744297979677165813e+02
5.296668524591108280e+02
3.534513239626901964e+02
6.607582257216587323e+02
8.468150570732912286e+01
6.826690536938853029e+02
1.890740192021202688e+02
5.957418250308695633e+02
4.227962895654712838e+02
4.174271986954412341e+02
5.817765090619060402e+02
1.790301303006694695e+02
6.433349477323439487e+02
8.067851033117737813e+01
6.009365951121458238e+02
3.182857426232816351e+02
4.646397575954779882e+02
4.981874986994984056e+02
2.590060649781252096e+02
5.934797519735908509e+02
2.036816763070292424e+01
5.917085676634142146e+02
2.176248984018904196e+02
4.961254128181255965e+02
4.118972709723910839e+02
3.246834808778353931e+02
5.350938898991751103e+02
1.069391629996598567e+02
5.697493099005632757e+02
1.222441815499466884e+02
5.129443957377415018e+02
3.247167692465558275e+02
3.763118774811225649e+02
4.700616185131959242e+02
1.837967668073076482e+02
5.367002837264861910e+02
3.386684713552533310e+01
5.162465015313313188e+02
2.383304154662401118e+02
4.143055018328880124e+02
4.002185138252485785e+02
2.492828994339911901e+02
4.942381979608602478e+02
4.948420374168447466e+01
5.072261637301716064e+02
1.543072444192994794e+02
4.392027224318390495e+02
3.273463890139179284e+02
3.030485563086721186e+02
4.438459509659309106e+02
1.225620300011221673e+02
4.872635173863831142e+02
7.410376490657641568e+01
4.518077300816527213e+02
2.531181390932922568e+02
3.453601627106203864e+02
3.877522985915673530e+02
1.865800122078398431e+02
4.574516078765372527e+02
8.070821058157751082e+00
4.526953174017820061e+02
1.791204314584016970e+02
3.759843586809669205e+02
3.269593778920016121e+02
2.412264127139214622e+02
4.193904054315002554e+02
7.140667725142338895e+01
4.429294746771614655e+02
1.068667469492698814e+02
3.953963757392817797e+02
2.632919176567747286e+02
2.859632083704663614e+02
3.744428940115208775e+02
1.334877910116607609e+02
4.235259150928946497e+02
3.802617356203379018e+01
4.040567736282388296e+02
1.982692426687805494e+02
3.206340430933782955e+02
3.240680962230217688e+02
1.879392239476800057e+02
3.956089226078971706e+02
2.888079190629476756e+01
4.025736807375991475e+02
1.333522057523122442e+02
3.452505977956586776e+02
2.696881067221892749e+02
2.341190475091526650e+02
3.603813726252694778e+02
8.803493505140058062e+01
3.917667789533449536e+02
7.001634888081319730e+01
3.600323235595046185e+02
2.128106859041239716e+02
2.715442554708831722e+02
3.190884935988287339e+02
1.415496795295407537e+02
3.724185256317857693e+02
1.146462544964418484e+01
3.653122971497250546e+02
1.547410260523231784e+02
3.000823502421290527e+02
2.730329436487631938e+02
1.882440750422248641e+02
3.455708194399761624e+02
4.885586228613405524e+01
3.616250539350293707e+02
9.687149858908904321e+01
3.196802081405052149e+02
2.235135203570421822e+02
2.275094670871266942e+02
3.122835189477665949e+02
1.008366302695420842e+02
3.496251441851097752e+02
4.065963543590988394e+01
3.304836055306649314e+02
1.718252319991880483e+02
2.589542561598684642e+02
2.736755008247388901e+02
1.474214602377849133e+02
3.301059372855622769e+02
1.575998996589945733e+01
3.328305235633871462e+02
1.192754811508938815e+02
2.823636064777303432e+02
2.309493089564227830e+02
1.877243157226574795e+02
3.039224333231895230e+02
6.493326966968184877e+01
3.271294086732232245e+02
6.709449657392069355e+01
2.977083154233323512e+02
1.852560771347852437e+02
2.212528875689113761e+02
2.720680367169225065e+02
1.108074199270116083e+02
3.140086786665580121e+02
1.729289625686901388e+01
3.051145307674435685e+02
1.378007311536745476e+02
2.476333703234573989e+02
2.355683472593832448e+02
1.515607539601970473e+02
2.941777820250243849e+02
3.334218680718046102e+01
3.048649828773112631e+02
8.976379349181316059e+01
2.666807138591553894e+02
1.955016376813524630e+02
1.865008879719174502e+02
2.684506064334443636e+02
7.792111363708403360e+01
2.973819861664821929e+02
4.241010291702173873e+01
2.783562671239964743e+02
1.529457864330919392e+02
2.151558022056756272e+02
2.377147209308291735e+02
1.185896592428574507e+02
2.832379042270047762e+02
8.022491447880796045e+00
2.828101634690470974e+02
1.090277700167322621e+02
2.371976216477024764e+02
2.029364938967685816e+02
1.543750433067009453e+02
2.630825800358107927e+02
4.838681658595627511e+01
2.803058011100784483e+02
6.485034027616885055e+01
2.524721931751536204e+02
1.651052279840594394e+02
1.846941844139906550e+02
2.376856265202255258e+02
8.847405278247715898e+01
2.712528127212264621e+02
2.190089479173438747e+01
2.609751498776780068e+02
1.252404638161437589e+02
2.091225857906702004e+02
2.078830293596765273e+02
1.246200193646839978e+02
2.561827930326948035e+02
2.214281117941014898e+01
2.628513715969223199e+02
8.437545979115004968e+01
2.273927452520488544e+02
1.745800613722005323e+02
1.560849151750130659e+02
2.357280783397821722e+02
6.097525489515773245e+01
2.583623639620977883e+02
4.359822661685991108e+01
2.393742329158783093e+02
1.386902843645636665e+02
1.823685159611852384e+02
2.106138828510423480e+02
9.703548398949942566e+01
2.479243454502911277e+02
7.127324981392875181e+00
2.450912448968427952e+02
1.011789066622144588e+02
2.030952786260158973e+02
1.816310419236950509e+02
1.292047583097634913e+02
2.320471054884177988e+02
3.598041022754625828e+01
2.446986700421538785e+02
6.302259811662078448e+01
2.180421147155923336e+02
1.496260136908194625e+02
1.568693659964879998e+02
2.113402094147505466e+02
7.150263246107373050e+01
2.384775602847394680e+02
2.542962954088236316e+01
2.271169997337249811e+02
1.154697735474630207e+02
1.795843118152971272e+02
1.864923174606995246e+02
1.039637376082924476e+02
