2.868305822268950322e+01
1.308505479796590691e+02
3.639710877026227820e+01
1.191861443298362531e+02
8.060283687217190618e+01
8.883048992396851418e+01
1.150960353769993247e+02
4.585956832268793448e+01
1.319818975247314086e+02
2.284884650651881444e+01
1.282174411412413235e+02
6.518044709133341996e+01
1.042162497825763552e+02
1.053828328588910921e+02
6.437750507085070240e+01
1.299908368301124426e+02
2.278663092696473313e+01
1.345329802354040112e+02
4.848875144628517830e+01
1.176678521659135583e+02
9.315847024850549474e+01
8.233162637228086567e+01
1.247744599589324963e+02
3.737520916146538497e+01
1.374370689168445097e+02
3.212071902566216153e+01
1.287185425357441204e+02
7.813066999522743572e+01
9.961794222574515345e+01
1.165543317511114765e+02
5.610448934901069862e+01
1.375315944686579996e+02
2.239747803735420462e+01
1.370781128181235715e+02
6.151209212329982989e+01
1.150105074615630656e+02
1.053549291286964973e+02
7.541802588259422180e+01
1.342602612340345445e+02
2.979608407062646336e+01
1.424205563672196320e+02
4.410620423439841176e+01
1.282102774963610727e+02
9.144831180731868869e+01
9.409233779606348946e+01
1.276983358218043207e+02
4.738925291304347098e+01
1.445401857544784150e+02
2.897589555007759543e+01
1.388134633334182126e+02
7.527980649524238288e+01
1.113754036606887183e+02
1.179233269330492959e+02
6.741446061386152167e+01
1.432951611107588690e+02
2.567210961246344425e+01
1.464835486874062838e+02
5.760081871284078403e+01
1.267071792645010646e+02
1.051654692692140287e+02
8.749628752738222204e+01
1.386100512826538420e+02
3.904596492692154186e+01
1.509118099749593682e+02
4.010245611082505945e+01
1.396095151960931844e+02
8.973900187015368601e+01
1.066402976818848600e+02
1.305198675842772502e+02
5.885313374430582201e+01
1.519141187177502843e+02
2.819635158493888127e+01
1.496949562664459563e+02
7.226138644317326509e+01
1.241336604966322028e+02
1.191645259202609850e+02
8.002947798864292395e+01
1.493383479679324353e+02
3.267254816207995560e+01
1.565967691390822267e+02
5.381119932533549388e+01
1.394623156335399301e+02
1.048372186824430941e+02
1.008920144648478896e+02
1.431892904692800812e+02
5.026420180295816920e+01
1.600442392411411845e+02
3.733833627456851900e+01
1.520772515346308182e+02
8.791822147000924303e+01
1.205586665384489464e+02
1.335392367867482903e+02
7.189467115143420983e+01
1.598785409062068936e+02
3.129968928182692522e+01
1.616108003391371994e+02
6.932460464810834821e+01
1.382765237351282508e+02
1.205148368302002524e+02
9.423457793394773319e+01
1.559147598950777649e+02
4.286138031535111281e+01
1.677734464807893744e+02
5.079548342008619244e+01
1.536144313975494526e+02
1.046180875556333802e+02
1.159622175222376370e+02
1.482816275044291103e+02
6.353675536310472438e+01
1.701521973720873859e+02
3.729564524911116052e+01
1.659986901360140621e+02
8.633204844831300306e+01
1.362397065964529475e+02
1.369727731645846234e+02
8.700378677862190102e+01
1.688891062643534724e+02
3.897458595395765002e+01
1.751202556982746898e+02
6.716784106101798102e+01
1.542921650903454633e+02
1.223975091629377943e+02
1.105142928650277838e+02
1.634856321063776079e+02
5.589977581333277357e+01
1.803773476592236591e+02
4.973783830978796772e+01
1.697213534445201901e+02
1.049377328444735440e+02
1.333317177433293352e+02
1.542393950226604318e+02
7.942123283139582668e+01
1.819752527603240537e+02
4.190204146697554677e+01
1.819756406127199284e+02
8.557196601603217800e+01
1.544811096288740373e+02
1.414589115539527882e+02
1.045479641371785533e+02
1.793420052279629715e+02
5.137201605906987112e+01
1.907319863295181221e+02
6.646825409768226223e+01
1.732570161610212267e+02
1.253301419847402798e+02
1.298969362449079767e+02
1.727713852271919848e+02
7.269116264775885838e+01
1.955773198741258909e+02
5.261078232129733578e+01
1.890835546440921178e+02
1.066826491698331978e+02
1.542886738483904878e+02
1.621609481997764419e+02
9.901089270058970726e+01
1.964151826592699308e+02
5.290328790454550756e+01
2.019138277811515252e+02
8.729917021558406987e+01
1.769237720089003290e+02
1.481427011027926142e+02
1.269409404552686027e+02
1.931835442245917989e+02
6.952280507328960368e+01
2.109832200755705571e+02
7.063376825986934193e+01
1.972184409260920006e+02
1.311182876318596300e+02
1.549290144537011713e+02
1.859607836109716743e+02
9.560364481450780261e+01
2.162087785812266532e+02
6.377190878803035190e+01
2.148476819186071793e+02
1.128172411584293826e+02
1.821565698675512692e+02
1.750068085295755793e+02
1.259993224636333480e+02
2.175744370002139476e+02
7.374297418449607733e+01
2.295528627882789863e+02
9.602833507963656245e+01
2.082389722315371046e+02
1.614117728933939873e+02
1.582379244056987773e+02
2.152051846049809569e+02
9.794908659938063522e+01
2.410430985835808144e+02
8.650120426588459566e+01
2.324648288840154464e+02
1.461901644367553104e+02
1.913807037284506123e+02
2.095148510299884208e+02
1.309208965505173694e+02
2.494012427931996285e+02
9.155404639463351657e+01
2.554023747973983518e+02
1.326589005437733704e+02
2.256105669649989522e+02
2.019956708143847948e+02
1.691905043448764161e+02
2.555552053924549512e+02
1.141291692030459615e+02
2.768810142253148001e+02
1.259750122671193253e+02
2.611647468908984138e+02
1.948806418192417027e+02
2.128740625672556916e+02
2.609954705162099913e+02
1.526296428424884937e+02
2.998648071749746009e+02
1.355716916296989893e+02
3.004088351756552129e+02
1.934596576106147836e+02
2.629198024352019729e+02
2.700059117491701954e+02
2.051184179601763446e+02
3.266060793325613645e+02
1.690763837757399415e+02
3.473863631130794829e+02
2.077965270533413218e+02
3.274446640404146365e+02
2.917545098165875288e+02
2.776786321869255971e+02
3.689336220346863797e+02
2.365960259208056300e+02
4.166303770871888332e+02
2.613114664135215435e+02
4.220632620960259942e+02
3.505707180815502966e+02
3.988077641263051873e+02
4.646775731800372569e+02
3.751778431993432150e+02
5.587165457928053911e+02
4.144416600676553912e+02
6.247217621414695259e+02
5.559187163746171336e+02
6.712003173143065169e+02
7.747529844723788983e+02
7.626796103572803531e+02
1.040566621521526713e+03
9.997900111901923310e+02
1.281362871983783407e+03
1.353946779934177584e+03
1.307709315070603679e+03
1.343185986257183913e+03
9.940737668398131746e+02
9.591279247597865378e+02
7.683585776549167576e+02
5.986677613904637383e+02
6.367493199005554061e+02
3.827307805077648482e+02
5.059524998983317801e+02
3.033546620690744930e+02
3.754059356787685147e+02
3.074107424688219794e+02
2.428454774967476908e+02
3.202255513016887107e+02
1.337942844058482592e+02
2.952962682170851849e+02
1.035274245429442743e+02
2.487228455745671454e+02
1.560974763534285330e+02
1.722717816784596891e+02
1.990813079474545475e+02
8.576191504030357748e+01
2.131418170728908308e+02
1.271617967678199257e+01
2.004228835780782276e+02
7.535004935729109832e+01
1.612568630978193482e+02
1.301270011793403967e+02
1.085273010385523804e+02
1.651054672755890351e+02
4.985718988260505569e+01
1.733935437545306684e+02
4.136908189322001306e+01
1.586216393574694905e+02
8.690835499599404557e+01
1.274347468153042797e+02
1.254766808773818525e+02
8.878698515504927968e+01
1.489316326208662247e+02
5.838005621372450094e+01
1.534882797676971222e+02
6.365998165711724965e+01
1.413652793450922900e+02
9.615883715481139404e+01
1.159369218570917610e+02
1.260384921558475639e+02
8.488865209306783299e+01
1.428533761182107185e+02
6.795531529565955964e+01
1.440315943879690224e+02
7.738038639162607524e+01
1.352069052757270242e+02
1.041987574837137913e+02
1.118623076222754236e+02
1.265233755546847902e+02
8.773840444397728788e+01
1.431341824524075150e+02
7.432006033259537503e+01
1.453136371068808046e+02
8.703302675806142474e+01
1.337664592042563072e+02
1.112959891707247948e+02
1.120015019384236012e+02
1.341342595707524481e+02
8.723393544750172168e+01
1.469486269627836066e+02
7.516523861662643924e+01
1.465300193499552961e+02
9.140085752017907339e+01
1.330344624415950250e+02
1.193384555153430711e+02
1.091460426114210094e+02
1.433911008440970249e+02
8.311709283701371476e+01
1.559873881083334481e+02
7.633865730553077356e+01
1.521148326883497077e+02
1.011524823139251623e+02
1.331067717237215788e+02
1.337234607541611524e+02
1.005533839201851833e+02
1.592733566138273886e+02
7.356694680307012391e+01
1.668486899392552516e+02
8.247012029710533909e+01
1.557227404060449203e+02
1.185176831328600713e+02
1.248837967193600349e+02
1.560514733272747492e+02
8.482527808080637044e+01
1.767243313818761123e+02
6.652585651064407557e+01
1.750477656113623368e+02
9.967978769211104861e+01
1.506052587396170850e+02
1.460774007968026922e+02
1.068756022717469136e+02
1.804155640837449255e+02
6.416179060849384541e+01
1.922200702046754657e+02
7.811612357570869847e+01
1.755531829526551348e+02
1.321202815062488014e+02
1.334854555109931482e+02
1.785110944773859103e+02
7.830239044916945090e+01
2.027683595830762897e+02
5.815653347849475807e+01
1.972985591627220572e+02
1.120460131101064007e+02
1.620186330379161745e+02
1.703398788754663542e+02
1.038595139522747388e+02
2.079402847261738998e+02
5.093962063084310188e+01
2.153918746133587945e+02
8.814756151013915542e+01
1.894385614706843626e+02
1.558918109284199147e+02
1.346746707437599184e+02
2.071055637383962278e+02
6.548195682886728264e+01
2.283249786341845038e+02
6.194482049802189749e+01
2.145022023610403892e+02
1.357701764757418061e+02
1.665492985233250636e+02
1.998358542965690106e+02
9.459756193381889489e+01
2.356755919489962992e+02
4.262611722718877871e+01
2.352473488863711850e+02
1.096901749333731715e+02
1.979151737454338331e+02
1.859181447320019913e+02
1.291139611052641953e+02
2.364906087432599406e+02
4.975681465120867841e+01
2.517407477540371588e+02
7.975757318439347898e+01
2.266723927457988168e+02
1.651817316158231108e+02
1.658059748514549199e+02
2.311290316145066868e+02
8.026204760570000474e+01
2.620463966568880210e+02
4.869401096583697353e+01
2.522941653768543233e+02
1.384945126057951654e+02
2.018093594308591605e+02
2.185023061129803921e+02
1.191838034577790211e+02
2.665246310696462615e+02
3.543061008854604665e+01
2.730969816930162324e+02
1.062775184951882608e+02
2.357488915210453513e+02
1.988178158144752388e+02
1.605104462882557073e+02
2.638832164928211341e+02
6.232205525818780245e+01
2.881609252168412922e+02
6.963437120161508176e+01
2.665946067205747454e+02
1.722558004739388764e+02
2.018954879376781548e+02
2.537222539023832439e+02
1.049110667600143785e+02
2.969127092367044156e+02
3.538366151922667058e+01
2.932272607076188251e+02
1.391922887469040404e+02
2.419757028528372018e+02
2.363333241762502723e+02
1.510578453068162332e+02
2.983248938847128215e+02
4.183806683440215579e+01
3.139371515550046183e+02
9.986831812152041721e+01
2.792013692871694843e+02
2.109743559440181002e+02
1.985331177683665373e+02
2.922214298358672977e+02
8.592278411361493795e+01
3.283439959480770653e+02
5.677323330969859683e+01
3.121893224204375770e+02
1.782046999127283016e+02
2.447788949887984984e+02
2.775444801891387101e+02
1.373897975349711942e+02
3.351443322664104016e+02
2.606875125725902720e+01
3.397124963634187793e+02
1.378551322412992306e+02
2.891142560733315463e+02
2.545046139182501861e+02
1.909663883853779112e+02
3.337636606140678168e+02
6.233767254099554123e+01
3.609177010901779568e+02
9.125445725644641470e+01
3.297173166986240176e+02
2.230216752579604815e+02
2.443268144904881183e+02
3.232776089467774909e+02
1.185245358242529505e+02
3.740931712113817866e+02
4.102059736745923146e+01
3.652082120018839078e+02
1.824923076039572436e+02
2.968868883192752719e+02
3.037226546600797974e+02
1.787731820841969181e+02
3.789619324485655056e+02
3.525436771091769828e+01
3.942361241641136758e+02
1.338300707954393829e+02
3.462754573485955234e+02
2.741702290272093023e+02
2.405413115572147831e+02
3.741713195381832406e+02
9.430675947512790458e+01
4.158498494392633233e+02
7.794792983649297469e+01
3.912488141195469211e+02
2.346058838734265919e+02
3.022770757353980571e+02
3.592250210073981975e+02
1.621101428147056254e+02
4.289264741533580150e+02
2.378469356634011334e+01
4.305191817647266248e+02
1.854959226738496341e+02
3.620073396734275661e+02
3.335534615846818838e+02
2.327079033077079373e+02
4.316614659981110549e+02
6.419492911238619115e+01
4.621595219665933314e+02
1.265143012094655859e+02
4.184155255666023550e+02
2.963465874712989034e+02
3.050712076689629271e+02
4.234822322475728242e+02
1.392813192901136290e+02
4.853886743657043894e+02
5.964749167763567783e+01
4.697728520180981491e+02
2.476529835760014180e+02
3.770939924585616154e+02
4.034016499936109881e+02
2.201872822065236903e+02
4.982259387996562054e+02
2.851532352041224527e+01
5.144210618607595507e+02
1.872739432208927042e+02
4.471534639582527575e+02
3.705145512319800787e+02
3.046242448910114717e+02
4.992620235968445286e+02
1.086355876081003942e+02
5.506243597792982882e+02
1.153232008608958807e+02
5.135583672209525048e+02
3.239927030208546057e+02
3.912209489605501176e+02
4.874289252052857364e+02
2.009449163326129906e+02
5.766112196219254429e+02
3.449380291219918604e+01
5.744864262838279956e+02
2.633375461256213157e+02
4.781230653370610639e+02
4.612078899467356337e+02
3.000597573341073598e+02
5.906371930821613887e+02
6.797218371643491253e+01
6.279746616254413993e+02
1.879991040039024028e+02
5.636660118393992889e+02
4.193091686865951147e+02
4.045372711892910047e+02
5.909164158344922271e+02
1.732457994621790363e+02
6.720843378059943234e+02
9.785926736305758311e+01
6.460397230174686456e+02
3.605790385423738371e+02
5.128266962540498071e+02
5.754389872011923899e+02
2.901426575210343799e+02
7.046262041118686739e+02
1.846815090653373659e+01
7.232538169415869334e+02
2.835658582815424893e+02
6.236905648283268420e+02
5.423666614131857386e+02
4.172397380335778507e+02
7.233192405932495603e+02
1.334845959472749541e+02
7.932074001705975661e+02
1.869297170956349419e+02
7.355233984266046718e+02
4.893987790046168698e+02
5.539610803499184613e+02
7.256951816066692800e+02
2.725177967358428646e+02
8.535430384325186424e+02
6.947320723154726352e+01
8.467997834206561265e+02
4.140010830887385396e+02
6.998640483579031297e+02
7.088736070265335911e+02
4.296646048513455298e+02
9.017650179493897440e+02
7.529991798227007394e+01
9.559679545309111290e+02
3.131180614308454437e+02
8.547722191874159989e+02
6.694911894624740398e+02
6.062157715100192945e+02
9.351530622223132241e+02
2.431045100722353141e+02
1.061278334866975456e+03
1.828378557167838210e+02
1.018772075290670841e+03
6.031985689423788699e+02
8.044221015869765097e+02
9.499731574233895799e+02
4.427162656210911678e+02
1.161156856834042856e+03
2.072166370096942956e+01
1.193096732991524959e+03
5.044216968144548900e+02
1.028284371786911834e+03
9.420239421786850471e+02
6.800571753522078779e+02
1.254023968591978019e+03
1.927735045771586613e+02
1.379928565913299963e+03
3.651792760473718431e+02
1.284012228740049522e+03
9.048540546223168803e+02
9.657134419808356824e+02
1.337955164064875362e+03
4.581266746040849966e+02
1.583409501922038316e+03
1.717850507793233419e+02
1.584174926678573001e+03
8.299316611867487836e+02
1.317630748718583845e+03
1.411401910151649417e+03
8.018913382379239465e+02
1.811944172231867924e+03
9.891385972331219989e+01
1.950420322723645768e+03
7.018467921009555539e+02
1.769400112469814303e+03
1.472888110915586822e+03
1.265445275867995406e+03
2.086398934687147175e+03
4.808539723113210584e+02
2.420505216629891493e+03
4.903111388876045567e+02
2.385871163681712915e+03
1.518239972524977247e+03
1.931707302379200655e+03
2.442078337588930935e+03
1.066083118547101549e+03
3.091468747864298166e+03
1.356912657157748754e+02
3.316389883087262206e+03
1.541970022196161835e+03
3.001779732604107267e+03
2.976407459932799611e+03
2.071945153415253571e+03
4.204539750603061293e+03
5.433184287797051866e+02
5.004334848967133439e+03
1.533707586863130700e+03
5.114225936665015979e+03
4.016057834089464905e+03
4.287952712450337458e+03
6.717118910971119476e+03
2.245455524059113486e+03
9.414057556438117899e+03
1.425528482878907198e+03
1.190741082118917438e+04
7.754173308250173250e+03
1.397593892965807572e+04
2.042099811096660051e+04
1.578551316278178274e+04
7.482780732634878950e+04
1.032912488779144478e+05
7.304303177343960851e+04
1.391881307685652064e+04
2.089855861086284131e+04
1.330550975791428391e+04
8.277382203020415545e+03
1.164042127688287292e+04
1.924961971611363197e+03
9.422610222601015266e+03
1.869343433670546574e+03
6.866124205607407021e+03
4.035580986762834073e+03
4.239982186541576993e+03
4.987375791842010585e+03
1.777470593836418175e+03
4.990169223446451724e+03
3.213945530368139316e+02
4.287342785538900898e+03
1.914771272128811006e+03
3.105798860619684092e+03
2.905766952460364337e+03
1.702178053476900686e+03
3.296594819120152806e+03
2.878799732130618736e+02
3.132846776003855211e+03
9.435442487144613324e+02
2.527658188191586760e+03
1.849876341845944353e+03
1.632579522205824787e+03
2.355846269900932384e+03
6.104150973175583204e+02
2.442229560449887686e+03
3.787010398847125998e+02
2.147033272909965945e+03
1.192595846838449461e+03
1.559878711922208367e+03
1.735330236820291020e+03
7.981315118637415935e+02
1.955798185500940917e+03
1.651691537697061207e+01
1.857100546771230256e+03
7.348861144355950046e+02
1.480714547826304624e+03
1.281350576595749999e+03
9.110272709873401027e+02
1.582183978179658880e+03
2.506086921722116756e+02
1.613513807933276439e+03
3.946727170405063703e+02
1.392957385164143943e+03
9.268293379849009170e+02
9.740300469427917278e+02
1.275052779310908136e+03
4.351710150348847037e+02
1.399232656680450646e+03
1.328805444850091533e+02
1.297524434575744181e+03
6.394253262887102665e+02
1.000852733617376884e+03
1.012768534496814709e+03
5.680078618691663905e+02
1.203974352359773093e+03
7.535693812106008238e+01
1.195325738487504623e+03
4.007272760045116229e+02
1.000473259727934078e+03
7.840722896714238459e+02
6.608337553967144231e+02
1.022491424829054495e+03
2.375205529940787130e+02
1.087302113948873739e+03
2.001813418484779845e+02
9.782370206748528290e+02
5.817780994983281744e+02
7.216575807238563129e+02
8.521191638942655118e+02
3.653621708678463165e+02
9.747900080407665655e+02
3.274207034715045239e+01
9.383100602375611743e+02
4.018120059051340149e+02
7.560469199110652880e+02
6.917487208926863786e+02
4.637223431358831363e+02
8.592599264045959444e+02
1.125306891074509110e+02
8.838129628634017081e+02
2.416692782496477889e+02
7.680751160506445103e+02
5.409402946465079367e+02
5.364877197961122874e+02
7.420572777775876148e+02
2.304622736154927054e+02
8.176060656631899519e+02
1.000739034428361265e+02
7.610451977748762147e+02
3.997958597080203162e+02
5.867268680095827449e+02
6.247293099812166020e+02
3.268278632221839644e+02
7.421126105724106310e+02
2.772642518587142035e+01
7.377139785006226020e+02
2.686743204681277462e+02
6.169260322585331551e+02
5.087400561914943182e+02
4.031749172746243630e+02
6.595449211450039684e+02
1.337999560742492804e+02
7.005612576934588560e+02
1.481217049071027247e+02
6.292733630341057278e+02
3.955549610991811278e+02
4.609294999207874071e+02
5.719742816249467978e+02
2.255357079921623438e+02
6.518212241758579921e+02
3.944695997863608738e+01
6.257529759435793721e+02
2.865504783123054153e+02
5.014292575622851018e+02
4.813431427765727335e+02
3.017512479200208872e+02
5.936218219857399845e+02
6.131611229110436057e+01
6.082374937103818411e+02
1.830476156209860221e+02
5.259530703432355949e+02
3.894838456547948340e+02
3.628211708095292920e+02
5.279565439938235158e+02
1.472665240586095194e+02
5.785252880622540488e+02
8.635724184331880338e+01
5.357991279096537482e+02
2.981071416220004835e+02
4.092822164073839417e+02
4.567659602906605869e+02
2.215159171113959928e+02
5.384076245462871384e+02
1.072878174894956516e+01
5.322508949779820568e+02
2.088108854825870822e+02
4.417310795698804213e+02
3.818558656443312884e+02
2.835708300260457690e+02
4.896131474211624663e+02
8.497973659851608375e+01
5.166805442726571300e+02
1.230984967920551583e+02
4.609126069306996101e+02
3.049890496336199135e+02
3.333695727394618871e+02
4.338676791418838548e+02
1.562441621596466632e+02
4.904857129125088022e+02
4.275414092776509989e+01
4.676800934297231720e+02
2.278414343092005367e+02
3.710169000665734984e+02
3.728593385441571399e+02
2.178402469033141529e+02
4.550810134491142094e+02
3.477990125585154857e+01
4.628946917004496413e+02
1.518754361747540997e+02
3.968880428046438738e+02
3.082332912038052086e+02
2.693057130974975735e+02
4.119628748011233483e+02
1.020684517892179031e+02
4.477151700061615429e+02
7.871715031070496593e+01
4.113756712305051906e+02
2.415823056181921231e+02
3.103843310426975108e+02
3.626196539926922924e+02
1.623260402158518332e+02
4.232322274869059129e+02
1.257756122085010908e+01
4.150997476325877642e+02
1.744372631375293849e+02
3.410395294163531048e+02
3.085369356520449742e+02
2.142895835517372234e+02
3.906537202822408403e+02
5.660293647278103890e+01
4.087939836361966854e+02
1.082529806469954252e+02
3.614246070885544668e+02
2.511841009160367548e+02
2.574475462170352671e+02
3.512527762443473875e+02
1.147715521631215694e+02
3.933171105911675909e+02
4.462482043286502176e+01
3.718764353660177449e+02
1.919932528611129499e+02
2.915553232819927416e+02
3.063925097938149520e+02
1.664093895932799967e+02
3.696896193085283358e+02
1.901782659504242901e+01
3.728170916506026060e+02
1.323910664494754315e+02
3.164317111572456156e+02
2.573224544230696438e+02
2.107030292939575702e+02
3.389109855836614429e+02
7.367321662066616739e+01
3.649145148907028329e+02
7.374775605676794044e+01
3.322138660639701584e+02
2.054188669311680826e+02
2.471504804900519616e+02
3.021374148256007288e+02
1.243378633384996022e+02
3.489016683067336544e+02
1.845067722339764771e+01
3.391436841816461651e+02
1.519898911935736692e+02
2.754602519193766739e+02
2.605459511697101789e+02
1.690044451723726695e+02
3.256368736969031374e+02
3.812563501093516294e+01
3.376231036958866412e+02
9.831640357017467124e+01
2.955353337803475142e+02
2.153469862492063669e+02
2.070021303018711194e+02
2.961029550312193237e+02
8.713279544370954000e+01
3.282090257429915141e+02
4.583282762886163653e+01
3.073882590363268719e+02
1.677413522967287065e+02
2.378508002830166106e+02
2.612731214680596281e+02
1.315807254049453832e+02
3.115638590429255146e+02
9.818027450211918250e+00
3.112832259037812150e+02
1.189495233644990009e+02
2.612968474055292631e+02
2.222526851921370223e+02
1.704418387310062712e+02
2.884762831179430691e+02
5.417462682816653796e+01
3.075730189208867955e+02
7.018192494288814487e+01
2.772379838818563940e+02
1.801467962384927546e+02
2.031240047580895123e+02
2.598185731453734206e+02
9.785409043153984499e+01
2.967674636665298635e+02
2.314681859036298661e+01
2.857275684167702821e+02
1.360744322677782918e+02
2.292193474255828960e+02
2.265327789760750079e+02
1.370231975531277158e+02
2.794769714653940582e+02
2.523424882216903598e+01
2.869783292747699193e+02
9.114427763659490722e+01
2.485094838601790457e+02
1.896237474086028101e+02
1.709334811746309697e+02
2.564551090085018359e+02
6.740936172976452667e+01
2.813381610701711111e+02
4.657116467993730424e+01
2.608903140144031454e+02
1.501045498146049226e+02
1.990637498195377191e+02
2.285026579102388951e+02
1.064045869430960494e+02
2.692850323528859349e+02
7.695962131260484007e+00
2.664413105869468836e+02
1.090200974912031313e+02
2.210603151926455894e+02
1.965014397489034081e+02
1.410248223851052103e+02
2.514136162388261084e+02
3.999396615198095617e+01
2.653727643764045752e+02
6.742991364433744650e+01
2.367247842084719309e+02
1.613799673630443010e+02
1.706436436916485206e+02
2.284179245376610652e+02
7.832302618330557209e+01
2.580354607181835718e+02
2.668184297203370292e+01
2.459951415383729909e+02
1.240985476874071054e+02
1.947978458038472240e+02
2.010543340080258190e+02
1.132042378140201464e+02
2.448811249270135590e+02
1.594311407608636522e+01
2.489708489484994516e+02
8.563026974336125363e+01
2.131981210002717830e+02
1.701656511006199537e+02
1.438331739724114300e+02
2.264880791533433069e+02
5.261743545189054316e+01
2.458671359253107482e+02
4.701383930768218278e+01
2.256791319967709910e+02
1.366223634168810293e+02
1.696696068680217309e+02
2.035136786082485116e+02
8.733631537253332056e+01
2.370310653608911196e+02
1.072693156424432459e+01
2.322164206235260338e+02
1.013256843314424600e+02
1.903224860788355954e+02
1.766918293795867498e+02
1.185549663822479403e+02
2.229121174865593105e+02
2.926599726348319308e+01
2.329208461477452659e+02
6.520131764681001130e+01
2.055437363193448448e+02
1.468100890712462956e+02
1.456394434692571451e+02
2.040794229088943155e+02
6.333189866405166413e+01
2.280268515522145378e+02
2.936311315305427527e+01
2.152015410260314070e+02
1.146957181937282542e+02
1.681119583685537862e+02
1.811557938459066861e+02
9.475932269456548340e+01
2.178803370990319763e+02
9.445408489685556574e+00
2.193121248889998185e+02
8.120649487160312674e+01
1.856393508747605949e+02
1.548459594953968974e+02
1.226931921349303565e+02
2.029364732537015641e+02
4.114270012839495649e+01
2.180055776239302645e+02
4.724836152956490309e+01
1.980158616236901139e+02
1.259034413693862291e+02
1.465888478969777111e+02
1.837383919385117963e+02
7.239916377437495498e+01
2.115367720658547341e+02
1.439480822733995957e+01
2.051562793501410340e+02
9.512406165122115453e+01
1.660270856979274186e+02
