2.050879446026532662e+02
3.056334982361631774e+02
1.919480130638614810e+02
3.054111477359533637e+02
2.237694117158914082e+02
2.764503711662624141e+02
2.753055056114180843e+02
2.319877325066635763e+02
3.158351170388850733e+02
2.021109595235763265e+02
3.285424750403054759e+02
2.188671601160797024e+02
3.088772529834280363e+02
2.709386404542532887e+02
2.649806902928925751e+02
3.224524007983756064e+02
2.217642836439934229e+02
3.493068581766952434e+02
2.185912230538763765e+02
3.418093545141296659e+02
2.649549759075557631e+02
3.027795431295454023e+02
3.252850685324506799e+02
2.513091847443676272e+02
3.671623307229021407e+02
2.264982506399817339e+02
3.743184321155168277e+02
2.593615907607118629e+02
3.443435421670006349e+02
3.246589664118407086e+02
2.901258486313871572e+02
3.815213902239834738e+02
2.457427309922107668e+02
4.056610480752023591e+02
2.572420090372713162e+02
3.886381683672688609e+02
3.213916908191239372e+02
3.371315698675837211e+02
3.920344247440294225e+02
2.782522888393782523e+02
4.351050081007151107e+02
2.629417395635063031e+02
4.348588900137299333e+02
3.172242716724849743e+02
3.913525657871002181e+02
3.987323883087114496e+02
3.244262116849312179e+02
4.619641661724222672e+02
2.825373775761424326e+02
4.825712287213871150e+02
3.151219531557628670e+02
4.527159224603747703e+02
4.022740852823313844e+02
3.849541443871123079e+02
4.864092674700985413e+02
3.188141562423340361e+02
5.309436461805214549e+02
3.205927881539057580e+02
5.204257336728422842e+02
4.037886677310212917e+02
4.590059744152749772e+02
5.078236159826952871e+02
3.765859658242318915e+02
5.803368087832110405e+02
3.410227105124852756e+02
5.954957733543815266e+02
4.069497967850357441e+02
5.480298498619425800e+02
5.267328793860190217e+02
4.582314818040179603e+02
6.312429278099352814e+02
3.853678069211530897e+02
6.792955059012991796e+02
4.181140311001966552e+02
6.555618066834867932e+02
5.456287226363892842e+02
5.668600196329083474e+02
6.850153126403125725e+02
4.632940908991729998e+02
7.744998046679728532e+02
4.459175928769444681e+02
7.846550210935943142e+02
5.683139179491392952e+02
7.097831164903933541e+02
7.446863229426854787e+02
5.863732342525734111e+02
8.876522244194095492e+02
5.102693809521522894e+02
9.451817593071132251e+02
6.035618010220301812e+02
9.020072533857353392e+02
8.161517060652589635e+02
7.716348885661340091e+02
1.029132896824011368e+03
6.397554827959240811e+02
1.160565404813800342e+03
6.715731492801107834e+02
1.173702995026606459e+03
9.167044960041035893e+02
1.057294657671405957e+03
1.225318719548976333e+03
8.792777314090992604e+02
1.475949804242322216e+03
8.231434873085522668e+02
1.593927562059399861e+03
1.085249040182238332e+03
1.538959251966769898e+03
1.542345993166127982e+03
1.344660883678728169e+03
2.017964408886826277e+03
1.182522157889463415e+03
2.369209420953547578e+03
1.443398401622854635e+03
2.515713952342359335e+03
2.210574769168967578e+03
2.407459209284726967e+03
3.243089879425424897e+03
2.234801740388778853e+03
4.417067340038592192e+03
2.621278889641627302e+03
5.701948945528140030e+03
4.714738430334288751e+03
7.243928732665393909e+03
1.006818545051377805e+04
1.089249812080247102e+04
3.270651773575620973e+04
4.379575157741209114e+04
3.153400983328205621e+04
9.948105989083314853e+03
1.016392838011214371e+04
6.764732983957530450e+03
4.796384652693373027e+03
5.440442446454244418e+03
2.580325525874843606e+03
4.341981171509279193e+03
1.999782307177998973e+03
3.251251172352492631e+03
2.199596392782915245e+03
2.222145523129308913e+03
2.354893801302634984e+03
1.389115538927398802e+03
2.281595474108955841e+03
1.020060748515174055e+03
1.970539386507244217e+03
1.159173409337503017e+03
1.520675004195225711e+03
1.398500755330223001e+03
1.026770783148972441e+03
1.496826209056344396e+03
6.882946929288119691e+02
1.410878341747168179e+03
7.125663464891092644e+02
1.177136374718738807e+03
9.162410310722566464e+02
8.564814405500169414e+02
1.065319642268318830e+03
5.585089258805858208e+02
1.084448599004749440e+03
4.742472127206680739e+02
9.627702246961389392e+02
6.244245151730060570e+02
7.486089912981207135e+02
7.846334768491815339e+02
5.020288658991494231e+02
8.531151843983235494e+02
3.523948216686241039e+02
8.107663682324871388e+02
4.295864613122078026e+02
6.712878375307373062e+02
5.811917885152690815e+02
4.759199360051756571e+02
6.805766177435644977e+02
3.000441119469822979e+02
6.896378603337573168e+02
2.972629124173232640e+02
6.066701964301526004e+02
4.289841298605192037e+02
4.574051978310034769e+02
5.399330069142364437e+02
2.892401465162866998e+02
5.857060028106474192e+02
2.133156973007999113e+02
5.469556256976592294e+02
3.072567284235968259e+02
4.423536997038019081e+02
4.255217061553869371e+02
2.957509036400566060e+02
4.945044884935883829e+02
1.758015985020026051e+02
4.912524558668847590e+02
2.142980058821121077e+02
4.215286150314030351e+02
3.266504242475551223e+02
3.038556753370040724e+02
4.102586981741754926e+02
1.748162123300035660e+02
4.350770268998599590e+02
1.425848761878556843e+02
3.982708350526688150e+02
2.410570838166375722e+02
3.078273588650714032e+02
3.333758031015307211e+02
1.896700915973556505e+02
3.798301895321329198e+02
1.030906822726509517e+02
3.704652604363780597e+02
1.670473538666586251e+02
3.078053179870612439e+02
2.642671076807790200e+02
2.053187360314889247e+02
3.250274345519235908e+02
9.959709630747420306e+01
3.364745286710528376e+02
1.038272483406463351e+02
2.994828558780771459e+02
1.979328432474874546e+02
2.202566644989283589e+02
2.711338492509375442e+02
1.164268145299877801e+02
3.007168123442105525e+02
5.768260186800456779e+01
2.856294711667404158e+02
1.379695626452306669e+02
2.273852619155126149e+02
2.179328520976690129e+02
1.382959686741305916e+02
2.629294331911496556e+02
4.423982452297227752e+01
2.644143101756333749e+02
8.316277755010078465e+01
2.267948823979768349e+02
1.653988104991695138e+02
1.572384536840133933e+02
2.218659984767339495e+02
6.611594445800363928e+01
2.393859132376773857e+02
3.370113729904819166e+01
2.207570561751535649e+02
1.164993075460242551e+02
1.695262424706316153e+02
1.800972182584561381e+02
9.338707821709616042e+01
2.104604011675471327e+02
1.099648382794032919e+01
2.084726584953142776e+02
7.227222909360888536e+01
1.743130124476419667e+02
1.372692246169116288e+02
1.177325390198098631e+02
1.801386159795789297e+02
4.673077094947885257e+01
1.906303896260663748e+02
3.872972204859708256e+01
1.736329928915921812e+02
9.934211689981188442e+01
1.334232319962492284e+02
1.462693970417688263e+02
7.703605313771839747e+01
1.674844445538585660e+02
3.818401262811175201e+01
1.661664098455840985e+02
6.620565434885003242e+01
1.447086284930638271e+02
1.148738228738235705e+02
1.040680329474470369e+02
1.430948365092413610e+02
6.289663062746998179e+01
1.543635837137481701e+02
5.194540233261741236e+01
1.476428700615037997e+02
8.531144648491886073e+01
1.212897348789680905e+02
1.167132533368261562e+02
8.810439846332722880e+01
1.385426373232746187e+02
6.293730108925065991e+01
1.401018152003713908e+02
6.339939327691040205e+01
1.338526797654835150e+02
9.276591098430974114e+01
1.109387177260125270e+02
1.165401387984290835e+02
8.396091323111490112e+01
1.347928417958465843e+02
6.892884129762546763e+01
1.365286799733922010e+02
7.651408657826627291e+01
1.305939843945703558e+02
9.923691220011373559e+01
1.086515489772834542e+02
1.204623801233861684e+02
8.314635953188081885e+01
1.315901046909451395e+02
6.619303144589450483e+01
1.320696371200360772e+02
7.527938002716902588e+01
1.254893830183933545e+02
9.817938303075975170e+01
1.038068749065271987e+02
1.184954675193566942e+02
8.371635158011250155e+01
1.352207880793354207e+02
6.767956036673099618e+01
1.421376042390117789e+02
8.110564117070231305e+01
1.312137987768435323e+02
1.075273073178659189e+02
1.086124328316912084e+02
1.302688509460056991e+02
8.175402485851024892e+01
1.468537934231932240e+02
6.500699470394785351e+01
1.488890791202732657e+02
8.043942732410332042e+01
1.342987301209649047e+02
1.151486785270519420e+02
1.100311717055528078e+02
1.480326202176472066e+02
7.255014558581774509e+01
1.624336596671612654e+02
5.728710406819500633e+01
1.614483213635805612e+02
8.976589116232420906e+01
1.449182515895556662e+02
1.371532229945451888e+02
1.068513122672341495e+02
1.745075466327468803e+02
5.470800010597351815e+01
1.904931108544608094e+02
5.829725736489244525e+01
1.831896490055918889e+02
1.183457583447197408e+02
1.456936153235371023e+02
1.724162418676110917e+02
9.117983933529984597e+01
2.165074881540052161e+02
2.839004320109719970e+01
2.249372258300115845e+02
8.752142422416501688e+01
2.029850426848946086e+02
1.706486605094821698e+02
1.443414278571299292e+02
2.355749662366609698e+02
5.711081667415869134e+01
2.699986569490258717e+02
4.812501299852301884e+01
2.652737486981346251e+02
1.590073101937684612e+02
2.132412912587344351e+02
2.515678897184696154e+02
1.266933992138505687e+02
3.166583980825345179e+02
3.315875517469475398e+01
3.358448015554433823e+02
1.409969251951458489e+02
2.976542545090414933e+02
2.640204229918785472e+02
2.154591941738761705e+02
3.638304454691108845e+02
1.013874216244689705e+02
4.157359739124049725e+02
1.217307833652817237e+02
4.053471317551691300e+02
2.761827566041002910e+02
3.300406847428323545e+02
4.152790852460832411e+02
2.078032351963309736e+02
5.148652154478181728e+02
1.420124721965972867e+02
5.405611239905352932e+02
2.889836127294353787e+02
4.857857905504807832e+02
4.788556115319796618e+02
3.634705556128517401e+02
6.411094469426351452e+02
2.343788571867709720e+02
7.251498589687215599e+02
3.156992375267041666e+02
7.193863871471484117e+02
5.687610414440318891e+02
6.046683186224785231e+02
8.286123445652971213e+02
4.331230597101480271e+02
1.023727458143162721e+03
4.200200568654464632e+02
1.107985899348602743e+03
7.346350008659669584e+02
1.046799684582093960e+03
1.172178745449010648e+03
8.673509175560578797e+02
1.607065437518260524e+03
7.324949316836024309e+02
1.964361945474313643e+03
1.160416138500350598e+03
2.179434402881476217e+03
2.106451001555722542e+03
2.253961346816140122e+03
3.654423107810254351e+03
2.327697837419791540e+03
6.206549190717158126e+03
4.253522677787429529e+03
1.368945548250188222e+04
2.578096880907432569e+04
2.477582873866475347e+04
1.181814358147419807e+04
4.871942309549941456e+03
6.037105167730172070e+03
2.327318618864219388e+03
3.829935019635805475e+03
2.038346363938972445e+03
2.523718124572859779e+03
2.098472890028246184e+03
1.560294450233383031e+03
2.025038860043878913e+03
1.014128701827664827e+03
1.775933384124261465e+03
9.366692387455876769e+02
1.421971063742508022e+03
1.075216721150464764e+03
1.042262244871508983e+03
1.175716814977329250e+03
7.250015967719584751e+02
1.159321827121371371e+03
6.084734387243278206e+02
1.029039898777662756e+03
6.945449396669802127e+02
8.237030791374596674e+02
8.054410514708455366e+02
6.120260844493060404e+02
8.529418498279223968e+02
4.810308693459937786e+02
8.124074159623596643e+02
5.012820438335875792e+02
6.971360830546470879e+02
5.938206441353149785e+02
5.445774670753753526e+02
6.600525851081160909e+02
4.221501157717699471e+02
6.672460600033761011e+02
3.947326980207546967e+02
6.072852646264282157e+02
4.588279581731119379e+02
5.017570944481258266e+02
5.282916149268135086e+02
3.931999677749482771e+02
5.603514263137393527e+02
3.391439396431467230e+02
5.366686148328218451e+02
3.694491039751856079e+02
4.668473486765947769e+02
4.319752289319797569e+02
3.776026789663677050e+02
4.755885945374547532e+02
3.118104945938483183e+02
4.763860151285274469e+02
3.098489102694528583e+02
4.350265336763389996e+02
3.583092829102396877e+02
3.667195349535148239e+02
4.070001922732506046e+02
2.996999895972712125e+02
4.252469301113757751e+02
2.746779128127249123e+02
4.054091645407007150e+02
3.039627105770437652e+02
3.544253523613083416e+02
3.498052116078052336e+02
2.931704565535151801e+02
3.773494551502880086e+02
2.557505919999891262e+02
3.750987464346611659e+02
2.638609646999987035e+02
3.411381720936830106e+02
3.010865536504406919e+02
2.897951602893944028e+02
3.344732350974858832e+02
2.461603271144941232e+02
3.445751466437918111e+02
2.352491468573286681e+02
3.262589447808338718e+02
2.620628758105887073e+02
2.862136555657920667e+02
2.962328075747843172e+02
2.423793532538380475e+02
3.156371920733498087e+02
2.195553334501909148e+02
3.098074265135046517e+02
2.318689587658665801e+02
2.807898730697792757e+02
2.624735962242722280e+02
2.410796121783604065e+02
2.864486767149977027e+02
2.112251801869544181e+02
2.912936241207437433e+02
2.094593920254769159e+02
2.735532152048259604e+02
2.330329730548890552e+02
2.405095588498653285e+02
2.594296701946369126e+02
2.076179732130586615e+02
2.716397713143709325e+02
1.951403390761537366e+02
2.638968890596985943e+02
2.088906192556406154e+02
2.386901607804411185e+02
2.338852366469016317e+02
2.073398305162035911e+02
2.515437801372801232e+02
1.869148931342684818e+02
2.523686479184997893e+02
1.904273797472900185e+02
2.353996348018401079e+02
2.110345578109275095e+02
2.078135588775451765e+02
2.314828901704292150e+02
1.834621483756770317e+02
2.392189090677604497e+02
1.775142150331154198e+02
2.300870472941703326e+02
1.914729542552745727e+02
2.079082146298307805e+02
2.119962419452132281e+02
1.828610048325922435e+02
2.247280538282165026e+02
1.695008022601192579e+02
2.228463540245702177e+02
1.757104739190681357e+02
2.067902331496504473e+02
1.937387679766566464e+02
1.835468169665356868e+02
2.096177781671568141e+02
1.655630000768721857e+02
2.137944644732955624e+02
1.639460112331070718e+02
2.040297181153418933e+02
1.775430055688086668e+02
1.843635972998843044e+02
1.943027776956403159e+02
1.644364951278541298e+02
2.032678140957164601e+02
1.561041559962113183e+02
1.995484635814601688e+02
1.638650809551445491e+02
1.844417293262406190e+02
1.795582038921923527e+02
1.648497166804628193e+02
1.916891731991698862e+02
1.517629442623693876e+02
1.933134699269220391e+02
1.531271444930240477e+02
1.832410854466306205e+02
1.659029621007547917e+02
1.659198737589718746e+02
1.796850983607698140e+02
1.501287608601982129e+02
1.856216135839710546e+02
1.456354459527958909e+02
1.806610386703803783e+02
1.537750621377727498e+02
1.666689127462661304e+02
1.677465923580038805e+02
1.496683087282003441e+02
1.763974714561470591e+02
1.407478060407278520e+02
1.762790373969743598e+02
1.440539025307389522e+02
1.662102152029011677e+02
1.558714761932800457e+02
1.508325975353856734e+02
1.670284031535103395e+02
1.385243741495588949e+02
1.706880664610612257e+02
1.367357757469884234e+02
1.647578513108385607e+02
1.453957030996392916e+02
1.516818477464320836e+02
1.570275517733412016e+02
1.380695460467435396e+02
1.638662768769186755e+02
1.318560008369197476e+02
1.619981715972847951e+02
1.364935230877547951e+02
1.519995311584325464e+02
1.471627170243905596e+02
1.385904537333328221e+02
1.561229368219517255e+02
1.291906904730328733e+02
1.579218403049217727e+02
1.294510572701535409e+02
1.514202363449198856e+02
1.379815789944736935e+02
1.394361163814022859e+02
1.478384387403764038e+02
1.282320406162687902e+02
1.526702248857294819e+02
1.244567582499519318e+02
1.496779600199127742e+02
1.298275713508792819e+02
1.400421092271842269e+02
1.394406667028993354e+02
1.284006931009145092e+02
1.464897596877342778e+02
1.214117535253482743e+02
1.467975794402094323e+02
1.231808589728937875e+02
1.399642365553596335e+02
1.313331893723916721e+02
1.290985540326258274e+02
1.396275462357848198e+02
1.200273455205199582e+02
1.428168419507270528e+02
1.181770784636099023e+02
1.390075433153268420e+02
1.239816217292843135e+02
1.297824058937033840e+02
1.324446125507881789e+02
1.198278984216501328e+02
1.378759294096138603e+02
1.148660104487599227e+02
1.370220936873359676e+02
1.176875078724887658e+02
1.300563746337383293e+02
1.253509174857568240e+02
1.202912345884090968e+02
1.321993801267652771e+02
1.130963262044090385e+02
1.340293328536348554e+02
1.127530650457564008e+02
1.296244882328080053e+02
1.186805864935518429e+02
1.209570290508330572e+02
1.260884833660903439e+02
1.125211810702474367e+02
1.301127988621529710e+02
1.092638523757826192e+02
1.283318933612754051e+02
1.128014850052504414e+02
1.214114878818366350e+02
1.198597632744272232e+02
1.127244716572432282e+02
1.254494902023374578e+02
1.071774238874009058e+02
1.261377229257463881e+02
1.079856644047520007e+02
1.213467973205498254e+02
1.138636670613787629e+02
1.132816491101853416e+02
1.202538307856338662e+02
1.062530634159501517e+02
1.230645352700274628e+02
1.044008681577230107e+02
1.205733505690913887e+02
1.083959151446015454e+02
1.137983945394730227e+02
1.148101717631637086e+02
1.061764219035690928e+02
1.192442552626438328e+02
1.020592428507292482e+02
1.189995568173313103e+02
1.037569208621838328e+02
1.139737219966894060e+02
1.094140533681634793e+02
1.065724041396512121e+02
1.148482190991969532e+02
1.008328493654109366e+02
1.166246134405636354e+02
1.001315384756566687e+02
1.135884649288264399e+02
1.043634016712785098e+02
1.070796235194249419e+02
1.101084379258012262e+02
1.004754647505862124e+02
1.135198825167320678e+02
9.759797681166581640e+01
1.125149058191582725e+02
9.993049993777232487e+01
1.073906763757373568e+02
1.052817587908410246e+02
1.006778313556492463e+02
1.098183485798137724e+02
9.610345057990231510e+01
1.107143907922081070e+02
9.632405085811505785e+01
1.072780016873862508e+02
1.006410358624500816e+02
1.011122984864555434e+02
1.057074293571896675e+02
9.547919868144765587e+01
1.082165413604868860e+02
9.366318398793032429e+01
1.065914790432052399e+02
9.643951499886797762e+01
1.014886688570319393e+02
1.014106236661182692e+02
9.547002979983999182e+01
1.051201978161025323e+02
9.195106419446294410e+01
1.052579617207430260e+02
9.289750602885366959e+01
1.015645367811086572e+02
9.716733806959624076e+01
9.579358759067514484e+01
1.015712708217636333e+02
9.108253437549545595e+01
1.032757506090907071e+02
9.015593300080846006e+01
1.011749119445500185e+02
9.321803809627387238e+01
9.617137320086469288e+01
9.776077453233914127e+01
9.086210239690663570e+01
1.007087064457435446e+02
8.827168371007915937e+01
1.002183759446969873e+02
8.977827436446303011e+01
9.636877126945650218e+01
9.389776190513835274e+01
9.104986744336082438e+01
9.766238554022517349e+01
8.717448664145584303e+01
9.866496754371777911e+01
8.700258459160593816e+01
9.620038902005262571e+01
9.020443047133061043e+01
9.137931578492425899e+01
9.430627243544421390e+01
8.675661912815670007e+01
9.655129204365691464e+01
8.498449615705577287e+01
9.555523784140535781e+01
8.689392264185853776e+01
9.163375735348758155e+01
9.081209617734553774e+01
8.679198389149185289e+01
9.395286651052145999e+01
8.370969285139359783e+01
9.437392506586186869e+01
8.413150827788757624e+01
9.161614241080204124e+01
8.738300938443609311e+01
8.707739541866538957e+01
9.097606009052557852e+01
8.309169226753880366e+01
9.269679286409774477e+01
8.196247807539185715e+01
9.123624591608292178e+01
8.425563913126482873e+01
8.728483938654677843e+01
8.788061950944572231e+01
8.296178412008069358e+01
9.045509450556146192e+01
8.058195272053892211e+01
9.033597703358809383e+01
8.150968612523413981e+01
8.740539004688025670e+01
8.471218340194782570e+01
8.312210000132914445e+01
8.788617737239451344e+01
7.978745757349476264e+01
8.895512860637990116e+01
7.933919857672225362e+01
8.718622252624672342e+01
8.171860213045225407e+01
8.337444347683991452e+01
8.506981026692406544e+01
7.950321731165247741e+01
8.711180829034958606e+01
7.778402479113550783e+01
8.655458788053033459e+01
7.905971840228809810e+01
8.353132145429111688e+01
8.216856368376045339e+01
7.955906691630535477e+01
8.488081989778609682e+01
7.682699208132993363e+01
8.547051663074095984e+01
7.686740479492983980e+01
8.344427023355629558e+01
7.935507203235694362e+01
7.976625281139411072e+01
8.237439093524193368e+01
7.638614146063136445e+01
8.393619736625979044e+01
7.522409731615741180e+01
8.300866050429279142e+01
7.678143159779142479e+01
7.995344945384383095e+01
7.972832337554741855e+01
7.631921429051394057e+01
8.201309703442453269e+01
7.413867657764181729e+01
8.216782690405203482e+01
7.459181503988197903e+01
7.996853866890418772e+01
7.709655695757089688e+01
7.646122803231256171e+01
7.979449748578228707e+01
7.355552473675670910e+01
8.090835715204292455e+01
7.288252407253391141e+01
7.968885690745483430e+01
7.463293106570117175e+01
7.664767672747096583e+01
7.738937978659771488e+01
7.336974464094502935e+01
7.926481360627572315e+01
7.168573356931824492e+01
7.905044865744200422e+01
7.247421979042212570e+01
7.672560872586758762e+01
7.493838841610528334e+01
7.343713492435718138e+01
7.730768889013545220e+01
7.097408227025579208e+01
7.802709479244013835e+01
7.072383574805535034e+01
7.657199576497836802e+01
7.259073727182075686e+01
7.359942405378221508e+01
7.513508162553411296e+01
7.067229273954326629e+01
7.662841944065954181e+01
6.943821235800503189e+01
7.610947718478834645e+01
7.047333057386997268e+01
7.371495360232896132e+01
7.287386183836338205e+01
7.064805821762351457e+01
7.491595591696214740e+01
6.861608897397560725e+01
7.528505577506992097e+01
6.871136387085132924e+01
7.365188313239067952e+01
7.064775313876556595e+01
7.077829021699587031e+01
7.295999640813283804e+01
6.819904721601722031e+01
7.411163708431573127e+01
6.735718448369324562e+01
7.332506674327729002e+01
6.859798600732086982e+01
7.090430589072231271e+01
7.087646261699850925e+01
6.809205971005840752e+01
7.261367414710204571e+01
6.644123260024299782e+01
7.267794250925423682e+01
6.683087598236492965e+01
7.091049125977158951e+01
6.878195320595013129e+01
6.816687704887438315e+01
7.086198269674767403e+01
6.592259214425511971e+01
7.169537489885516379e+01
6.542944024689252558e+01
7.069361735518634760e+01
6.680278670588531043e+01
6.829234367837725017e+01
6.895112029619748739e+01
6.573300346731306831e+01
7.039811617156648538e+01
6.443002074702368986e+01
7.020055535397666802e+01
6.505586500263416383e+01
6.834322396408521172e+01
6.698612204968540595e+01
6.574805269671549013e+01
6.883717304289788785e+01
6.381787798390418232e+01
6.938861785258998793e+01
6.362495998506431505e+01
6.821677681493815726e+01
6.508970134446981604e+01
6.585627883243235203e+01
6.709050888827141534e+01
6.353757570154500911e+01
6.827035159179148138e+01
6.256009575750513108e+01
6.784257118537217934e+01
6.337275173332945144e+01
6.593307913273385168e+01
6.525759100006372648e+01
6.349615277373603561e+01
6.688195597382573965e+01
6.186815637847408311e+01
6.718076010480167781e+01
6.192496081980290512e+01
6.587731535052505194e+01
6.344790103789739533e+01
6.357836536610977873e+01
6.529226721619347984e+01
6.150745715701917504e+01
6.622368523421424413e+01
6.081074807522234948e+01
6.560621263529280611e+01
6.177002039776196085e+01
6.367126614125730555e+01
6.358535737088345741e+01
6.140286276321088366e+01
6.499645195680672316e+01
6.004717632901860469e+01
6.507438587884051628e+01
6.031797716037323909e+01
6.366714330436242619e+01
6.186500942089963928e+01
6.145094598189678692e+01
6.355229550581581321e+01
5.961390234187127390e+01
6.425907792518430028e+01
5.916289142659799438e+01
6.348665742169600890e+01
6.023267837069237629e+01
6.154637417947236600e+01
6.196976847010601830e+01
5.944569836044686184e+01
6.317959772508705640e+01
5.833754705267933360e+01
6.306645067265756666e+01
5.878853285934003736e+01
6.158154049995588508e+01
6.033856082282806454e+01
5.945983090585986730e+01
6.187474587988579344e+01
5.783512902667921196e+01
6.238241471224804968e+01
5.760321412340650937e+01
6.147037560186058869e+01
5.875964077671317654e+01
5.954755618502122871e+01
6.040824457387921598e+01
5.760737562439089743e+01
6.143691315775027562e+01
5.672808314053676071e+01
6.114849194864272164e+01
5.732791885386406960e+01
5.961433468686750814e+01
5.886413802588884892e+01
5.758017835711550703e+01
6.026375700243174549e+01
5.615716083283059845e+01
6.058279656477105846e+01
5.612897967880164174e+01
5.955519049863409720e+01
5.734502966761144904e+01
5.765869591692012364e+01
5.890378866080417453e+01
5.587777219940362272e+01
5.975825075754566740e+01
5.520457733685631041e+01
5.932218780649549217e+01
5.593205103334355499e+01
5.774196983740694122e+01
5.744945276282761171e+01
5.580883915104634241e+01
5.870031611221286028e+01
5.458357976117287791e+01
5.885689705047988696e+01
5.471616447956828466e+01
5.774157449459452351e+01
5.598079880055568935e+01
5.587193957762308116e+01
5.745260017249040629e+01
5.424366352337003150e+01
5.814813456674618664e+01
5.375584937886586090e+01
5.758204350781474545e+01
5.459197191639741931e+01
5.597075632674937395e+01
5.608261482683181498e+01
5.413104944581970557e+01
5.720530519469019026e+01
5.307910995333900672e+01
5.721048324874369939e+01
5.337235547339325592e+01
5.600590063201021707e+01
5.467164116646463867e+01
5.417730788578127488e+01
5.605614283220155869e+01
5.268901042361694920e+01
5.660563833695740499e+01
5.237739054409130546e+01
5.591487432039620131e+01
5.330826716091027606e+01
5.428130191510733482e+01
5.476872960281858127e+01
5.253681476545290963e+01
5.576459860663299395e+01
5.165495632672757154e+01
5.563424864598460573e+01
5.207936419585851695e+01
5.435554276107843208e+01
5.341761174659136202e+01
5.255496469193922593e+01
5.471392495171615877e+01
5.121294970485409692e+01
5.512489522414466592e+01
5.105656640099180521e+01
5.432301945708969271e+01
5.208366925988548246e+01
5.266344580485322524e+01
