1.671300754944981293e+02
3.352355827301809086e+02
2.008148344999324308e+02
3.031191396379696243e+02
2.723083199078525922e+02
2.417227894994878170e+02
3.324198727818950374e+02
1.844935859921946530e+02
3.573410796188092604e+02
1.908864020284077299e+02
3.392177414637383777e+02
2.596498129752202999e+02
2.834546648133625695e+02
3.326297330353831398e+02
2.145619320836004249e+02
3.754944443108071823e+02
1.896372117930298202e+02
3.740477116408403049e+02
2.452944009747777727e+02
3.284173499950228461e+02
3.279657415153373563e+02
2.553342738987315386e+02
3.891193615666012988e+02
2.020112641649288321e+02
4.067633935472454709e+02
2.324551981764645916e+02
3.752243831973358397e+02
3.188094036857659717e+02
3.045817876040916303e+02
3.976988761178643017e+02
2.306375348578255569e+02
4.365655750655436123e+02
2.259937692911697695e+02
4.229492909310633877e+02
3.064320846686269988e+02
3.605713859463682525e+02
4.010730758994735652e+02
2.751284929368228518e+02
4.627645671973309618e+02
2.326156883810440092e+02
4.708447673040043924e+02
2.931679426690186574e+02
4.220064765519994694e+02
3.993834937766441158e+02
3.334812466595525393e+02
4.845742086515271012e+02
2.583785762866225468e+02
5.181787215499759895e+02
2.836729407493015174e+02
4.884635889018816215e+02
3.931316761545615464e+02
4.050833006560456511e+02
5.026559350120450631e+02
3.067219814735758519e+02
5.648024016166743877e+02
2.857126899240688545e+02
5.599099779271641637e+02
3.846519460125672936e+02
4.884242554902075995e+02
5.159187409224144858e+02
3.779654266933908389e+02
6.106423408975159646e+02
3.088789106847448807e+02
6.366169303244342927e+02
3.779481722089086020e+02
5.850741919534124236e+02
5.253720669377590866e+02
4.728062445046031712e+02
6.561450601886413097e+02
3.627167107936121511e+02
7.204504091486894595e+02
3.802138773159160223e+02
6.968256878058749635e+02
5.330369157801795836e+02
5.938276901259936267e+02
7.026364794024214007e+02
4.549499454483668615e+02
8.137086843507537424e+02
4.065243617997437582e+02
8.312872680840590647e+02
5.437245588466397521e+02
7.477854943984409601e+02
7.531551348539708215e+02
5.935292796468110055e+02
9.233344590592001850e+02
4.758987306566151005e+02
9.963687301269378622e+02
5.669354431079648293e+02
9.495253539684001680e+02
8.142579608118938950e+02
7.946778691154971739e+02
1.060238662002542696e+03
6.181680840440842530e+02
1.216312020081290939e+03
6.277562582060178329e+02
1.230080740647659695e+03
9.013543655633897060e+02
1.097192870694758994e+03
1.252518521352145626e+03
8.728355727506708490e+02
1.531772442483714485e+03
7.712891783385158533e+02
1.658966659200920049e+03
1.052488763983797526e+03
1.593931815317704377e+03
1.559318943156295973e+03
1.355014575494840756e+03
2.074367821985183582e+03
1.131254667855801699e+03
2.447371284275852759e+03
1.381754693926973459e+03
2.596725810524945700e+03
2.215844483849366952e+03
2.452782767041974694e+03
3.317921982055171611e+03
2.194788909395611881e+03
4.547687996413200381e+03
2.528167888408018371e+03
5.847169651855258962e+03
4.681189645693756574e+03
7.404722103731841344e+03
1.026864347221728167e+04
1.090812733367277906e+04
3.383991281561271899e+04
4.536651716307255992e+04
3.255797522308702173e+04
9.881941220741364305e+03
1.031608096567273060e+04
6.893133807119409539e+03
4.848722806413800754e+03
5.581872119791913065e+03
2.515982939328393513e+03
4.426557740789228774e+03
1.999645511441283134e+03
3.291726614660496580e+03
2.255160646793653086e+03
2.220643097648691764e+03
2.420328576400967904e+03
1.376935181166330040e+03
2.315162341413926697e+03
1.032930619052496468e+03
1.986531833590366205e+03
1.204422902381376389e+03
1.511025847389041246e+03
1.435109233143884012e+03
1.015231376014317334e+03
1.522503477959424799e+03
7.008743418171744679e+02
1.414522788789913193e+03
7.471715445162533342e+02
1.163485544478163092e+03
9.517085326586611700e+02
8.375369166940264449e+02
1.085665180343270549e+03
5.538882075039067558e+02
1.078777545279767082e+03
5.068080706150753372e+02
9.493126750220404801e+02
6.618735942302914737e+02
7.251392989330373666e+02
8.047818039190457284e+02
4.904337248455527742e+02
8.542577417178708856e+02
3.786265404140103783e+02
7.945961936965533141e+02
4.708861262377388357e+02
6.447092586817539086e+02
6.086667730278494446e+02
4.536436503721153599e+02
6.828860662783382622e+02
3.126413137437223213e+02
6.729192558766458205e+02
3.399521599209332976e+02
5.781343533256283536e+02
4.603014996620458987e+02
4.301919192591737442e+02
5.518696377173555447e+02
2.852733798766365680e+02
5.717429918106995501e+02
2.546319818953614913e+02
5.187245914195403884e+02
3.472576165136055124e+02
4.073709267652690755e+02
4.412598511781009165e+02
2.766596149830336344e+02
4.859035544263409179e+02
2.031133302874403626e+02
4.638672534725495780e+02
2.600353944480219752e+02
3.842496647850043701e+02
3.508836070398471634e+02
2.732169496069902266e+02
4.083535368916787434e+02
1.802760777905637894e+02
4.124033627229848662e+02
1.932069621074969064e+02
3.596623669593790282e+02
2.747536338558409170e+02
2.696370200588329453e+02
3.405906311545551262e+02
1.741134328783559511e+02
3.615828760896908420e+02
1.462751322970571550e+02
3.343281967296796893e+02
2.120177231907261159e+02
2.630075895511509998e+02
2.795718299646123910e+02
1.741055494883096628e+02
3.135427279098690860e+02
1.193489077235441016e+02
3.035330442630333891e+02
1.576754699544474363e+02
2.534566870994198098e+02
2.244742974734604388e+02
1.770047789792164394e+02
2.681450060343789801e+02
1.072463705017912048e+02
2.718231801883216576e+02
1.149066705029663353e+02
2.393827585031338572e+02
1.750558924293549126e+02
1.772946862705971682e+02
2.227211729627991303e+02
1.070305861676878436e+02
2.408249416892938370e+02
8.226561813740529772e+01
2.227992368816329929e+02
1.310575214980693772e+02
1.754782627699091790e+02
1.830035276491713034e+02
1.090571396815394252e+02
2.088685617962348999e+02
6.140514541416989402e+01
2.016499526149139569e+02
9.288827593917700653e+01
1.672311354743179379e+02
1.432630979843531520e+02
1.119681090040469229e+02
1.759274288798020507e+02
5.463386231597996101e+01
1.780117041717034567e+02
5.925009390623763039e+01
1.588550530099645073e+02
1.072772982364080292e+02
1.123828930730677627e+02
1.434983551435398965e+02
5.778842956664608010e+01
1.554096123695628648e+02
3.218129041697932990e+01
1.445356857739350858e+02
7.459288668724408922e+01
1.115634969380793535e+02
1.125339622696831583e+02
6.424605434607389043e+01
1.293280350493431854e+02
1.872843621450634188e+01
1.294296847804057222e+02
4.315343647179732756e+01
1.085791562751723660e+02
8.156273153653522456e+01
7.398238073185110864e+01
1.089723686047063325e+02
2.662194543422635462e+01
1.113295420325651293e+02
1.514267585848217301e+01
1.039465901704448214e+02
5.602504063804988732e+01
7.746231505175747145e+01
8.271146914324474153e+01
4.357550191086610880e+01
9.628569739400130345e+01
6.691358298578244934e+00
9.505798441916010688e+01
3.089452256882516323e+01
8.025150284155668601e+01
5.810541667575956382e+01
5.842492392914395793e+01
7.949585302749881066e+01
2.738978771738757700e+01
8.682970920225899647e+01
1.351973328130202567e+01
8.216392202819895374e+01
3.705773456417188072e+01
6.921488774808119615e+01
6.265733569320335050e+01
4.515294186582183755e+01
7.615154313768998406e+01
1.896069638102573762e+01
8.266856416716626654e+01
2.026980324896423369e+01
7.600122335599959911e+01
4.599077325640958236e+01
6.068718035002768119e+01
6.435679428214407949e+01
4.112335137759947656e+01
8.231858673261704951e+01
1.444146944619314965e+01
7.880969423021619491e+01
2.631947370742499714e+01
7.488063780721371643e+01
5.354477643285498090e+01
5.581460282604650303e+01
7.339823218073016164e+01
2.911558454787115480e+01
8.205241551211376816e+01
1.184325880498991346e+01
8.532933622216162917e+01
3.535770862491253297e+01
7.619701721295915320e+01
6.710693528543578168e+01
5.046588077633150249e+01
8.488020572061921598e+01
2.034888904819935007e+01
9.467214684984972450e+01
1.763634598180536983e+01
9.216093971238213101e+01
5.193306108018526146e+01
7.702144127973247123e+01
8.582825633302229562e+01
4.473286662092829147e+01
1.064618829509573033e+02
5.960292488522230592e+00
1.102462488393974098e+02
3.697565962574732623e+01
1.036585505398759324e+02
8.136905115720715287e+01
7.680595313436207050e+01
1.175280420020190348e+02
3.444404580039658725e+01
1.342269656205897093e+02
2.465226794368265217e+01
1.374542927509002368e+02
7.973350469289276532e+01
1.132781383557002499e+02
1.296081764198691246e+02
7.015121534519504110e+01
1.625391172427029858e+02
3.454192522145220323e+01
1.735201343481613208e+02
7.924163216901210660e+01
1.563879503174244405e+02
1.394916302222518993e+02
1.193849962877227284e+02
1.958710221561540834e+02
6.358351289188527034e+01
2.170674244162626110e+02
8.282869164355740565e+01
2.124783184423707212e+02
1.556648020955225888e+02
1.737121217788510705e+02
2.273609682161995238e+02
1.152772788177888117e+02
2.742136378891069057e+02
1.009724838352119178e+02
2.808903616040218481e+02
1.737102859737652238e+02
2.520162917878272992e+02
2.709439810259731871e+02
1.815079363603975082e+02
3.403591329633279088e+02
1.364430881978927061e+02
3.727428457336631595e+02
2.010123334134608513e+02
3.487498594973073978e+02
3.221519549301497136e+02
2.762253340578029679e+02
4.265815570221331541e+02
2.040573355748474853e+02
4.880810398226938105e+02
2.384609035439898150e+02
4.876131223690746310e+02
3.871834397267977010e+02
4.170691814715950727e+02
5.426368554966802549e+02
3.160837070045530481e+02
6.576927994668494648e+02
3.114295228792265675e+02
6.954655213956557418e+02
4.780025408423053364e+02
6.445990046074914517e+02
7.219690156855352825e+02
5.179182857078503730e+02
9.288007578604466516e+02
4.566041809712472173e+02
1.060023473538244843e+03
6.507639546308977287e+02
1.068245191856233987e+03
1.039125702784604300e+03
9.552382641301932154e+02
1.489576867707997053e+03
8.217381427093513366e+02
1.898127017263115476e+03
1.105347054171657646e+03
2.185785695001892691e+03
1.951727502604617712e+03
2.364536113868140092e+03
3.416131835437504833e+03
2.512197321190916227e+03
6.115123662652678831e+03
4.257042851858411268e+03
1.399708242517400322e+04
2.530399298088257274e+04
2.374838134703921241e+04
1.096039613330420980e+04
4.838645775174927621e+03
5.825312242402664197e+03
2.306080860503251643e+03
3.830357777676384103e+03
1.943638826001893221e+03
2.508560963560349592e+03
2.036773996949998264e+03
1.559028402661411747e+03
1.995895025317658110e+03
9.895280695839055625e+02
1.780634912307312561e+03
8.905177879980001308e+02
1.437551429266196919e+03
1.059307682119740775e+03
1.038858147197337985e+03
1.181878220230208626e+03
6.945346706217935662e+02
1.181115941795910658e+03
5.712075428870865608e+02
1.048085040301525851e+03
6.785279561417352170e+02
8.231902926764257700e+02
8.210570620675989630e+02
5.796240507607707286e+02
8.800612612846408638e+02
4.348605890757738734e+02
8.346660014815284967e+02
4.826350691043927554e+02
7.020987928019444553e+02
6.056767479050610063e+02
5.270723894499872131e+02
6.926011239760011904e+02
3.764211887882772771e+02
6.974208584952933734e+02
3.674425195398531514e+02
6.227174899053587751e+02
4.638765048660840193e+02
4.912613532136304002e+02
5.586314115585608988e+02
3.535049544839750979e+02
5.951040841978975777e+02
3.004055435693346681e+02
5.604099000439684914e+02
3.635962587470751828e+02
4.675180360003324154e+02
4.582641633156735566e+02
3.473496806728523438e+02
5.123377389332347320e+02
2.671607384165358212e+02
5.088904178526310602e+02
2.928179735639480441e+02
4.458440064334819226e+02
3.761694948649835055e+02
3.464143400004575142e+02
4.431790070671583521e+02
2.552642536093688932e+02
4.612089783999310271e+02
2.437469099197479352e+02
4.244870488343899524e+02
3.097981189265938156e+02
3.460496597175313696e+02
3.816511554395242456e+02
2.562019456124835983e+02
4.168291169498090767e+02
2.138054707099019822e+02
4.020142203335160502e+02
2.568430463723323101e+02
3.435283893386144314e+02
3.260537868143607056e+02
2.630146914508511031e+02
3.734313425556172774e+02
2.008896000167351588e+02
3.783135176081607938e+02
2.142594908821210993e+02
3.394600172012105190e+02
2.772910507804140821e+02
2.698229741013223588e+02
3.322167825893552049e+02
2.010647356661734477e+02
3.527643135303155759e+02
1.851592979860025423e+02
3.319206065563124639e+02
2.341627160360792175e+02
2.759352864967337950e+02
2.927211392416782019e+02
2.075343510497810655e+02
3.255083743266409897e+02
1.698005736368343150e+02
3.206818383318453130e+02
1.979130370261486860e+02
2.796966197937476295e+02
2.546586223173314067e+02
2.173049422416585230e+02
2.969015696365804047e+02
1.653350524711469802e+02
3.063665609138025161e+02
1.697018586378760574e+02
2.800297330374593798e+02
2.194189469903166128e+02
2.270065315346975297e+02
2.674408400077983288e+02
1.698540682449512929e+02
2.891304799826828003e+02
1.511600079114353719e+02
2.768453036903929387e+02
1.877191829322879926e+02
2.349092067695877120e+02
2.376694443208341738e+02
1.789824927548081916e+02
2.692567612369775247e+02
1.428127416495192961e+02
2.700682932813401180e+02
1.609487748110919370e+02
2.401280053571689734e+02
2.085565678557698561e+02
1.896009335584634243e+02
2.472981218818098057e+02
1.435080090145924032e+02
2.598135621414743355e+02
1.408134832263614555e+02
2.419669407305127891e+02
1.808994502384597922e+02
1.996229888034051783e+02
2.239098096065356458e+02
1.504388327134544170e+02
2.463702546556234552e+02
1.287789753751060857e+02
2.402842034752239044e+02
1.559441561704855417e+02
2.076672491055922478e+02
1.997815358046497352e+02
1.604163995083356440e+02
2.302400372556035961e+02
1.253466897926806496e+02
2.351234435312079825e+02
1.352575003220932786e+02
2.128749344690594398e+02
1.757755674005292974e+02
1.710343002591030483e+02
2.119410128107183198e+02
1.290019998798400138e+02
2.266216602481947859e+02
1.206321036576845245e+02
2.149101485936673726e+02
1.529391049581207369e+02
1.805738244891472846e+02
1.921026470494202840e+02
1.371625409025243414e+02
2.151115815698423432e+02
1.133045080561321356e+02
2.135692783949615716e+02
1.326650570844085166e+02
1.878995121953371097e+02
1.713947124326070082e+02
1.472931188066193329e+02
2.007724042177432295e+02
1.132669755103497664e+02
2.090857734132012524e+02
1.164033660318475398e+02
1.926802844370563150e+02
1.507966152257742465e+02
1.575058629770197456e+02
1.848995510517735283e+02
1.189077043065883572e+02
2.013678974867698628e+02
1.060029752277522732e+02
1.943269755885666825e+02
1.315158587653568816e+02
1.662800478861249474e+02
1.673309149403028755e+02
1.277990811873017662e+02
1.908216143619142713e+02
1.022327603276021364e+02
1.928763139953289283e+02
1.147078588465313373e+02
1.729001508104107359e+02
1.490915365902464771e+02
1.377656786339944404e+02
1.780095010225102499e+02
1.047114732379631619e+02
1.883932381114292127e+02
1.021106888622039008e+02
1.768508743552523583e+02
1.311150280894516129e+02
1.471629935700226213e+02
1.633172213763876641e+02
1.115929059974986330e+02
1.809932675981548016e+02
9.510525061465496321e+01
1.779112814525203703e+02
1.144923476229866850e+02
1.550408085757052561e+02
1.473549070713014828e+02
1.206926142802608837e+02
1.710767416145712900e+02
9.422354054483851371e+01
1.760608782852026764e+02
1.006320452345601950e+02
1.607353047407251836e+02
1.309451799117718167e+02
1.302065512820462345e+02
1.590382165564879813e+02
9.854408773669841537e+01
1.713881460662713323e+02
9.108772085828358911e+01
1.638531353257068304e+02
1.149992775885593090e+02
1.388659062206662043e+02
1.453704240079670456e+02
1.061733104937629975e+02
1.640982532772519846e+02
8.700289054529314114e+01
1.642469180302152552e+02
1.006881766587744238e+02
1.458013814379419841e+02
1.306809741456216614e+02
1.152184925043920316e+02
1.544990559045262444e+02
8.839739786261277743e+01
1.619164577602495285e+02
8.942439367067787259e+01
1.505592970761854019e+02
1.157710234639920088e+02
1.241382051532018664e+02
1.429942443687344280e+02
9.403577037505311864e+01
1.569699207995469408e+02
8.258971987526173564e+01
1.528458984052000176e+02
1.016052061570458704e+02
1.319376276674271651e+02
1.301099535862786354e+02
1.020587760542642854e+02
1.496299737135169607e+02
8.098932509986387629e+01
1.525473898352827575e+02
8.937826087845874667e+01
1.379529276472889023e+02
1.164822201932657606e+02
1.108109634420515448e+02
1.402136495258012303e+02
8.418624489319300608e+01
1.496894325085859236e+02
8.047151949217766287e+01
1.417898397289643810e+02
1.028919493229713424e+02
1.190571930243065708e+02
1.291262014300837109e+02
9.070385611384459423e+01
1.444208809758839891e+02
7.609517760010227505e+01
1.432432323933123826e+02
9.034159133920766749e+01
1.259919975834247907e+02
1.169079166516932560e+02
9.882425482041921327e+01
1.369715600039427841e+02
7.660658394370851454e+01
1.422549467632567541e+02
8.006916752252364233e+01
1.310807687598990583e+02
1.041993422262764994e+02
1.071439536903877467e+02
1.276658271426682063e+02
8.116074747698202430e+01
1.388816505109183765e+02
7.338554420771755815e+01
1.340288187472589243e+02
9.182747619977652676e+01
1.146612577147653269e+02
1.169348078813966509e+02
8.820321960138676332e+01
1.332814831030540859e+02
7.121535157697456953e+01
1.346834477966982604e+02
8.083294472864723446e+01
1.207202179539443421e+02
1.053100841095684785e+02
9.620334982700514104e+01
1.257022775647500623e+02
7.346549966527909703e+01
1.330303791871871510e+02
7.244803012699077271e+01
1.249137011612082091e+02
9.347271155116324337e+01
1.039828539571072810e+02
1.164894430827594931e+02
7.899568477165290403e+01
1.291533539890924942e+02
6.786629813249658127e+01
1.270085219927024411e+02
8.228110716561958782e+01
1.107343048521608182e+02
1.060814472083136764e+02
8.628026561380124804e+01
1.232314203530806793e+02
6.764953047163407973e+01
1.269059137045711765e+02
7.281350008092290693e+01
1.159334163444570009e+02
9.503158038454755285e+01
9.399320554084847856e+01
1.155320767779942628e+02
7.127911843975502393e+01
1.246257066907402731e+02
6.628394913219408124e+01
1.192612518743001004e+02
8.405087092787182712e+01
1.011637516088315607e+02
1.064144151100334739e+02
7.744578355949940374e+01
1.202800965765724044e+02
6.367668353718140395e+01
1.205412342536962313e+02
7.403819685814782758e+01
1.071331022190178430e+02
9.633004322078795667e+01
8.474154005979180226e+01
1.140616243191782644e+02
6.513192313902948172e+01
1.197251378028669251e+02
6.610913063706210835e+01
1.114927910342377260e+02
8.586586875546869635e+01
9.204328327864634218e+01
1.062606492384447137e+02
6.980137195834660702e+01
1.168673879712053321e+02
6.139105908386993349e+01
1.139856648845318432e+02
7.576872061156660720e+01
9.855198629559176027e+01
9.724596810858139406e+01
7.633365999296263738e+01
1.121163886640973431e+02
6.055123393354372752e+01
1.145003446909136215e+02
6.703029423232381134e+01
1.036781069179921246e+02
8.751365130825155347e+01
8.348040872634167897e+01
1.055719848056821775e+02
6.344900731707321739e+01
1.130154272075765647e+02
6.060820452013711446e+01
1.072712635782174431e+02
7.765520479134181642e+01
9.027126180401720035e+01
9.773227072304212015e+01
6.883525588497853676e+01
1.096070804456209942e+02
5.766048095792059058e+01
1.089779664893042508e+02
6.847238555699711071e+01
9.608797245715369684e+01
8.887474798582248070e+01
7.549046675972368803e+01
1.044408573084683951e+02
5.845621575751933108e+01
1.087705035496295807e+02
6.095595133626531492e+01
1.004990645956865905e+02
7.951943772470892213e+01
8.232705593438194569e+01
9.775030533351394979e+01
6.237452409168426470e+01
1.066720952026299614e+02
5.617386712717761554e+01
1.032464324078784870e+02
7.032585437856742772e+01
8.856127329478329102e+01
8.985783771423953681e+01
6.822924148981395831e+01
1.027783173426685863e+02
5.489220506272219779e+01
1.041966489302013770e+02
6.212465486988800478e+01
9.367688633825217437e+01
8.118249767604800127e+01
7.482727230975764598e+01
9.727529839258635036e+01
5.705225290276317196e+01
1.033110573197283344e+02
5.593705452339202111e+01
9.732905139966125319e+01
7.225943135574334519e+01
8.126126264427651336e+01
9.041696528910209452e+01
6.176928177476371928e+01
1.006388504732540952e+02
5.273292134301775036e+01
9.932670647496829019e+01
6.378571997230523039e+01
8.689078376100667356e+01
8.254979063721147270e+01
6.784374051530286920e+01
9.630689430990238975e+01
5.297489277942859331e+01
9.956712891391298115e+01
5.664656409804649684e+01
9.129612644136933852e+01
7.411135577035086897e+01
7.424368504027444260e+01
9.051655464916150606e+01
5.623671911376986543e+01
9.805565816131263546e+01
5.184436892888695070e+01
9.420681091482379088e+01
6.568320827901962389e+01
8.020178239673231246e+01
8.354090835379754765e+01
6.148229071074446495e+01
9.486396977412007914e+01
5.017749074636789430e+01
9.547926785766475177e+01
5.800870880121056672e+01
8.519961713321004027e+01
7.574849140954212601e+01
6.759312364099672266e+01
9.013865226680420051e+01
5.175801080189798853e+01
9.505922235032529954e+01
5.199988231067506916e+01
8.890752514973569021e+01
6.761485488251366860e+01
7.367486191604960766e+01
8.411524554385481167e+01
5.586032531478156926e+01
9.296922564597370808e+01
4.861645078303774170e+01
9.110099680798128929e+01
5.975531796056187517e+01
7.910535159137150174e+01
7.707776237383517071e+01
6.140546547821056578e+01
8.931004084654388464e+01
4.839584072427578576e+01
9.168497852881492349e+01
5.296466428085731337e+01
8.346400080628336582e+01
6.942093116166711297e+01
6.739384726053069130e+01
8.425522006237341088e+01
5.108512440088513529e+01
9.063968947872950821e+01
4.817600598498153630e+01
8.647378750802197089e+01
6.165480649557999726e+01
7.307932487775792652e+01
7.804375036314395686e+01
5.578092989102911758e+01
8.801754760418776868e+01
4.620261070078928611e+01
8.798461164108300636e+01
5.445238688078762124e+01
7.794624864167310818e+01
7.099850212458788690e+01
6.144241690430078506e+01
8.394702444167954525e+01
4.727492835636245871e+01
8.792188530186328421e+01
4.863829039805339249e+01
8.165408879463495850e+01
6.354245571612320020e+01
6.719116819482391634e+01
7.861174307981372067e+01
5.083872511145619200e+01
8.629977567478668732e+01
4.512361695415840046e+01
8.398892169438910571e+01
5.622643089322917120e+01
7.241548486137779150e+01
7.227425866803753252e+01
5.590621583197886224e+01
8.319554914179397542e+01
4.451112745286639694e+01
8.484064957874592494e+01
4.976392152301485083e+01
7.669743910199086656e+01
6.528652617858270446e+01
6.151521855479826684e+01
7.875680221759505173e+01
4.669686767868738286e+01
8.417164269896758810e+01
4.501992544834816101e+01
7.976250018699103350e+01
5.810181964289098744e+01
6.693641485078831010e+01
7.319486846789163792e+01
5.090069707027131329e+01
8.201928335193692021e+01
4.280534035743931298e+01
8.144453729354836469e+01
5.131836512022740493e+01
7.166040084507329766e+01
6.679259271708748713e+01
5.614035908531981534e+01
7.848374862989214762e+01
4.344859580516641273e+01
8.166918302096534887e+01
4.569772458429068251e+01
7.534766741340391150e+01
5.992584387677516133e+01
6.157694713075739656e+01
7.373588907699861750e+01
4.653026676812173434e+01
8.043377310731081309e+01
4.209936606701600681e+01
7.777685958408095246e+01
5.309290248497566012e+01
6.659859470428646944e+01
6.800103130234225546e+01
5.115831316918360017e+01
7.779576285613273967e+01
4.116312613533616371e+01
7.883230022925681624e+01
4.694008662888158057e+01
7.079032555696679196e+01
6.159445833253477787e+01
5.641304454169077331e+01
7.387751119410738454e+01
4.290597500713551682e+01
7.846716898225021453e+01
4.226062153497530716e+01
7.387672164097507732e+01
5.492268127180390991e+01
6.157996349718668938e+01
6.887004609092973340e+01
4.666793871103066493e+01
7.670578532069494315e+01
3.985200731965183962e+01
7.569034622763771836e+01
4.853215152105336472e+01
6.614621847280352540e+01
6.302378685152443438e+01
5.152960086914748672e+01
7.361878054826851780e+01
4.012902128513702138e+01
7.614540408554293549e+01
4.309953352653347736e+01
6.979410331213259155e+01
5.667712850451587769e+01
5.666966590300263107e+01
6.937291400006718334e+01
4.278198321543308680e+01
7.522447187298351423e+01
3.945223965141757105e+01
7.228651926099128389e+01
5.027554103504752447e+01
6.149334916729284117e+01
6.416204058912644825e+01
4.701002731390528311e+01
7.297645680665520729e+01
3.824897665773306699e+01
7.350048326694326306e+01
4.440917032632585659e+01
6.558440280666039257e+01
5.826432966194653318e+01
5.193875933256962441e+01
6.950425356117924025e+01
3.960378446582046763e+01
7.338710698883279804e+01
3.981370935947889933e+01
6.866728721687907466e+01
5.205285926829655807e+01
5.685918085930721588e+01
6.497088466806330587e+01
4.297005837242348747e+01
7.194471389924935067e+01
3.726155328832479796e+01
7.057741645913183959e+01
4.600527967035136356e+01
6.128727089656521088e+01
5.961195142153157889e+01
4.747659467999731220e+01
6.925732709972832879e+01
3.721563765017909731e+01
7.121348660353444870e+01
4.076993511429095207e+01
6.487301968317667900e+01
5.372477211291672461e+01
5.234137855783130533e+01
6.544093102719864419e+01
3.949136556451248481e+01
7.055536815194527378e+01
3.710050313515408504e+01
6.740351183629340426e+01
4.771477270976004093e+01
5.697026693794162355e+01
6.068408776629895129e+01
4.335921094717865287e+01
6.863653861387643929e+01
3.567605964253353790e+01
6.874184210025310904e+01
4.211840654893948965e+01
6.095557534471752348e+01
