2.010237137321952616e+02
2.652122303601225326e+02
2.310444865613353045e+02
2.394290743922498166e+02
2.659719480560737566e+02
2.118152205873225284e+02
2.876894113196691478e+02
2.051410691831171107e+02
2.872785935958999630e+02
2.293060723952412729e+02
2.654387537023105779e+02
2.680095734770931699e+02
2.337122911005035633e+02
2.989816526445262639e+02
2.148777799103973223e+02
3.086024830863375428e+02
2.289505519768545696e+02
2.934404147352204291e+02
2.681757086387854656e+02
2.610240773249574318e+02
3.077114043893941471e+02
2.316905845324905329e+02
3.285820531932824906e+02
2.321061665381434693e+02
3.226585809412812296e+02
2.674268219292925437e+02
2.930874926963402913e+02
3.138465651125706017e+02
2.563207765367769753e+02
3.466565445826956307e+02
2.412854601201566140e+02
3.522812942863480430e+02
2.673503375320818236e+02
3.291383175801482821e+02
3.176366102497689781e+02
2.889203328688874421e+02
3.623746233695984529e+02
2.590134840567436072e+02
3.816607206427124197e+02
2.702358370821892208e+02
3.684162957627970059e+02
3.197984438913545091e+02
3.292032554332679410e+02
3.755794609634919539e+02
2.871135312666275468e+02
4.102304872751055314e+02
2.794746641827029521e+02
4.102715404904270144e+02
3.219031856671468859e+02
3.766405564063338716e+02
3.862616294855293404e+02
3.267782056666192148e+02
4.372112590254448605e+02
2.991556793614577145e+02
4.545530957895971369e+02
3.265007623022717098e+02
4.314840692054906981e+02
3.954108581261436370e+02
3.794862380402219628e+02
4.635093536001676853e+02
3.324307755014347094e+02
5.003694682108941834e+02
3.378155105454506497e+02
4.928341152616694103e+02
4.039043594765177545e+02
4.450436524192852517e+02
4.881316544592241939e+02
3.836668590731456447e+02
5.482693850925484185e+02
3.614404418788895441e+02
5.620990488789941537e+02
4.150024393457117640e+02
5.251271579303764838e+02
5.123726062685855140e+02
4.559577480875165634e+02
5.992408989781080209e+02
4.053313824018620153e+02
6.407527272209621287e+02
4.342678931008968561e+02
6.220735009341948398e+02
5.383949953547058840e+02
5.541292485809719892e+02
6.547113194748077376e+02
4.776821556553891810e+02
7.311915925957638365e+02
4.712266790145075674e+02
7.423712079097090282e+02
5.709260121327243951e+02
6.849895640873096454e+02
7.184041317517760490e+02
5.898971521588800897e+02
8.403744331939531094e+02
5.410306416318954916e+02
8.942646906359035484e+02
6.196482350982898879e+02
8.617304178812044029e+02
7.972904605959538458e+02
7.619927192647681977e+02
9.792750134092894996e+02
6.666579984076331584e+02
1.097796448701473764e+03
7.053226343748073077e+02
1.115900135936275547e+03
9.085490762817212271e+02
1.027993285053819818e+03
1.175579561279653035e+03
8.970889878700967301e+02
1.399669865013677963e+03
8.712173403742774553e+02
1.509462713882935759e+03
1.096854309593786638e+03
1.481476460546312182e+03
1.497909898559753401e+03
1.337423064194486415e+03
1.915885879069770681e+03
1.246375327220082681e+03
2.242301932145651335e+03
1.493532697284479127e+03
2.399813343293019898e+03
2.160624920585848486e+03
2.363198133487729137e+03
3.099406199272150388e+03
2.285581789392396786e+03
4.172806075656380017e+03
2.723379239407854584e+03
5.407963194414746795e+03
4.698087082690115494e+03
6.974512080454752322e+03
9.646649954506727227e+03
1.089358587530669138e+04
3.037497280650508765e+04
4.043927433304403530e+04
2.935644717987048716e+04
1.003784616102046493e+04
9.636562951298157714e+03
6.500632051778373352e+03
4.721028338651743070e+03
5.176771924887942077e+03
2.665942221587034965e+03
4.110026138500223169e+03
2.058710541142630063e+03
3.087965468041749318e+03
2.153047009449223879e+03
2.143555669888080047e+03
2.247809169441894028e+03
1.399299577792459786e+03
2.152725167009617053e+03
1.059769648093557180e+03
1.862946724888671724e+03
1.147056351132818918e+03
1.444837198604984451e+03
1.334648991530003059e+03
1.008318221065197804e+03
1.411795319799575509e+03
7.088687654551241621e+02
1.325271120493724993e+03
7.115277018306010177e+02
1.114150145474506189e+03
8.807159691565632329e+02
8.229522114239294979e+02
1.002175817515637732e+03
5.623576861827598350e+02
1.014979613855779576e+03
4.822273036757506475e+02
9.099209489068811081e+02
6.024267360586035238e+02
7.139718349994410573e+02
7.407659292111146669e+02
4.936967385261621075e+02
8.008528810533208571e+02
3.590276016700538548e+02
7.607814255441504656e+02
4.196067608318876410e+02
6.359663426721858741e+02
5.499516978617359655e+02
4.618255935722078789e+02
6.390527611539029067e+02
3.041251501707386069e+02
6.467870179773517521e+02
2.950806859033534124e+02
5.731030867994752498e+02
4.069538233573860566e+02
4.388227039398831835e+02
5.091447688148947464e+02
2.871927131791201191e+02
5.481936612035069629e+02
2.164730721560618179e+02
5.156197245716334692e+02
2.934491615302084142e+02
4.201871149687393086e+02
4.002664726062326963e+02
2.863244139998037099e+02
4.620428139525326401e+02
1.786432618320897063e+02
4.613437510164652053e+02
2.062589747880578557e+02
3.983994373082456377e+02
3.063448833861604044e+02
2.908264185619756290e+02
3.834881949143396014e+02
1.731945034661861200e+02
4.074356778410453330e+02
1.417314382625208395e+02
3.747154933688312894e+02
2.241727050165411583e+02
2.938532574512754536e+02
3.118419126977477163e+02
1.823644717538611246e+02
3.553381501736644736e+02
1.032738881391028656e+02
3.464005951144271762e+02
1.560641766357505844e+02
2.895147780965700690e+02
2.437889362235824819e+02
1.972879620549749120e+02
3.017623789825896665e+02
9.894542434862256641e+01
3.167060597893406566e+02
9.698670856755197178e+01
2.804853796930356680e+02
1.826258659448894832e+02
2.078290589898174687e+02
2.502685941962887455e+02
1.130265169509088565e+02
2.795456182486083776e+02
5.320276854864148675e+01
2.654263169051795330e+02
1.228741694309446615e+02
2.154657631058163929e+02
2.000623235913044482e+02
1.320164266162884985e+02
2.425665335711014166e+02
4.187526735543391254e+01
2.459976788509316350e+02
7.197955192926826840e+01
2.125798040763278323e+02
1.486678375261507483e+02
1.499809193325554304e+02
2.037247635656710258e+02
6.535684022841863339e+01
2.209206356655023455e+02
2.332194590948956758e+01
2.077230442860608548e+02
1.044081863727234207e+02
1.596846698451292070e+02
1.630687075318295740e+02
9.105385012220709484e+01
1.922122027423991995e+02
1.871977471315862473e+01
1.925640021564170468e+02
6.010188676453032741e+01
1.665084150924097628e+02
1.239961010125104508e+02
1.142057556655173158e+02
1.619378082220893589e+02
5.489835568404456012e+01
1.755042237439387236e+02
3.570156353282558115e+01
1.650013369299462340e+02
8.683906717383548823e+01
1.324539822137183194e+02
1.316284699279724464e+02
8.514115733395264840e+01
1.563992823450559513e+02
4.592487952594809286e+01
1.576281829044245342e+02
6.168701815969683366e+01
1.392513605745004099e+02
9.942075409161380151e+01
1.066091677288739561e+02
1.304334683491636042e+02
6.899371373908854821e+01
1.425602060147319889e+02
5.643580986409469347e+01
1.427250641062362888e+02
7.461522397438361054e+01
1.236761930276784369e+02
1.055206843316981917e+02
9.920811858309166098e+01
1.274680763154068188e+02
7.429868792286028167e+01
1.416009130992607936e+02
6.657283242080522712e+01
1.344961416501357121e+02
8.047153111357503974e+01
1.162863658557053128e+02
1.095750361801803194e+02
9.519655341699817086e+01
1.285561553290282859e+02
7.171580884785377918e+01
1.356406845695103698e+02
7.242763774769248641e+01
1.305240214153555769e+02
8.607700504028122168e+01
1.174118239782005304e+02
1.124756946522075509e+02
9.432058771778187634e+01
1.292050276156191444e+02
7.469936204879685704e+01
1.426238616433175821e+02
7.280711262610694234e+01
1.307481859451376920e+02
8.988487319015824539e+01
1.150360386374018589e+02
1.148506396539437020e+02
9.619653850950203378e+01
1.376521623254662074e+02
7.334809676446241156e+01
1.500133543246169552e+02
7.307345432159672782e+01
1.402220498921558374e+02
9.841974626220209643e+01
1.200966010071145860e+02
1.266533246535287844e+02
9.460448880777663305e+01
1.527213753095432196e+02
6.557847801572296476e+01
1.628986469096390977e+02
7.391267909122578317e+01
1.564130079799419093e+02
1.148215701983518073e+02
1.258515868543826457e+02
1.524540369779274727e+02
8.359313889470935521e+01
1.780542048737454763e+02
5.436653884321997054e+01
1.829111769574303992e+02
8.538462162866345295e+01
1.641170804952197102e+02
1.386776025427336094e+02
1.231725310882368092e+02
1.873858633880407183e+02
6.174253389697570071e+01
2.105260053329529910e+02
4.683496240558365997e+01
2.113544329644320214e+02
1.204788876725026512e+02
1.731848381412602293e+02
1.878782369397023331e+02
1.096999821646654141e+02
2.418032046622450366e+02
2.273765515019501748e+01
2.555611786591132955e+02
8.676704788330623330e+01
2.338266849208154952e+02
1.833440996370052858e+02
1.728301925486198058e+02
2.626086446637112317e+02
7.615018579367631446e+01
3.074442770998446122e+02
4.679595443240123842e+01
3.048729533126684146e+02
1.714794962414390227e+02
2.533798977749630978e+02
2.846497355750863676e+02
1.518898442107430071e+02
3.578860684331928042e+02
4.556554379798043897e+01
3.848461359082781428e+02
1.531955623821269228e+02
3.499352191623627846e+02
2.988065110600593357e+02
2.558530189013943357e+02
4.152964048547773928e+02
1.262669787887446518e+02
4.788370870045109768e+02
1.380293673220789117e+02
4.719815031493357651e+02
3.115220218939789447e+02
3.911782750403438627e+02
4.796684088217887165e+02
2.486991540672102587e+02
5.960638134267753685e+02
1.616264288790967214e+02
6.312615393686653533e+02
3.246333013780911187e+02
5.774084221343956642e+02
5.589304362790962841e+02
4.300643422784780228e+02
7.543122412115608313e+02
2.717407056951466302e+02
8.633772771001658839e+02
3.666566802119504018e+02
8.540999437911643781e+02
6.673750811728239114e+02
7.326121171586033824e+02
9.986417252742918436e+02
5.192839783356782846e+02
1.247994165825293521e+03
4.949913586932888165e+02
1.382668075911001097e+03
9.017848533094899039e+02
1.323997000987068304e+03
1.480365582022512854e+03
1.104607276509158737e+03
2.119679112997805532e+03
9.569404127313152912e+02
2.717313950727944302e+03
1.557472488880021729e+03
3.240600612745378839e+03
3.290045562716621589e+03
3.672140657476691558e+03
6.725024384406668105e+03
4.921521539328033214e+03
1.935215171757796634e+04
2.926299458532769859e+04
2.335697910576156573e+04
8.091322470735918614e+03
6.110467410479939645e+03
5.182839912881519922e+03
2.664649955005847460e+03
3.912023587989066982e+03
1.556901465304140402e+03
2.921168689173041457e+03
1.562302400863031835e+03
2.045939065149027556e+03
1.740957323639301421e+03
1.314191460312002619e+03
1.761679604138842706e+03
8.479052521250436030e+02
1.604102864149080006e+03
8.047382812870739599e+02
1.314025752668538871e+03
9.788059396858391210e+02
9.615363681610832600e+02
1.103416947996741783e+03
6.559492033155682975e+02
1.109859995672809191e+03
5.454784461504987121e+02
9.941287603067133887e+02
6.476395054715588913e+02
7.913358010171272099e+02
7.767125099317951253e+02
5.735960495206625183e+02
8.371532603060112478e+02
4.395004747933774638e+02
8.014990488340074535e+02
4.701715601729352443e+02
6.856663030945112496e+02
5.766505665118643265e+02
5.281466274155784504e+02
6.586287916930588153e+02
3.947501468903305977e+02
6.683882560425753354e+02
3.691846852374239916e+02
6.074031453286319220e+02
4.456537398615624284e+02
4.943262052381254534e+02
5.291800353994718762e+02
3.771135316799466182e+02
5.668398000397826308e+02
3.195997314355421963e+02
5.443074814246364213e+02
3.573213688721214680e+02
4.699929994987781470e+02
4.337750875049752040e+02
3.686487266718880278e+02
4.846831660595995572e+02
2.947002795009195779e+02
4.873838298787349004e+02
2.983440233631354772e+02
4.407940790161428026e+02
3.568778803930303525e+02
3.632973736241212919e+02
4.143334043833749547e+02
2.861054585070767757e+02
4.359565234106497655e+02
2.615012103370950740e+02
4.140549831111042636e+02
2.992705320105491751e+02
3.554571808362504726e+02
3.545305171936180955e+02
2.855569578192965992e+02
3.885195929219456161e+02
2.415855776292237351e+02
3.847336389605936233e+02
2.558814964257571489e+02
3.460724338976193053e+02
3.030749822582871502e+02
2.864969996490411859e+02
3.445379286113072226e+02
2.340638222120989553e+02
3.558665330993884481e+02
2.257566587073141591e+02
3.341764827394296731e+02
2.618358377127173640e+02
2.858069941105926546e+02
3.037507768035554250e+02
2.339398506396818220e+02
3.265526477615070462e+02
2.088004161145506714e+02
3.187961459084772855e+02
2.279637701347547249e+02
2.839814878866691856e+02
2.671381466514257568e+02
2.360180469060789790e+02
2.965236951407266588e+02
2.007664373643742692e+02
3.014625499991910260e+02
2.030123567173659751e+02
2.792988973632121201e+02
2.349609469625065685e+02
2.387857030273869725e+02
2.677362819319839105e+02
1.994085321660978138e+02
2.821465348212983031e+02
1.867219087976864671e+02
2.717123427813400554e+02
2.077641801907105901e+02
2.401610305977397957e+02
2.401522412441264009e+02
2.015148170223297939e+02
2.615663065562295060e+02
1.780092720965402009e+02
2.613865879176687486e+02
1.863360461533529246e+02
2.394935897981242476e+02
2.148330383070347693e+02
2.048633612920609437e+02
2.403544229177397256e+02
1.753282236199117960e+02
2.487303805151432243e+02
1.710859262971139572e+02
2.363395419651103850e+02
1.923752944661376318e+02
2.077615676415084067e+02
2.191658684052374326e+02
1.764528536787234145e+02
2.343339433772881080e+02
1.618166962830331954e+02
2.305603798910723867e+02
1.737181304549428376e+02
2.091820644428160847e+02
1.988125009480274628e+02
1.794128739406816351e+02
2.185244749009310397e+02
1.577852807926641390e+02
2.224046212535610039e+02
1.594435193116184735e+02
2.086245980970259666e+02
1.800379167310942137e+02
1.827162920303727276e+02
2.020552722524411706e+02
1.576724418497646241e+02
2.122510604238306655e+02
1.497942639646512077e+02
2.057718354244203738e+02
1.635866994317584613e+02
1.851675686529001723e+02
1.855235372160032341e+02
1.598114760847239495e+02
2.004450154100372004e+02
1.446808857658948284e+02
2.007757914325238460e+02
1.502867054574950600e+02
1.861582481265124045e+02
1.696057965538662131e+02
1.627747829445425225e+02
1.874301794656419418e+02
1.432265434963661619e+02
1.937412023801071541e+02
1.404976092389382814e+02
1.851551303108743696e+02
1.549772214617558745e+02
1.659752757151448463e+02
1.741360712032316371e+02
1.443792538918808930e+02
1.851968028071213439e+02
1.346649212598418899e+02
1.827776197834809295e+02
1.429288312199607560e+02
1.677085217588162607e+02
1.607707515241048668e+02
1.468475957367023170e+02
1.750658552042409042e+02
1.320379172687244420e+02
1.780650385406742373e+02
1.333904088604739684e+02
1.682031735543774289e+02
1.480543412242959960e+02
1.497204899507100606e+02
1.640865720272024078e+02
1.320877174456487069e+02
1.717126657038685096e+02
1.267481853027451990e+02
1.670722237414707365e+02
1.367841740645710047e+02
1.520907854651834441e+02
1.527892128467917985e+02
1.338258541186131367e+02
1.639126632285364167e+02
1.232030636119385179e+02
1.642565785413848971e+02
1.274461916109794402e+02
1.534774005626321980e+02
1.417114596204480677e+02
1.363377801525229529e+02
1.550613096091615546e+02
1.221934379830142063e+02
1.598041409009454696e+02
1.205179547849133996e+02
1.535131336324078291e+02
1.314423824475752269e+02
1.388319883407859834e+02
1.455855597069685246e+02
1.230990277975579517e+02
1.539011005115011130e+02
1.161572706648760231e+02
1.520743293413554227e+02
1.225307752775752022e+02
1.406963198300379076e+02
1.359532626146068424e+02
1.250878376246062089e+02
1.468378236173404616e+02
1.142299228289456892e+02
1.491174443390669637e+02
1.154563260223547019e+02
1.415504625295859000e+02
1.266822617740235017e+02
1.274474785528864516e+02
1.389447011705630928e+02
1.142590251013278504e+02
1.447793297474801193e+02
1.105218355071888112e+02
1.411613142988310585e+02
1.183054939977839837e+02
1.295481615890522846e+02
1.306395410684991987e+02
1.156255262583862446e+02
1.392322715878072472e+02
1.077761844868395684e+02
1.394235856496349015e+02
1.112655205603715984e+02
1.309393801462944964e+02
1.223581108526223744e+02
1.176620718344443048e+02
1.327512708786055100e+02
1.069676039095168960e+02
1.363780298652355043e+02
1.059585568252617662e+02
1.313240608697194034e+02
1.145690861062539483e+02
1.197697599665418551e+02
1.256464968852911994e+02
1.076364303420936750e+02
1.321338174237113776e+02
1.025342611502675112e+02
1.305505264828033205e+02
1.077146695672148269e+02
1.214668476194174787e+02
1.183290302345968144e+02
1.092238591252342275e+02
1.268905111583135721e+02
1.009491012398011094e+02
1.285722391660902701e+02
1.021971064104071303e+02
1.224061757131440942e+02
1.111805686516128020e+02
1.111696779238078676e+02
1.209085502312379106e+02
1.009086561916769682e+02
1.254469966267388799e+02
9.826967629135536697e+01
1.223799432085840806e+02
1.046272863007390015e+02
1.129846191953879639e+02
1.145020041197303868e+02
1.019626389251197338e+02
1.213026787035182252e+02
9.600543322457826889e+01
1.212866182764287970e+02
9.905514523875331179e+01
1.142920664966472231e+02
1.080283692300515952e+02
1.036149851777711746e+02
1.163418918679378322e+02
9.526547799421436480e+01
1.191149003782464320e+02
9.477021018107608086e+01
1.148330471760553877e+02
1.018595524161652861e+02
1.053908916202077961e+02
1.108183474015322361e+02
9.573382333033254099e+01
1.159416077567221492e+02
9.193968113778046813e+01
1.144533572778104684e+02
9.636475408285213007e+01
1.068986864178116321e+02
1.050329599719286193e+02
9.699044118518243351e+01
1.119111152984131223e+02
9.055292971260239199e+01
1.130923012433904233e+02
9.186900809285188529e+01
1.078430524518860807e+02
9.931394569434183950e+01
9.860059226511434360e+01
1.072246477722509468e+02
9.041511435674770780e+01
1.107731627951936559e+02
8.859951139684781651e+01
1.080257907220009059e+02
9.400588208506668764e+01
1.001670852306042718e+02
1.021285893308797625e+02
9.120796141143063096e+01
1.075861439721813468e+02
8.664103760121112430e+01
1.073429768356239578e+02
8.942712761564510515e+01
1.013724296396238316e+02
9.690932979387601165e+01
9.254528999932276179e+01
1.036860479880776751e+02
8.591573980860889037e+01
1.057674708584745957e+02
8.584273278242103800e+01
1.019824879363381456e+02
9.187746293467992587e+01
9.405438731063678404e+01
9.926192794895978011e+01
8.619256364920170199e+01
1.033427054069153144e+02
8.339543779755754827e+01
1.018499271812428617e+02
8.732940858283242846e+01
9.538486022516525509e+01
9.457401157083509702e+01
8.718192238685432471e+01
1.001764906189604147e+02
8.212576756506453535e+01
1.009120919568835149e+02
8.354519883301597361e+01
9.630414400499903138e+01
8.988070312734767242e+01
8.851028538764873588e+01
9.642161863106045416e+01
8.189602538492613348e+01
9.916338038508743580e+01
8.072512566972366699e+01
9.661961399789734628e+01
8.546872874798708608e+01
8.985778729413159738e+01
9.227390493020985218e+01
8.248660236655101130e+01
9.664858216760326570e+01
7.896473889793823275e+01
9.625614097284802995e+01
8.155295743055694402e+01
9.098960599780185987e+01
8.800482089325282686e+01
8.350450553882215843e+01
9.356968861511712987e+01
7.822412531079054077e+01
9.507222584956700473e+01
7.850074003931125333e+01
9.161733420990510979e+01
8.378339689258245926e+01
8.479569758701411786e+01
8.997008799962760861e+01
7.834331717894870906e+01
9.320591241186700415e+01
7.633134552227767244e+01
9.165886623396056621e+01
7.993247808188590398e+01
8.598560598731860694e+01
8.609847671871628449e+01
7.909198496723551841e+01
9.068497123857594033e+01
7.511963015304472435e+01
9.103221424088938818e+01
7.666682667110381999e+01
8.686238952531077473e+01
8.217403466817930280e+01
8.018626993045941731e+01
8.763451181506071919e+01
7.478982279762179530e+01
8.971973497225607730e+01
7.416711949102069923e+01
8.726143914123412060e+01
7.842963550308890319e+01
8.135561174073333746e+01
8.421813124525932892e+01
7.516445172847612355e+01
8.776251465029898213e+01
7.253376357180536615e+01
8.707143428181419154e+01
7.509658353024885002e+01
8.236159957749457305e+01
8.061868688296536334e+01
7.601374824659336582e+01
8.524161507682241279e+01
7.175901952821678265e+01
8.625457393463915423e+01
7.236852729647064564e+01
8.302041144629986036e+01
7.705071256260762880e+01
7.708301291930804666e+01
8.229110674431611017e+01
7.173110772507189381e+01
8.481399246881626652e+01
7.038573572959020908e+01
8.319081615940778818e+01
7.373456072790165194e+01
7.813009255035039757e+01
7.905892100073950246e+01
7.227658673275146839e+01
8.280016923169689846e+01
6.919892515572784930e+01
8.280337686030696887e+01
7.086767440862813316e+01
7.895487585953853227e+01
7.573304920015426944e+01
7.316769694770469812e+01
8.030560479902126758e+01
6.876946380865936703e+01
8.183075635525322866e+01
6.860974849207984505e+01
7.940709023557123203e+01
7.251090690476571865e+01
7.417267660621793368e+01
7.746273450155268847e+01
6.897044069687449053e+01
8.029080790493179620e+01
6.706585344662083514e+01
7.938082974920807544e+01
6.958338636836367641e+01
7.509299593175468601e+01
7.442324768222189846e+01
6.961467514763172915e+01
7.825868262278282828e+01
6.624188555783003096e+01
7.882076477383979807e+01
6.714152351275031094e+01
7.574104958383165354e+01
7.136364700891057566e+01
7.050596226983795134e+01
7.581175714696298940e+01
6.608162446429314230e+01
7.772547389472241264e+01
6.529366495896928768e+01
7.600758936916369635e+01
6.846769870554416570e+01
7.142779494690157094e+01
7.309242630916865835e+01
6.644104941440554057e+01
7.612382951941157216e+01
6.411407792038507125e+01
7.580712571767843144e+01
6.591144815969599335e+01
7.220349180196164696e+01
7.024847554578033737e+01
6.714524747874750688e+01
7.408272351188774962e+01
6.358709720543704691e+01
7.510756586872054186e+01
6.383642514447838323e+01
7.268865660155070429e+01
6.744697972621524684e+01
6.800110555221749564e+01
7.171034607951833095e+01
6.363345457914928716e+01
7.391218679147148407e+01
6.234898079129092707e+01
7.279402906142264840e+01
6.485644395927110395e+01
6.882556886010003439e+01
6.912313222226593723e+01
6.409997164119553759e+01
7.226795102229640122e+01
6.147406890432448279e+01
7.244780180168949357e+01
6.262885292047331376e+01
6.946538507146935615e+01
6.647761356845234104e+01
6.482218118484851743e+01
7.024787918995615144e+01
6.118283006473816243e+01
7.163349175456981754e+01
6.088667073122758211e+01
6.980373042267275707e+01
6.392397801189002138e+01
6.562481866792690255e+01
6.795606556382783481e+01
6.137290703411817105e+01
7.037023911606358695e+01
5.970249708237067665e+01
6.975700889367631419e+01
6.161621635516294049e+01
6.634848662786806983e+01
6.551383338678962787e+01
6.190619171863448855e+01
6.870857579775801582e+01
5.908154639754070558e+01
6.928631765302731083e+01
5.968864865148131571e+01
6.685802558370961890e+01
6.306362807169281126e+01
6.262055890738550090e+01
6.672472769436498652e+01
5.897452193617380090e+01
6.838210519331981629e+01
5.823721609866846194e+01
6.705817821760406616e+01
6.074650804762600842e+01
6.335919699809913652e+01
6.452262406036750519e+01
5.927205495083716613e+01
6.707239084606521828e+01
5.730873797842213691e+01
6.688431059019825398e+01
5.870105164069259729e+01
6.397829234350993488e+01
6.222435648611890713e+01
5.984116193391680838e+01
6.540922414568134968e+01
5.689589497864534451e+01
6.631040613567965636e+01
5.703801083141210171e+01
6.437018549768144737e+01
5.996110177766585991e+01
6.052801874631242640e+01
6.347746689720620594e+01
5.693044070829414238e+01
6.533737333048935625e+01
5.583893988582882173e+01
6.444951420847398538e+01
5.786164922961017254e+01
6.119448529207181053e+01
6.137496036200939642e+01
5.730107306880425710e+01
6.399824624280881835e+01
5.512652733835980001e+01
6.417072693420314522e+01
5.605426457847352140e+01
6.171678889044629557e+01
5.922015687883087054e+01
5.787986945826177276e+01
6.235311234870909658e+01
5.487936342016229219e+01
6.351059295470179933e+01
5.462956706670287588e+01
6.200287679823178877e+01
5.712945869815321487e+01
5.853181744800135533e+01
6.048599437377310295e+01
5.501105094200457302e+01
6.249136897725431083e+01
5.364708150474589132e+01
6.197322325519343877e+01
5.523955237615297875e+01
5.912283968680762314e+01
5.848507195299185213e+01
5.543275351607142198e+01
6.113893579318817473e+01
5.311325156951750159e+01
6.160598884787865614e+01
5.364417267503601039e+01
5.955027451649873171e+01
5.647109359986031762e+01
5.600767599784632012e+01
5.951975903921022137e+01
5.299576056895021736e+01
6.088398677376330426e+01
5.242694018471502915e+01
5.973444556204056255e+01
5.455372570948033939e+01
5.661467621031858499e+01
5.771521416068528509e+01
5.321183491557493284e+01
5.982733454550913876e+01
5.162995705081511488e+01
5.961867538076101170e+01
5.284247459299127314e+01
5.714020902293925275e+01
5.581785076239066967e+01
5.365624396934899210e+01
5.848014766166895839e+01
5.124177788796540511e+01
5.917723086899847118e+01
5.143891128914154365e+01
5.748330181564384134e+01
5.393938668733989772e+01
5.421596040919583004e+01
5.689523790076101051e+01
5.122897198629053861e+01
5.840640379930890447e+01
5.039895324431827106e+01
5.758320909865873460e+01
5.217911135948943269e+01
5.477656397878838845e+01
5.515787343484343808e+01
5.150333074404277767e+01
5.733261216134755500e+01
4.974999454334643900e+01
5.739315627989419966e+01
5.064074218408065775e+01
5.523106579940858296e+01
5.336187325945106608e+01
