1.934751407838603257e+02
1.168528759174795084e+02
1.880333425102418232e+02
1.422806624386487613e+02
1.646423838312561259e+02
1.754360075945708672e+02
1.337688779337579206e+02
1.977191267535222323e+02
1.175468923767322735e+02
2.004161936299145736e+02
1.343306332360216970e+02
1.824041148087472095e+02
1.693082099735158863e+02
1.507623341585551202e+02
1.990251239082441259e+02
1.240904550509110749e+02
2.105182532637371651e+02
1.281052304656904539e+02
1.997467956020984161e+02
1.613042603337329410e+02
1.703058851675542371e+02
1.971590458254262899e+02
1.364166372777645222e+02
2.177641138324931376e+02
1.259339357126150247e+02
2.156757865785208992e+02
1.521914722330415657e+02
1.912182984083133874e+02
1.921840922524672521e+02
1.545997831743952133e+02
2.220508352881162466e+02
1.295929484652673409e+02
2.297174813203336612e+02
1.436480814747426109e+02
2.124442930241929446e+02
1.845519094844132155e+02
1.763905766246006408e+02
2.228235756151329099e+02
1.406483508910878584e+02
2.410737495317492005e+02
1.380953203922422858e+02
2.329491891299311419e+02
1.748650301402806235e+02
2.008820956935413165e+02
2.199899884555834433e+02
1.588786495275253969e+02
2.492668112246568342e+02
1.381833440673138114e+02
2.518830037949632867e+02
1.645143265835611146e+02
2.266652447267061916e+02
2.136050312908421915e+02
1.830035201026647655e+02
2.537602990724143979e+02
1.466266207412343761e+02
2.684959008545251322e+02
1.556364786549246162e+02
2.527430510144270102e+02
2.042185346191668884e+02
2.115562015714269819e+02
2.542112354259994333e+02
1.643297530805677980e+02
2.820333522659000209e+02
1.515402196956796388e+02
2.780667064820501082e+02
1.926497317792218098e+02
2.430479640874488325e+02
2.504360251962007453e+02
1.905546223829427106e+02
2.918803437308880007e+02
1.560557602974838574e+02
3.016771507266340677e+02
1.808598092576291947e+02
2.762965525611715520e+02
2.425257219267723485e+02
2.239518668713690204e+02
2.975161267549863169e+02
1.719411725195079725e+02
3.228601971002111668e+02
1.721807229859571180e+02
3.101507470345881075e+02
2.311211780567265066e+02
2.626663674264102610e+02
2.983308442223846555e+02
1.999046004063137048e+02
3.407673827426190201e+02
1.715967868286356008e+02
3.435325003736577401e+02
2.173892980313765690e+02
3.055726272890464088e+02
2.941466004269168479e+02
2.389342937524180002e+02
3.543050719665195629e+02
1.838763623917853067e+02
3.761642335829540116e+02
2.044854837641499614e+02
3.514187401164577409e+02
2.850607467951436433e+02
2.876947531133040457e+02
3.639169113680945884e+02
2.127881964800944559e+02
4.063325957093026091e+02
1.984483108933403912e+02
3.996371931669139599e+02
2.715079941432889541e+02
3.441917337766046785e+02
3.668060610712459493e+02
2.593394503802276745e+02
4.344568718904868092e+02
2.045086266047227639e+02
4.500289064482695380e+02
2.563566414475197348e+02
4.084312959920815160e+02
3.651700729816489570e+02
3.210338916828507081e+02
4.583701385359611322e+02
2.324805423054346250e+02
5.005246827046354952e+02
2.428110767790391833e+02
4.808423227043036263e+02
3.569472407304467652e+02
3.991142999598470169e+02
4.783965133405715164e+02
2.871406836257265809e+02
5.548918407133202209e+02
2.419365747133698221e+02
5.605328992371879622e+02
3.450177741812149748e+02
4.914689134501541048e+02
4.901790641195809144e+02
3.702650535769430462e+02
6.077920332668077208e+02
2.667078991026912149e+02
6.528768079852429764e+02
3.272785719300295000e+02
6.094305524812631347e+02
5.026745861361586094e+02
4.852541497133208850e+02
6.651963561839091881e+02
3.343776950476491265e+02
7.591672047559542307e+02
3.172001740107612022e+02
7.549798702841839031e+02
5.069761724958892728e+02
6.451930025258737942e+02
7.302149387844228841e+02
4.595526928703930594e+02
8.936217701055069256e+02
3.425850588750336101e+02
9.484631704530705747e+02
5.099163008942250030e+02
8.675784101001927411e+02
8.072638156476211861e+02
6.681516498603758691e+02
1.074283586264295991e+03
4.414457923423635179e+02
1.223672746807206977e+03
5.206333231503913339e+02
1.211823131755216309e+03
9.133186719373785536e+02
1.029807824607292787e+03
1.354469223533833656e+03
7.019065337469343149e+02
1.693165989676157778e+03
5.840428862673222739e+02
1.850396517415623748e+03
1.126709024769747657e+03
1.749941725265467085e+03
1.912574533928982191e+03
1.364366605594603243e+03
2.742368515617042249e+03
9.454399586566364633e+02
3.492230499910163417e+03
1.700844321327864009e+03
4.071291598205446917e+03
3.913325660095473268e+03
4.305601055552546313e+03
8.280846349096236736e+03
4.524031873221434580e+03
2.457578039366031589e+04
3.744583706650786917e+04
2.943238006315543680e+04
8.753226073688636461e+03
7.038723942336193431e+03
6.056980596715334286e+03
2.464875599623779635e+03
4.630851620689177253e+03
8.843542511894395375e+02
3.414069596809422819e+03
1.408474180485414990e+03
2.280369226445824552e+03
1.890410377474215920e+03
1.241543337598403014e+03
1.997336993676329939e+03
4.500507182942573081e+02
1.801854080026116662e+03
5.329279907926278383e+02
1.429887367943554636e+03
9.534268699730100707e+02
9.317308057407368551e+02
1.181662067753265546e+03
4.221811909469487318e+02
1.208946048867758009e+03
2.132833370289854997e+02
1.054550240134599790e+03
5.355516935775792717e+02
7.684884006295305880e+02
7.738319188043069516e+02
4.206437213528323014e+02
8.676826312408106787e+02
1.062619608828623825e+02
8.253421191919331932e+02
2.876062115368433751e+02
6.619736667035415394e+02
5.169847833315684511e+02
4.235931150134867380e+02
6.484962434115368524e+02
1.486322206309104104e+02
6.635014477300446742e+02
1.282492976567469327e+02
5.776777053397187274e+02
3.425628963538340486e+02
4.118168555524597991e+02
4.827227430800076604e+02
2.029033816331705111e+02
5.371245444105962861e+02
1.694170546949640510e+01
5.039362028506386650e+02
2.136999222973603594e+02
3.952846998176589182e+02
3.571565618794540455e+02
2.377053318078978918e+02
4.325593179812219660e+02
6.474070071020206285e+01
4.349203530358480521e+02
1.204257081248858015e+02
3.693402953067189856e+02
2.553062202619880452e+02
2.561766226787950700e+02
3.409617870007376723e+02
1.221200679885056388e+02
3.700929612658796941e+02
6.967418790622257063e+01
3.394419805247220552e+02
1.749617539483489281e+02
2.626525700671513732e+02
2.628989332531234595e+02
1.614780188225013831e+02
3.065588441954294581e+02
7.976867537498375782e+01
3.057730235902743061e+02
1.179366776711767670e+02
2.635005028399326079e+02
1.995301317162138446e+02
1.905148531330839887e+02
2.539261029891359271e+02
1.113512210371800819e+02
2.663032649214575258e+02
9.767959618330762339e+01
2.526898554257319347e+02
1.482447693277758276e+02
2.039923557900818594e+02
2.005664015718768098e+02
1.467999284051470852e+02
2.320685304422358683e+02
1.057771541183604427e+02
2.309400510276548459e+02
1.136730979292332648e+02
2.106347802681667645e+02
1.584731176940612443e+02
1.685367363955883491e+02
1.923409803137923859e+02
1.271700166107656855e+02
2.114300000996584572e+02
1.103035275252089775e+02
2.031563010986050699e+02
1.248902725758684227e+02
1.840390548815418015e+02
1.584497978645331955e+02
1.493563312380556170e+02
1.827493357405500092e+02
1.231699858402389509e+02
1.960032224554001061e+02
1.136724280545514176e+02
1.891951261121125185e+02
1.313980484231205139e+02
1.668380095744735172e+02
1.566039332199289049e+02
1.405773402198271356e+02
1.758026000665817321e+02
1.156558477190176148e+02
1.806743508478461990e+02
1.098385027188249694e+02
1.755530317334794859e+02
1.283333593616264920e+02
1.590966050941268293e+02
1.532347470703112720e+02
1.320806407199946761e+02
1.703184415679562846e+02
1.127424828780301311e+02
1.787951284318397995e+02
1.120469813333355376e+02
1.749996630405701410e+02
1.294066923611711388e+02
1.571439422229763920e+02
1.557944145564474923e+02
1.276468384457420200e+02
1.741862717710158677e+02
1.093959147901720286e+02
1.846318380782581698e+02
1.071384321893529687e+02
1.712256727822356766e+02
1.285945535366579122e+02
1.517672564274548677e+02
1.616036275897906194e+02
1.193383532755372443e+02
1.831363529285242464e+02
9.471174899808190162e+01
1.872008302772210868e+02
1.027580742848651454e+02
1.770323061979376007e+02
1.394158330915140311e+02
1.449735977886897160e+02
1.768473307264004291e+02
1.018979469229191182e+02
1.975901324770932774e+02
8.097614223378283782e+01
2.014415990519445359e+02
1.110591902147258878e+02
1.742442637399734906e+02
1.592428834076686428e+02
1.312039607384837723e+02
2.028804778956000803e+02
7.795788558356819919e+01
2.236913024107468289e+02
7.762155805779492823e+01
2.109140983342610696e+02
1.394698332777425946e+02
1.678439927535815741e+02
1.989468351338994125e+02
1.022517093658680096e+02
2.411444982864182123e+02
4.531345966028936800e+01
2.429941135711723348e+02
1.060786433923143761e+02
2.123907967378692376e+02
1.898735288996609256e+02
1.445272301975898301e+02
2.520529828979172180e+02
4.907533593143509876e+01
2.747508398180358427e+02
6.751947669188936629e+01
2.569851284281533594e+02
1.702524048093231954e+02
1.976908861624715144e+02
2.567344958226304357e+02
9.866672508458776747e+01
3.042515048884589532e+02
2.281920722521285327e+01
3.037554448022203246e+02
1.464070582209031102e+02
2.529667239877085763e+02
2.518676799368767547e+02
1.611502656576454910e+02
3.257914303472921347e+02
4.151506981619243675e+01
3.496790673343191997e+02
1.128625783782648710e+02
3.182715752157816382e+02
2.439767351157390465e+02
2.315095983782286737e+02
3.433040872962239405e+02
1.089551360434432183e+02
3.948703852910019805e+02
8.516883775104351173e+01
3.828570133758068437e+02
2.260372696891154192e+02
3.113858705136261733e+02
3.553127907893857014e+02
1.878556846895466776e+02
4.356834367117440934e+02
8.924780856134678686e+01
4.530056695336290886e+02
2.042630839590658525e+02
3.987205671365651369e+02
3.592559001806566812e+02
2.824149994205754410e+02
4.756312374125807878e+02
1.472469209481871530e+02
5.270900561062406950e+02
1.862410387349042082e+02
4.985435443947391150e+02
3.589423549873397974e+02
3.938935755574735254e+02
5.132731300436215633e+02
2.427098408343258882e+02
6.058668585231398538e+02
1.889114121347061825e+02
6.134080437874506515e+02
3.544213643077961819e+02
5.294396564340415807e+02
5.511707281486584407e+02
3.750331608308558202e+02
6.962498634234465271e+02
2.438198099115735147e+02
7.501260006968998368e+02
3.543520090174770303e+02
7.017722342577135350e+02
5.937274121100607545e+02
5.505592038302039555e+02
8.034652832088914920e+02
3.716407789470870284e+02
9.284031868995613195e+02
3.858483887595514261e+02
9.298740082002236704e+02
6.498845414179281761e+02
8.000090441717735530e+02
9.472738039204597271e+02
5.904234944518874499e+02
1.174453060290381018e+03
4.902635987428886892e+02
1.261623585090976121e+03
7.455086641347786554e+02
1.185785319253549915e+03
1.167340528521297529e+03
9.715951751314174771e+02
1.565720409548188627e+03
7.579640521480761208e+02
1.830022994559148401e+03
9.645923526959453511e+02
1.901558420030904017e+03
1.602083185154679995e+03
1.734279930258201375e+03
2.359088676472749285e+03
1.459587588607386351e+03
3.104867672677060455e+03
1.617646316220696690e+03
3.729866199163536749e+03
2.851481033186312743e+03
4.179097349811335334e+03
5.185815596911876128e+03
4.572373947896475329e+03
9.622616782661778416e+03
6.780557161541622918e+03
2.429441897586657797e+04
3.994203693874018791e+04
3.467150766134673177e+04
1.431102440119142557e+04
8.197477908548720734e+03
8.222135389137794846e+03
3.613659020197058453e+03
5.692326123769875267e+03
2.584947352281529675e+03
3.985619420787842500e+03
2.691017495227230029e+03
2.633817853607848065e+03
2.761466760057110150e+03
1.663353817648188624e+03
2.578609102202798113e+03
1.263947362588188298e+03
2.183538915317729334e+03
1.376374763721229101e+03
1.689764876479119721e+03
1.570442485951549770e+03
1.188732365015660434e+03
1.638089468043107900e+03
8.748959992343941394e+02
1.524573586115719991e+03
8.874890736144593575e+02
1.282768961583870578e+03
1.052525489736509144e+03
9.696315124062236919e+02
1.167046063864901726e+03
7.132770759759922612e+02
1.165486516290326108e+03
6.484463827432394964e+02
1.039984812701457486e+03
7.570252345375116647e+02
8.396273809132553652e+02
8.819109891006427233e+02
6.305131956669208648e+02
9.282031025259481112e+02
5.260874430906236512e+02
8.766242934694132600e+02
5.766056235474940195e+02
7.479267608348417298e+02
6.873978605391067731e+02
5.838985727832697421e+02
7.580889574167892988e+02
4.627040050772622521e+02
7.534314968816211149e+02
4.628961605666567607e+02
6.749068300206690765e+02
5.479959989597018648e+02
5.496053504224242943e+02
6.271670093328151552e+02
4.318199170961287336e+02
6.536553303930031689e+02
3.921990607764329866e+02
6.114697062283440800e+02
4.462622476934815268e+02
5.211468811692474219e+02
5.235622183964364922e+02
4.148385733001407516e+02
5.667816588897254633e+02
3.521200103435300548e+02
5.563363380696991953e+02
3.735268024841600436e+02
4.944166009675509486e+02
4.401109506389526018e+02
4.050439303840794878e+02
4.934285812294713196e+02
3.318446854667735693e+02
5.038937924662283763e+02
3.233557469203639130e+02
4.674045829294097416e+02
3.731393830124319493e+02
3.965957312824456835e+02
4.289462967597763736e+02
3.231173527124676070e+02
4.551585346378095664e+02
2.915246611326609241e+02
4.391324722144849488e+02
3.202446701681540162e+02
3.864738342563193214e+02
3.727547664397160929e+02
3.198553847261472924e+02
4.090557898806088701e+02
2.743407758846058755e+02
4.101023414970572958e+02
2.812231637890214984e+02
3.752250493477037594e+02
3.247913525866896407e+02
3.180526750520408541e+02
3.658400283795743348e+02
2.663793126275543273e+02
3.801020034797864469e+02
2.540492377405199420e+02
3.610098151822434716e+02
2.846460245145144086e+02
3.156553911789019367e+02
3.259565100956788228e+02
2.643050417139195929e+02
3.497691205995963628e+02
2.374087521959011156e+02
3.444123531962115408e+02
2.525331445303255293e+02
3.114460948991236364e+02
2.898271635241924855e+02
2.646268313173164302e+02
3.196922937940959173e+02
2.289715582528512243e+02
3.257022319112463151e+02
2.285503748972857920e+02
3.047543724855771643e+02
2.580634744066035182e+02
2.652039828353804296e+02
2.904020314541901939e+02
2.261065960620801718e+02
3.053312466503736573e+02
2.123628744262485952e+02
2.956075107100317041e+02
2.313414371916530285e+02
2.646775217235703508e+02
2.626943277233175422e+02
2.264318870183304568e+02
2.839242213021491352e+02
2.029946932795160706e+02
2.839578009510826746e+02
2.100209347641929298e+02
2.622429238214775751e+02
2.371778893990328925e+02
2.279146703734023447e+02
2.620952566175741936e+02
1.989687484448149064e+02
2.703239407219834334e+02
1.944468238642640188e+02
2.575930036972065977e+02
2.146099271116023885e+02
2.290808075716962264e+02
2.405042170003225976e+02
1.984230086231060284e+02
2.550168570278471520e+02
1.843436795846577070e+02
2.507473764050902503e+02
1.957007926947718488e+02
2.290171986074963684e+02
2.197953476167809299e+02
1.996200183715207572e+02
2.386914054583708378e+02
1.790209655957450252e+02
2.417351807445790826e+02
1.809388214709439069e+02
2.272264271908988178e+02
2.007848675109011651e+02
2.013021963187064500e+02
2.217462069970543439e+02
1.772491111096011025e+02
2.309340078351026477e+02
1.704550449124486988e+02
2.235048564546647754e+02
1.840843138156716066e+02
2.024407126109870774e+02
2.051175300826508590e+02
1.779421542770020608e+02
2.187187127392409707e+02
1.641432418798764843e+02
2.178451523053433903e+02
1.703308485572073323e+02
2.024454082817146343e+02
1.889256445735059344e+02
1.793405316648136250e+02
2.055226617010692678e+02
1.611476491235455626e+02
2.103688392893099319e+02
1.598188535093055975e+02
2.008023078966296282e+02
1.742489957542411503e+02
1.809225264335734948e+02
1.919135724791256052e+02
1.606890733294124232e+02
2.013402911357621008e+02
1.527039496914457857e+02
1.975160109492029221e+02
1.615567878671865003e+02
1.818290006666750855e+02
1.784149081299286479e+02
1.616927591204710382e+02
1.911442099081541244e+02
1.486936333027014712e+02
1.925297621848102949e+02
1.513057751709567356e+02
1.816072512363683700e+02
1.656120169944597933e+02
1.632365570137963573e+02
1.801768968537619457e+02
1.472060888142076749e+02
1.860288308173595055e+02
1.437691452883542809e+02
1.799917560064718884e+02
1.540833584228792574e+02
1.645917786914197620e+02
1.689060562125024489e+02
1.474492895814568669e+02
1.782314916319539577e+02
1.389328892837399678e+02
1.768840956424025137e+02
1.442865574707642509e+02
1.652095314896595823e+02
1.578344237587801615e+02
1.486466904378176821e+02
1.694769921213839154e+02
1.364928441290692263e+02
1.723405094216749660e+02
1.365927006744701089e+02
1.647505764896814355e+02
1.474682529949748755e+02
1.500584919169337752e+02
1.601389689761244597e+02
1.359267205932586648e+02
1.665047168208301400e+02
1.311669200353586859e+02
1.630470203829352158e+02
1.382712709161184819e+02
1.511159844668573555e+02
1.506455079904793877e+02
1.365686101959209395e+02
1.596148850165345152e+02
1.279288437671865353e+02
1.600351004449673269e+02
1.306555402977658957e+02
1.514292745330056391e+02
1.414294285546209267e+02
1.377772609918777107e+02
1.519668998410138840e+02
1.265465703788218548e+02
1.557958009138031912e+02
1.248763130689387424e+02
1.507313688095559030e+02
1.329457272149610105e+02
1.389779645437816384e+02
1.439056432783811488e+02
1.265520755129441142e+02
1.504657552928129860e+02
1.210042442279786457e+02
1.489102296912521979e+02
1.255788008747048963e+02
1.397380763545678803e+02
1.358134755646100871e+02
1.273789583467799105e+02
1.442794438489393372e+02
1.189007754919244633e+02
1.459531729352370633e+02
1.196509783565623195e+02
1.397477082909802846e+02
1.280876838764912691e+02
1.285021590902381661e+02
1.375123086460501156e+02
1.182418934060189741e+02
1.419383214606415891e+02
1.153305783237240263e+02
1.388259561929489223e+02
1.211081271246699202e+02
1.294651383581714015e+02
1.304872048609223043e+02
1.185884959540490797e+02
1.370175337396484849e+02
1.126189315111372764e+02
1.368900192062458530e+02
1.152020195352859275e+02
1.299352178046709696e+02
1.235456610562798119e+02
1.194706630357369193e+02
1.314141002150942370e+02
1.113321072304789112e+02
1.339626727042061134e+02
1.106057387291216827e+02
1.296702961723935061e+02
1.170432779221499544e+02
1.204507353892757067e+02
1.253846990095176182e+02
1.111544591555613550e+02
1.301341854638417317e+02
1.074144813816602806e+02
1.285402456432050258e+02
1.113013439340313226e+02
1.211690225204170446e+02
1.192283430255530732e+02
1.116932170679192211e+02
1.255628721232801155e+02
1.055690288204528287e+02
1.265045082131051544e+02
1.065846649729848536e+02
1.213566863877283168e+02
1.132567234709838004e+02
1.125485573988092654e+02
1.204556966314340087e+02
1.048660753089846764e+02
1.236067784539336714e+02
1.030515772184586751e+02
1.208393852053909825e+02
1.077828682699949638e+02
1.133538645710202672e+02
1.150652842240781695e+02
1.050027546740977300e+02
1.199431373269860615e+02
1.007432308996875179e+02
1.195282208387793759e+02
1.030718463939205805e+02
1.138267352263116550e+02
1.096624746004411861e+02
1.056263874191816257e+02
1.156782501743302731e+02
9.955194180610280341e+01
1.174119200116844297e+02
9.932959230796876682e+01
1.137551776203780634e+02
1.045304508519968039e+02
1.063963027889692228e+02
1.110144586229891956e+02
9.926587291686450953e+01
1.145478004093204589e+02
9.665313044421844779e+01
1.130106869170503359e+02
9.993222618736349716e+01
1.070125287192102235e+02
1.061904443770060453e+02
9.958531244296418095e+01
1.110422750417315569e+02
9.503793493956997906e+01
1.115374922276224368e+02
9.609584938986188263e+01
1.072514308940213397e+02
1.014483353818540934e+02
1.002178628168870347e+02
1.070626990198383055e+02
9.433439189334676200e+01
1.093561285063916984e+02
9.316050565648029647e+01
1.069432423955166342e+02
9.705273218442151517e+01
1.008640362996616062e+02
1.028033349532811798e+02
9.433326524592087026e+01
1.065328369110812474e+02
9.117831623333411528e+01
1.059995811202164191e+02
9.322481650591423374e+01
1.012802320889307452e+02
9.848399212223354482e+01
9.476579006710913688e+01
1.031888833795767937e+02
9.008798369720506116e+01
1.043885792822644447e+02
9.015606203543400454e+01
1.012667161762356471e+02
9.432218641777703283e+01
9.540725502084906395e+01
9.942987461823132378e+01
8.975322307871050498e+01
1.022156095671812182e+02
8.782151372313519744e+01
1.007848098081977213e+02
9.060222106913879259e+01
9.585246132067132407e+01
9.559663756383602617e+01
8.992923942817608918e+01
9.941574857004751209e+01
8.642887109479180197e+01
9.966196181339051918e+01
8.742551743109835627e+01
9.607956495302930477e+01
9.175503834348469923e+01
9.039186687012565358e+01
9.622371962605902240e+01
8.576219202009153264e+01
9.795403050209836238e+01
8.496240476423248822e+01
9.587555902195670399e+01
8.815581379057721279e+01
9.090068584496773951e+01
9.277519125164697300e+01
8.567745098442743767e+01
9.570371318786422421e+01
8.326026389284464813e+01
9.515581367800731982e+01
8.498934146257832367e+01
9.124996651531175473e+01
8.924890455723044624e+01
8.597100405860759054e+01
9.300376538804432869e+01
8.228367908122062602e+01
9.389354035834608680e+01
8.240226123008078218e+01
9.128034194177989491e+01
8.584360082693115146e+01
8.641935632790510624e+01
8.998357697259621091e+01
8.192448553578471149e+01
9.210522033980335266e+01
8.048233617584899946e+01
9.087802161905027276e+01
8.273995183665604713e+01
8.681756901181982755e+01
8.679943853327658587e+01
8.201380508575986994e+01
8.984797187129345275e+01
7.924647614045255750e+01
8.998897645302677972e+01
8.009286729374609592e+01
8.700208640356315470e+01
8.362355361847818358e+01
8.235397195965657602e+01
8.722945531376777240e+01
7.862660613263629727e+01
8.860217586015302516e+01
7.801698413302509039e+01
8.684158423290996609e+01
8.063022789009697533e+01
8.274988353337698754e+01
8.438092104852478315e+01
7.849635590710609279e+01
8.675278874058723488e+01
7.656287046985069367e+01
8.625290502256494563e+01
7.798307900581737329e+01
8.303008427285314497e+01
8.144538723529792890e+01
7.869881446456970764e+01
8.451784980260325142e+01
7.569613588467025522e+01
8.522090055878901182e+01
7.580361978621144203e+01
8.304273547314157611e+01
7.861205390232798607e+01
7.903386509692151662e+01
8.199791702840505536e+01
7.535769101861919239e+01
8.372802546607277918e+01
7.417502864885567249e+01
8.270636544270637103e+01
7.600882391942064942e+01
7.934669398430833098e+01
7.933161960843115423e+01
7.539299594227007617e+01
8.184009057076828242e+01
7.310902433357919961e+01
8.195770997548406456e+01
7.378132450473808035e+01
7.948462232033443797e+01
7.666261763813051289e+01
7.564460314060011115e+01
7.963790162229547320e+01
7.255788901265852076e+01
8.078476524169853690e+01
7.202290032217267424e+01
7.933728886355957854e+01
7.414177643353829694e+01
7.594476695143322331e+01
7.723387536770680128e+01
7.242217751410878179e+01
7.921883142747519457e+01
7.079039789319571696e+01
7.883011359217768188e+01
7.190727492300379708e+01
7.616319057609355525e+01
7.476033006720327023e+01
7.255904874660792814e+01
7.731349511637529304e+01
7.004757540094090018e+01
7.793231760534973773e+01
7.006603879518107192e+01
7.615524707828151918e+01
7.235243475741280861e+01
7.282258117435154077e+01
7.516764532193533910e+01
6.973989525384520505e+01
7.665090799367618501e+01
6.868680178180368046e+01
7.584489809315027742e+01
7.014708990456939830e+01
7.306454696200876242e+01
7.289368522366793002e+01
6.975177914035582205e+01
7.502633000836345900e+01
6.778249034792541750e+01
7.518079255108011694e+01
6.826168236141410262e+01
7.315747243015506740e+01
7.061614059581717129e+01
6.994983838272784737e+01
7.312964942452958894e+01
6.731157479067266536e+01
7.415489752661463285e+01
6.677445603692679299e+01
7.300323899090720658e+01
6.847116579620251287e+01
7.018721438744189811e+01
7.105991931756787494e+01
6.719220747835399266e+01
7.278195796119321415e+01
6.572921576821387646e+01
7.253829863457056604e+01
6.657019394067529561e+01
7.034267337874851478e+01
6.893007303613423176e+01
6.730395752186517200e+01
7.112160120233170346e+01
6.510927541507295757e+01
7.173294724257219457e+01
6.501113109762336251e+01
7.030731182953623204e+01
6.686195445261320458e+01
6.751735541091440496e+01
6.925315297745575549e+01
6.485558957445049089e+01
7.059174405564785104e+01
6.384831532636476936e+01
7.000611687004666805e+01
6.497397038445623707e+01
6.770441284170840390e+01
6.727930792625096501e+01
6.486895455152725276e+01
6.915190151386440220e+01
6.310000254045509394e+01
6.939283427932346626e+01
6.336933961157959772e+01
6.775788029300916548e+01
6.530281467232514103e+01
6.503609000979554366e+01
6.747844646210621988e+01
6.271503528399478711e+01
6.845815257803759835e+01
6.211425477964007058e+01
6.758910334549968013e+01
6.345364220433749836e+01
6.523294992345320509e+01
6.565736285947220097e+01
6.263005262164870857e+01
6.722445772507920481e+01
6.124386631485691623e+01
6.714186780154224721e+01
6.182666926959480946e+01
6.534670998072552095e+01
6.379195007534542583e+01
6.273771486545532383e+01
6.573869532819820449e+01
6.074206147207609519e+01
6.639048426822176907e+01
6.050685874412519638e+01
6.528245911407960023e+01
6.198868234337889049e+01
6.292886378646628742e+01
6.406819405547055624e+01
6.055451551923894726e+01
6.534988327365978478e+01
5.952667978417119343e+01
6.498155474461530900e+01
6.036221091192099664e+01
6.307137103272894052e+01
