1.467867644458357574e+02
1.367589878987087957e+02
1.209565064388126672e+02
1.599799575389294830e+02
9.981481755984309245e+01
1.684187209067357571e+02
1.033333749532164489e+02
1.592265406094127798e+02
1.290906959583079185e+02
1.358997767107634047e+02
1.566047835042083136e+02
1.098759957687020119e+02
1.720678776561686618e+02
1.017426650108896951e+02
1.699072244479255858e+02
1.212874177920702010e+02
1.510283707994242945e+02
1.510249149814953000e+02
1.234688055580551946e+02
1.729496929295035272e+02
1.052091739024719175e+02
1.783329145906776034e+02
1.147881784698955698e+02
1.654404730622588033e+02
1.437903182517991638e+02
1.392711875092775813e+02
1.711159519972722478e+02
1.139528430577904601e+02
1.841512714487365656e+02
1.114038030201020462e+02
1.783392688882399000e+02
1.358498512565618626e+02
1.559383304890837110e+02
1.666887679630017089e+02
1.272819330637857718e+02
1.870942837677393982e+02
1.128719769228125784e+02
1.892103894484411342e+02
1.284794979137350310e+02
1.723533906390977677e+02
1.601373714914194011e+02
1.442771165508789579e+02
1.875331630834232612e+02
1.202441065516704981e+02
1.977405717297588694e+02
1.237445644864090752e+02
1.879983742348021849e+02
1.527140813531400170e+02
1.621889752944035195e+02
1.845407155126459884e+02
1.329143285523086604e+02
2.030545672376817947e+02
1.233441811915811428e+02
2.016495093514681116e+02
1.449835868239335639e+02
1.808785778463280565e+02
1.791833556742814437e+02
1.500368129399838040e+02
2.053754259913116869e+02
1.289756643084365919e+02
2.128720433232842311e+02
1.389995233463619684e+02
1.992634437929212368e+02
1.721585532101552474e+02
1.700075242722792268e+02
2.046512502198175980e+02
1.409995830997135613e+02
2.212744341946313966e+02
1.370143281101444757e+02
2.161694038471279953e+02
1.645060744490460252e+02
1.914571313379906030e+02
2.011208174603284817e+02
1.587384485014839299e+02
2.264715468773873681e+02
1.411362375788235113e+02
2.309647852937240486e+02
1.579034201556734160e+02
2.131708529445729994e+02
1.952059997385982513e+02
1.806356932340711978e+02
2.284885719786344396e+02
1.525501258938996898e+02
2.431033912189508612e+02
1.548244351082472292e+02
2.340992610500120463e+02
1.881650438971118433e+02
2.053037452248443628e+02
2.272667416549610664e+02
1.709785095994746200e+02
2.520283357097088981e+02
1.576776715887865521e+02
2.534733606742272229e+02
1.816236074165703087e+02
2.312505258505119343e+02
2.233797596850264426e+02
1.953275118982594449e+02
2.575677245852970714e+02
1.687269793052722093e+02
2.704668014613540663e+02
1.780311326062347064e+02
2.575787089711692488e+02
2.178202883893003730e+02
2.240821323986697280e+02
2.598171770169032015e+02
1.887553102681637256e+02
2.846008715446333213e+02
1.802356823187410839e+02
2.828355245798377950e+02
2.118065605371051277e+02
2.561898171996099904e+02
2.594166147301814931e+02
2.165544237109055530e+02
2.957096844797067092e+02
1.918657708641500790e+02
3.065300747096118243e+02
2.086703186510153216e+02
2.893213209634909617e+02
2.557626579027336504e+02
2.512197119545435555e+02
3.031780502575550145e+02
2.145692761568901119e+02
3.289198961272927590e+02
2.121258830495169434e+02
3.239916968714618974e+02
2.530286023775135504e+02
2.914988626425988514e+02
3.071474446063922983e+02
2.476320479076891274e+02
3.471219870282956208e+02
2.248090477564471428e+02
3.585113021701629350e+02
2.515884561983359617e+02
3.368036593865704162e+02
3.094157075023164793e+02
2.911078529665699648e+02
3.635665773470351496e+02
2.530805413668899462e+02
3.920371258986291991e+02
2.567603357388621248e+02
3.857844229297170955e+02
3.103546320598076704e+02
3.462677687349499820e+02
3.779713701980228961e+02
2.969150778683259659e+02
4.253972682581166964e+02
2.749865127389447252e+02
4.378247683512787489e+02
3.149125618367139623e+02
4.136610664797851200e+02
3.900510998522926229e+02
3.605069314375379577e+02
4.608981620289708303e+02
3.163318518874683036e+02
4.981874063570119233e+02
3.288023778487745403e+02
4.924166317542549223e+02
4.052867595409190926e+02
4.481445437929735931e+02
4.989494853693900609e+02
3.874013037222346156e+02
5.685766455850048260e+02
3.676242475131036826e+02
5.932292191711620717e+02
4.307283156239287223e+02
5.656152466824745488e+02
5.457504473731960388e+02
5.007105882292209458e+02
6.556912831479851320e+02
4.481415373183576776e+02
7.248002551326891307e+02
4.815582388525777446e+02
7.320373925080377830e+02
6.103275735611840673e+02
6.809258110861236446e+02
7.767700569598953280e+02
6.079150930639849548e+02
9.222303815112953771e+02
5.948687109010123777e+02
9.980032690380757003e+02
7.307816577972652112e+02
9.978263764669743523e+02
9.844339576765820539e+02
9.250194473384487992e+02
1.269702506580805903e+03
8.825025911844815028e+02
1.521793213182978207e+03
1.022524289529402495e+03
1.696350228167958676e+03
1.470486262124579071e+03
1.789484369791107156e+03
2.212711708918506702e+03
1.877878254139734054e+03
3.272872325749680840e+03
2.332142298355121966e+03
4.989889138114769594e+03
4.540205717645223558e+03
9.728573161744678146e+03
1.967157113361698794e+04
2.045405618911510464e+04
1.118609500854784346e+04
4.244372210331645874e+03
5.101919570422672223e+03
2.257974758728854340e+03
3.027889224633661797e+03
1.913940310815642988e+03
1.864981573334122686e+03
1.771201763992102542e+03
1.135420660652549259e+03
1.597565856150867376e+03
7.790310756536836152e+02
1.330083613331847801e+03
7.390688736834351857e+02
1.009268798909850943e+03
8.314213906602610678e+02
6.958635623141470887e+02
8.642767928414489234e+02
4.580122276754032669e+02
8.244360158811684869e+02
3.805249412815124970e+02
6.935502865722501156e+02
4.549870499160656436e+02
5.226315523086748271e+02
5.387908028815555781e+02
3.422714369331519606e+02
5.602959129844587096e+02
2.345277224960525757e+02
5.181279474399717628e+02
2.584808961336208313e+02
4.252347436299572223e+02
3.390517390751646190e+02
2.958766005718583187e+02
3.904191141648727807e+02
1.774995983769999839e+02
3.990881851373156337e+02
1.352949592327696280e+02
3.536636721915269845e+02
2.056786218716624433e+02
2.683376630448678952e+02
2.696855492488992354e+02
1.649082535782069669e+02
3.050680181769450314e+02
7.942778363187430557e+01
2.917458104564631753e+02
1.055471380761163687e+02
2.459514088930597211e+02
1.782301480109881311e+02
1.677913459260913669e+02
2.215108001424049462e+02
8.485619398730655405e+01
2.422921150356520172e+02
3.255835256445381276e+01
2.202418533759904165e+02
1.023210477887714092e+02
1.699251551847137875e+02
1.559096108970736054e+02
1.069560955554641595e+02
1.894866408936542541e+02
3.057036461739857458e+01
1.898620302424535566e+02
3.820869843719639647e+01
1.710250439458405083e+02
1.001579946380549586e+02
1.281964897175963074e+02
1.443854346126776136e+02
7.167346444521962212e+01
1.609231515569474311e+02
2.654293092423229083e+01
1.603591491076959983e+02
5.706535246600176237e+01
1.369492708643770413e+02
9.876600286808994156e+01
1.051628025634850161e+02
1.311888364875882189e+02
6.437269298624778457e+01
1.461939167483441508e+02
4.419329767908142514e+01
1.418882601207251071e+02
6.951792508424419736e+01
1.234714307221591838e+02
1.011362898253803593e+02
9.180225204436810316e+01
1.220043220751452253e+02
6.381467113758071719e+01
1.359945559894509017e+02
5.501259995025832694e+01
1.313885433647610910e+02
7.325712870493907758e+01
1.141748731273070803e+02
1.003555190346135504e+02
9.216382171023076353e+01
1.223733389275093373e+02
6.538539292941568704e+01
1.282661224278864722e+02
5.824874701927443255e+01
1.264902403923991727e+02
7.592996067362105350e+01
1.159896577007995262e+02
1.036002892704925387e+02
9.246939716903719386e+01
1.215705512894428466e+02
6.797903893048949442e+01
1.316789367753543161e+02
6.194537112531114786e+01
1.320776246155686522e+02
7.948681910838648434e+01
1.122893765822476126e+02
1.034794818455888503e+02
9.307533457180335290e+01
1.270822055630568599e+02
6.733909045572220009e+01
1.409814359050653820e+02
6.263607243931770796e+01
1.364480003114266253e+02
8.231989773401778621e+01
1.229552732134601456e+02
1.168759564660225152e+02
8.930586020891969667e+01
1.422291459404523835e+02
6.019613785973408682e+01
1.528341652136177231e+02
6.011483764064453794e+01
1.458896150350281005e+02
9.440091718893106076e+01
1.205034365898751219e+02
1.334604512972527459e+02
8.405715321262370310e+01
1.622487657010279349e+02
4.702721168643259375e+01
1.713394039278584557e+02
6.860281853900339399e+01
1.549026418100794444e+02
1.190389238606250615e+02
1.183964321613085389e+02
1.638623854054770561e+02
6.553320754736553511e+01
1.911587172350933486e+02
3.716521145934853365e+01
1.873154011810938755e+02
9.614855044114715099e+01
1.580908045468582372e+02
1.584406296137574088e+02
1.029861544016608690e+02
2.032602358038609509e+02
2.927882087912938758e+01
2.175724853221102251e+02
6.511926995891535341e+01
1.996434930826183347e+02
1.451135495778966629e+02
1.486235650561429225e+02
2.090355111242051009e+02
6.950518944919106445e+01
2.430724866051260733e+02
2.627092325614993484e+01
2.411401784184569692e+02
1.246622190326417154e+02
1.977150753562770262e+02
2.081652360829730526e+02
1.192399400481639589e+02
2.616499566712631690e+02
1.956394813097458751e+01
2.762979117994068474e+02
9.334949656727468437e+01
2.482223246093695650e+02
1.968162167325051826e+02
1.758725579643372896e+02
2.724039786283754552e+02
7.446408896230357755e+01
3.091633608604956294e+02
5.840619153829162258e+01
2.979024967513335582e+02
1.754755454289615386e+02
2.378114283522676544e+02
2.759397814476315034e+02
1.357737552650085604e+02
3.359051585975872172e+02
4.071648353402633802e+01
3.459588803014913765e+02
1.463658320506436610e+02
3.005940595594162801e+02
2.679855964648529607e+02
2.055830548527423787e+02
3.553753672348881878e+02
8.414381846621274974e+01
3.903528909680862284e+02
1.102983423175854512e+02
3.674067016712476743e+02
2.501718050255888386e+02
2.826353372849731045e+02
3.665050940108477562e+02
1.552124087167033792e+02
4.325388440417802371e+02
8.432515134414497027e+01
4.335844490946046221e+02
2.226229995073080374e+02
3.668614866366750107e+02
3.674617557890067587e+02
2.415233797249350403e+02
4.679627084730396973e+02
1.077153824968629010e+02
5.014466177205745794e+02
1.856761237118114707e+02
4.585122572087234971e+02
3.581422265331373751e+02
3.413664850898866234e+02
4.972813246722996610e+02
1.821494002694166454e+02
5.684599313810418835e+02
1.535716643046896479e+02
5.566180980201839930e+02
3.361460921848665180e+02
4.573782251027968186e+02
5.168172645509813492e+02
2.906454548016208719e+02
6.354046537110538111e+02
1.569931604478891813e+02
6.647825021063679287e+02
3.044448081502598029e+02
5.929213239164438392e+02
5.276682298542888248e+02
4.276988253077960849e+02
7.011106753282962245e+02
2.331547297122634745e+02
7.846755767005048483e+02
2.711726593591030792e+02
7.525434857546481453e+02
5.274141382501358066e+02
6.040633563284151251e+02
7.682930149979209773e+02
3.759382037738034228e+02
9.220866989497553732e+02
2.659486970043334395e+02
9.479060847815690067e+02
5.184811721901089641e+02
8.287650583233540829e+02
8.370392902261812651e+02
5.878316267418232428e+02
1.087384223667873130e+03
3.430728901423333355e+02
1.194904205910925839e+03
5.081711351552458495e+02
1.135911956284124926e+03
9.175791802208208310e+02
8.983529591973085644e+02
1.299989738003509046e+03
5.574211505858057762e+02
1.540856956754178327e+03
5.261799776033392391e+02
1.581224555382603285e+03
1.024120414423203329e+03
1.382703094480737491e+03
1.611286157870437819e+03
9.738248637972627648e+02
2.081334492676840000e+03
6.816545695851475557e+02
2.334173897838639732e+03
1.210074274603612821e+03
2.264773212147246340e+03
2.161192433764098951e+03
1.849955927312263611e+03
3.155649153690217190e+03
1.262529233054984388e+03
4.006011345058520419e+03
1.718993785640940587e+03
4.550916453661604464e+03
3.683974772386840414e+03
4.635892583802321496e+03
6.866905153326559230e+03
4.154535485281703586e+03
1.232875784136159746e+04
5.693450725743913608e+03
2.936939099933592661e+04
5.329549557346855727e+04
4.861149040034500649e+04
2.020518666730548284e+04
8.669580475741304326e+03
1.112739106745439494e+04
2.990748959695088615e+03
7.410914086701784072e+03
2.797778623140225136e+03
4.863356722096879821e+03
3.453432351908632882e+03
2.868705219198664508e+03
3.643865073582997411e+03
1.448532131289614881e+03
3.356835711952948714e+03
1.131245910529365574e+03
2.739069015725303416e+03
1.650370808322097218e+03
1.932651050944391727e+03
2.043911350194424131e+03
1.140112754096504659e+03
2.141554823398964800e+03
6.947672143943868832e+02
1.941567024720030304e+03
9.482295526455950494e+02
1.532733402225992677e+03
1.326251343886924815e+03
1.015292286054218494e+03
1.527309262386515456e+03
5.786223601253990410e+02
1.506699897847796819e+03
6.003794459331780899e+02
1.288916145809065711e+03
9.067133408449049057e+02
9.414696927285734773e+02
1.142200194326674819e+03
5.673743550299053595e+02
1.213040166508894799e+03
4.228429513617653015e+02
1.115863380894158581e+03
6.343260389031761406e+02
8.829143408402478599e+02
8.696566583080710870e+02
5.817369495009220373e+02
9.930540996404243970e+02
3.594174020507014120e+02
9.754660015077271282e+02
4.475452420038022296e+02
8.293184807156584384e+02
6.642310531129074889e+02
5.960878794660284257e+02
8.164532759846546242e+02
3.618350969228736744e+02
8.551449427089543178e+02
3.290030772489517972e+02
7.745710281822643992e+02
5.031898754347823797e+02
6.019075776341588835e+02
6.680148033356971382e+02
3.891272866178595677e+02
7.454489635937206913e+02
2.691450598988673732e+02
7.186717984158919990e+02
3.774736847497539998e+02
5.985024410894006905e+02
5.407184922902218887e+02
4.191307899509295112e+02
6.450795843501990703e+02
2.608120495004808390e+02
6.601909473155943715e+02
2.843160242131190785e+02
5.857591867733476647e+02
4.307133529909538083e+02
4.430231650502598768e+02
5.516777528822634622e+02
2.816545155582119264e+02
5.995144683908903289e+02
2.263062912048974340e+02
5.645605092585274178e+02
3.367099139981077656e+02
4.578550107864426764e+02
4.647118997167399925e+02
3.118622224659110884e+02
5.373676803063736998e+02
2.062798742980927784e+02
5.361803569819495578e+02
2.608805730656779360e+02
4.636196046496261260e+02
3.838974662642678481e+02
3.401463690339467689e+02
4.743489001507007856e+02
2.158439960160327757e+02
5.015155077992974384e+02
2.055869402688350931e+02
4.602014537450147031e+02
3.106708014417029631e+02
3.623479302221449529e+02
4.115198963275910273e+02
2.402825844106258444e+02
4.616828338263394471e+02
1.763702761244020394e+02
4.485267031094902563e+02
2.467018281756827491e+02
3.769229907826479007e+02
3.500464272156115157e+02
2.678093599401458960e+02
4.179041552769251098e+02
1.741104399492320169e+02
4.295597735231391994e+02
1.952083312798804400e+02
3.834802422713479473e+02
2.913279353333008430e+02
2.925038258083754954e+02
3.715193476099891541e+02
1.905755620353399422e+02
4.043676355914557803e+02
1.610505835766915936e+02
3.821946540266860666e+02
2.371711657701173692e+02
3.115468377626255005e+02
3.237321939085117037e+02
2.146644617266043156e+02
3.739445288456353182e+02
1.485273833243990396e+02
3.736602503068877468e+02
1.901831373895582544e+02
3.239474206285156583e+02
2.760119996283817159e+02
2.391044610536021082e+02
3.394411979561259045e+02
1.558138843150137802e+02
3.586264076731837918e+02
1.542294575970171593e+02
3.294102202902504928e+02
2.299354062316656666e+02
2.601252995390425440e+02
3.020665277485970819e+02
1.746435797135914640e+02
3.379047758000410226e+02
1.341399346430918342e+02
3.281519170437615571e+02
1.876562699734664363e+02
2.759957770040260812e+02
2.630601086470474002e+02
1.971185986081187593e+02
3.124723211757989247e+02
1.322330838298159961e+02
3.205800303101473219e+02
1.521266529961847880e+02
2.859630902792600295e+02
2.238809787969031504e+02
2.184778525753376641e+02
2.833106137948070682e+02
1.444821228793782950e+02
3.072374120947948200e+02
1.273475478851341194e+02
2.898147997660710757e+02
1.861921079143446036e+02
2.358866084429359375e+02
2.509097992334073695e+02
1.640145367898290374e+02
2.891957295141021405e+02
1.174999415488169348e+02
2.881117344867514021e+02
1.523692107185036093e+02
2.493738635053579742e+02
2.183209412145740203e+02
1.842191447838188765e+02
2.666030112390251361e+02
1.224222695956997597e+02
2.805767406289037353e+02
1.254815843542962455e+02
2.570498802401147032e+02
1.850920244103963341e+02
2.027029669537141956e+02
2.408385942042292243e+02
1.370951502256982906e+02
2.680316482564437024e+02
1.095312759312728019e+02
2.594087625014544756e+02
1.536248747111576733e+02
2.176128043572821866e+02
2.128468807195373529e+02
1.556067739902891560e+02
2.511352605243031917e+02
1.071470359787601296e+02
2.565499653079112932e+02
1.263518400464030407e+02
2.281071859648198199e+02
1.837969927208002900e+02
1.739405167355927233e+02
2.305908605769366204e+02
1.163298551551522593e+02
2.487855631499813853e+02
1.065621054136149297e+02
2.338139662934591456e+02
1.550785274332933170e+02
1.899247633412797427e+02
2.072616120955980250e+02
1.318663928461616024e+02
2.366146303782192888e+02
9.776970995090796634e+01
2.346953847661979182e+02
1.285835964725602878e+02
2.023411681147215120e+02
1.821114616097873409e+02
1.491926399079150940e+02
2.205886161289872973e+02
1.008447703356416554e+02
2.308999222509029607e+02
1.068515320939148836e+02
2.106209652810979946e+02
1.563008676092813118e+02
1.654917618956091587e+02
2.014185895074387815e+02
1.124548692318603145e+02
2.227511039902302912e+02
9.321629438444973914e+01
2.145312973412117685e+02
1.312857031275875102e+02
1.791773689416042998e+02
1.799141423735319734e+02
1.279430030205839159e+02
2.106869923987296147e+02
9.024269006205408061e+01
2.140532208083249657e+02
1.090351706133433112e+02
1.894062876949206498e+02
1.570148516570560844e+02
1.438858359401566531e+02
1.952657148445676967e+02
9.708198449294449972e+01
2.093787305113590662e+02
9.226863962710676503e+01
1.957490017863667333e+02
1.339092112134425463e+02
1.582340716932841644e+02
1.771479362667911062e+02
1.098842541684604157e+02
2.007974584662632935e+02
8.404278124636365987e+01
1.980548812168620998e+02
1.120986119388414579e+02
1.698610172044500075e+02
1.571187384399781024e+02
1.247906245087787056e+02
1.887548444534916712e+02
8.564520767857467831e+01
1.963661420829863005e+02
9.371352598911411746e+01
1.781366867194428778e+02
1.361313306969857422e+02
1.392536986348420385e+02
1.737811010393438096e+02
9.491468128816252658e+01
1.908693699853602368e+02
8.153114827663533504e+01
1.827652948792192262e+02
1.153918326834413790e+02
1.517889963262027777e+02
1.565286916848763497e+02
1.080755851825910696e+02
1.818792430988032436e+02
7.801175993488891436e+01
1.836510659788084467e+02
9.652409708538165489e+01
1.615574698810195571e+02
1.377718495468751030e+02
1.220935443765196595e+02
1.698237220864694450e+02
8.303924184818907861e+01
1.808798664500843643e+02
8.179906104044965787e+01
1.680959817091423929e+02
1.184867906044312349e+02
1.350748749482298479e+02
1.552271435992385875e+02
9.370360004552324540e+01
1.746540662978778187e+02
7.388607038735604249e+01
1.711956616988148880e+02
9.994031869052273009e+01
1.459206035067175264e+02
1.387354560916100752e+02
1.066840659901420025e+02
1.652947198802700086e+02
7.431277734327338180e+01
1.708250548995343081e+02
8.389772948416839426e+01
1.540001769909894733e+02
1.211372218114877199e+02
1.196482102307165718e+02
1.532258848694970652e+02
8.173114469379355285e+01
1.670953685492727914e+02
7.272227216242556835e+01
1.589775654663326350e+02
1.034463375529450815e+02
1.311785638711258741e+02
1.389771130488905442e+02
9.303713064166309721e+01
1.602245047623535470e+02
6.872552201478474387e+01
1.607137646738857768e+02
8.702161819065166526e+01
1.404546098201644782e+02
1.231968852296116239e+02
1.054931242310886148e+02
1.505461915900173437e+02
7.229295017145368263e+01
1.592253791702131593e+02
7.377599983566160802e+01
1.469990819237663118e+02
1.067020029744845999e+02
1.173231736686540074e+02
1.384882756351609316e+02
8.123991156932015656e+01
1.546476487172420491e+02
6.605441150435403586e+01
1.505681664383236011e+02
9.056053813788616935e+01
1.274566902515056057e+02
1.245845039528374230e+02
9.265034079199553219e+01
1.472158365469498449e+02
6.552047850016781183e+01
1.510849323861744153e+02
7.626354145321040789e+01
1.352775997388158942e+02
1.095005299967922809e+02
1.043721041292394602e+02
1.372787088037607646e+02
7.142300113651621984e+01
1.486019269190468606e+02
6.583947352767198424e+01
1.404217126759027678e+02
9.409393257091358009e+01
1.150416335319137460e+02
1.252698961856259672e+02
8.120407490235051284e+01
1.432720065481872211e+02
6.144421298604123649e+01
1.427236936485305705e+02
7.950431360502997791e+01
1.238699024419229602e+02
1.117443095193992519e+02
9.235337116372967614e+01
1.353925685467534663e+02
6.378587794175614079e+01
1.421357506256302372e+02
6.742059885853478818e+01
1.303106052258608543e+02
9.736614237337977329e+01
1.032194379358782328e+02
1.252386003648431085e+02
7.130200503470211970e+01
1.387766451987883158e+02
5.983931462965358605e+01
1.341758547435172204e+02
8.308329486207847481e+01
1.127279745967397275e+02
1.133194162795658713e+02
8.141133446494086456e+01
1.328023293799935232e+02
5.849878450580444422e+01
1.353200354066892146e+02
7.014338508043380216e+01
1.202742746910029581e+02
1.001837059957190803e+02
9.208159601242277859e+01
1.244962627367702339e+02
6.313178062215394704e+01
1.337618616040896882e+02
6.030710328053090308e+01
1.254878175411778898e+02
8.656597336620242800e+01
1.020033128226347827e+02
1.142230012767882670e+02
7.162734911249418701e+01
1.296131682851585651e+02
5.556649967226433517e+01
1.281755755717068723e+02
7.345818704998993098e+01
1.103782166056723639e+02
1.024448407308115776e+02
8.169672907474614476e+01
1.230760474136879168e+02
5.690243501472679810e+01
1.282760730612503437e+02
6.225198458674246638e+01
1.167301218172236617e+02
8.975764720648648165e+01
9.172134751581231171e+01
1.144428796774706285e+02
6.319118934052699643e+01
1.258481033343836515e+02
5.479112954533241009e+01
1.207760492740376321e+02
7.695619180856758135e+01
1.006723485704881256e+02
1.040932664998731383e+02
7.218852573363164993e+01
1.210057169248316313e+02
5.277183695829995003e+01
1.223884814898953408e+02
6.511350077498482847e+01
1.079504856380469846e+02
9.251735541371803606e+01
8.195651667842265908e+01
1.139863300965652257e+02
5.631566585495138355e+01
1.215449299125970555e+02
5.576386408187197929e+01
1.131763468931062704e+02
8.034322768989777330e+01
9.122618614737223197e+01
1.050976034879059853e+02
6.370612748701266526e+01
1.183205635257490513e+02
5.074604225270288538e+01
1.161382056388313515e+02
6.842406194136270869e+01
9.921560274663897872e+01
9.472719054093695945e+01
7.284396873472192624e+01
1.128840393986833277e+02
5.119290826045502030e+01
1.167779583238381207e+02
5.797020071755933657e+01
1.054308879850688498e+02
8.342602634515553461e+01
8.212462392880169659e+01
1.054596694575692197e+02
5.643195057505431578e+01
1.150692158033730834e+02
5.061346596948069987e+01
1.096010222147170765e+02
7.183343542662450432e+01
9.058868512437629761e+01
9.638809490918112033e+01
6.446067853805784864e+01
1.111401239641566150e+02
4.801605460306782192e+01
1.115674856172903446e+02
6.090484676049749169e+01
9.761195644208632416e+01
8.608594634183467065e+01
7.344641457731897560e+01
1.051690643077618716e+02
5.060512152325966184e+01
1.112870341543774231e+02
5.197098889912503239e+01
1.028200638407392660e+02
7.510232638206528577e+01
8.213827313516695483e+01
9.741384352880389486e+01
5.702752758026422697e+01
1.088117195096096737e+02
4.673163166835340832e+01
1.059911020784925881e+02
6.417508983393788924e+01
8.978035705740587957e+01
8.823198695169571693e+01
6.532228422276573099e+01
1.042567060007606017e+02
4.642513557339180608e+01
1.070278256927216631e+02
5.435580687889021334e+01
9.586426748053216329e+01
7.805600918567317592e+01
7.397493344703029550e+01
9.783436712138994551e+01
5.071848593900323721e+01
1.059205642766049067e+02
4.710125149272025169e+01
1.001085059714668972e+02
6.748192178826246845e+01
8.200207946829334560e+01
8.982354173058762115e+01
5.788936972521735669e+01
1.027428878791191664e+02
4.401327512851041490e+01
1.023486120116323121e+02
5.732912443009185921e+01
8.879155209147732819e+01
8.058796293635310803e+01
6.618399595834770821e+01
9.764268181346143649e+01
4.575917205815575528e+01
1.025268918505507685e+02
4.876442480428667636e+01
9.396542045667436582e+01
7.061263022446232185e+01
7.436842745735633287e+01
9.084241845023960593e+01
5.131350109479996036e+01
1.006596594930240371e+02
4.333196044909978895e+01
9.729441845017242940e+01
6.053529478304257339e+01
8.167827121624333131e+01
8.264034458940032835e+01
5.887703453578142643e+01
9.685196504400467177e+01
4.236100304920888959e+01
9.866343222313025763e+01
5.127486978581490717e+01
8.762687930865246244e+01
7.342775351012207352e+01
6.696281447505123197e+01
9.127053127056974802e+01
4.581202906503035877e+01
9.804567247350205150e+01
4.412520980924781355e+01
9.191973281871308643e+01
6.372376646972746528e+01
7.459564745828124899e+01
8.415947268600375253e+01
5.221266279203686622e+01
9.549166991852189312e+01
4.062009452042028101e+01
9.438110878073287324e+01
5.424496479466537835e+01
8.116414235368608843e+01
7.583020295130823740e+01
5.988776162097081368e+01
9.112305898296601470e+01
4.160655765564380459e+01
9.493485368851401063e+01
