2.759930225900398568e+02
2.966060380323230561e+02
2.169422495822676922e+02
3.403630810443305563e+02
1.847141404182813176e+02
3.471307487897998385e+02
2.196733419721381892e+02
3.145455816197710419e+02
2.897264991001280805e+02
2.544000868176126744e+02
3.486017792657586938e+02
2.013646317919867101e+02
3.726517199284708113e+02
2.108271670950214514e+02
3.538262291213778781e+02
2.791365885817045296e+02
2.981590534804848289e+02
3.518684975927208711e+02
2.314684047918262024e+02
3.945967260395458425e+02
2.101604138929425858e+02
3.928064082587048347e+02
2.666387334588012550e+02
3.466062188950813834e+02
3.499508018712694479e+02
2.739107958270945460e+02
4.122066181959071969e+02
2.230129566404264665e+02
4.304410871343808935e+02
2.551077703443543783e+02
3.984487282217768325e+02
3.432688103572464797e+02
3.268940292093948301e+02
4.248806864725503942e+02
2.531903842494609762e+02
4.659330463045828878e+02
2.498907454034704756e+02
4.526610390627487277e+02
3.328700890567083093e+02
3.889443985543498457e+02
4.322303859409738607e+02
3.012695164369940244e+02
4.979974036687679586e+02
2.577341536246047440e+02
5.086073332048475777e+02
3.211637640453663494e+02
4.589411553436795543e+02
4.339861691995577644e+02
3.670112625670790862e+02
5.272425641193374304e+02
2.878128304624119664e+02
5.658000021451268822e+02
3.132833344824942401e+02
5.370289998421128530e+02
4.311719141532095705e+02
4.490918317812298142e+02
5.520403106854402040e+02
3.436150838325036148e+02
6.239859247663899851e+02
3.181458811678016332e+02
6.231299784570221618e+02
4.250985727680497916e+02
5.485649056807907300e+02
5.727962866945915721e+02
4.283331005798949036e+02
6.833990682345915957e+02
3.483910858048413957e+02
7.193991192681173743e+02
4.212655754982585563e+02
6.685680084483162773e+02
5.900895979891548677e+02
5.450460718083090796e+02
7.458534177947246917e+02
4.170237592220270813e+02
8.287025187752334432e+02
4.285921953327290339e+02
8.130739430011568629e+02
6.060156918770491075e+02
7.005152987257754376e+02
8.130942763446844310e+02
5.372139287873598050e+02
9.576500588580964859e+02
4.674782486031178337e+02
9.955854728933544493e+02
6.284349902415731322e+02
9.089217466657796649e+02
8.916333659537748417e+02
7.276192676557221830e+02
1.118878217840155912e+03
5.722234890639067544e+02
1.236840728946965328e+03
6.691909434991523540e+02
1.203076596910228773e+03
9.938270557319315230e+02
1.024109942378733194e+03
1.339114504954091217e+03
7.892487001892885701e+02
1.588065125046569392e+03
7.725668533921581229e+02
1.656290526894059667e+03
1.152777203283390008e+03
1.526834096496999337e+03
1.692229569751579902e+03
1.233745595230594972e+03
2.181985211399026866e+03
1.055561936253835029e+03
2.499132554243980849e+03
1.483464687555932642e+03
2.538411576599480213e+03
2.413759404179526882e+03
2.287584172065966868e+03
3.538651055579957756e+03
1.939511927454423358e+03
4.704816332731376860e+03
2.552971454919751977e+03
5.796914810183248846e+03
5.057439279464303581e+03
6.984315662016150782e+03
1.090985884563223954e+04
9.526767761957480616e+03
3.400363701165369275e+04
4.814530520453011559e+04
3.613829489215531794e+04
1.115222913543835421e+04
1.038180767700186698e+04
7.637143980183066560e+03
4.564282936881869318e+03
6.035434941015550976e+03
2.287630295580807797e+03
4.653940199528790799e+03
2.075968153227789116e+03
3.348793469525798628e+03
2.452199320298811017e+03
2.148778443275542031e+03
2.623820365541073897e+03
1.237308077678841528e+03
2.472529140857878247e+03
9.905582177783566067e+02
2.065500636247288639e+03
1.288539729398310783e+03
1.508097591338022085e+03
1.571346580865467331e+03
9.413970040423462251e+02
1.643061578569396033e+03
6.241129496362151485e+02
1.501565118801294602e+03
7.749641164664867574e+02
1.195964553450884750e+03
1.039986980940607737e+03
8.105490701854664621e+02
1.186513492407537115e+03
4.861036580855180205e+02
1.166055006454826298e+03
4.908107426708316439e+02
9.985871992519564628e+02
7.111934352544685680e+02
7.309498100563068874e+02
8.848008457157337716e+02
4.448352602045485469e+02
9.358329508440241398e+02
3.340493674588241220e+02
8.567914366496818275e+02
4.902932052720461229e+02
6.738814328689290960e+02
6.679140672426298124e+02
4.364978842742731899e+02
7.588883582407523818e+02
2.596642475405611208e+02
7.404133802741246200e+02
3.324362667118925287e+02
6.218999088442451466e+02
5.004362222777170928e+02
4.361930326029965954e+02
6.135325301187649529e+02
2.454716832911817619e+02
6.389187624872387232e+02
2.209078907162825658e+02
5.739177851027310453e+02
3.657716657680226717e+02
4.346070970578718402e+02
4.930871230834352446e+02
2.606924997674071278e+02
5.492491234631662564e+02
1.565608467352361117e+02
5.239784268773571512e+02
2.564919031530266693e+02
4.263101239155131452e+02
3.871835158789389197e+02
2.802753315812125265e+02
4.656894888853508974e+02
1.410223783826391752e+02
4.739662431235621511e+02
1.692300151742019239e+02
4.118115158836885144e+02
2.943926438695550587e+02
2.964925350399332160e+02
3.878135550659324622e+02
1.565300040143317517e+02
4.216786779003288075e+02
1.033659183651448501e+02
3.924135312942143514e+02
2.138294410205009228e+02
3.045243149104420581e+02
3.145269924256316472e+02
1.830049811173470573e+02
3.701132314236102729e+02
7.321153518513240499e+01
3.656910339784761845e+02
1.423521369569463673e+02
3.059044810340360527e+02
2.477637997873116547e+02
2.042721933457559373e+02
3.159568730958055198e+02
8.645345935938020432e+01
3.337344656295897494e+02
8.001111255738491934e+01
2.996945266831333470e+02
1.846636371248868898e+02
2.206745111456860400e+02
2.632784756368734520e+02
1.136083739622781366e+02
2.981734977725505473e+02
3.220855792234919335e+01
2.851238385945902678e+02
1.258323724234745669e+02
2.292780606048911238e+02
2.111317690468429475e+02
1.401430115372712066e+02
2.592979007440275723e+02
3.698589127869529847e+01
2.659563282498564831e+02
7.297371642221867205e+01
2.297912833093831750e+02
1.606171371258304816e+02
1.602847767213570762e+02
2.187824282366412660e+02
7.070236353182653488e+01
2.416607612436417867e+02
2.793023880270454740e+01
2.227518863358386909e+02
1.127704909147861514e+02
1.741279486733025692e+02
1.791650748746457396e+02
9.943009788017907624e+01
2.114919062658975975e+02
2.475589427988453650e+01
2.103989938480914930e+02
7.180659768744583005e+01
1.796898181936251433e+02
1.388960364974753929e+02
1.227847010611566958e+02
1.796308761971748709e+02
5.908397063417853445e+01
1.934222979702488772e+02
4.650186873339274030e+01
1.760168319937458818e+02
9.909464796695024802e+01
1.399904921618899607e+02
1.470482989604993520e+02
8.941553099209183131e+01
1.704921111276975410e+02
5.124179483891403208e+01
1.730335164361754607e+02
7.622752842472186785e+01
1.483414430357881599e+02
1.145744319143342125e+02
1.114663930738978905e+02
1.436764316424918206e+02
7.479319651002747094e+01
1.609862749315787198e+02
6.612454783935693570e+01
1.506042515654504257e+02
8.639036043084004746e+01
1.304075401509407186e+02
1.211593726166992440e+02
1.001332608237952542e+02
1.416596458715386007e+02
7.249771559888286276e+01
1.459574006936218211e+02
7.195985421684700611e+01
1.429180765683467769e+02
9.787946820648626556e+01
1.182721611738843848e+02
1.211751937719389076e+02
9.300237284485581313e+01
1.361447929873261558e+02
7.758295060524800135e+01
1.439924078215217662e+02
7.889339705900454192e+01
1.339011487840211885e+02
9.889244963509138131e+01
1.171172480582907554e+02
1.229519282908024849e+02
9.336096086177704478e+01
1.392558945638581349e+02
7.389060876645324072e+01
1.426526963139016857e+02
8.293401994078979556e+01
1.348988994299346587e+02
1.061476033443981493e+02
1.150570642379989721e+02
1.260965136467241479e+02
9.017421906297707324e+01
1.415534834770255372e+02
7.598418760444224063e+01
1.493422412368247478e+02
8.210033308371002647e+01
1.387403403526442389e+02
1.119328498414009658e+02
1.134572676204883237e+02
1.335292790158396201e+02
8.341506495895366413e+01
1.522091708198813649e+02
6.740022019390943342e+01
1.577771372609712159e+02
8.599716022357620204e+01
1.430044409960951270e+02
1.211012283867742383e+02
1.121300723253823008e+02
1.497141744574474842e+02
7.661138673681325884e+01
1.744321427399581808e+02
6.347921965824400559e+01
1.746298315865902850e+02
9.801968529060296476e+01
1.480436154437023220e+02
1.417517790411073122e+02
1.060995260983085728e+02
1.809353682990240486e+02
5.784191573728329416e+01
2.028073710653216324e+02
6.082893644151093326e+01
1.923806364066378762e+02
1.247376433830538787e+02
1.547116776401198024e+02
1.878236984135633065e+02
8.971028945440747293e+01
2.289895267796409826e+02
2.383608847693471944e+01
2.386809959636784981e+02
9.645841397482321611e+01
2.127833966335595619e+02
1.856543504312703305e+02
1.494839480448033555e+02
2.561647308378078378e+02
5.244298354097958992e+01
2.892691138063150333e+02
6.167625547912873429e+01
2.806727317184856361e+02
1.786851413938245798e+02
2.247150845405136863e+02
2.808362939597477066e+02
1.239874403827695488e+02
3.436098420820508181e+02
4.765824152439375183e+01
3.592534374351552628e+02
1.669939595590802810e+02
3.167829132451520877e+02
3.031445140223156045e+02
2.201691703951407533e+02
4.028978793514453969e+02
1.082032095087816685e+02
4.547339511952382054e+02
1.630824343822313551e+02
4.364095424241788237e+02
3.243922657733950814e+02
3.534268490665110676e+02
4.782157458721237617e+02
2.222463637068322555e+02
5.794428391348867535e+02
1.856313656187751917e+02
6.003161347348585650e+02
3.618648465154054179e+02
5.333633201786342397e+02
5.745616291502060449e+02
4.001216891703610372e+02
7.526440827125887836e+02
2.843215460160341195e+02
8.429979886112896565e+02
4.312782755844275471e+02
8.328420345649942647e+02
7.309126640538260062e+02
7.104875360145529157e+02
1.048182416938921506e+03
5.448169752969951105e+02
1.304417694790505038e+03
6.211862433604565013e+02
1.419558249503147863e+03
1.085341486149930233e+03
1.378887105296612390e+03
1.718881029734883214e+03
1.240464185143840950e+03
2.488950029087276562e+03
1.327428322536274663e+03
3.326667514613036474e+03
2.427666670122795949e+03
4.379172013770872582e+03
5.577995686619690787e+03
6.910288193610660528e+03
1.982038133742979699e+04
2.544366336572422006e+04
1.756101499495261305e+04
5.432231053641869039e+03
6.028202073571705114e+03
3.718642525545631543e+03
3.093064341995728682e+03
3.122379641913504202e+03
1.725876030968316172e+03
2.573218487825340162e+03
1.260016922972900829e+03
2.001408155587119381e+03
1.302634067249138980e+03
1.457399680140155169e+03
1.389061731979881642e+03
1.004613656991593757e+03
1.374520689926272780e+03
7.562847922289366807e+02
1.238605481069632560e+03
7.623538643188246624e+02
1.018551554820554202e+03
8.680508697163293164e+02
7.676317083278501059e+02
9.273788411500668190e+02
5.836136222692499587e+02
9.007832902544275839e+02
5.455983765155085621e+02
7.969219059249707016e+02
6.122159448507995876e+02
6.455493177127455056e+02
6.857249848604024010e+02
5.027546298935642426e+02
7.028767456692237374e+02
4.371224208786030658e+02
6.595310485132969234e+02
4.683616698374988800e+02
5.638618949320937190e+02
5.317947306935891447e+02
4.551089387909571542e+02
5.696711612074974482e+02
3.829519329005523218e+02
5.618051316546199132e+02
3.818598906066885661e+02
5.057232986990796348e+02
4.301626128095878130e+02
4.233816078780735666e+02
4.739325843653983839e+02
3.526959466540038761e+02
4.854096144304747327e+02
3.298258222788716125e+02
4.564364909004563060e+02
3.590775387746433012e+02
3.962902123266160288e+02
3.989859755608269438e+02
3.346634307760399452e+02
4.227411677626577671e+02
2.991756670559227018e+02
4.134744913822742092e+02
3.080619658366286444e+02
3.748927142131012715e+02
3.438717400577750709e+02
3.209987651499766343e+02
3.708875664484207277e+02
2.810023651221765704e+02
3.747065017021861877e+02
2.750776708474643897e+02
3.510655568850441455e+02
2.985765703723074580e+02
3.108753085596645178e+02
3.269092641438645614e+02
2.697788738504702337e+02
3.395347904329951234e+02
2.521967641471444779e+02
3.285440667685180074e+02
2.647384765348782594e+02
2.988564222784306708e+02
2.897935951203493232e+02
2.624052298947897839e+02
3.070148239292278731e+02
2.388610504840048065e+02
3.068190386800208103e+02
2.396646052653989898e+02
2.865475415703723456e+02
2.587544306883026479e+02
2.559161146744131656e+02
2.777967753527215109e+02
2.298504901145659289e+02
2.843660107022057559e+02
2.220680104853124703e+02
2.734817807428438527e+02
2.335039971745511025e+02
2.497670433182944691e+02
2.519287006688959139e+02
2.238552998878217295e+02
2.630000349080144701e+02
2.100410701387583572e+02
2.594055075295046890e+02
2.142475699628874111e+02
2.425324300340165280e+02
2.294551795578722704e+02
2.197282864310340074e+02
2.425588301661653077e+02
2.023457391362871647e+02
2.448934391212916353e+02
1.999692609577999747e+02
2.344836446303605726e+02
2.103578047674656943e+02
2.155853722518029656e+02
2.237558226587950116e+02
1.974693313599501323e+02
2.300481873802118002e+02
1.897251231799745597e+02
2.253482164556836835e+02
1.949605562569534527e+02
2.111247278142443520e+02
2.067588881306561461e+02
1.939779098504966157e+02
2.154720908279265643e+02
1.828217666805564363e+02
2.154134583480394269e+02
1.830216753606380848e+02
2.057946613717072069e+02
1.919586916270207553e+02
1.909446761005966380e+02
2.014278694967134982e+02
1.781447006932622514e+02
2.048273543313541154e+02
1.741799687242520918e+02
1.995562486827935800e+02
1.794973322247149952e+02
1.876846328637667796e+02
1.883882257202291726e+02
1.749482673025663075e+02
1.940086411638806112e+02
1.678624762001067268e+02
1.924335163506434014e+02
1.694687177605382544e+02
1.839224625391045720e+02
1.766251330478554564e+02
1.722776199045974295e+02
1.832794875924362259e+02
1.634342087239866999e+02
1.846532678491138029e+02
1.616699901203033676e+02
1.793259295848064880e+02
1.664766571244073816e+02
1.696661575391359804e+02
1.730144723806057812e+02
1.602660958429475215e+02
1.763828988525769432e+02
1.558876556018790325e+02
1.740376278075399910e+02
1.579807048408357275e+02
1.666773809668716240e+02
1.635398019253850350e+02
1.577449974299371149e+02
1.680445498863501541e+02
1.517605339358644585e+02
1.681650879033709032e+02
1.514674162690147625e+02
1.633436178242861274e+02
1.551141414941246239e+02
1.555721648565219368e+02
1.599458667142048398e+02
1.486737726308384424e+02
1.617849673367986156e+02
1.460058943066119923e+02
1.591659526259268773e+02
1.480369909191020099e+02
1.530278155098419575e+02
1.522709680336857900e+02
1.461920998487502743e+02
1.550592396581621131e+02
1.420633761961533423e+02
1.544363099324611994e+02
1.421099669816459254e+02
1.501358108740993487e+02
1.452331620969383437e+02
1.440044513881731234e+02
1.484827653394118556e+02
1.390708154031021593e+02
1.493334373375718656e+02
1.374614151034226666e+02
1.467654792776619388e+02
1.391657166204073803e+02
1.418075085155747672e+02
1.421937316951528771e+02
1.367042269335739206e+02
1.439217771074177392e+02
1.338226396333366495e+02
1.429387765613300303e+02
1.340618855840441199e+02
1.393001152277023209e+02
1.363548056523369780e+02
1.346219330547382924e+02
1.384921981043229948e+02
1.310081839094656573e+02
1.387101096463759404e+02
1.299225472957536454e+02
1.364478480758204739e+02
1.311760444058222390e+02
1.325478569917719938e+02
1.332150712640728329e+02
1.287234653497809234e+02
1.342373889591687828e+02
1.266098413365161264e+02
1.331891545630219298e+02
1.267754770876912005e+02
1.302855914231107874e+02
1.282995274289246197e+02
1.267290340961009463e+02
1.296681054100725987e+02
1.240082652022541652e+02
1.295979339636643601e+02
1.231278995211856113e+02
1.277604198455189390e+02
1.238753767253973166e+02
1.247661739077821039e+02
1.252104032147242947e+02
1.218631814898120638e+02
1.257734449407575710e+02
1.201885365616135175e+02
1.249099433297771640e+02
1.200841203122376868e+02
1.226903266214882677e+02
1.209951699166172432e+02
1.199731611420390749e+02
1.218570405272126180e+02
1.178073681065631320e+02
1.217556624614926193e+02
1.169023638854502281e+02
1.203843286153585836e+02
1.172004806089150435e+02
1.181388897458332110e+02
1.179963063966382890e+02
1.158361636325476809e+02
1.183973847809978110e+02
1.143045933349648777e+02
1.178058052650780496e+02
1.139037220015094221e+02
1.162130251603902877e+02
1.143519974516018181e+02
1.140860047962694068e+02
1.149476614276824051e+02
1.121890883241060095e+02
1.149696467414448477e+02
1.111293207478821756e+02
1.140770029981797791e+02
1.110446389697223708e+02
1.123805698663870203e+02
1.115329696757988387e+02
1.104219606868099106e+02
1.119466352797815887e+02
1.088620322456502549e+02
1.117029592744605395e+02
1.081619858596091888e+02
1.105902187374094723e+02
1.083015602190312592e+02
1.088381769083058686e+02
1.088299396522766784e+02
1.070153688748627161e+02
1.090958525360368441e+02
1.057463155480887167e+02
1.086174297448282573e+02
1.053660345158960325e+02
1.072909377508270268e+02
1.057416139858093374e+02
1.054636599891080380e+02
1.063057709518029270e+02
1.037746414253093832e+02
1.064171605892892529e+02
1.028173257057940475e+02
1.056541873633648407e+02
1.028109740989335990e+02
1.040751580170380493e+02
1.034253370617316534e+02
1.021771981624182217e+02
1.039898812492246947e+02
1.006924333712759108e+02
1.038356628341420986e+02
1.001531910213338676e+02
1.027070551247785346e+02
1.005635445004184447e+02
1.008528659192494814e+02
1.013777217230289693e+02
9.897918892282436332e+01
1.017924520116433769e+02
9.785131518393581018e+01
1.012446619484375105e+02
9.784285545217851165e+01
9.967018253908948111e+01
9.866579576077029401e+01
9.761994609340308671e+01
9.952007794627174064e+01
9.595066705861746925e+01
9.959743608656117431e+01
9.537530843789572543e+01
9.850119565924950393e+01
9.595658609957919793e+01
9.651594854406101831e+01
9.705551386674602554e+01
9.444590976443765840e+01
9.771731162375793645e+01
9.324689427128643615e+01
9.723011601400354209e+01
9.337058134242752772e+01
9.554591078643954916e+01
9.447263738606193328e+01
9.329078765349703417e+01
9.559218843813708588e+01
9.150818527940546687e+01
9.577294800605170622e+01
9.101399370236114805e+01
9.458893410345170594e+01
9.187523191542796042e+01
9.238752381725038276e+01
9.326208807842368742e+01
9.016352044427715384e+01
9.406695787372132145e+01
8.898582111951130003e+01
9.352106187536436721e+01
8.936889660629536536e+01
9.162474631247192747e+01
9.077727563264316757e+01
8.916856750196512849e+01
9.211051287491847006e+01
8.734719396831798122e+01
9.226413968053985570e+01
8.707681332173100941e+01
9.088700974851815317e+01
8.824897777366662410e+01
8.843757900819987583e+01
8.991799251986353170e+01
8.610940674679484630e+01
9.074630849211470718e+01
8.508956345575586511e+01
9.007316547193993017e+01
8.576249969227059466e+01
8.786109335306623791e+01
8.759994586216458856e+01
8.516972831550658896e+01
8.897709334860267916e+01
8.353660424822506059e+01
8.895622167491409016e+01
8.353843506764454219e+01
8.733690021801531600e+01
8.508083388995498808e+01
8.463874022979253198e+01
8.691828773378637152e+01
8.231760560551315109e+01
8.768675532380230209e+01
8.154839938346363226e+01
8.670929856139512992e+01
8.265352364072003866e+01
8.424047346272982395e+01
8.465670935334662772e+01
8.150666309750192795e+01
8.610092011775772392e+01
7.994006321843528440e+01
8.589734033959807391e+01
8.037043602288669319e+01
8.390284448258341854e+01
8.226762074139070080e+01
8.101826880798996910e+01
8.422392396074229737e+01
7.874548806919308674e+01
8.482401021996294332e+01
7.835034154686968577e+01
8.350128027178412538e+01
7.986100635133377068e+01
8.074732542024986515e+01
8.209812399181481624e+01
7.795982231330502543e+01
8.344422309570268226e+01
7.669305718499840907e+01
8.292308743714802688e+01
7.755880000168754407e+01
8.057773657363142661e+01
7.979058141417053207e+01
7.753223854527664116e+01
8.175253476963489163e+01
7.544673355596648889e+01
8.208979210341794897e+01
7.548182912925474852e+01
8.037647064071039438e+01
7.741569830183715339e+01
7.736514413835001847e+01
7.977531224085289807e+01
7.463161393760135809e+01
8.094422559869629197e+01
7.373921099768921295e+01
8.002933350333479723e+01
7.509306075418875537e+01
7.733624936895157020e+01
7.758066478057470761e+01
7.421116296140189661e+01
7.945955680340802019e+01
7.241039687421536541e+01
7.943722047090456329e+01
7.294551883772622602e+01
7.732179130674443002e+01
7.525658780145232640e+01
7.409882743780119085e+01
7.765931804946653472e+01
7.152396892424913233e+01
7.853515228527699321e+01
7.109659351345540301e+01
7.719389866638599074e+01
7.292546142371020323e+01
7.417627045051196433e+01
7.559529588941872191e+01
7.106261657024703027e+01
7.728358408163043691e+01
6.964622005420766016e+01
7.684282372162168429e+01
7.071521928791105438e+01
7.431811471629214338e+01
7.334742140268555488e+01
7.095860035454387571e+01
7.568782833479245653e+01
6.864389555581411173e+01
7.619240790025264687e+01
6.875678843862722545e+01
7.438719064536181236e+01
7.103471554899853402e+01
7.109964305718618505e+01
7.378300700120632882e+01
6.810231472618040982e+01
7.518186880293217200e+01
6.716639107549401899e+01
7.427339825302698273e+01
6.877130711388763018e+01
7.136540761439643177e+01
7.164459713694418497e+01
6.795597628485447217e+01
7.381305088066271480e+01
6.601957807345370099e+01
7.386893652558157441e+01
6.671018617682572938e+01
7.161184172309258145e+01
6.936801550829241592e+01
6.812448201464343356e+01
7.209813005515704276e+01
6.534391091585888489e+01
7.312052296460004186e+01
6.496818048127163081e+01
7.171164176265249068e+01
6.708328808681534383e+01
6.847123308296845323e+01
7.009652165753134057e+01
6.511379218390726464e+01
7.199315715789887804e+01
6.365019911548593967e+01
7.155550020425930313e+01
6.492554955415421603e+01
6.886102988356364563e+01
6.789978018696447748e+01
6.525518229821800276e+01
7.049701515238740512e+01
6.280961373581809681e+01
7.107065695686895879e+01
6.304232449265047222e+01
6.915507609572766512e+01
6.562205447005641190e+01
6.563881759490911350e+01
6.866588716887851263e+01
6.244853557681238954e+01
7.020015590362170599e+01
6.154211840648073917e+01
6.923397743040744956e+01
6.340206852528963566e+01
6.613321536485746321e+01
6.658137271091848675e+01
6.250983959117609601e+01
6.893668648010344668e+01
6.051354020597111116e+01
6.900247920400487089e+01
6.138196829392051512e+01
6.659621573410245787e+01
6.434643057855350889e+01
6.288795671975876900e+01
6.730801277147666895e+01
5.998179345132913909e+01
6.839907660109103915e+01
5.969939988619633198e+01
6.689110889965601814e+01
6.209448588710980488e+01
6.344690485713729799e+01
6.537185541404517153e+01
5.991884207621294678e+01
6.739197929420299715e+01
5.846189514581386248e+01
6.690964086443995029e+01
5.996815509252988363e+01
6.404097599079409520e+01
6.321938011391763013e+01
6.023788646443418315e+01
6.599154183741556778e+01
5.772618770003915500e+01
6.657056106576342813e+01
5.811594681390649697e+01
6.452502681037385912e+01
6.097166478087144270e+01
6.081444065110942887e+01
6.423521930883293862e+01
5.749430337938274249e+01
6.583341690877418273e+01
5.666225705560144377e+01
6.477860812635896082e+01
5.877514437737233521e+01
6.149589344483445785e+01
6.220495329529259010e+01
5.770553917973733604e+01
6.467914667103865156e+01
5.570090422055380941e+01
6.470244242549637192e+01
5.677538289688797590e+01
6.213879802724733992e+01
6.000651892282243693e+01
5.824840954163601481e+01
6.313808391129255426e+01
5.526321319771902552e+01
6.423508709623969537e+01
5.511699318290718708e+01
6.260248952095785313e+01
5.777466363644725078e+01
5.897650954855168237e+01
6.126610708922932957e+01
5.531734305892637593e+01
6.334399073788411982e+01
5.391848170297654264e+01
6.278176280642808393e+01
5.565717199132011217e+01
5.973789161501563427e+01
5.916573160198237957e+01
5.576705849514834057e+01
6.203935535049006234e+01
5.325093781341040255e+01
6.257644258265708714e+01
5.381764414277636632e+01
6.038816963484985934e+01
5.693727318450329733e+01
5.649833595844861378e+01
6.036015378664602338e+01
5.310144110525880734e+01
6.196448255433291763e+01
5.238155174710534823e+01
6.079400648495671788e+01
5.474852633370930732e+01
5.733837863276154678e+01
5.838452673243711644e+01
5.341996037148555132e+01
6.091784333727516554e+01
5.145421257428920825e+01
6.086021236977862969e+01
5.274823230707300326e+01
5.813829543215661033e+01
5.621920571361380325e+01
5.408811669912775244e+01
5.946423469307810450e+01
5.107175564296322534e+01
6.052174771024421318e+01
5.108979525970077873e+01
5.875615115020110579e+01
5.400256428209787884e+01
5.495201987804062327e+01
5.766202803262238774e+01
5.120417552837638908e+01
5.974370700275004964e+01
4.990513951968632966e+01
5.906747618685997736e+01
5.188649361793641646e+01
5.586291997418469890e+01
5.559357115930303195e+01
5.176700448126776166e+01
5.853829961562550466e+01
4.925594198665694279e+01
5.900455520348188543e+01
5.003408961060041094e+01
5.665417361752916747e+01
5.339399248618703808e+01
5.261248752488673119e+01
5.693733236702516365e+01
4.916176200872929059e+01
5.850945441426225813e+01
4.859093116765868103e+01
5.720194562240276781e+01
5.120879717205118453e+01
5.358017278012658835e+01
5.501867008210074772e+01
4.956004591098571410e+01
5.756375259745869499e+01
4.766853399817634340e+01
5.740308053224354268e+01
4.919540930260077261e+01
5.451217940998942169e+01
5.288669430656733539e+01
5.033075825375246382e+01
5.619383408833427751e+01
4.731164051673279403e+01
5.719132958258924759e+01
