3.799060189204368498e+01
1.273733994641125236e+02
2.399224497223267960e+01
1.212453827958560169e+02
6.736043032751541659e+01
9.588359215131291080e+01
1.047380567148371711e+02
5.597447022266830885e+01
1.263045246766437657e+02
1.800258216915361231e+01
1.280448636525332518e+02
5.121805498993663974e+01
1.094877656406501103e+02
9.338367329122576166e+01
7.386152017984825591e+01
1.221897283435976220e+02
2.959792952840196634e+01
1.319613941539621180e+02
3.456737111676514473e+01
1.209012233486876653e+02
7.960768698895064688e+01
9.078857293467378042e+01
1.150382031692296891e+02
4.744523283774366718e+01
1.328184053203762289e+02
2.116370531340655958e+01
1.297722546399782004e+02
6.381975844310340307e+01
1.061839117263816235e+02
1.049674809442247181e+02
6.626754955982505635e+01
1.305181248786965398e+02
2.290831124587378653e+01
1.358838057353715385e+02
4.679101848526114793e+01
1.195757665060584856e+02
9.237511695674260181e+01
8.437509714257731730e+01
1.249680204995449770e+02
3.871591738182127784e+01
1.385307324756627736e+02
3.024016381500604211e+01
1.304948359013658319e+02
7.697075460719267426e+01
1.017186087685208520e+02
1.163782447527777322e+02
5.795610274302607223e+01
1.383247616230250401e+02
2.136587277742810187e+01
1.386767886885732537e+02
5.998082289140673851e+01
1.171024741784276131e+02
1.047988272700769272e+02
7.753874832510095416e+01
1.347290840175087965e+02
3.065665394232670948e+01
1.438007756982387377e+02
4.228258166058858336e+01
1.302373876281182561e+02
9.052579812739288911e+01
9.633161119128419614e+01
1.278034670871762444e+02
4.913370267947414050e+01
1.456414952112286016e+02
2.726633266472416395e+01
1.407020934065964184e+02
7.396380195839705607e+01
1.136772081079330690e+02
1.176548127260364254e+02
6.957092430941085581e+01
1.440873187554144295e+02
2.561444534946222973e+01
1.481968599618484177e+02
5.595914246991556951e+01
1.289940959862809962e+02
1.045104799399094304e+02
8.989573068209992357e+01
1.390712586478796879e+02
4.052340560817650328e+01
1.523764175592810659e+02
3.829779963766510065e+01
1.418509246818341296e+02
8.871723494100375262e+01
1.091731070255626292e+02
1.306274047318421765e+02
6.102015987040896050e+01
1.531147846226323281e+02
2.717773198284764291e+01
1.517885872728052448e+02
7.086831564693834196e+01
1.267652216734341977e+02
1.189155373637956075e+02
8.257844833406204543e+01
1.502776396224192013e+02
3.358386119570578643e+01
1.584915765072933596e+02
5.218758234707558330e+01
1.420145861592880294e+02
1.041607504246030942e+02
1.036523396866198681e+02
1.437339315332282297e+02
5.233102328188138586e+01
1.617165965960490723e+02
3.593117125992096561e+01
1.545688044339902660e+02
8.682390993578481186e+01
1.235008189816220323e+02
1.337124609080524067e+02
7.456293675651377839e+01
1.613193971870028633e+02
3.139263370946623866e+01
1.640226743587666931e+02
6.794263405960101920e+01
1.413588736546967937e+02
1.203973954856111135e+02
9.726760205852475849e+01
1.571055940559160433e+02
4.464539175376461344e+01
1.699837964731781597e+02
4.940051311088596719e+01
1.566789693537187418e+02
1.041171194020165132e+02
1.192123895312662682e+02
1.490152112983560926e+02
6.631425346567348811e+01
1.722488888373997327e+02
3.677158613168303702e+01
1.690381544199666450e+02
8.543165748731072995e+01
1.397802918707488971e+02
1.374455806549821943e+02
9.022017570064048186e+01
1.706902205862633650e+02
4.041854497947009150e+01
1.781112870715002998e+02
6.607219534223038693e+01
1.579735852393689299e+02
1.224599321910638139e+02
1.142716482538812386e+02
1.650904467129495004e+02
5.884913014941539444e+01
1.833254916839985071e+02
4.906215095033420681e+01
1.736322173716814632e+02
1.047233518576289129e+02
1.374469113771703803e+02
1.555449905732861282e+02
8.317175147446630490e+01
1.848136140083445298e+02
4.293977006861282320e+01
1.860762135829430122e+02
8.529566029232560709e+01
1.590873485194949808e+02
1.425039503552841040e+02
1.092434983998518732e+02
1.822049225845551064e+02
5.456323716543546709e+01
1.951093177332097071e+02
6.669420260110443621e+01
1.784018325795429405e+02
1.262504482144459956e+02
1.353761823514291223e+02
1.756142688769539006e+02
7.749430756005352805e+01
2.002104697561355522e+02
5.429496926102012822e+01
1.950013020429524886e+02
1.077773517272848238e+02
1.607364331010346348e+02
1.651786807958522445e+02
1.052123116875770137e+02
2.016446477794305281e+02
5.720774717606935411e+01
2.085682230794779457e+02
8.920446896680475390e+01
1.843925529302694883e+02
1.514303197002428192e+02
1.343906855448513227e+02
1.988578799124250338e+02
7.635152130494374489e+01
2.186581526932761506e+02
7.435470794988752630e+01
2.062382623023080157e+02
1.352601133696284990e+02
1.640492253785278933e+02
1.923945648517222935e+02
1.045481767223703002e+02
2.252132846598369156e+02
7.096947464720820165e+01
2.258167975628235524e+02
1.183873944859434744e+02
1.938281392274822110e+02
1.831202381164483768e+02
1.376312804395675187e+02
2.286968947539969292e+02
8.489077696647402149e+01
2.430551230878421336e+02
1.047979724156932377e+02
2.231952602070509784e+02
1.718588531390280139e+02
1.734728246729871444e+02
2.294309325740596535e+02
1.133419744208327700e+02
2.583768325080155250e+02
1.012210724249434151e+02
2.524717092584584179e+02
1.610506156021431821e+02
2.120208041549175562e+02
2.286758551931576733e+02
1.523768767098080161e+02
2.731654477387435236e+02
1.150400890555248310e+02
2.825113541776386796e+02
1.556119730475870995e+02
2.555037870518379464e+02
2.293452065986237187e+02
2.010642945603143801e+02
2.903394972632431177e+02
1.503782195983377790e+02
3.189102918541578902e+02
1.660956074384880026e+02
3.070989590208775439e+02
2.396817258726634066e+02
2.633823651350820683e+02
3.175908335949091565e+02
2.112728589407835500e+02
3.680183306403431516e+02
2.076776930001940116e+02
3.805900002329765357e+02
2.791107980638263371e+02
3.573567779342225208e+02
3.778882856910796590e+02
3.185008563831908646e+02
4.647873957108564582e+02
3.178929415551421584e+02
5.173488509223694791e+02
4.080299036044860372e+02
5.420558078543575675e+02
5.614920091185912270e+02
5.628558482391733833e+02
7.442984812261350953e+02
6.546335720496564363e+02
9.215259405069024297e+02
8.953801351479247614e+02
1.057568439550598441e+03
1.184860393196457153e+03
1.040366898119622192e+03
1.135337079011593460e+03
8.744167661235512696e+02
7.853206363057906856e+02
7.231330744167205467e+02
4.881221443619817819e+02
5.777459029723006552e+02
3.427888553586542457e+02
4.415335552192493651e+02
3.142334730467088093e+02
3.002194723911279652e+02
3.223689630036641347e+02
1.726974461586774225e+02
3.119514546539821254e+02
1.108412998433582999e+02
2.668288475841449667e+02
1.376838121397786949e+02
2.002956776572679871e+02
1.860113230481572373e+02
1.168605374824012415e+02
2.103447507436119963e+02
3.321498068091769085e+01
2.063033232621559705e+02
5.293921301420608216e+01
1.744584824068755609e+02
1.146207596458674658e+02
1.223195212442357303e+02
1.520807741920364720e+02
6.557687365770206611e+01
1.694657029268948918e+02
3.169847278467128859e+01
1.619317815038463664e+02
6.932867601413907721e+01
1.364488057103679353e+02
1.118102067240680384e+02
9.894278904714214207e+01
1.400086742329981178e+02
6.252107711339007068e+01
1.518558626942895557e+02
5.641220833573279947e+01
1.418225748630584917e+02
8.269859693814264290e+01
1.222202760841703224e+02
1.147100679935730483e+02
9.400548760101170842e+01
1.358359676476108291e+02
6.950688917148575285e+01
1.439654468430759096e+02
6.975659214382338291e+01
1.338860333600218837e+02
9.110566212223801585e+01
1.171838901517871108e+02
1.176791063976679368e+02
9.198412822500858965e+01
1.349814257065339120e+02
7.381432246315829104e+01
1.409909797678680832e+02
7.514575464708707386e+01
1.339912057638798046e+02
9.760040524367678927e+01
1.160273982479667438e+02
1.233977050783846607e+02
9.164068253894723171e+01
1.412466679861027501e+02
7.288371438675137881e+01
1.458763092063240663e+02
8.216988406491580577e+01
1.357310338806205721e+02
1.081683455004596368e+02
1.126652001014823554e+02
1.329347906885884640e+02
8.616008835190955040e+01
1.491919338121881538e+02
7.265127803156468644e+01
1.529027979274684128e+02
8.914794257067600824e+01
1.361620532403128152e+02
1.212468008214792121e+02
1.067190693631095684e+02
1.488331309190944012e+02
7.565902568901093161e+01
1.615821732523887704e+02
7.084386967102589949e+01
1.570194573458266802e+02
1.033718704105591826e+02
1.318119550831446531e+02
1.432143830964276390e+02
9.142053041450346029e+01
1.675041577863750888e+02
6.277719819775541055e+01
1.734053899435899950e+02
8.318344676596343845e+01
1.545525007161491544e+02
1.295234563647474317e+02
1.165594753551822862e+02
1.685171803881384562e+02
6.890750058376826814e+01
1.854271048549605894e+02
6.376937348062718769e+01
1.768391819283541224e+02
1.123823840898402580e+02
1.423675813920469295e+02
1.621517390717044691e+02
8.974020012527198276e+01
1.929037743430986609e+02
5.071480855731938675e+01
1.956703823906739217e+02
9.176400328455724775e+01
1.680129207988368307e+02
1.506078895848643526e+02
1.166396439485828296e+02
1.939234646972040252e+02
5.674174607057418029e+01
2.090723155156692599e+02
6.731730523149056467e+01
1.923441153486279518e+02
1.335106824903007521e+02
1.457202740696153285e+02
1.887257032123257545e+02
7.969331110619998526e+01
2.175628403887852471e+02
4.597432965957539608e+01
2.131236605189276929e+02
1.108548415606369417e+02
1.751390536761286967e+02
1.775573712276196261e+02
1.105110325499243515e+02
2.205793484540953955e+02
4.273235451574719690e+01
2.293875719555308592e+02
8.372547968548913389e+01
2.028761548884270667e+02
1.604906746349176956e+02
1.435995099445421488e+02
2.170466551977009431e+02
6.539933816758140495e+01
2.409529926207544293e+02
5.512310400686754974e+01
2.269461409491291022e+02
1.371478781847380333e+02
1.768781428354468233e+02
2.069032303730100750e+02
9.939257911981847826e+01
2.464006606795192340e+02
3.433495918780514700e+01
2.473413713846719020e+02
1.084926141041386813e+02
2.089379693949415469e+02
1.906012816356525548e+02
1.367332660992219644e+02
2.455463733574711114e+02
4.840770815478923339e+01
2.626906943416326499e+02
7.575100689447273794e+01
2.380540969966417890e+02
1.677474439364683860e+02
1.747909319991373422e+02
2.380316428058964959e+02
8.435046466747280647e+01
2.720389266727366362e+02
4.213706712101278384e+01
2.631186451445307739e+02
1.385734041830451417e+02
2.117565842883140306e+02
2.234066103257207487e+02
1.260991493374602754e+02
2.750728484453620126e+02
3.166694746551560868e+01
2.832891169428391436e+02
1.039003145156402752e+02
2.463377034820654785e+02
2.018318702167140941e+02
1.689998994792408951e+02
2.708171184078519218e+02
6.572054023429906522e+01
2.977189305521984011e+02
6.500871081272099161e+01
2.772001771419909346e+02
1.732947610728439258e+02
2.114278605139522256e+02
2.591429815285704308e+02
1.111371881927001084e+02
3.053834005440994019e+02
2.911138176242962672e+01
3.032270532860346179e+02
1.380464470528962408e+02
2.520251149765781804e+02
2.398065899456509555e+02
1.592305073748651125e+02
3.056872269160491555e+02
4.352965215765583906e+01
3.235362392133675371e+02
9.711191025910216013e+01
2.890838913876562515e+02
2.126003102580641269e+02
2.074012243571317526e+02
2.977050341376249776e+02
9.166409422054969980e+01
3.367115717150220462e+02
5.154749782114985379e+01
3.220023044924083706e+02
1.777935889848746172e+02
2.545978312766846159e+02
2.815586158533342314e+02
1.448996970020726565e+02
3.423001290303754445e+02
2.353266528944644875e+01
3.489883620923032481e+02
1.355056970364620668e+02
2.990863990300559863e+02
2.565207458014097597e+02
1.998342091986482387e+02
3.395064396459974319e+02
6.766690511666530483e+01
3.693024302137463906e+02
8.678813723362600285e+01
3.396825400119338951e+02
2.229106778762328531e+02
2.543602083968534657e+02
3.275859663507374080e+02
1.262148577404577168e+02
3.816042916389708353e+02
3.487701615937263000e+01
3.749074321001727981e+02
1.805247019160302955e+02
3.072665915655506979e+02
3.061277478206833962e+02
1.879862632421098567e+02
3.851328024464247619e+02
3.941444662325841364e+01
4.035718354791769116e+02
1.299764511357709011e+02
3.568653007211049726e+02
2.747432737509573712e+02
2.508400018327675411e+02
3.789658454652634418e+02
1.023014017126068040e+02
4.243278290064730527e+02
7.210093898475346919e+01
4.018515880819627455e+02
2.333852209987997526e+02
3.132142209127576962e+02
3.624562090620542563e+02
1.715330118814151206e+02
4.360419916578657080e+02
1.892130179395931222e+01
4.405265395143159139e+02
1.820039875813204162e+02
3.734464057611489807e+02
3.347582440818301279e+02
2.437939389349940029e+02
4.377887614524563560e+02
7.177173693072843719e+01
4.717072532552992925e+02
1.213503341766402457e+02
4.298732856268367755e+02
2.959007864769689604e+02
3.166682678106645312e+02
4.277460734201308128e+02
1.489857011438388099e+02
4.937359071607112355e+02
5.235545939009267613e+01
4.809517220964796138e+02
2.451319619584393195e+02
3.892224198036614098e+02
4.057744735765809878e+02
2.313206445862058445e+02
5.051095227852490552e+02
3.434761693922874315e+01
5.249562674918562379e+02
1.825249965083409336e+02
4.595551545046119486e+02
3.707660782928318781e+02
3.169942956813926003e+02
5.045628290447319841e+02
1.186689340428389556e+02
5.601807340575219314e+02
1.083427389652131296e+02
5.258732830640143447e+02
3.220051345965956671e+02
4.044059860760885954e+02
4.907433569345909063e+02
2.128645668340381008e+02
5.848686699780197387e+02
2.596171966000685671e+01
5.863548869789321998e+02
2.589368882203742714e+02
4.918749487856879341e+02
4.623191767983130376e+02
3.135005634095260802e+02
5.972344328843296353e+02
7.835689039633707864e+01
6.390921749582524853e+02
1.811086314000508537e+02
5.776583471160309955e+02
4.180428966310091710e+02
4.191552085493432287e+02
5.955028602077646838e+02
1.861305677037476016e+02
6.819955182324657699e+02
8.838766052901961245e+01
6.598580765724414050e+02
3.566079735879984014e+02
5.284522489172185260e+02
5.777612600998216976e+02
3.049873312752278025e+02
7.129646787195930528e+02
2.587296404254568927e+01
7.364889587827078685e+02
2.767355895832174042e+02
6.399166262799291189e+02
5.420439256613915404e+02
4.337853198911851678e+02
7.296251180413397606e+02
1.476433668512860891e+02
8.053982124273003365e+02
1.770497075705029886e+02
7.519216272830187791e+02
4.859854670004819468e+02
5.720377106639506337e+02
7.294962568921210959e+02
2.894265051934456778e+02
8.643211974625719449e+02
5.649281008291531236e+01
8.630614922188599394e+02
4.072612948486886921e+02
7.191828349807370842e+02
7.097708726562595984e+02
4.491652460935021622e+02
9.108755025835544075e+02
9.082845542659845250e+01
9.712778424177313354e+02
3.026879389654499732e+02
8.747465140294939374e+02
6.668571841149083639e+02
6.278039110722905889e+02
9.412042295169205772e+02
2.627719782604721104e+02
1.075469902094975851e+03
1.682208104254078478e+02
1.039283338410138413e+03
5.964917634553805783e+02
8.282602136666192791e+02
9.527819234331235521e+02
4.660746093201912004e+02
1.173523355605834922e+03
1.156260312825293290e+01
1.213553757944819154e+03
4.929827248581928529e+02
1.054046662039318562e+03
9.406516452659226388e+02
7.072683900688467702e+02
1.263703289265230524e+03
2.168554782741423992e+02
1.399565814206192726e+03
3.476286069854320431e+02
1.312117771641371746e+03
8.987608435253540620e+02
9.969471619432054013e+02
1.344147577031094443e+03
4.881270721947590800e+02
1.602098144478018867e+03
1.481419303453051555e+02
1.613350006863549879e+03
8.171058116629592405e+02
1.353508047523237337e+03
1.412810488955505889e+03
8.391208529781615653e+02
1.829729513923296508e+03
1.286610139211720139e+02
1.978886671790151922e+03
6.800623415197237591e+02
1.809449412503959365e+03
1.466476514469118001e+03
1.310676878511198993e+03
2.098121400269069909e+03
5.248480505016582356e+02
2.452554199708453325e+03
4.583049545826729059e+02
2.431959177691609966e+03
1.502314151290894642e+03
1.987673379944318413e+03
2.447283364312582762e+03
1.125649281859328312e+03
3.123162749213056486e+03
8.499945736212259817e+01
3.372049516895782290e+03
1.509948179898994567e+03
3.075831352571112348e+03
2.970617321785288823e+03
2.160138707188818898e+03
4.241034821678747903e+03
6.204685915340157862e+02
5.073219412321946038e+03
1.472326664499656545e+03
5.220082076690309805e+03
3.988683729270836920e+03
4.426093664212932708e+03
6.743263849941416993e+03
2.408241205448595338e+03
9.526640957616738888e+03
1.270454908559338946e+03
1.213070959296754882e+04
7.635330982836017029e+03
1.440831549123857258e+04
2.051190097319851338e+04
1.662440469787495385e+04
7.632680028597994533e+04
1.044757169931402022e+05
7.324024444636212138e+04
1.342169629899910979e+04
2.128003045705838667e+04
1.318593259439544454e+04
8.578837030034692361e+03
1.168606800467783432e+04
2.118203847332840269e+03
9.525413021050742827e+03
1.753536252052482041e+03
6.994814293389846171e+03
3.991857683547732449e+03
4.362051699737254239e+03
4.996401529680902058e+03
1.877690845627480030e+03
5.036011398753143112e+03
2.529195642717189116e+02
4.349006866629245451e+03
1.872710338973616444e+03
3.181026300938665372e+03
2.899118199937224290e+03
1.771601325197794267e+03
3.316678191139758383e+03
3.435369235427258445e+02
3.172788313416738674e+03
9.068792467331395528e+02
2.579529088416424202e+03
1.837107799046274067e+03
1.684822051735751074e+03
2.363985016127063318e+03
6.554298842201164916e+02
2.466277073121554167e+03
3.443426891796215159e+02
2.183996491619612698e+03
1.175283548338413766e+03
1.601430507775859041e+03
1.735413894669344018e+03
8.374574116920445022e+02
1.972114266110985000e+03
2.581661992661045701e+01
1.882223891176916140e+03
7.152624653586866543e+02
1.513003610704317680e+03
1.275422706294887121e+03
9.442620838792117866e+02
1.589653461510803254e+03
2.793305019382443106e+02
1.632048635424250051e+03
3.742207891920232896e+02
1.418690034196262104e+03
9.173785664242079747e+02
1.002278559599788650e+03
1.276748437655865473e+03
4.620352742047834340e+02
1.411882728435572744e+03
1.119497428068070803e+02
1.317780546351530575e+03
6.273207846761040400e+02
1.025162197514864829e+03
1.010712345963414805e+03
5.922551537429924338e+02
1.211581175494374520e+03
9.526088001733464239e+01
1.210748656373852327e+03
3.869157801937341219e+02
1.020821731570288421e+03
7.787441498709798680e+02
6.826474201376927340e+02
1.025956484332090668e+03
2.572435112923202496e+02
1.098545293047630594e+03
1.852580413371164241e+02
9.950045484381607821e+02
5.739865529502654908e+02
7.410076265259692718e+02
8.522243309863680452e+02
3.841085012507792840e+02
9.824315466601201479e+02
1.832545234338488527e+01
9.513914456023088633e+02
3.919258416371498015e+02
7.728985944139327557e+02
6.888962569552680861e+02
4.812562688074796711e+02
8.634634568085541559e+02
1.277612770711683936e+02
8.940589607761372690e+02
2.305183540538225486e+02
7.824828759176414223e+02
5.358275851535511265e+02
5.525552191130459505e+02
7.434538511216532015e+02
2.455397669445098074e+02
8.249878607972855207e+02
8.800269579079994742e+01
7.729953938179368151e+02
3.928280300192277537e+02
6.011559194647215918e+02
6.236518390201339344e+02
3.413549814199031402e+02
7.468633204917896364e+02
3.884762501148477298e+01
7.472853716641391202e+02
2.602644733038547997e+02
6.296112922579532096e+02
5.055667505636255896e+02
4.168462731131028249e+02
6.618901403743855099e+02
1.461496689580224881e+02
7.078328015849522217e+02
1.386242457104591494e+02
6.401398020847102543e+02
3.906188231177239913e+02
4.735312122419500156e+02
5.721628270762977309e+02
2.377780722000806577e+02
6.569086158117276000e+02
2.927607205571473870e+01
6.347630111451542234e+02
2.801765707715399571e+02
5.127852711169967961e+02
4.796254741522359950e+02
3.135593684946042572e+02
5.966563169921545295e+02
7.140339720205271590e+01
6.153811126810619498e+02
1.755311413397273554e+02
5.359317585091098408e+02
3.861060062099977017e+02
3.739544775931605045e+02
5.290900542338163177e+02
1.576836086817985176e+02
5.838377568775900954e+02
7.796277779262945273e+01
5.443102141516601478e+02
2.933220202230613154e+02
4.195416078303034055e+02
4.561696360557900789e+02
2.318059838127417720e+02
5.419449326339907884e+02
1.501315742317701130e+01
5.392440223234542600e+02
2.028653014865423643e+02
4.509592508560027682e+02
3.797151423991151660e+02
2.934791349424535838e+02
4.914741150054259151e+02
9.384018939668116843e+01
5.221257364751110117e+02
1.162267801867683374e+02
4.689787172845046257e+02
3.014940138324271288e+02
3.426804588354797829e+02
4.341546587760973352e+02
1.652404944557133604e+02
4.943881608225732407e+02
3.520844253674423641e+01
4.743972765405468408e+02
2.230343507769353550e+02
3.796872576829567834e+02
3.717303839213060996e+02
2.267498022096500847e+02
4.575463522007008237e+02
4.207508482346200651e+01
4.684612453184824972e+02
1.462792608994444379e+02
4.045628359333432513e+02
3.058064165565009489e+02
2.778235231883932101e+02
4.129930363607939512e+02
1.099617981772542237e+02
4.519427418327665009e+02
7.234087595117860303e+01
4.180377628140087154e+02
2.380282489860159671e+02
3.183524919458816953e+02
3.623151176317300610e+02
1.702675572796389929e+02
4.261369686771956253e+02
7.900719704607634064e+00
4.206680965259184859e+02
1.699157454404787018e+02
3.483146677734619061e+02
3.070070915078889584e+02
2.220583216641437900e+02
3.922759191591102308e+02
6.341596322651442108e+01
4.132235867771562994e+02
1.029320684594210036e+02
3.678860739426609712e+02
2.485620553739017282e+02
2.648521486269284537e+02
3.516435623940974438e+02
1.218617274992924422e+02
3.965824020078001695e+02
3.864546478404638208e+01
3.774265408794625500e+02
1.884091629550411540e+02
2.984479377228843759e+02
3.056328326471740979e+02
1.734866273504089804e+02
3.717980027842490927e+02
2.426923624462618889e+01
3.773893736582360248e+02
1.279895797657168401e+02
3.226796817658468512e+02
2.555081462260604042e+02
2.175773432828732155e+02
3.398903497464405632e+02
7.995799377058672519e+01
3.684680666029165081e+02
6.866494271633040114e+01
3.377093634913471192e+02
2.026608446815822049e+02
2.536626616897771100e+02
3.020390622963373062e+02
1.307647584228282653e+02
3.514129315377884382e+02
1.304774959345912855e+01
3.438046139314972152e+02
1.484064682448107817e+02
2.814759103680843850e+02
2.594384700023011305e+02
1.753653162093116862e+02
3.271133895594534806e+02
4.354187078105356790e+01
3.413905754714483010e+02
9.402877262761521138e+01
3.009412506195046149e+02
2.133164069636212901e+02
2.131380651838164795e+02
2.965742467556714814e+02
9.293406454613456447e+01
3.310491335750721191e+02
4.094695958141272030e+01
3.120923817712342725e+02
1.648890036789055671e+02
2.436214418585383896e+02
2.607862969637812967e+02
1.374449741840304000e+02
3.134625699318314105e+02
1.275335238714675512e+01
3.152128222703709071e+02
1.153798644121760191e+02
2.665849697079759721e+02
2.208732892103841436e+02
1.761995383773675883e+02
2.894424258842183235e+02
5.933740089471066170e+01
3.106795085949081567e+02
6.599912764426798617e+01
2.819431810931996552e+02
1.779546787440181390e+02
2.086347049216812479e+02
2.598804130202569240e+02
1.032258711529999005e+02
2.990220489528656458e+02
1.846954079248417457e+01
2.897691534422325503e+02
1.331600304014875462e+02
2.343612119436346006e+02
2.257366863895389884e+02
1.423981316003358870e+02
2.808708430912822109e+02
2.958583940169182114e+01
2.902948218285990833e+02
8.760157081516270239e+01
2.531778029674127026e+02
1.880307987558180685e+02
1.761682201994946411e+02
2.570002141689643622e+02
7.228020707507687348e+01
2.838886587322130595e+02
4.248204383808067774e+01
2.649977845169550505e+02
1.477898225263267591e+02
2.040340792480216123e+02
2.282282676615423895e+02
1.113916448079143464e+02
2.710471893644567558e+02
6.464915297140403361e+00
2.699175930861698021e+02
1.060659105383747942e+02
2.256584655173361114e+02
1.954528239274860937e+02
1.459697644185402510e+02
2.523840982944011841e+02
4.431480247381317383e+01
2.681662056277129409e+02
6.391812886105338976e+01
2.408583146164343702e+02
1.596165587998500826e+02
1.754204469518955136e+02
2.286113848797462538e+02
8.291111736750082173e+01
2.601127063351518132e+02
2.267691158655089012e+01
2.495871377535721649e+02
1.216908291765662966e+02
1.992957676000958429e+02
2.005013231314044901e+02
1.178453122673531510e+02
2.462254881386904515e+02
1.934579939253349323e+01
2.519605243597681010e+02
8.265325430204090651e+01
2.173210266319223649e+02
1.689111476983871398e+02
1.483946013183143293e+02
2.271005661822474906e+02
5.677941311419623105e+01
2.482106269513959091e+02
4.353355116931319913e+01
2.293451815227732311e+02
1.347240350041536487e+02
1.740388331601346295e+02
2.034113274220302401e+02
9.165686419905748039e+01
2.387009600890190768e+02
7.275077828690953652e+00
2.353578296980979019e+02
9.884888192912799809e+01
1.944010386539011108e+02
1.759065860829882695e+02
1.228801900420637878e+02
2.238974933674506644e+02
3.291229209826834534e+01
2.354851125061944401e+02
6.221248369709982740e+01
2.092454376684442252e+02
1.453864311919990087e+02
1.498541069707941631e+02
2.043852298822274349e+02
6.731069536040151036e+01
2.299775647855936995e+02
2.590771830669846310e+01
2.184537016358774224e+02
1.126891461049049212e+02
1.721150513888396461e+02
1.808017261164855256e+02
9.882923054582087730e+01
2.191958263442172949e+02
1.172088649068417432e+01
2.220552764607141114e+02
7.867752027377004254e+01
1.893421559684418298e+02
