1.379811641479141997e+02
2.758458140343296918e+02
1.762328943873716298e+02
2.424630194374826431e+02
2.358881435005675371e+02
1.884124757645019486e+02
2.805832353912157373e+02
1.463711066629277866e+02
2.939330998340402630e+02
1.636490805100373791e+02
2.718277967304376261e+02
2.237008967678009128e+02
2.212355941973388553e+02
2.798421179755625303e+02
1.662490381848962500e+02
3.080842666804832675e+02
1.568787406015448482e+02
2.994368330426246416e+02
2.092476613644149950e+02
2.564213142966938790e+02
2.743862781918701899e+02
1.957505773691777335e+02
3.176476281214968935e+02
1.604469772085291766e+02
3.243745002506947799e+02
1.948658531496102171e+02
2.922976203995323772e+02
2.645029712541675622e+02
2.323144732284827683e+02
3.222221893249761138e+02
1.772205786557620115e+02
3.457438320201057422e+02
1.843748429665831736e+02
3.276769130176803628e+02
2.512033811130892218e+02
2.735831089391420505e+02
3.215822436801781237e+02
2.071005074459734487e+02
3.628347023097881561e+02
1.829571566596067669e+02
3.614486235364789763e+02
2.363349097172591371e+02
3.177243087957590433e+02
3.158409655902418081e+02
2.476513366714259234e+02
3.750013007297229706e+02
1.957608929365744075e+02
3.926896062723975547e+02
2.234091438602970356e+02
3.633366260780234711e+02
3.056372640140974113e+02
2.964495916036607355e+02
3.819214570688941990e+02
2.252413594511249926e+02
4.205149623544559176e+02
2.179086758491722264e+02
4.093015102308916653e+02
2.924290953950018093e+02
3.515061642434018836e+02
3.833488190999613607e+02
2.703896996812774773e+02
4.443039284895235141e+02
2.267003739180224215e+02
4.547118869782219690e+02
2.792650438611943855e+02
4.113704983825687123e+02
3.797303271390746886e+02
3.290747291256665221e+02
4.632128908324340841e+02
2.555760763630684096e+02
4.990131527367697686e+02
2.717127464269017310e+02
4.754421359671349592e+02
3.720486987605551121e+02
3.998050559410550022e+02
4.775449782212992886e+02
3.067076692402613389e+02
5.414915738942432881e+02
2.778741299482524596e+02
5.431822598385085712e+02
3.629854612407890500e+02
4.818717170237603682e+02
4.871894520557932537e+02
3.804945879495066947e+02
5.825929099321093645e+02
3.081544946051793090e+02
6.155664453682354633e+02
3.582071561141845564e+02
5.760401834306784394e+02
4.937903980788722151e+02
4.767644600662220000e+02
6.228645190859800778e+02
3.699624349354465949e+02
6.925779358125089402e+02
3.682444614819463595e+02
6.849317890602710577e+02
4.999788064347036425e+02
5.988911454269921251e+02
6.622616826521150415e+02
4.715698848602845601e+02
7.807858978178167035e+02
4.075585415121232131e+02
8.138706076549985937e+02
5.128809902927267785e+02
7.536180025575126820e+02
7.082402584190086827e+02
6.207819236758738271e+02
8.830647586782034750e+02
4.999696837737712372e+02
9.757745647952082209e+02
5.475665005399730489e+02
9.584037359828638500e+02
7.677635063619592302e+02
8.340442893482060072e+02
1.016092424895174304e+03
6.723857490985826644e+02
1.191993241163407220e+03
6.380283914610415650e+02
1.247277906660827284e+03
8.630996211395741966e+02
1.158782875410273846e+03
1.205548552098628988e+03
9.661349138355290052e+02
1.511015663152277284e+03
8.439652777706705820e+02
1.704486340025635855e+03
1.040612892550977449e+03
1.709232059218333916e+03
1.534420433863760991e+03
1.550410357469402925e+03
2.109710670367930106e+03
1.343819722244404602e+03
2.613319468717875679e+03
1.513544219738535276e+03
2.947536733371440278e+03
2.348234256275894495e+03
3.045547419226396869e+03
3.719549726401958651e+03
3.049583010095327609e+03
5.691129176536107479e+03
3.589138887066682400e+03
8.741777458121940072e+03
7.480468673818426396e+03
1.699869657216222186e+04
3.549418397081098374e+04
3.724872779390026699e+04
2.036356447416643641e+04
6.808047801400615754e+03
9.061369467120506670e+03
3.866536256747202970e+03
5.305717047962576544e+03
3.465191446774071210e+03
3.177559221015478215e+03
3.270330743305138185e+03
1.881311604101573039e+03
2.894806176924614647e+03
1.371397874713755755e+03
2.355340885117319431e+03
1.438200276524137962e+03
1.755984413975738562e+03
1.612069202676068244e+03
1.186214179031747562e+03
1.643774768402322024e+03
8.314779959471915163e+02
1.500714104496125856e+03
8.200487771190315698e+02
1.236767641868375449e+03
9.812281711075096382e+02
9.017228253693604074e+02
1.081262467541401293e+03
6.261369087579266761e+02
1.067357530299853352e+03
5.415753234339667870e+02
9.458692781739954398e+02
6.388540925489729716e+02
7.468884007028362930e+02
7.578152450558702640e+02
5.339886534791310169e+02
8.017685854018623104e+02
4.078676979337282660e+02
7.568169803435697531e+02
4.420439741851212716e+02
6.365612821853748073e+02
5.428845769067742140e+02
4.792287403385613516e+02
6.136434470374134662e+02
3.455701515289276244e+02
6.144631706558224096e+02
3.218825681332456270e+02
5.500012235751514709e+02
3.948631352053293995e+02
4.370480385999975397e+02
4.707658135892440896e+02
3.165343800891083106e+02
4.990329827784825625e+02
2.548364010671240578e+02
4.733387675103509764e+02
2.888567288490078226e+02
3.990439436604071943e+02
3.574753728862821731e+02
3.011465280960252358e+02
4.025780152223018717e+02
2.221753774712520340e+02
4.036960923784233159e+02
2.155782376223960739e+02
3.614401870926172364e+02
2.685998817801432210e+02
2.869315497635678298e+02
3.198543510394443388e+02
2.085256955761647930e+02
3.385927052463087534e+02
1.725364688398073554e+02
3.210264238434090203e+02
1.988084068382557916e+02
2.704480437190293856e+02
2.470603791200571209e+02
2.045599879551793094e+02
2.789430852760794437e+02
1.500529491879266573e+02
2.778694329740985154e+02
1.475045299332881257e+02
2.507276692071418154e+02
1.850802787338900828e+02
1.981093572150087425e+02
2.211217683246662773e+02
1.440409879937175504e+02
2.366166742563406160e+02
1.150097710279739687e+02
2.240793165917834528e+02
1.335554098177923947e+02
1.891974071733783376e+02
1.676286750539163108e+02
1.434895627866056600e+02
1.934723954787492914e+02
9.887758430456251801e+01
1.953303789711438583e+02
9.372327935496878126e+01
1.752534194543399053e+02
1.223581192636817860e+02
1.377606346524821106e+02
1.472570320608719214e+02
9.719522878700769297e+01
1.604499819987137528e+02
7.195463589636838719e+01
1.578385669557808626e+02
7.844564187829909940e+01
1.333958093577214470e+02
1.070906362408456829e+02
9.747991806366317746e+01
1.240740437132804601e+02
6.625002418918896296e+01
1.323448797509291239e+02
4.685407289923642082e+01
1.250015677098053004e+02
6.644526530882014015e+01
1.008650115827324072e+02
8.978206830494316648e+01
6.910141896647753867e+01
1.059499183813239256e+02
3.847862009093664426e+01
1.084941898621564889e+02
3.364731276654202929e+01
9.892124877089825929e+01
5.498631429818613015e+01
7.603917092053988824e+01
7.454013550195469406e+01
5.078920248091722556e+01
8.758535564031588194e+01
2.322356555962733893e+01
9.272824549885604029e+01
2.065323911093125986e+01
8.233392571669510573e+01
4.500100645625792595e+01
6.504516472358571377e+01
6.431823253812073915e+01
4.358095770811183201e+01
8.008745011599800989e+01
1.304859082042063356e+01
8.144635706439181888e+01
1.381208097153787406e+01
7.667267357990225207e+01
4.041597216810295379e+01
6.207534063694173199e+01
6.073838181243619516e+01
4.163853459569457982e+01
7.526982334439192357e+01
1.684758537357262753e+01
8.022331997647951596e+01
1.481986335724136872e+01
7.350068713381517682e+01
3.695086675372626672e+01
6.593666555366399962e+01
6.043323450583172018e+01
4.635386097424417784e+01
7.607736240395762195e+01
2.368655311724502255e+01
8.391390557541704709e+01
1.995202336012762245e+01
8.379505861701122171e+01
4.239061246220526868e+01
7.178844927271822485e+01
6.508349774726868020e+01
5.153166173717429643e+01
8.229990890764204892e+01
2.803947117329642680e+01
9.352659991248958704e+01
2.413064203612515257e+01
9.140791172908038220e+01
4.356183923309810524e+01
8.253722280617817830e+01
7.273141179353713426e+01
6.311656891990977414e+01
9.959137210863116252e+01
3.327543065742659678e+01
1.082867560676345420e+02
2.218199554097497028e+01
1.103329842722900622e+02
5.599108854558161141e+01
9.571770145666732788e+01
9.107715124051230760e+01
6.865742351618455075e+01
1.201489231789150551e+02
2.932480598331819621e+01
1.339633382688601841e+02
2.753163100329755508e+01
1.319093850045567535e+02
7.617998009018691619e+01
1.111518822790166894e+02
1.222050063906352193e+02
7.001937463258234118e+01
1.546945950845289985e+02
1.786771203390055263e+01
1.702082940956435095e+02
5.350188438650582867e+01
1.561967850395198809e+02
1.152669652194382337e+02
1.205953938099044365e+02
1.691830933580360750e+02
6.053796638164168797e+01
2.017572992051060510e+02
1.726170942266587005e+01
2.090738513409189920e+02
1.005679025370720723e+02
1.791061595754302971e+02
1.745717991621315548e+02
1.239379268368188747e+02
2.370583819522497606e+02
3.869052746912678487e+01
2.611615661402518072e+02
7.468772408746575309e+01
2.479100098069214368e+02
1.752514521002418917e+02
1.945579944288517424e+02
2.637713944937314068e+02
1.040291693786946752e+02
3.157728053686790872e+02
5.263570038236061777e+01
3.256375006160953944e+02
1.666293802908818691e+02
2.818944580348678528e+02
2.869742878555981065e+02
1.853382723472214195e+02
3.695154941152422339e+02
8.412466253979160058e+01
4.109560733256443541e+02
1.479735596184138728e+02
3.862528997813610090e+02
2.974687382073317394e+02
2.994088768298942114e+02
4.298511330936885884e+02
1.660090412228135790e+02
5.093707899026804284e+02
1.323462837601048250e+02
5.183829728952352980e+02
3.045907857552405176e+02
4.436667119482353883e+02
4.907393131271272750e+02
2.952755945562666966e+02
6.269897370890887487e+02
1.638219124120332424e+02
6.853422684858713865e+02
3.008298280690199817e+02
6.424859816780891606e+02
5.568106097227862392e+02
4.910494190581509315e+02
7.792008956287681940e+02
2.874114342666381958e+02
9.195676284240856830e+02
3.107265786160138532e+02
9.334063019176379612e+02
6.364303370532547888e+02
8.018764880924129557e+02
9.915045559029726974e+02
5.484622364306245572e+02
1.287447046120924369e+03
3.822389850475489084e+02
1.432406085645138546e+03
7.649227077335741569e+02
1.381555830176862628e+03
1.380182737014968779e+03
1.100943507988897863e+03
2.007321528483049633e+03
7.413728489461512936e+02
2.536513244531585769e+03
1.089832402792377707e+03
2.872841762096561069e+03
2.395916731239181445e+03
2.903762220035220253e+03
4.481703513505991396e+03
2.531695706161353883e+03
8.045667665906442380e+03
3.648528808218841732e+03
1.899603868210947621e+04
3.514137171437714278e+04
3.247255945303834596e+04
1.369508517874017889e+04
5.490031075804138709e+03
7.453792784531851794e+03
1.879097928756429610e+03
4.959737203031711942e+03
1.876998494539035164e+03
3.250362509684453471e+03
2.368622679026534570e+03
1.898643670394315450e+03
2.491875579354871206e+03
9.441070568529289631e+02
2.300737679122516056e+03
7.669629675261792272e+02
1.873536245399803875e+03
1.146568470916033903e+03
1.318292043384836916e+03
1.431841356460170118e+03
7.660119256248593729e+02
1.491483155919864203e+03
4.712301502810344118e+02
1.362284777203723934e+03
6.734384240787135241e+02
1.067664413172241439e+03
9.442555158475448707e+02
6.992276483360689099e+02
1.084419314977866406e+03
3.983074394852889668e+02
1.071429575452299559e+03
4.274573626959099215e+02
9.155911113566323820e+02
6.552776250513877585e+02
6.664087608311526765e+02
8.244844738825748891e+02
4.010835216188359027e+02
8.769468205332995012e+02
3.015837543921502402e+02
8.086883684753649959e+02
4.640695403182329528e+02
6.380311297993466724e+02
6.395324222918380883e+02
4.183061693100281673e+02
7.300079565136101110e+02
2.590954659276812890e+02
7.170163029381250226e+02
3.326540553255510417e+02
6.077168693771291146e+02
4.932411566121768942e+02
4.371018279399119706e+02
6.085068669208629899e+02
2.639763809580052225e+02
6.373115753742374636e+02
2.455029005357937137e+02
5.771610251271548577e+02
3.788822337765960810e+02
4.475344872350028140e+02
5.047656363985065582e+02
2.879177662136099798e+02
5.625512375174574800e+02
2.001839774759659463e+02
5.419238988793972567e+02
2.879296307973128251e+02
4.504473304391838155e+02
4.125317231310883130e+02
3.143905483624650401e+02
4.923866462529574051e+02
1.946041506876613596e+02
5.033082835662247021e+02
2.175190355249147558e+02
4.462610376032458248e+02
3.323740664274985761e+02
3.360195503209811250e+02
4.253412185250651874e+02
2.123180340335473204e+02
4.615129286120090342e+02
1.731131668766716132e+02
4.345770325999761781e+02
2.619829838353329023e+02
3.510603927427458189e+02
3.608822435227995697e+02
2.377288965690096347e+02
4.177499850033332791e+02
1.573210412256215704e+02
4.162340819804655325e+02
2.033476500708570427e+02
3.594152674653007580e+02
3.006008764056588234e+02
2.626272741693463217e+02
3.718809850865391695e+02
1.654055956795330360e+02
3.930327785804472569e+02
1.601805027870777280e+02
3.601870293553640181e+02
2.448840554654467212e+02
2.827787803318007036e+02
3.251171242595250988e+02
1.860121572080128942e+02
3.647698649380836855e+02
1.367213685930923077e+02
3.541561408890319740e+02
1.954152745304453163e+02
2.969619811292284908e+02
2.784380284943514425e+02
2.098434597210041659e+02
3.327233982288038305e+02
1.353570771527527370e+02
3.419619203418656070e+02
1.547023630681588600e+02
3.047925906234150943e+02
2.330894732055998873e+02
2.316115288629223699e+02
2.978397121652880628e+02
1.494735845509436842e+02
3.242409414767595308e+02
1.271480153373209845e+02
3.062458881091236549e+02
1.905824187677970372e+02
2.489295414742906303e+02
2.610879744104418592e+02
1.703324343405018908e+02
3.019135995867623592e+02
1.170408053515101585e+02
3.015520349170404870e+02
1.529758700213587304e+02
2.610116750990624723e+02
2.238125799156036635e+02
1.916450810797684596e+02
2.756970464708278428e+02
1.235552267090141498e+02
2.913689402408171532e+02
1.237685524500417955e+02
2.673557710570509016e+02
1.871533668791544756e+02
2.103994891282410151e+02
2.466857806255656271e+02
1.399378081497900439e+02
2.761874208932933925e+02
1.071689624985082503e+02
2.681010902475062494e+02
1.530038736716454935e+02
2.249960404418780229e+02
2.158408864575791313e+02
1.596187040043048455e+02
2.568969168300688466e+02
1.058300541825036305e+02
2.633684863353615810e+02
1.238705187654874607e+02
2.347064154638115951e+02
1.843041239996406944e+02
1.785453073205228236e+02
2.339449746096086358e+02
1.166970319204372402e+02
2.539317554772323433e+02
1.033438577515873220e+02
2.393853961162530766e+02
1.535825048222563396e+02
1.944418259133896356e+02
2.084535126610252860e+02
1.338904568140860363e+02
2.400755135630188306e+02
9.508740558784840857e+01
2.391676870442088045e+02
1.256013117256823222e+02
2.066935904943078128e+02
1.816419858533309366e+02
1.518711032528331373e+02
2.223913907025093977e+02
9.959297230012197133e+01
2.341286826871020708e+02
1.031315918131392095e+02
2.142757071057923213e+02
1.542974714758975097e+02
1.683586167497045096e+02
2.015938102066048714e+02
1.127130503869810099e+02
2.246860513670413297e+02
8.957821139669592014e+01
2.173807946686817445e+02
1.280840904491089134e+02
1.819641409507602816e+02
1.787653098735624440e+02
1.291499467684318176e+02
2.113535445000300683e+02
8.774916291441479643e+01
2.159574176570996826e+02
1.050677895174653145e+02
1.917643245582762290e+02
1.546590453890898118e+02
1.455673394453484377e+02
1.947391856055353685e+02
9.612147428265090809e+01
2.103011803867543108e+02
8.818670633469309905e+01
1.975299869142243949e+02
1.305805342991190798e+02
1.599851251293632117e+02
1.755322563079306235e+02
1.100652734742455863e+02
2.007353801570403391e+02
8.072286923793328128e+01
1.991294029202254308e+02
1.081023483595357817e+02
1.713720494057753569e+02
1.545379614538593103e+02
1.256069991852981360e+02
1.877315560522458213e+02
8.371597160927802861e+01
1.966413146841077264e+02
8.946057960077331472e+01
1.792402263958901472e+02
1.327628589454056680e+02
1.402965900520809726e+02
1.718670203500375635e+02
9.427083983449546167e+01
1.903390751800710632e+02
7.768915128003426673e+01
1.832894047725295366e+02
1.114159437836381699e+02
1.527396520985681150e+02
1.538119208862485436e+02
1.082556304842638895e+02
1.805485464426374165e+02
7.530564294303609074e+01
1.835302639448081550e+02
9.224163493807999714e+01
1.622076539714799708e+02
1.343806481067513516e+02
1.226464619618001137e+02
1.677429191447964740e+02
8.167039341562117727e+01
1.800757043843795202e+02
7.769434030923297030e+01
1.682810135986084390e+02
1.145685710696985922e+02
1.356612555013092560e+02
1.524614914123214646e+02
9.332935466171697669e+01
1.731476017041030104e+02
7.060166698969311483e+01
1.708354331389493836e+02
9.571306706589830071e+01
1.462914379331322436e+02
1.353709164055379404e+02
1.068555064142878024e+02
1.631263824668738778e+02
7.230588272377636372e+01
1.698671763949182889e+02
7.969107594028649544e+01
1.540052743260603449e+02
1.173080500670641015e+02
1.199715733692827513e+02
1.504483410896287694e+02
8.087442325278227884e+01
1.655138354294073508e+02
6.905105684248677278e+01
1.585045448348519415e+02
9.930663018849452328e+01
1.313897702391853954e+02
1.356656286926074131e+02
9.288911032425546921e+01
1.580429319775402064e+02
6.614690531847645616e+01
1.596983514687240415e+02
8.281602523307360286e+01
1.403709829993523215e+02
1.194533658482100122e+02
1.056354827174068873e+02
1.478051818871443857e+02
7.094526975529871038e+01
1.576441747359164083e+02
6.989019878950448117e+01
1.464966859781442565e+02
1.026603530091550738e+02
1.174464168360983223e+02
1.352505042596920077e+02
8.078009174612320464e+01
1.525028950418943623e+02
6.301724674644906798e+01
1.495739573097702362e+02
8.640963055581153185e+01
1.273556046561169239e+02
1.209383805867630173e+02
9.264162731438784704e+01
1.445457924412806392e+02
6.367575781268428869e+01
1.495607389252287192e+02
7.228744344236396557e+01
1.348045030536464708e+02
1.055625166384361080e+02
1.044509610001013584e+02
1.341310851507714119e+02
7.063821808247703871e+01
1.465434567880935788e+02
6.246647871553813047e+01
1.394940052286086711e+02
9.001804040595389722e+01
1.149624328089903855e+02
1.217248905682518370e+02
8.104244250273410444e+01
1.407043720208205855e+02
5.912437769063874526e+01
1.412905281994692075e+02
7.552749567548993070e+01
1.234506965891301604e+02
1.078938006928801059e+02
9.242305929168959722e+01
1.323301877414903061e+02
6.263778875785913414e+01
1.401983984540055133e+02
6.383190245358147052e+01
1.294931855216319434e+02
9.336173782741698801e+01
1.032065688513523867e+02
1.217966591983898610e+02
7.096621170771653908e+01
1.363311248242969782e+02
5.711544861618662594e+01
1.328697725723427823e+02
7.908828384879299733e+01
1.124508918519490521e+02
1.095723883555677958e+02
8.143750261315206274e+01
1.298874004537657356e+02
5.692827821568651103e+01
1.335083191779544904e+02
6.642888500380672667e+01
1.196084595290546275e+02
9.625222296947470113e+01
9.213441888770533694e+01
1.211757549255688389e+02
6.255296231258016348e+01
1.314504243201907059e+02
5.725256290490843725e+01
1.243580044455180769e+02
8.260668761538022409e+01
1.018477494958501239e+02
1.105770036994126002e+02
7.160879080935053764e+01
1.268330598444884458e+02
5.355646365651193008e+01
1.265473527969859049e+02
6.968364574937947964e+01
1.098681672710838910e+02
9.857707522854330762e+01
8.184532729169953313e+01
1.198937814115742384e+02
5.597398393461674715e+01
1.261782927612147631e+02
5.898420447066056482e+01
1.157392175573906172e+02
8.586464357004079773e+01
9.168756843764083442e+01
1.108810611454943285e+02
6.307485659915450071e+01
1.232175804346979504e+02
5.239370646947768506e+01
1.193195002987981326e+02
7.314259386914601180e+01
1.003464847976023435e+02
1.003085321778316512e+02
7.236677935590336119e+01
1.179422568152995865e+02
5.151020171035121820e+01
1.204210331584129534e+02
6.166155106450038659e+01
1.072016741072437895e+02
8.862120441487071787e+01
8.209688652295636757e+01
1.105595105726631999e+02
5.600420746244593317e+01
1.190818895612349451e+02
5.302894924628394335e+01
1.119370789794944585e+02
7.649673156868657031e+01
9.110326677944857465e+01
1.013975950956497201e+02
6.389578106433238958e+01
1.154026746041062097e+02
4.906826887064928400e+01
1.143864671510631013e+02
6.484659763341245764e+01
9.868408518254712192e+01
9.088393080874865859e+01
7.310996067711114677e+01
1.095650398830019157e+02
5.062448643492296441e+01
1.144928019054924420e+02
5.495552744735562811e+01
1.044217541595706678e+02
7.955690424350007106e+01
8.221369969322934423e+01
1.018381406404473495e+02
5.657421741512637681e+01
1.123136860177058196e+02
4.852842184160790850e+01
1.080650755274648844e+02
6.814997225084900379e+01
9.030604577046985071e+01
9.256919791492421723e+01
6.485562912232491328e+01
1.079591295092044163e+02
4.707663037097654524e+01
1.095010061770881009e+02
5.766178027107274318e+01
9.685570979627792099e+01
8.220650622156979637e+01
7.374327087397581693e+01
1.016433290143600630e+02
5.060513930034137076e+01
1.087138383465122757e+02
4.951037068902284233e+01
1.015323019071545758e+02
7.133183726306955919e+01
8.212038370073935312e+01
9.364910974826645429e+01
5.748535692874544623e+01
1.057782207425863703e+02
4.536001129538043841e+01
1.041543922632837962e+02
6.074257171478388528e+01
8.929753326903495747e+01
8.434068445831965732e+01
6.582242335603316974e+01
1.008470639910032816e+02
4.615598474956593122e+01
1.046661453397274926e+02
5.156385552431748920e+01
9.484502008737335643e+01
7.421759224014154199e+01
7.421291474571106050e+01
9.413319911594446410e+01
5.116067109992062001e+01
1.030604363927473059e+02
4.529389815976481515e+01
9.852657521245616579e+01
6.388877851600420854e+01
8.180935176214016735e+01
8.595315295547432299e+01
5.854109888826864960e+01
9.945323473663947311e+01
4.338581094696552043e+01
1.002065655963419317e+02
5.424468942027132812e+01
8.806846071911029128e+01
7.669774685433918648e+01
6.667470487928285650e+01
9.401321358388891269e+01
4.608523122596997723e+01
9.985305669296747055e+01
4.652426185097853306e+01
9.266523069084712461e+01
6.688136521511377452e+01
7.447350636361848331e+01
8.698718679615059557e+01
5.207579463301104994e+01
9.752047214332880287e+01
4.225028740007808636e+01
9.540343687226226166e+01
5.720221544742955189e+01
8.127106525769950451e+01
7.870394486021214675e+01
5.961567345778921378e+01
9.332171351633714096e+01
4.242451483788801170e+01
9.620636383786481360e+01
4.864466999041905382e+01
8.663310755461245094e+01
6.957785975026598635e+01
6.738144644314317588e+01
8.745882951317553022e+01
4.658836241598459793e+01
9.507369412520564822e+01
4.254558018223455207e+01
9.031254056625559201e+01
6.017370026360589463e+01
7.451956392316054689e+01
8.019558819888527523e+01
5.316420072328369173e+01
9.208166130827238760e+01
4.027602846394207603e+01
9.217204754207102724e+01
5.126911658608945999e+01
8.049741767524454872e+01
7.188068004066118988e+01
6.062063170785715727e+01
8.737207652462285523e+01
4.226041311615657747e+01
9.216616452044374341e+01
4.395181056424562627e+01
8.499123812518112686e+01
6.297314487963011231e+01
6.789654495428764847e+01
8.116352133383823286e+01
4.746201696182839669e+01
9.032239487428054758e+01
3.959806410027819368e+01
8.780329023684187462e+01
5.408649882049875401e+01
7.432934453241604444e+01
7.374091974855056719e+01
5.429473919570678930e+01
8.674483686490890477e+01
3.925165822589740827e+01
8.883965114046480949e+01
4.609066239767283690e+01
7.950008381011410563e+01
6.548039856303260819e+01
6.148304253195118463e+01
8.159827468894309277e+01
4.268228390148240692e+01
8.808563637182547268e+01
4.017506501434876753e+01
8.315267389820293431e+01
5.687757775462780074e+01
6.819695242891857845e+01
7.511953447939698947e+01
4.853482123453414943e+01
8.560456423593844022e+01
3.762946854001724972e+01
8.514232630958197490e+01
4.862773640476235926e+01
7.390319905528480149e+01
6.761131644030592724e+01
5.537455725187324163e+01
8.151281070988983402e+01
3.899584019336883500e+01
8.541224269264951374e+01
4.169035617476257727e+01
7.828111768905297652e+01
5.949134858799669701e+01
6.216978939911782476e+01
7.599958450048697500e+01
4.349277871830609143e+01
8.397963854012384388e+01
3.731092225297322074e+01
8.112913466451011857e+01
5.130355086360517447e+01
6.826358277322587753e+01
6.931977949975413367e+01
4.968375764123643989e+01
8.092525213546458929e+01
3.652847550043279767e+01
8.234897750787210668e+01
4.382013988731517173e+01
7.323746460042576700e+01
6.181580218751864919e+01
5.633921409475816944e+01
7.638459465973866713e+01
3.932163535770242646e+01
8.190465898903720188e+01
3.809425449139895647e+01
7.684671461475343790e+01
5.392125103166547007e+01
6.265161693435058510e+01
7.058005131842257640e+01
4.452274758183252601e+01
7.984878243991737179e+01
3.533876602877447937e+01
7.892797177036926826e+01
4.625519989110657093e+01
6.809877807187103826e+01
6.377806288925609124e+01
5.079859349038979843e+01
7.628450949973547779e+01
3.618036027095226359e+01
7.942086579466183593e+01
3.967959910627807574e+01
7.235124375881726166e+01
5.634755026751542317e+01
5.714667627544097428e+01
7.137315599431633473e+01
4.004612484388869120e+01
7.832888856762119190e+01
3.531372329762847784e+01
7.520935471707512932e+01
4.878269235253298319e+01
6.291430296595017069e+01
6.534358670277839565e+01
4.564746180538493547e+01
7.570920157833904796e+01
3.418638680928822282e+01
7.656301070540143883e+01
4.176314289473609165e+01
6.770226720801696274e+01
5.849265681508226322e+01
5.182337989396162214e+01
