1.055154848069663132e+02
1.502649001315035946e+02
6.157904860651173351e+01
1.651789302829203336e+02
5.636096855685711660e+01
1.560001266021244533e+02
9.961219710237831748e+01
1.246107576225703184e+02
1.416810180128041452e+02
7.973227735500989866e+01
1.657473202902413050e+02
5.156334632991682554e+01
1.659758094879051669e+02
8.352244008385247298e+01
1.421995603598199978e+02
1.299947794416384852e+02
1.001496520340045038e+02
1.626817780579727355e+02
5.836717839219451065e+01
1.726443810024258312e+02
6.851629131312814991e+01
1.575933268255765540e+02
1.157017089867345021e+02
1.208002107940645686e+02
1.560029501288425138e+02
7.425900779552947029e+01
1.757357352644190485e+02
5.854585982294774027e+01
1.702053508300778333e+02
9.965002058483359804e+01
1.405110489839420609e+02
1.458926130254029943e+02
9.463128763737724114e+01
1.750655682955388954e+02
5.877409836023937117e+01
1.796222220815491539e+02
8.339837401284735563e+01
1.584134392703610672e+02
1.327552832061299171e+02
1.165018718183902138e+02
1.706077205125137652e+02
7.046406699212890601e+01
1.854882417697251924e+02
6.991940389369509035e+01
1.737808255763388559e+02
1.172425726380253224e+02
1.381897187276020986e+02
1.624341780938459863e+02
8.957578708122184707e+01
1.875044318139101733e+02
6.399224939883286822e+01
1.861407618145012179e+02
1.005825213248393339e+02
1.585780415422766509e+02
1.508359817593078276e+02
1.120196999138273526e+02
1.855591018716972087e+02
6.978953892990949726e+01
1.949952964143039651e+02
8.499907688278508999e+01
1.768701973315066880e+02
1.363708924730668741e+02
1.355103067456870463e+02
1.797371567956638501e+02
8.603415309245801268e+01
2.001058024778825200e+02
7.444988913213386184e+01
1.923759983075828188e+02
1.200333465434772506e+02
1.583277971902448655e+02
1.700933553828469940e+02
1.081299822780457589e+02
2.010679821788380366e+02
7.388694187842401107e+01
2.045406234467177740e+02
1.034169726876986886e+02
1.796093300363739615e+02
1.571688066900341312e+02
1.327856723344351906e+02
1.979252140628597090e+02
8.534222949631681843e+01
2.129491749350632972e+02
8.973073321655957102e+01
1.984264325701830671e+02
1.416437563602436001e+02
1.580418830508333201e+02
1.907982976294178741e+02
1.058406168151233970e+02
2.173199891391419669e+02
8.370855330538732630e+01
2.143824629770819001e+02
1.251395590126456341e+02
1.823632414680435829e+02
1.799513417887014839e+02
1.311233403037035430e+02
2.174992773634684795e+02
8.948764003588085814e+01
2.265575569542280050e+02
1.097991720824968667e+02
2.049678838073837426e+02
1.660866973807951297e+02
1.582745836883754578e+02
2.133843153224411537e+02
1.067200008641045486e+02
2.348752710748006223e+02
1.000673358685999119e+02
2.248789634997337714e+02
1.503597689199650915e+02
1.858955907736869051e+02
2.053496728879792954e+02
1.315500763792818191e+02
2.388727366983608249e+02
1.004151096457946579e+02
2.414753309529962451e+02
1.347648819625962346e+02
2.125595932871525520e+02
1.936930443564039592e+02
1.607889970020266901e+02
2.389011463586647039e+02
1.131770461705587252e+02
2.546910153600025808e+02
1.229727204706574639e+02
2.369887541518993999e+02
1.799171369128505944e+02
1.914649845457562378e+02
2.343913365119276762e+02
1.366820624690259081e+02
2.638336613663071830e+02
1.193835016563435829e+02
2.590353000896942604e+02
1.658310045565826272e+02
2.220135611268624700e+02
2.262002050064545529e+02
1.667255407512406578e+02
2.678900388530105374e+02
1.278551828904794689e+02
2.774505793585772722e+02
1.531319420472671311e+02
2.527058245250923108e+02
2.154423304737788669e+02
2.011763681930372059e+02
2.692708112354717969e+02
1.496031168209206612e+02
2.932590955055874815e+02
1.490190079465967870e+02
2.807776197797823556e+02
2.038912946055825728e+02
2.377517316727443415e+02
2.659766153623104401e+02
1.813840989973194269e+02
3.047750136271841370e+02
1.552661047147473710e+02
3.078081894776651666e+02
1.949480889620778328e+02
2.755196857821023286e+02
2.610733361130849062e+02
2.205272754127024939e+02
3.135038232962256188e+02
1.772194665190044987e+02
3.325567573176528526e+02
1.932365905334865488e+02
3.142360370406751713e+02
2.566003204532626683e+02
2.659354875421187216e+02
3.198380534452110169e+02
2.135193475236140728e+02
3.561117784356838456e+02
2.040413868713517047e+02
3.534990062133593938e+02
2.557200184787344597e+02
3.167679671808069202e+02
3.271058781123776384e+02
2.621897577842308351e+02
3.787821295555146435e+02
2.336131216371144319e+02
3.952190866014989297e+02
2.659110045874903676e+02
3.738847078807173148e+02
3.380927702021803611e+02
3.259054326205308030e+02
4.063473981122576788e+02
2.845203933836250485e+02
4.423029663590181713e+02
2.956876084647335006e+02
4.396272072848445873e+02
3.620216844221981773e+02
4.041220247543676010e+02
4.426168660082177553e+02
3.623518189940023717e+02
5.001350200017777183e+02
3.572448487510791324e+02
5.214474953543643778e+02
4.132591740002060305e+02
5.085812531766512734e+02
5.014987141928324377e+02
4.796035075247965551e+02
5.860936658230407375e+02
4.743013073497722303e+02
6.443741284235245530e+02
5.252216303400588231e+02
6.663972302230575906e+02
6.273041293146317230e+02
6.764528068755170125e+02
7.471949312134842103e+02
7.048872916751921593e+02
8.660774509904596243e+02
7.851230435768436564e+02
9.698486254762162844e+02
9.437828385466759755e+02
1.099590681732013536e+03
1.167055437582798049e+03
1.291589677238226386e+03
1.484006026281030245e+03
1.664211454033596738e+03
2.026376871471877394e+03
2.421616448553326791e+03
3.198356585362828810e+03
4.316483905724427132e+03
7.150553320492394050e+03
8.842732526577807221e+03
6.944010436406348163e+03
3.882551415540956441e+03
3.096545506627261148e+03
2.099272134091218504e+03
1.787786489932003633e+03
1.532604108389644580e+03
1.146880927277499268e+03
1.220987117848128719e+03
7.811088176510419316e+02
9.787598471696497882e+02
6.313953790993954271e+02
7.546938539898685576e+02
6.163749853647267400e+02
5.372058661120952365e+02
6.073385208686245278e+02
3.557240740114775690e+02
5.705946307305276832e+02
2.764400480695226179e+02
4.886547821570044903e+02
3.070999510299060944e+02
3.668433069059279319e+02
3.681506274959880898e+02
2.306375190594981461e+02
3.917682780551827477e+02
1.250296326239323861e+02
3.690485352719253456e+02
1.504972268466816558e+02
3.004719835877551759e+02
2.290454604819426834e+02
2.004712837915228363e+02
2.838197566848093629e+02
8.468618163663612108e+01
2.930479331430383922e+02
4.559912853471875849e+01
2.621197458948464032e+02
1.357234212606374513e+02
1.982096119664917921e+02
2.032961284183362238e+02
1.128545877805382105e+02
2.349582205709797620e+02
3.132941805602279928e+01
2.351828777204365508e+02
7.448502429259740154e+01
2.014970778550041928e+02
1.434591042159889867e+02
1.462554084030746822e+02
1.908125356629824125e+02
8.535570754891664080e+01
2.080143284503494101e+02
6.419762619357945255e+01
1.987013333177068262e+02
1.033083443716692926e+02
1.674423113455627288e+02
1.495384184136377144e+02
1.256571965470034371e+02
1.777389968462366028e+02
8.985101175956995689e+01
1.921586719057492587e+02
8.956431414256701373e+01
1.798342759858562090e+02
1.183993445417415415e+02
1.556427278765315236e+02
1.543582318597234178e+02
1.215680456922385133e+02
1.758830705190913761e+02
1.018479391249641282e+02
1.809210892728355589e+02
1.049227053142369783e+02
1.747906307998602529e+02
1.284060956388042314e+02
1.517813393616042674e+02
1.599548642171920676e+02
1.271667554472894608e+02
1.753110551986457892e+02
1.092119855454493091e+02
1.838249495028756257e+02
1.159201442526597816e+02
1.734271234684321428e+02
1.390509582736797825e+02
1.525836983215270664e+02
1.630453372979518747e+02
1.296387059163239996e+02
1.825397810619713539e+02
1.145541343633776279e+02
1.859774540266269582e+02
1.205304980135456248e+02
1.770515539974853425e+02
1.464513587435847342e+02
1.556439755849674782e+02
1.749017012773027204e+02
1.303184432079841883e+02
1.928064050764620561e+02
1.171858022075680168e+02
1.966129798686134507e+02
1.296048193668542012e+02
1.818998241173208896e+02
1.576944421515171086e+02
1.542231789078886663e+02
1.886041239644994221e+02
1.244269612721873131e+02
2.071533801033674536e+02
1.145315332494861735e+02
2.067887513358285503e+02
1.386338056540918160e+02
1.862091649199101937e+02
1.787505827924917696e+02
1.496665215089964533e+02
2.129135430192249032e+02
1.149477023930872548e+02
2.284641303893659199e+02
1.185930087130189747e+02
2.173384461473290798e+02
1.610537924689658382e+02
1.812864351258036493e+02
2.101233363020549234e+02
1.327033135307503358e+02
2.424644205499092493e+02
1.036706552720010990e+02
2.463486339831317196e+02
1.371866273949470099e+02
2.181825849829336335e+02
1.994210657064381564e+02
1.636127957648133702e+02
2.494923588013770086e+02
1.052225631258784233e+02
2.709112051687604321e+02
1.112827125561243804e+02
2.556125877763518872e+02
1.800789946488511646e+02
2.036478913483009023e+02
2.496406985322464891e+02
1.295139812550324336e+02
2.903280892303448582e+02
8.923377882544480144e+01
2.899350412420322414e+02
1.547892733720227909e+02
2.463983704262271885e+02
2.396716646051414727e+02
1.690031289487065465e+02
3.005569678100278566e+02
8.801795038850990238e+01
3.205837130302002151e+02
1.217111172312396263e+02
2.912942305761154671e+02
2.218224435793256362e+02
2.172095175005996452e+02
3.035059871115681744e+02
1.171419725886665049e+02
3.448019258554026010e+02
8.816849886818646098e+01
3.331374032812956898e+02
1.931848405575471759e+02
2.695628135552562981e+02
2.962743085253449067e+02
1.653817046443190293e+02
3.611031200531335799e+02
7.098197917616151642e+01
3.716556767551900862e+02
1.555608115496742414e+02
3.235248312121536856e+02
2.787207813077727110e+02
2.240289188731067327e+02
3.688477180351926563e+02
9.693381120092142567e+01
4.040879813302067873e+02
1.105554223741045803e+02
3.764221796527661468e+02
2.497660020491516377e+02
2.878421870440782868e+02
3.655650411433873046e+02
1.539310178309914647e+02
4.293528617210819220e+02
6.766562248652540745e+01
4.268947845808461352e+02
2.094955964975336826e+02
3.549667234334533532e+02
3.515139379448708041e+02
2.248521262959675937e+02
4.455729265998934920e+02
7.168309908964855026e+01
4.720958673113555051e+02
1.573352352972913195e+02
4.229689096109574393e+02
3.247324149659729073e+02
3.036366364341995450e+02
4.513722413179507384e+02
1.348625824357994532e+02
5.105837804242009952e+02
9.646491951654317631e+01
4.892713522667020811e+02
2.838500597094105729e+02
3.877692539033579351e+02
4.442650966769677439e+02
2.199250412638604075e+02
5.403791349994996835e+02
5.054835731880514516e+01
5.530289748778136527e+02
2.286145327291110334e+02
4.753615411246216809e+02
4.229419023142689866e+02
3.174504546342310505e+02
5.599446182446764624e+02
1.057180332966761398e+02
6.114639060171696201e+02
1.576588793207750427e+02
5.654107914135487363e+02
3.862997256409545912e+02
4.240964389096035916e+02
5.664982662272292373e+02
2.073833185649997120e+02
6.627977218509279282e+02
7.462088225481201675e+01
6.555160535894638087e+02
3.313229601037653538e+02
5.395236253502769159e+02
5.580116467122448967e+02
3.282410553221951659e+02
7.051989460657410973e+02
6.302218670559662428e+01
7.438920259240079531e+02
2.558104276267027615e+02
6.620856484981927679e+02
5.308534911765509605e+02
4.658955416493341204e+02
7.349574050723924756e+02
1.828433085803197571e+02
8.297332530954214462e+02
1.573282446432433233e+02
7.932714250123624424e+02
4.830694281726527493e+02
6.211316729175460978e+02
7.504612045547648904e+02
3.358617651106654307e+02
9.104826766587706288e+02
4.238255493266313323e+01
9.310899572704453249e+02
4.081364120407483256e+02
7.968023980332892506e+02
7.469197026160758242e+02
5.201548843018622392e+02
9.851036236645911686e+02
1.398922282140856055e+02
1.077883525935858188e+03
3.010171393137815699e+02
9.964157229352191507e+02
7.187012466116760834e+02
7.428918936473213535e+02
1.051847806297180341e+03
3.436095596920833941e+02
1.236193822827118993e+03
1.515213568607828734e+02
1.230473410899910050e+03
6.618707604792416532e+02
1.014480617774984239e+03
1.108157711197186018e+03
6.087885039341359743e+02
1.413179269663284003e+03
6.202117153687861872e+01
1.508851439613914863e+03
5.630007471911339962e+02
1.356000017663214749e+03
1.150492245316296703e+03
9.599286617760155877e+02
1.614280766926813158e+03
3.506386433207331947e+02
1.858375012151762348e+03
3.965598181054113525e+02
1.816892292646007263e+03
1.177877412315563788e+03
1.453713211403241985e+03
1.866636105062467550e+03
7.851836280821346463e+02
2.337114143846962179e+03
1.248112907373902516e+02
2.484580886252871551e+03
1.178711753513493932e+03
2.214587765034190397e+03
2.220914883480414119e+03
1.501076537151697266e+03
3.087908432635561439e+03
3.624080415376896553e+02
3.608105738946076144e+03
1.134408478655130239e+03
3.599381769415247618e+03
2.844135677092202059e+03
2.914124780181965434e+03
4.572727240257667290e+03
1.441373170491045812e+03
6.112798412759044368e+03
9.828594352576872097e+02
7.135112422473532206e+03
4.494285376146439376e+03
7.334145788374100448e+03
9.705319689407973783e+03
5.965045545981012765e+03
1.874629600052880050e+04
4.931901615865025406e+02
4.831312335650473688e+04
8.436590704703521624e+04
7.342550542078034778e+04
2.634187194879733943e+04
1.268698579333172165e+04
1.590389375550374461e+04
2.281108102743851305e+03
1.109699974191393449e+04
2.204201595339509367e+03
7.466025127849949058e+03
4.358839269139140015e+03
4.353127338210494599e+03
5.118657968081992294e+03
1.745451335158878692e+03
4.969011047053153561e+03
3.785253880479048689e+02
4.157548464940684426e+03
1.880452936816094279e+03
2.955727483164623663e+03
2.787406954124025560e+03
1.586677092322804128e+03
3.112110334871425039e+03
2.555595035896624267e+02
2.922291091732772202e+03
9.030411717544758403e+02
2.331615787456685212e+03
1.726120376392464550e+03
1.489056086539095077e+03
2.175034939770170695e+03
5.420810131832030265e+02
2.232769472187793326e+03
3.695704188890586579e+02
1.947443928205442944e+03
1.098891585728085602e+03
1.404079353601266575e+03
1.581404509971895095e+03
7.089965685981667320e+02
1.769876681551722186e+03
6.192686252691564874e+01
1.669043668663994822e+03
6.772499468169281727e+02
1.320594598979198963e+03
1.158978497592382382e+03
8.062519163444130754e+02
1.421056054975099414e+03
2.178312480707269856e+02
1.441714938443720030e+03
3.676540152906042067e+02
1.238041705719160746e+03
8.366308158046184644e+02
8.603170778032122143e+02
1.141257981345126154e+03
3.799530843026000184e+02
1.246131552466881431e+03
1.367448998148173587e+02
1.150374034536069075e+03
5.783861509319305014e+02
8.828022680572075842e+02
9.054113238976527782e+02
4.969728731523957777e+02
1.070258314819659518e+03
7.281373591338184781e+01
1.057950553643856438e+03
3.657813194183897281e+02
8.816418250376818833e+02
7.011627503988919443e+02
5.789633360916948277e+02
9.082018398791957452e+02
2.062997785774474835e+02
9.617025330293147363e+02
1.893636181306584660e+02
8.618062169159647965e+02
5.216923525447998600e+02
6.328355450235185344e+02
7.571773939989067230e+02
3.179906249368407885e+02
8.621137062695054283e+02
5.361422244041116159e+01
8.266248370387164641e+02
3.626703479083039952e+02
6.636333151856631503e+02
6.157678016891040897e+02
4.045222556015523310e+02
7.602590729905666649e+02
1.002106255466871119e+02
7.789403323960515308e+02
2.223785269918018344e+02
6.745388691100129108e+02
4.827707623904989873e+02
4.689916625557552834e+02
6.572341492713001116e+02
2.004953906370346886e+02
7.211864756251546851e+02
1.009123928428783472e+02
6.689484386386366168e+02
3.587937057466563715e+02
5.137325475135296529e+02
5.543679919715942788e+02
2.846566132915958178e+02
6.552425774224082033e+02
4.040096133000982803e+01
6.490491253404578629e+02
2.439886204229824216e+02
5.409174000031808873e+02
4.527000774236213942e+02
3.519513252093065603e+02
5.831735957322298418e+02
1.176963897876101157e+02
6.170810560396037090e+02
1.394725548451501425e+02
5.524537332259532150e+02
3.535990066640248983e+02
4.031439660522419786e+02
5.067175026082499585e+02
1.965873055961492071e+02
5.749069715211971925e+02
5.131405624380803232e+01
5.500940402887034679e+02
2.583271850943104369e+02
4.392971799961524084e+02
4.275565429426492869e+02
2.633273144771626448e+02
5.244126990554740360e+02
5.894196912247056730e+01
5.354150207613278099e+02
1.682662218130541874e+02
4.615027440074144351e+02
3.473183499779713088e+02
3.172157047246992079e+02
4.673168093884426639e+02
1.291819773560431202e+02
5.100055831235486608e+02
8.587565299690660936e+01
4.708301844682639512e+02
2.675190388179590286e+02
3.584802263921428676e+02
4.052974479053165169e+02
1.935146741623787534e+02
4.754330901319517579e+02
3.140457480596690587e+01
4.684061543944408186e+02
1.897186248615807358e+02
3.875480899784814710e+02
3.399802435726908811e+02
2.479733222047409242e+02
4.331567779923478270e+02
7.684035640003773437e+01
4.553993387247266469e+02
1.156881691122892022e+02
4.050486714653490594e+02
2.729381924081641273e+02
2.919907465802672846e+02
3.847257490595240483e+02
1.370518511962929438e+02
4.330352574208521901e+02
5.003441308161320933e+01
4.115638630414040904e+02
2.056384357397574263e+02
3.254675931894723249e+02
3.314371547529223676e+02
1.909069482095537182e+02
4.026359168823568098e+02
3.896125995719960144e+01
4.081147383273604987e+02
1.397364891922710797e+02
3.488365867798300428e+02
2.753032908217796830e+02
2.360334045415083040e+02
3.652026987464400349e+02
9.084212930468989100e+01
3.953539507282275736e+02
7.739290988516206937e+01
3.621647208836870959e+02
2.171901887651763161e+02
2.724625825532665999e+02
3.223395656782920469e+02
1.425523491046845947e+02
3.744158013895564068e+02
2.962359735339216726e+01
3.660177303811123579e+02
1.587467781810100860e+02
2.998477936308081553e+02
2.752343070629581234e+02
1.880283582087357104e+02
3.463107587916394436e+02
5.353328358281648036e+01
3.610560866810121183e+02
1.016311216952444028e+02
3.182765431378750236e+02
2.252271501679259416e+02
2.261407517864944055e+02
3.121579834642807327e+02
1.015566167828375654e+02
3.480051171728008512e+02
4.914422085025652365e+01
3.279811268923543253e+02
1.736292922594307413e+02
2.564655440457453892e+02
2.731109403066203640e+02
1.463248516879453121e+02
3.277470232282553297e+02
2.845038838443605300e+01
3.293721562076510168e+02
1.219070478340481998e+02
2.787703417955441410e+02
2.303493812439351984e+02
1.852410277432394423e+02
3.011355814461928162e+02
6.683106733433147895e+01
3.229462306463703385e+02
7.185616762223232001e+01
2.931391551153603814e+02
1.850887942599323992e+02
2.175232639525046920e+02
2.691979159087515541e+02
1.098435401983725370e+02
3.093581187974441491e+02
3.001883561810677392e+01
2.997342518930717574e+02
1.385682851444434220e+02
2.427856272724306166e+02
2.329744818620095543e+02
1.488207387387660390e+02
2.893465504936077650e+02
3.875648196295321668e+01
2.988886698242429816e+02
9.220075870906096327e+01
2.608639323324044881e+02
1.935365488020837290e+02
1.823453969152624836e+02
2.637527262694968044e+02
7.793204280036238174e+01
2.910864422297262877e+02
4.847174465151584855e+01
2.717689301746717661e+02
1.520343905953386070e+02
2.097576106836878580e+02
2.334588182673482493e+02
1.162211342258861180e+02
2.768675698505210789e+02
2.329825286962548958e+01
2.756638311710445919e+02
1.096301558614517830e+02
2.307671248190596032e+02
1.994382729469998310e+02
1.503148525394814214e+02
2.569374752003603248e+02
5.047504932119373677e+01
2.728531467240987922e+02
6.787662010251784750e+01
2.452174275110373571e+02
1.626873099262656410e+02
1.792551384267192134e+02
2.320569822682698202e+02
8.702550772268922685e+01
2.637625423257237571e+02
3.099596259326243697e+01
2.531316669441675629e+02
1.242688784477876709e+02
2.025404438836289387e+02
2.030618713767816246e+02
1.210943619490652026e+02
2.489287020919212807e+02
2.896680124774710663e+01
2.546591886041596524e+02
8.536865587753945306e+01
2.198999057412592606e+02
1.708359908088297345e+02
1.509925382699455838e+02
2.289986107546333471e+02
6.106518779938767238e+01
2.501066055328007849e+02
4.791212608864020694e+01
2.312139509956637937e+02
1.363338966226380649e+02
1.759939557877004006e+02
2.046759089757459549e+02
9.442734125494553155e+01
2.398725976075822075e+02
2.138678022778102417e+01
2.365182352901753404e+02
1.005720549510175488e+02
1.956972767078262905e+02
1.767498938466311813e+02
1.247570850673632208e+02
2.244707043275811600e+02
3.871406763446490373e+01
2.359809679411055754e+02
6.483017569385080492e+01
2.098723705190174087e+02
1.460606995790244298e+02
1.509813547949087251e+02
2.045040415398946436e+02
7.017829339633104269e+01
2.298922702923994166e+02
3.203150153915716203e+01
2.184433001090073674e+02
1.135193520973303407e+02
1.725358100044041123e+02
1.806530060845294088e+02
1.004090833106236573e+02
2.186392672381433329e+02
2.252591433988827063e+01
2.214568241124367773e+02
8.013326786894872100e+01
1.890949437213593001e+02
1.536622788842640546e+02
1.273957089925132777e+02
2.027271366348903996e+02
4.844423715942160413e+01
2.190952861680660249e+02
4.742454455844833916e+01
2.004700430905021165e+02
1.243351956052249818e+02
1.503686382130720744e+02
1.827328490980914637e+02
7.788547025676194835e+01
2.116470836851544561e+02
2.127066106874474016e+01
2.066161869576090169e+02
9.355005141924557677e+01
1.688804039934708783e+02
1.593133077232442076e+02
1.051855964345637062e+02
1.995072440699428853e+02
3.000034774679136973e+01
2.075995054836563440e+02
6.238218579940384956e+01
1.826465544045662739e+02
1.331656696229538284e+02
1.291725665019165206e+02
1.831582504407643057e+02
5.721799966789582470e+01
2.036319120186046234e+02
3.296715805758044837e+01
1.915331644357126208e+02
1.050861639059518637e+02
1.492375795381067292e+02
1.631611347108270706e+02
8.434519292984812466e+01
1.949945224593991213e+02
1.861034742055966973e+01
1.955228515343968922e+02
7.594470068839183341e+01
1.650186203442696353e+02
1.401481244605718075e+02
1.089448572212940434e+02
1.820814979234281736e+02
3.868581939889351418e+01
1.947162069645697215e+02
4.697394270892451118e+01
1.762883497494564438e+02
1.148073218979783263e+02
1.302020943612456563e+02
1.653679229869629808e+02
6.488875575181945976e+01
1.893209955598469776e+02
2.199935745124500386e+01
1.829534674327511539e+02
8.790790717008371757e+01
1.476399509748956120e+02
1.454082183715836436e+02
8.970147611815772848e+01
1.796340667721770501e+02
2.349040917894096481e+01
1.850159983738356289e+02
6.035140897153748085e+01
1.609615272204561052e+02
1.228069910435834515e+02
1.118058924472918676e+02
1.660596880625330982e+02
4.695303867021392108e+01
1.826108542673970305e+02
3.376930770224635125e+01
1.699816095778779470e+02
9.824393715806534999e+01
1.305782212340207593e+02
1.490608786929555549e+02
7.149491524784887986e+01
1.759544613918457685e+02
1.666305857148552505e+01
1.746402523634580177e+02
7.248237224753427199e+01
1.456311758036877961e+02
1.291759959230655568e+02
9.409639792887304566e+01
1.653620358995418940e+02
3.097544581029784894e+01
1.749753160273152162e+02
4.653968608763874215e+01
1.567151330220722514e+02
1.069968975534499123e+02
1.138970237817522673e+02
1.512256625053555013e+02
5.440854685826930393e+01
1.711605750611845167e+02
2.304918604927247472e+01
1.637010168297971973e+02
8.321956884603791593e+01
1.303785221446183016e+02
1.340139786097078911e+02
7.712805891029998406e+01
1.633878439226348860e+02
1.871384611185575508e+01
1.665525162823265646e+02
5.860265683700863093e+01
1.432477233271064563e+02
1.142569526027986058e+02
9.762684070733547514e+01
1.520026695672273434e+02
3.863821985215909649e+01
1.653453161789992976e+02
3.442869227240242935e+01
1.522919441262340570e+02
9.254220612339084084e+01
1.152680530705827664e+02
1.373997912482224137e+02
6.097782895074097809e+01
1.602421545287478182e+02
1.613943771794639659e+01
1.574107706050044158e+02
6.953330062733512307e+01
1.296538572507035951e+02
1.200252609417274243e+02
8.190395019557605849e+01
1.515098748176718573e+02
2.480889229621368841e+01
1.586576286197445143e+02
4.612771215919791956e+01
1.405154536586241250e+02
1.004677405215427655e+02
1.003971110884375832e+02
1.394427719207366181e+02
4.576871372286541373e+01
1.560423086883426436e+02
2.415890379294748769e+01
1.476983764525922425e+02
7.924333683003749229e+01
1.160378669268322227e+02
1.244697820571943510e+02
6.669503796055379041e+01
1.498033325290269602e+02
1.542278037227961995e+01
1.511400471496139346e+02
5.706689069504112410e+01
1.284703639660527301e+02
1.070449615176523679e+02
8.581179300764983964e+01
1.401982088458355804e+02
3.178860002908992755e+01
1.508710938555165058e+02
3.495965374920127999e+01
1.374800025944533388e+02
8.769243114668834949e+01
1.024522093388943063e+02
1.275568461614470124e+02
5.220721598140485753e+01
1.470185551854639243e+02
1.649860858133421360e+01
1.429378688400297506e+02
6.698734556105294757e+01
1.162372458245901470e+02
1.123035701844685121e+02
7.162159163389873129e+01
1.397717948586771399e+02
1.988739838329566112e+01
1.448351407850959447e+02
4.569150531149451666e+01
1.268580990209266162e+02
9.487625278039288901e+01
8.902400240960209032e+01
1.294189783140651571e+02
3.854691967884870252e+01
1.432214784391673845e+02
2.520663186878148565e+01
1.341538104126751705e+02
7.580273658914160251e+01
1.039032875141886620e+02
1.163038352485080651e+02
5.790676679331504317e+01
1.382387744401018779e+02
1.345045213674418427e+01
1.380409846085339893e+02
