1.975744065495771622e+02
2.703084236622857475e+02
1.741363155308768000e+02
2.788824451470771351e+02
1.895546063881190548e+02
2.608386014485547548e+02
2.324421382921598536e+02
2.238425030791040058e+02
2.735522098454233060e+02
1.891438493600138600e+02
2.938697967306289343e+02
1.880004153605475494e+02
2.860010256901254593e+02
2.256795371118197124e+02
2.533070935771243342e+02
2.733710506905174498e+02
2.119836772786540280e+02
3.055832636602194157e+02
1.932791091553368972e+02
3.097244705960250712e+02
2.194758439490719013e+02
2.846956455490384315e+02
2.701441470355401862e+02
2.415673707217174808e+02
3.136359674614245137e+02
2.075588870886871575e+02
3.312419472178555111e+02
2.164491088733442439e+02
3.168084696621959324e+02
2.647841547105917357e+02
2.764662677544450275e+02
3.179963929371265294e+02
2.317245208601749766e+02
3.498127439218623635e+02
2.200845993421329752e+02
3.486343179553489904e+02
2.590346022969054047e+02
3.153161664622666081e+02
3.187197880503354099e+02
2.654528256036806511e+02
3.650391049691702392e+02
2.337592556173030687e+02
3.792786851856558883e+02
2.556001062285719172e+02
3.569563956931178836e+02
3.165993651131011575e+02
3.074622687928896880e+02
3.764242176819349197e+02
2.597500159601772225e+02
4.080216061062677113e+02
2.584189271152418428e+02
4.002499820409042286e+02
3.131913706392842300e+02
3.568597875641149244e+02
3.842057662881908300e+02
2.992795040439043532e+02
4.342745965522665301e+02
2.722514595219293483e+02
4.448458900124590514e+02
3.113415973755763844e+02
4.123233295887756071e+02
3.887203252408995127e+02
3.516385610602017664e+02
4.577410323221137105e+02
3.017160255208617059e+02
4.895765241978308495e+02
3.155527702507085905e+02
4.736347506523364359e+02
3.915340019811472416e+02
4.170510875720376589e+02
4.782307954615109793e+02
3.501434649035007851e+02
5.347030047644933575e+02
3.320196760379967600e+02
5.408314080522995937e+02
3.956030380028332161e+02
4.954949170664377789e+02
4.969489408570728415e+02
4.201846338707163113e+02
5.806635290941578660e+02
3.693442442814146034e+02
6.147345708756839713e+02
4.065269575036041374e+02
5.884082329635417636e+02
5.157455581489243741e+02
5.149119708533107769e+02
6.288565702547440424e+02
4.356188164312182494e+02
6.970197326189118030e+02
4.339942640581920159e+02
6.999008151296778806e+02
5.377188881592377356e+02
6.370769878034409430e+02
6.802542984352129452e+02
5.392492080551257914e+02
7.935487789342146243e+02
4.918429837975170926e+02
8.354442657120317790e+02
5.739214353126102424e+02
7.985498887906734353e+02
7.430775380628001585e+02
6.959881481511032462e+02
9.096185579471480196e+02
6.041270303648850586e+02
1.013323311388580009e+03
6.398632554683966873e+02
1.021017893557441880e+03
8.317277395949531638e+02
9.312543796048821605e+02
1.068024601031852399e+03
8.051441132585205196e+02
1.261046433177006747e+03
7.747022521209282786e+02
1.348082149096440617e+03
9.722041328945841769e+02
1.308006024318040318e+03
1.311776681927227855e+03
1.166734377923755801e+03
1.659151214805706104e+03
1.075034255273588087e+03
1.907837545244779449e+03
1.257649484981317528e+03
2.004318586720625490e+03
1.778390865729732695e+03
1.934048377879233385e+03
2.455707555152334407e+03
1.824160127231072465e+03
3.179858486764747340e+03
2.048749466280590696e+03
3.819457520092724280e+03
3.110660997415124712e+03
4.388632243139172715e+03
5.293416923121353648e+03
5.103993445906648049e+03
9.603343888523375426e+03
8.046430707217346935e+03
2.397547684519885661e+04
3.805609160025323945e+04
3.264857787248141540e+04
1.385803522360723036e+04
8.498142338183828542e+03
7.912505654066463649e+03
3.935456946543232789e+03
5.479510642706684848e+03
2.693138528348968975e+03
3.875821674266308491e+03
2.554752350039219891e+03
2.606658387172857601e+03
2.561924515276302373e+03
1.687058730557545005e+03
2.396348847642169403e+03
1.220875821092660090e+03
2.057405362891160621e+03
1.238470574659321528e+03
1.613481996084119828e+03
1.395463213586122265e+03
1.146194810140321579e+03
1.468704219687519753e+03
8.082981342274930512e+02
1.389548344522706657e+03
7.439124830361862450e+02
1.184003137122655971e+03
8.809383215516662631e+02
9.059070133023010385e+02
1.000445405572010941e+03
6.342931507811731535e+02
1.024319501714038779e+03
5.120663923490986917e+02
9.323410734208998747e+02
5.875145054425020135e+02
7.613802687114012997e+02
7.121537119157794677e+02
5.515138399712050159e+02
7.811069252523394653e+02
4.007097287606574696e+02
7.606255908472448937e+02
4.062278609793140731e+02
6.602811238186989158e+02
5.151409894328987775e+02
5.042360588196312392e+02
6.050873186479044534e+02
3.508932613113445314e+02
6.270556915760196262e+02
2.974988573184459710e+02
5.774758383389950041e+02
3.703231272332526487e+02
4.683913438619018734e+02
4.663467462743993792e+02
3.316514862743300682e+02
5.158825113250227332e+02
2.370416708232201302e+02
5.045944256554555523e+02
2.643060842608461485e+02
4.349348520069822257e+02
3.533094766245832830e+02
3.246104312886531602e+02
4.199496110138596237e+02
2.167673094607286259e+02
4.388852756418087324e+02
1.896149956422049456e+02
4.015941972862640910e+02
2.606168630995975377e+02
3.182379167030179588e+02
3.369569255557640304e+02
2.143893949560889496e+02
3.743774101192005332e+02
1.477381910491545511e+02
3.644889466957281456e+02
1.842057147829072505e+02
3.084792622862627240e+02
2.603253463987711029e+02
2.204882709016683862e+02
3.136122675790533663e+02
1.344806437346174164e+02
3.255324920298378970e+02
1.246851839296784163e+02
2.924846888058000332e+02
1.912178112663906404e+02
2.255482580616122164e+02
2.548605215205186596e+02
1.400788626887945725e+02
2.830740032349648345e+02
8.588741962190906065e+01
2.727083814292266766e+02
1.301979671184668916e+02
2.259328295853690349e+02
1.985354850401814417e+02
1.511957211235668979e+02
2.390887882558172635e+02
7.500953708102917972e+01
2.480234100121698475e+02
7.962214537879199838e+01
2.180008235767980409e+02
1.426795416693049958e+02
1.616732235611879389e+02
1.942143714543384760e+02
8.829546385842657230e+01
2.169492751962409613e+02
3.680822829292965537e+01
2.064844358367427333e+02
9.111864905489339606e+01
1.677233156180102185e+02
1.495896066197301479e+02
1.064442914206430828e+02
1.844256374627760522e+02
3.318730663322823915e+01
1.886106021180311529e+02
4.446572253684368548e+01
1.666470990335797069e+02
1.061626035244825346e+02
1.196999639508932063e+02
1.463755175184547284e+02
6.170459784078981613e+01
1.656184556010805409e+02
4.556507252573528177e+00
1.604562696334558325e+02
6.369452119146635027e+01
1.317094109032914560e+02
1.113502193286856112e+02
8.693097881621478962e+01
1.399023099266555050e+02
3.903338223488308500e+01
1.504439848774875372e+02
3.523470572240307774e+01
1.349505208964447718e+02
7.815652013327040493e+01
1.044025264534141826e+02
1.108242644954347327e+02
6.625449376419859959e+01
1.298055567491206546e+02
3.469546712862780424e+01
1.301101094398842974e+02
4.889159028687383568e+01
1.172456399915380558e+02
8.159280800563260527e+01
9.366610097432132420e+01
1.092047598580900285e+02
6.289977261139508613e+01
1.232801319288166013e+02
4.465294818646064101e+01
1.224884569592091594e+02
5.813899962157249490e+01
1.114782010506030474e+02
8.812251647042175762e+01
8.543959773339236108e+01
1.063137027994112174e+02
6.317909249823776463e+01
1.186080658676217041e+02
5.348651213403030624e+01
1.222579964781830881e+02
6.528362222637306900e+01
1.092694752615250167e+02
9.142096959288851110e+01
8.757348727837025137e+01
1.088150968756507524e+02
6.322591297860203241e+01
1.201725333198035059e+02
5.644555288023313011e+01
1.201163248543795135e+02
6.625288114544660800e+01
1.113535651135636186e+02
9.210320760086351299e+01
9.086307356995588691e+01
1.130747605144692471e+02
6.787147523369729640e+01
1.292690277283654154e+02
5.612152465335611851e+01
1.307372007657722861e+02
7.108251431981980772e+01
1.169262869684510804e+02
9.878733065267853419e+01
9.805796944641348034e+01
1.301102599752479705e+02
6.405079351399447773e+01
1.412226805921690698e+02
5.567949774351899350e+01
1.427073897968146525e+02
7.753682723554925360e+01
1.285200939500315087e+02
1.130058623028778300e+02
9.753380042540841544e+01
1.483766370720973953e+02
5.832713716567180740e+01
1.664743851616379402e+02
5.109380792109878655e+01
1.607304442772318396e+02
9.271152701615207548e+01
1.395158359614079870e+02
1.438478606841404712e+02
9.463059903962609098e+01
1.826196008586911148e+02
3.837655595753431470e+01
1.972208110855388270e+02
6.412567574108101098e+01
1.843847707351720828e+02
1.287238442764525530e+02
1.461165088021062104e+02
1.920353078939737372e+02
7.815113619616120388e+01
2.309851018755154826e+02
2.161687274474236631e+01
2.363110316745154194e+02
1.070386712032357792e+02
2.061344269715017958e+02
1.951584484634187220e+02
1.367980561511081987e+02
2.578076709682567298e+02
4.189932144579907458e+01
2.873789432116518583e+02
7.107828629127573095e+01
2.753564647952958353e+02
1.860449826495984382e+02
2.151941016388137484e+02
2.812507083196572353e+02
1.175707624616171501e+02
3.437744474198170792e+02
4.324402150310618254e+01
3.555769929865976451e+02
1.691550790156464359e+02
3.109609745662786509e+02
3.019504019963164865e+02
2.105702476349949279e+02
4.017938668889689779e+02
8.629074447582185314e+01
4.450997042829318389e+02
1.457960172094388440e+02
4.232860844461463898e+02
3.142905342410062417e+02
3.317297460579145536e+02
4.589946519776700029e+02
1.923621585444653022e+02
5.538732192734730688e+02
1.396621827695867069e+02
5.666847254015502813e+02
3.189688859686407341e+02
4.959885208555157874e+02
5.240780377423964183e+02
3.482138281613633239e+02
6.899545827021762534e+02
1.961989106843988964e+02
7.622225913682191276e+02
3.288715736215782499e+02
7.271368731013993738e+02
6.073110527190921175e+02
5.826299990169095508e+02
8.703792328130771239e+02
3.722154637364576502e+02
1.051292057682124550e+03
3.683939593165331416e+02
1.103310594803253480e+03
7.318351056815613447e+02
9.938718949406154479e+02
1.167976508644689375e+03
7.379578692671798308e+02
1.579483610236722825e+03
5.733226642890500671e+02
1.848826342665530319e+03
1.001451915430460872e+03
1.906165823240771942e+03
1.863266716146737963e+03
1.708554605127308605e+03
2.951847822854882452e+03
1.376822333291759605e+03
4.263229137248948064e+03
2.117046121914417654e+03
6.026453313901145521e+03
5.801609770227202716e+03
1.030463284060048863e+04
2.748157001446463619e+04
3.220184946984929047e+04
1.945198194793876610e+04
4.120981046829177103e+03
7.557937599247822618e+03
3.335865524551427370e+03
4.003157420984451619e+03
3.267708447261589299e+03
2.101741296884598341e+03
2.993674239108509482e+03
1.118654570956252428e+03
2.512150069591939427e+03
1.084737494180706562e+03
1.916561608980486881e+03
1.385876454352036490e+03
1.285212808039500260e+03
1.559852022278863387e+03
7.747653284581951993e+02
1.532146493034738569e+03
6.088679931269213057e+02
1.327374026581010185e+03
8.114468326433968741e+02
1.004901818400287652e+03
1.007301251174310323e+03
6.631588857407153910e+02
1.088393695341745797e+03
4.547390235303457189e+02
1.026849104634982723e+03
5.272227456987133110e+02
8.520670121182710091e+02
7.085899843662894000e+02
6.116683937271297964e+02
8.220621383244620120e+02
4.038966024196844842e+02
8.357397555714824193e+02
3.831013576468906194e+02
7.429052430746882010e+02
5.138110194383092448e+02
5.812332413564827220e+02
6.397889429420832812e+02
4.003770153398082812e+02
6.964914026312130773e+02
3.084274182536617559e+02
6.616039923049374920e+02
3.846054977705492774e+02
5.507525434456041467e+02
5.067549600454923393e+02
4.023883677830830834e+02
5.822211023846189164e+02
2.860533947153348890e+02
5.886728357060355847e+02
2.985685468592700431e+02
5.215940095728661845e+02
3.988761603044285380e+02
4.069957983709509790e+02
4.897222859762477469e+02
2.862736370123731149e+02
5.227198528799580117e+02
2.478232599739626778e+02
4.905907290121832034e+02
3.177466299510790009e+02
4.064579816938542081e+02
4.081795759573299165e+02
2.974918739182941181e+02
4.607382781033261949e+02
2.254307409523326839e+02
4.575959351133278687e+02
2.558664371721832538e+02
4.005130624900997987e+02
3.378085388443664101e+02
3.093743860198981110e+02
4.024019755371824658e+02
2.240741025706728635e+02
4.217611626720679965e+02
2.131357817383702979e+02
3.898410003016387009e+02
2.778789666283240081e+02
3.182486920943289306e+02
3.479769772219817128e+02
2.338074684935627943e+02
3.840971693368804836e+02
1.906848963137433088e+02
3.743235007650283137e+02
2.290893448558092587e+02
3.228482329113467131e+02
2.972758478176815515e+02
2.466301142125664114e+02
3.452459364598676643e+02
1.854368839145108723e+02
3.541429778470316023e+02
1.920219085347932833e+02
3.220233945573305050e+02
2.510150617354173050e+02
2.591476418940686131e+02
3.065093149234676275e+02
1.917970602506651971e+02
3.306001067498457360e+02
1.692920926805067836e+02
3.163763903323695104e+02
2.110002404297464693e+02
2.680165810522182142e+02
2.681124660870611365e+02
2.036742253619310929e+02
3.042056292707353009e+02
1.605015913886749104e+02
3.057815977164156607e+02
1.784527693074327033e+02
2.727725551288037309e+02
2.315277448231375956e+02
2.163357943711201017e+02
2.757000025376360099e+02
1.629353157511131656e+02
2.910596395193698527e+02
1.557796851312833155e+02
2.729120626871916215e+02
1.980167206938369873e+02
2.272393815498979563e+02
2.461204569674806351e+02
1.722135178613389996e+02
2.726790947966649128e+02
1.439283269459204462e+02
2.684739111399982221e+02
1.691433218339669509e+02
2.349374535152750525e+02
2.164804731476364452e+02
1.839653443481360284e+02
2.515648999217615085e+02
1.425676622216395799e+02
2.597841959307340289e+02
1.468198970679573279e+02
2.387045536147613234e+02
1.880756828216993881e+02
1.953467065039524471e+02
2.284052916022793056e+02
1.486814962937394569e+02
2.473356214284774239e+02
1.329446399375053431e+02
2.384152021299067599e+02
1.623046405619066093e+02
2.045691202320623177e+02
2.042136562129350921e+02
1.587216953196217730e+02
2.317244811282142507e+02
1.280771993037411676e+02
2.340468973078498323e+02
1.408643405385672622e+02
2.106960899367211368e+02
1.799899092426221330e+02
1.696032149695779765e+02
2.135338108100868055e+02
1.310371084819286125e+02
2.260877358963053041e+02
1.256510521693179925e+02
2.134367066773259296e+02
1.571751701312153386e+02
1.795616234121627031e+02
1.938226525558722528e+02
1.388557987251441830e+02
2.150325339158731879e+02
1.178545048207768247e+02
2.118663575390517337e+02
1.367361565651683009e+02
1.869962091072149235e+02
1.730581489724836501e+02
1.485851611371379590e+02
2.005234767074034039e+02
1.175186308642741437e+02
2.075354403991466654e+02
1.209415941542446831e+02
1.917167297501771088e+02
1.526950019045303861e+02
1.584974648162434789e+02
1.844137530474306743e+02
1.227632600453616050e+02
1.997208322092263018e+02
1.110346397853334679e+02
1.931096265627432729e+02
1.338346545624027897e+02
1.668591889275015774e+02
1.669186187959678307e+02
1.312143921817633156e+02
1.889818856116279449e+02
1.077034938980756920e+02
1.912209737461327279e+02
1.179160531168487438e+02
1.729433964876635343e+02
1.489529697031074704e+02
1.405940647407475126e+02
1.759568520926487452e+02
1.102850863499257912e+02
1.862237305941393686e+02
1.064976149067416031e+02
1.761979895581031883e+02
1.315725446703816885e+02
1.492934840939937828e+02
1.611890178006138967e+02
1.168781165011566827e+02
1.783712865512950145e+02
1.006907366615271400e+02
1.764955485472619330e+02
1.160198919432275630e+02
1.562972965467018867e+02
1.454681907535513403e+02
1.253253250105450292e+02
1.680381126488360906e+02
1.006193708688301598e+02
1.738601176701662325e+02
1.036877936439884706e+02
1.609782713305775701e+02
1.296552797197847440e+02
1.339051735415920632e+02
1.557581797192335671e+02
1.050898781170489968e+02
1.684218392025726985e+02
9.592550661131207335e+01
1.630352863154882925e+02
1.147934912677225157e+02
1.414326818144276388e+02
1.421278552626460225e+02
1.122639568160501113e+02
1.604820122886730189e+02
9.337494218478317975e+01
1.623536680039744908e+02
1.021068455175760619e+02
1.471476624780763416e+02
1.278945271635586209e+02
1.203768563572073873e+02
1.504260089890433392e+02
9.559564784848750207e+01
1.590231376975249873e+02
9.290002734332162504e+01
1.505866544722693448e+02
1.139410244788454207e+02
1.280794857031818026e+02
1.387821947944472925e+02
1.011929748638486757e+02
1.531772784974434956e+02
8.819893678651592950e+01
1.515520279137604689e+02
1.013052951682781497e+02
1.344791748408603098e+02
1.261316100466572721e+02
1.084955710719607396e+02
1.451521828063485486e+02
8.815517513736611477e+01
1.500003247974008787e+02
9.119582138339474398e+01
1.390012606000059350e+02
1.132309084388140548e+02
1.160656150026239573e+02
1.353441935112763872e+02
9.195765427531999592e+01
1.460298742848869722e+02
8.473250607156630565e+01
1.413279155840696149e+02
1.009722640110499015e+02
1.228538696698747117e+02
1.242564659925665893e+02
9.815431249821523352e+01
1.398503097035521137e+02
8.256489393024519075e+01
1.413254790109112093e+02
9.040342715393960304e+01
1.281792060885715898e+02
1.125106465359708494e+02
1.052786191049309821e+02
1.317731019808983319e+02
8.442971473558873186e+01
1.390076551120419879e+02
8.264603701915447687e+01
1.316109773277356112e+02
1.008626639326356127e+02
1.121793454374917758e+02
1.222095133586307156e+02
8.925318332549490208e+01
1.344968223601475756e+02
7.859526353673501831e+01
1.329320943865974414e+02
9.021381239151067177e+01
1.180458503257866596e+02
1.116761144105067700e+02
9.565329967851010906e+01
1.280322328972921184e+02
7.850038090455055340e+01
1.320704654283547370e+02
8.159769166574714916e+01
1.223512535528742831e+02
1.008082415998076016e+02
1.023981334954325035e+02
1.199380955493580245e+02
8.174614573099164261e+01
1.290764435013169305e+02
7.600682307619490530e+01
1.247865825461861107e+02
9.037620965447521826e+01
1.085675910846854890e+02
1.106442757416520521e+02
8.715456454015384224e+01
1.241092209419958152e+02
7.405175246460416361e+01
1.252004194560102661e+02
8.129235573968712458e+01
1.135295614257109094e+02
1.006778467781121691e+02
9.348680572998198102e+01
1.174246326717222075e+02
7.559492064268620481e+01
1.235745011932044832e+02
7.453805768726022052e+01
1.168829584728841695e+02
9.069229529855837768e+01
9.972302465285712003e+01
1.093668387143159322e+02
7.978276158858044198e+01
1.199966164386186307e+02
7.093589573536625892e+01
1.184101503731847345e+02
8.147041733532549301e+01
1.051254011990101418e+02
1.003734674338091679e+02
8.544336359538606018e+01
1.146556087588506756e+02
7.073841031014933378e+01
1.179973777205387790e+02
7.393526915741259131e+01
1.092183465903472523e+02
9.100313242411687042e+01
9.151781097364893469e+01
1.078195779328690662e+02
7.352024721384275097e+01
1.156984522888005529e+02
6.895614809648867549e+01
1.116852516691783705e+02
8.192782376470913164e+01
9.716150817859201538e+01
9.985216219044878017e+01
7.829292337460826445e+01
1.116196282463886575e+02
6.711786378515746776e+01
1.123745723100190332e+02
7.394781580340452365e+01
1.017950042442976297e+02
9.120789874284366761e+01
8.399216889729922286e+01
1.059677052667462647e+02
6.836097616833794177e+01
1.112837137372247724e+02
6.790376765311147267e+01
1.050442417241020081e+02
8.253095197624982404e+01
8.961782313589914395e+01
9.905292593082450026e+01
7.204411998771496428e+01
1.083461839771582618e+02
6.462165641216941481e+01
1.066839385311524211e+02
7.437185599870495878e+01
9.464892614611376587e+01
9.124578429445116967e+01
7.709879012139545296e+01
1.038509207163446604e+02
6.433532220403718327e+01
1.066064004983078917e+02
6.764088525635465032e+01
9.853224827961831522e+01
8.302579194762004988e+01
8.260787400103748723e+01
9.797717278390865658e+01
6.671869708697880696e+01
1.048231452483464068e+02
6.311744093509673093e+01
1.009878984478344677e+02
7.499454287252912366e+01
8.780714060354550554e+01
9.103912182479714943e+01
7.095352828136338985e+01
1.014244455850527942e+02
6.134913574576387418e+01
1.018595377032612106e+02
6.786307254447666537e+01
9.215499002755790059e+01
8.344684935104821477e+01
7.608672032856811995e+01
9.658242771764595602e+01
6.235541979963237935e+01
1.010911766592894452e+02
6.241438823324568830e+01
9.529026370469514973e+01
7.569858685303734092e+01
8.129958750311681115e+01
9.055146646609364325e+01
6.557111692169877415e+01
9.873128876660786091e+01
5.933335818583483245e+01
9.699703776831546520e+01
6.842429943672492243e+01
8.596070898358009060e+01
8.367119720857242271e+01
7.012394989744474572e+01
9.489180991225437367e+01
5.894388036657564811e+01
9.715972513671549393e+01
6.233687007106458822e+01
8.964430515695556778e+01
7.636336341499614377e+01
7.515858924772811633e+01
8.977741174315079320e+01
6.098991294475327862e+01
9.577080368396411814e+01
5.817042054460412714e+01
9.206448914546291462e+01
6.916171747459009111e+01
7.997683674187082659e+01
8.365906902407836299e+01
6.477224513058882849e+01
9.290270844451030996e+01
5.644790889526689881e+01
9.306247241425616323e+01
6.270867450402815280e+01
8.406771191279527500e+01
7.689616750035821724e+01
6.944815381424162126e+01
8.869604078008039494e+01
5.723548043893610782e+01
9.258491201709611573e+01
5.770190537102907768e+01
8.709408961028498197e+01
6.995326592224616036e+01
7.424454224498620647e+01
8.338484896459705453e+01
6.007315406587403572e+01
9.063171807753528242e+01
5.480371387712503406e+01
8.882892197413048052e+01
6.336514189139892039e+01
7.860697166582365014e+01
7.725212849029485085e+01
6.419582397247596361e+01
8.732225214624646981e+01
5.432021177513166776e+01
8.916872171962117477e+01
5.779406202250370939e+01
8.211195467177698504e+01
7.068628903017105358e+01
6.882011200519734473e+01
8.282139438885165816e+01
5.607880917688223121e+01
8.808894906878789755e+01
5.391204047595407900e+01
8.448825503011744331e+01
6.416221582507746746e+01
7.330374923688175670e+01
7.737235761622770269e+01
5.947167778080767420e+01
8.564308017761413794e+01
5.221972034438257282e+01
8.557788635775112596e+01
5.826740182680199354e+01
7.716760115102346163e+01
7.129437249273993871e+01
6.374887878830705290e+01
8.196433602297679499e+01
5.281928491265367143e+01
8.530641368669304825e+01
5.363683756892427112e+01
8.007628729622629749e+01
6.499536806291399671e+01
6.820327526731320233e+01
7.723230569940504608e+01
5.533312533864998528e+01
8.369056854175977378e+01
5.087482599305581488e+01
8.182624812462887576e+01
5.897857748499442465e+01
7.229583790257169085e+01
7.171860861500972817e+01
5.908406599027350126e+01
8.081142121809767787e+01
5.030806688559512452e+01
8.230278049967063225e+01
5.383738232623026221e+01
7.563393827901104771e+01
6.576896740128917429e+01
6.335453626435787555e+01
7.681489118362391366e+01
5.181974382274758284e+01
8.147204423350015645e+01
5.019055803920304726e+01
7.795792831309475446e+01
5.981264905991026382e+01
6.754357819985355604e+01
7.192068962559926604e+01
5.488318559597130530e+01
7.937464033086413906e+01
4.852427241762150345e+01
7.910666245743537672e+01
5.437673879023977008e+01
7.119965628296142768e+01
6.641327978051126024e+01
5.881087183606851454e+01
7.611944519227596118e+01
4.896409417955748467e+01
7.900823464944487284e+01
5.005753309432122222e+01
7.400400495895704012e+01
6.066250560056676733e+01
6.295613314059647792e+01
7.187520040776588814e+01
5.119933155205835362e+01
7.766238205135245209e+01
4.741605035647553024e+01
7.575007429504790935e+01
5.512404284400281540e+01
6.681186984627295544e+01
6.688038118594060677e+01
5.462730542287814473e+01
7.514070522509268812e+01
4.678015008749402881e+01
7.632686377478950135e+01
5.034725366948730851e+01
6.999920714363007335e+01
6.144801512107571284e+01
5.858785965388259598e+01
7.156527792749469086e+01
4.807748338360692486e+01
7.569594328379582748e+01
4.690139279141264694e+01
7.226464664887717504e+01
5.596944795061928346e+01
6.251641825349205561e+01
6.713642793814244669e+01
5.085645350964900047e+01
7.388470215436413469e+01
4.525460851709627264e+01
7.345629318567817734e+01
5.092984347311286797e+01
6.598255274697592654e+01
6.210910965937952710e+01
5.448663883798556640e+01
7.098631944438783137e+01
4.555513955065449494e+01
7.349859898248686818e+01
4.687406431389871386e+01
6.868242717238098294e+01
5.682820532692691273e+01
5.835604622514964746e+01
6.715281942596794806e+01
4.755409601256938146e+01
7.236997007698913364e+01
4.433783283168352085e+01
7.041814308382673460e+01
5.169575671365394953e+01
6.199762933911291185e+01
6.260080995345906274e+01
5.069828215474567656e+01
7.014164959810061362e+01
4.364745406563416452e+01
7.107149523920833190e+01
4.722695917375567376e+01
6.504506757356543289e+01
5.760937739449916251e+01
5.438659188434112224e+01
6.692343406761568758e+01
4.476482089026752931e+01
7.060371228225713480e+01
4.395646777225081081e+01
6.725324225391608479e+01
5.254299025261423850e+01
5.808308783451650470e+01
6.288708446202546298e+01
4.729477761057734142e+01
6.903382348796688461e+01
4.232781639276864638e+01
6.846948708198439704e+01
4.784293814567676151e+01
6.137703658386109140e+01
5.827476082972922455e+01
5.065447643756625951e+01
6.643553581691318755e+01
4.251885564277227303e+01
6.861078526607178674e+01
4.402054438842662165e+01
6.398253551811365725e+01
5.338457733076562306e+01
5.429046759331604477e+01
6.295122590848928468e+01
4.430923166666426027e+01
6.767252620277793085e+01
4.157259023088359839e+01
6.570015965335637986e+01
4.861095204600268005e+01
5.773303431896805904e+01
