8.056293357078243389e+01
9.070177813660312438e+01
1.152416556621176227e+02
4.856159991316538083e+01
1.325877253724659113e+02
2.580799266955396831e+01
1.290332573337983888e+02
6.544190062584162604e+01
1.057432311739662083e+02
1.052429583101520763e+02
6.689115412935584004e+01
1.303515962862445576e+02
2.682422131297189338e+01
1.352739268254413503e+02
4.909125015135435888e+01
1.191685084976434155e+02
9.289980816313845935e+01
8.484403787218212756e+01
1.251116267326315921e+02
4.078758096916898523e+01
1.383598263857793143e+02
3.385861360095469763e+01
1.301645469998256885e+02
7.820699023880955281e+01
1.017745327371394950e+02
1.167758936353359331e+02
5.906928173969519946e+01
1.382407772170570297e+02
2.609583545497451240e+01
1.384229113543060805e+02
6.184020507279042533e+01
1.170388690912805032e+02
1.055023044950973059e+02
7.815008662945135143e+01
1.348340003748087952e+02
3.386996204083543205e+01
1.436567037629069148e+02
4.507977425043028319e+01
1.301368093542963038e+02
9.158520502609361813e+01
9.667589223163930967e+01
1.281457323465418199e+02
5.095572020879219366e+01
1.456435252989496689e+02
3.149622562575824247e+01
1.406313299695690091e+02
7.551784265621358827e+01
1.138716236927395471e+02
1.182658793439294840e+02
7.067058287599707000e+01
1.442580827692359833e+02
2.995911403959486208e+01
1.481713048756884632e+02
5.818902945189072540e+01
1.291229188203986666e+02
1.054340842469468811e+02
9.058885120116214296e+01
1.394096411437771792e+02
4.322094683805107707e+01
1.524656667005704094e+02
4.164983295282940645e+01
1.419341289400024380e+02
9.000923202085762398e+01
1.096422170657292128e+02
1.311685785034703429e+02
6.266411311661196493e+01
1.532934840903142799e+02
3.170962335848111024e+01
1.518973766411248221e+02
7.268151445615683315e+01
1.270842595502054735e+02
1.196748647691869394e+02
8.365205525479191806e+01
1.505533014488931656e+02
3.731506078153586259e+01
1.586694945910360559e+02
5.479474841917814132e+01
1.422934098090491375e+02
1.052202073180351789e+02
1.044289712593304245e+02
1.441846184552803152e+02
5.468537540836915412e+01
1.619405878205123201e+02
3.971734315379833191e+01
1.548663597172451603e+02
8.835954966938652433e+01
1.240552594248700871e+02
1.343508657962600523e+02
7.613642669946575836e+01
1.615896603978598307e+02
3.580568006243309753e+01
1.642924020985936124e+02
7.002413856363580180e+01
1.417646871243829025e+02
1.212184943857948127e+02
9.839722268675612327e+01
1.574215706813679105e+02
4.787911000453138399e+01
1.702809134343569895e+02
5.237916880300173972e+01
1.570304907488932145e+02
1.052028345886567564e+02
1.200901732909742918e+02
1.495144203893335089e+02
6.841815928332059116e+01
1.725292343270194237e+02
4.086105825647240408e+01
1.693444820505398525e+02
8.705726609608143463e+01
1.403741058134825153e+02
1.380460055456817656e+02
9.177883853870396536e+01
1.709577437921845160e+02
4.426273943092876806e+01
1.782697408786266919e+02
6.827986122130927527e+01
1.585131174921063462e+02
1.232513697218936528e+02
1.154593212531163857e+02
1.654356488836539825e+02
6.151395830978104584e+01
1.836054268968451026e+02
5.231387517582940205e+01
1.738724466218111218e+02
1.058735631812102582e+02
1.381264685512028905e+02
1.559772250706345460e+02
8.478601172498568417e+01
1.847477215198087777e+02
4.657970057172219214e+01
1.860286125551231748e+02
8.685786575168141610e+01
1.592363022892190259e+02
1.428633685197291641e+02
1.100894455287431981e+02
1.818826088517451183e+02
5.740878745081867862e+01
1.946112044341570027e+02
6.862580538955833731e+01
1.779532809383838128e+02
1.263744628001972217e+02
1.356959558355410138e+02
1.751149713250394484e+02
7.892090282961781611e+01
1.992267214424493886e+02
5.665729544312291210e+01
1.940243849391740127e+02
1.079537793490857638e+02
1.600858773121105116e+02
1.642519567358396557e+02
1.053813891799350557e+02
1.999059677396691086e+02
5.876590569294782540e+01
2.066389273071231685e+02
8.915117400950400395e+01
1.826443252114695213e+02
1.498704617654945253e+02
1.334023179367058276e+02
1.962934418071268681e+02
7.637343187819692503e+01
2.154966086627098889e+02
7.377600731554244362e+01
2.031536225403442586e+02
1.329195615682779419e+02
1.616035080818948870e+02
1.887799923775024808e+02
1.028369528096724821e+02
2.205666288573784755e+02
6.928657584743189091e+01
2.207268459449295790e+02
1.149177930045055120e+02
1.890486517365206396e+02
1.775658050877690073e+02
1.334624280989219471e+02
2.216115557248917014e+02
8.086527381316842877e+01
2.351480445724964170e+02
9.899382146022435336e+01
2.152594157594039643e+02
1.636644332858929829e+02
1.661367947448213727e+02
2.190383019196297596e+02
1.060332053044153042e+02
2.463817470092196515e+02
9.129827100401234929e+01
2.395932216150190470e+02
1.485880048348888920e+02
1.999305074905279014e+02
2.131645596716674333e+02
1.396400727110194850e+02
2.547993244941872035e+02
9.874710818406958879e+01
2.623536191848637600e+02
1.356243667548768315e+02
2.344042360170953145e+02
2.055708686141465193e+02
1.782575397710388359e+02
2.604514657743565067e+02
1.232052429430620464e+02
2.838965228874577065e+02
1.303569355652261095e+02
2.694812442017181411e+02
1.980376917421667997e+02
2.224190190574641690e+02
2.653706525291793810e+02
1.616037668455139453e+02
3.054663884889940277e+02
1.410524693307261259e+02
3.081977002809654778e+02
1.965289047706349947e+02
2.723459696233479690e+02
2.730099025542515960e+02
2.144437703244630598e+02
3.313093607630532347e+02
1.761049307418238641e+02
3.537258620659066537e+02
2.100050871885388517e+02
3.341367011253309443e+02
2.916550505926211372e+02
2.856969023173686537e+02
3.693678321859065932e+02
2.423010068542792794e+02
4.177181631213420019e+02
2.583892830283419926e+02
4.238916537689945017e+02
3.445680524337035422e+02
3.974728105930082620e+02
4.489315884675305597e+02
3.649212743651422670e+02
5.355851289114195879e+02
3.887337699720313822e+02
5.957466133193743190e+02
5.040748670861037226e+02
6.266093099323607021e+02
6.844323054087102491e+02
6.802866791598412419e+02
9.051350340468973172e+02
8.433033336809804723e+02
1.165410159892065167e+03
1.227798699881073162e+03
1.467247939673616656e+03
1.699226875197030949e+03
1.536436246258721440e+03
1.550938450816695877e+03
1.228547205849351485e+03
9.876920737493638853e+02
9.206712320661850981e+02
6.230472015964187449e+02
7.020472046554741610e+02
4.547014160221848442e+02
5.028264967184804846e+02
4.106535009497663964e+02
3.299134050821833171e+02
3.998168034166305347e+02
1.981143019159883067e+02
3.606798300955706509e+02
1.610397984523376351e+02
2.945556893412632462e+02
1.976033094023043191e+02
2.040399250038335595e+02
2.380056526576585156e+02
1.031698643763697305e+02
2.461303364431156240e+02
3.978759803206897772e+01
2.238518553139062135e+02
9.423729438232744826e+01
1.754588690812202572e+02
1.515336771680399579e+02
1.099493125672128855e+02
1.845132348585197235e+02
3.765379893460495708e+01
1.897321273001483064e+02
4.356941411565537692e+01
1.663833098111291804e+02
9.736349366101246972e+01
1.311456419160208497e+02
1.414102910632493604e+02
8.216173000503017931e+01
1.593081731964844039e+02
5.027371902893553113e+01
1.616735222138193819e+02
6.852742876912495262e+01
1.457136377666394935e+02
1.063919411101587968e+02
1.144840681460491680e+02
1.368613354206110557e+02
8.021101353171462733e+01
1.498615012739659562e+02
6.533069985413008851e+01
1.494397288172948493e+02
8.181549771281731864e+01
1.328207493571351847e+02
1.108500495274755764e+02
1.109398914544088655e+02
1.370204347202556505e+02
8.399806204830919398e+01
1.476607608228592881e+02
7.586454395759967895e+01
1.433750914095189728e+02
8.951549848693908018e+01
1.315853603136328900e+02
1.167782248028631216e+02
1.094714256738142950e+02
1.389446902273568867e+02
8.550500123231677208e+01
1.500479502972655155e+02
8.050071498904331690e+01
1.466204916775654965e+02
9.784456837094083426e+01
1.315296995553001125e+02
1.239832093485835145e+02
1.073304609949371269e+02
1.476216147416458568e+02
8.470456901070203060e+01
1.566494059550333589e+02
8.283345732454608878e+01
1.519936711055689216e+02
1.076345997174204854e+02
1.302206836663054048e+02
1.378055147809901371e+02
1.022590485203526640e+02
1.593682148672826315e+02
7.824177516209471150e+01
1.667783263759741033e+02
8.834421180394372186e+01
1.543375226668792948e+02
1.222812462488980003e+02
1.251876265679100158e+02
1.565313425696337220e+02
8.866034570613479104e+01
1.766766622581664876e+02
7.301870495627862567e+01
1.743908500983308443e+02
1.023212021863281933e+02
1.512362954221507039e+02
1.470014378186176884e+02
1.102378143900910317e+02
1.808076401652423613e+02
7.065016174098421686e+01
1.920713676643001406e+02
8.178432892147608868e+01
1.766021511281745973e+02
1.322086801683690567e+02
1.373511202063633050e+02
1.788692940635390016e+02
8.403144518424058163e+01
2.034272964163736503e+02
6.325634508506063725e+01
1.992291575395786651e+02
1.121271571500768118e+02
1.664396191326110568e+02
1.706155729217195471e+02
1.099328309391406009e+02
2.093033904384381003e+02
5.704902266306584835e+01
2.183241324759989368e+02
8.863032662327832156e+01
1.938686600639706512e+02
1.559307448777046545e+02
1.404930871149156815e+02
2.083033892369363969e+02
7.209703179337579115e+01
2.315312274617463117e+02
6.331530111474648237e+01
2.192597156681311219e+02
1.350541473247359647e+02
1.729270194441753006e+02
2.006858980063979914e+02
1.017284800396827933e+02
2.391947178572145560e+02
4.626226019653170596e+01
2.408573642202947269e+02
1.089166052591720870e+02
2.046677439080546890e+02
1.863393496002288998e+02
1.369544906834260587e+02
2.399148320047594609e+02
5.633363462873456484e+01
2.576505395048012588e+02
7.846182963921819464e+01
2.344938632191860108e+02
1.654100397169817711e+02
1.740511121199777733e+02
2.341198966520902331e+02
8.811392796660925342e+01
2.682437484992715326e+02
4.864345817123391669e+01
2.604993813995908454e+02
1.378059999323358511e+02
2.111471742237403930e+02
2.211903570748343384e+02
1.279130283518677089e+02
2.724132722302935008e+02
4.043613038628894429e+01
2.816040271309505556e+02
1.044750548513975588e+02
2.460740517961317835e+02
2.005421363736687397e+02
1.706605774643082043e+02
2.696125730583387963e+02
7.048242679022574464e+01
2.971215704686416643e+02
6.732459905657339050e+01
2.776248879583219491e+02
1.729077498426003388e+02
2.132509885859649330e+02
2.588078696278976167e+02
1.145569088307895953e+02
3.056868071207925937e+02
3.531304867377350121e+01
3.049223492038922814e+02
1.383980035328700922e+02
2.545240845135694201e+02
2.401484053963112615e+02
1.627723115733411987e+02
3.070347829631060677e+02
4.965860905413769188e+01
3.262656524672673299e+02
9.768102619345607707e+01
2.930044209413799194e+02
2.134979705309070539e+02
2.119684121613544505e+02
3.002454835154035777e+02
9.659975565987826940e+01
3.408432604759441915e+02
5.340446682104886378e+01
3.270969265269782795e+02
1.787894802841187243e+02
2.604573723753823629e+02
2.847756386704579654e+02
1.503420320628421791e+02
3.475885151024818356e+02
2.994004408397571382e+01
3.559458018466081057e+02
1.367354481966483775e+02
3.064823373729828973e+02
2.603016621741136873e+02
2.063703225126611471e+02
3.457972264271205631e+02
7.328621307960182207e+01
3.777204070709644839e+02
8.771913045126356678e+01
3.488276555523632965e+02
2.266261595934394393e+02
2.628105367747874652e+02
3.347962548876575966e+02
1.325119601404806247e+02
3.914063699280304149e+02
3.688352754794666311e+01
3.860451159848952329e+02
1.839518217876096742e+02
3.176588871449316684e+02
3.134923463234067640e+02
1.963741826506051211e+02
3.962844718201131968e+02
4.497325970820651264e+01
4.167336018310909935e+02
1.325838699708111790e+02
3.697647836851068632e+02
2.820856126665609054e+02
2.617181244335677661e+02
3.911049462492420616e+02
1.089650429451718452e+02
4.390614329505317528e+02
7.310145219712563858e+01
4.178049611927431215e+02
2.402388411629878249e+02
3.269908677034869129e+02
3.748951003314478498e+02
1.812659234402644302e+02
4.529712030972813182e+02
2.327643129713301917e+01
4.590591580765359367e+02
1.873901958028931460e+02
3.908178184217715057e+02
3.472312026130567801e+02
2.569391736267214696e+02
4.557624313392570343e+02
7.893893265826675076e+01
4.932245428404534664e+02
1.243813569094694316e+02
4.514152786835048232e+02
3.075493587168174372e+02
3.344143866089808057e+02
4.469849975330887446e+02
1.598855747686804705e+02
5.180618968651205023e+02
5.299110215508248700e+01
5.067350882576566846e+02
2.549330384044527023e+02
4.123826292353825238e+02
4.254940391721735864e+02
2.474299073946027931e+02
5.321613830451824469e+02
4.103804308227009301e+01
5.553452772593068403e+02
1.896043323342470615e+02
4.886489697324523718e+02
3.899762978637215269e+02
3.395794748899284627e+02
5.338822271839956102e+02
1.304179945075672151e+02
5.954544985233804937e+02
1.116287072553010944e+02
5.616084508087909626e+02
3.397380427142991266e+02
4.345189721973688961e+02
5.215923370551986409e+02
2.317327157101099431e+02
6.247738116759613831e+02
2.601356429164484396e+01
6.294144115090246032e+02
2.737051520916889444e+02
5.308745087447186961e+02
4.937414209411290926e+02
3.414053799893267751e+02
6.415564933989984411e+02
8.959451556150399654e+01
6.899500753799140966e+02
1.910631711874874838e+02
6.269043266633187841e+02
4.485865684131749163e+02
4.582536616547761810e+02
6.436631465882073826e+02
2.072864842729782708e+02
7.411284837308369333e+02
9.131634572232175628e+01
7.209135135217438801e+02
3.844846265506654390e+02
5.810695752275025825e+02
6.287318538133832817e+02
3.392247974543996634e+02
7.806149337288794641e+02
3.419132680117066769e+01
8.109092633960766534e+02
2.993103503286110936e+02
7.089271248205103575e+02
5.942630340490566141e+02
4.849209537770316274e+02
8.058314510874928374e+02
1.700225985392478663e+02
8.949483894110777555e+02
1.911010198000062985e+02
8.401003669150770747e+02
5.362346462287287068e+02
6.454629225376844488e+02
8.138997395721304429e+02
3.316971549992130690e+02
9.710845474708834217e+02
5.674528913343648640e+01
9.762801222133666670e+02
4.540138673177563646e+02
8.198321392666877045e+02
8.011825799590144470e+02
5.179925784638585355e+02
1.036416346650666128e+03
1.122225382463645786e+02
1.114085964351463190e+03
3.397785658877957644e+02
1.011409691270207986e+03
7.632570866800082285e+02
7.335732018494827571e+02
1.088333868466777631e+03
3.144686341754548380e+02
1.254431328323798425e+03
1.875984353438808796e+02
1.223094396898156447e+03
6.939327090342343354e+02
9.850199158054302870e+02
1.122765160797929184e+03
5.645969617284877131e+02
1.399199798754818175e+03
1.854832613569006128e+01
1.461277830040276285e+03
5.850575287809127758e+02
1.283786341029551068e+03
1.136981989473832073e+03
8.743609088329644692e+02
1.547539930976675805e+03
2.795995556137336280e+02
1.735990413561161176e+03
4.209739241640817795e+02
1.649480336976793069e+03
1.121267775179662749e+03
1.274512071370556896e+03
1.707402077359688292e+03
6.405044057337726144e+02
2.068878003589190484e+03
1.773094405939698390e+02
2.120205450656860648e+03
1.065808743573364382e+03
1.813763679751926475e+03
1.887475980136684939e+03
1.154949446329289231e+03
2.501335061605210740e+03
1.987706657384210303e+02
2.774327795472983780e+03
9.434504368183286260e+02
2.608089426239898330e+03
2.116140049519648528e+03
1.953772042850106345e+03
3.135176892080208745e+03
8.250252932903877081e+02
3.806742058407160130e+03
6.971449047402747965e+02
3.946676301194503594e+03
2.460921489974146880e+03
3.408743148754881076e+03
4.268373641745363784e+03
2.070364513396787061e+03
5.847374659687013263e+03
1.186880399989601074e+02
6.910406074531291779e+03
3.205389379121600086e+03
7.106198592003533122e+03
7.292631271188278333e+03
5.934138706759707929e+03
1.278966592656118701e+04
2.279119427056771656e+03
2.127675167681147650e+04
7.821053654526179344e+03
4.468676907719088922e+04
9.456070130170868651e+04
9.391457560832575837e+04
4.337149517834135622e+04
8.645957227202392460e+03
2.116930665343067085e+04
1.820061361792478465e+03
1.287702274684012809e+04
5.620646465921689014e+03
7.509516486362960677e+03
6.972032611902265671e+03
3.424473853189919282e+03
6.894314508720309277e+03
2.997535599133026381e+02
5.901106306442193272e+03
1.941196463816445657e+03
4.360649474269307575e+03
3.325599542147952434e+03
2.582171821010242184e+03
3.926168511006727385e+03
8.114889863643107901e+02
3.832701135877633533e+03
7.313458613051230941e+02
3.197580031644959490e+03
1.892828547300737455e+03
2.199048592767203445e+03
2.585658539462770023e+03
1.030169845064998981e+03
2.789298606107970500e+03
1.253347863765015688e+02
2.546523152625086368e+03
1.103254034587081605e+03
1.952273270192612245e+03
1.792940671605161015e+03
1.134436428934601963e+03
2.127724375403688100e+03
2.402706015342621981e+02
2.101867972601743986e+03
5.944648026559077607e+02
1.758044308203336641e+03
1.250768900494114405e+03
1.180497679750265434e+03
1.651831901457998356e+03
4.767328898816297738e+02
1.761193574336914480e+03
2.368087511847943460e+02
1.589775744897286813e+03
8.502109593676561872e+02
1.187873424958617989e+03
1.281393413578328818e+03
6.354214003416628884e+02
1.479743043334694676e+03
3.242726621546330534e+01
1.433086796380831629e+03
5.371327947055242475e+02
1.169119338316623498e+03
9.787366995055283496e+02
7.412744168109744578e+02
1.236547353519080616e+03
2.282147083226074642e+02
1.284368563379078296e+03
2.873392821497317868e+02
1.128884720719204324e+03
7.236087622077428705e+02
8.072269402148439212e+02
1.019817696929995350e+03
3.795079231148245640e+02
1.138796872499601250e+03
8.382120821487120566e+01
1.072653258463690463e+03
5.045357349945854253e+02
8.424849739015484147e+02
8.236022755217887834e+02
4.932200031517733692e+02
9.962010790724372100e+02
8.649574569926846834e+01
1.003378600575042469e+03
3.147515376748087306e+02
8.527372247839415422e+02
6.441340528672237724e+02
5.764993080559305554e+02
8.571393026557769872e+02
2.222123463194087094e+02
9.238218062430129294e+02
1.505250660516227583e+02
8.424098654642237989e+02
4.806453504208698178e+02
6.322546986117218921e+02
7.203455324437362606e+02
3.322353872444923581e+02
8.359254339076408087e+02
1.576161819891239091e+01
8.146960013832468803e+02
3.308029205280668066e+02
6.659808214961417434e+02
5.880930309624980055e+02
4.185437287957063290e+02
7.420123994830233869e+02
1.157672281340477412e+02
7.725654063587487599e+02
1.947874104710136294e+02
6.799356634752914488e+02
4.608600626503591116e+02
4.835761588813286380e+02
6.440406726154560602e+02
2.185250480115340395e+02
7.185120199831445689e+02
7.288530019886827915e+01
6.766164270130919931e+02
3.396408451278924758e+02
5.292766113890537554e+02
5.438565535675644469e+02
3.035922610942189976e+02
6.548140621572756572e+02
3.967129106073821987e+01
6.582553446890830173e+02
2.254551790423060993e+02
5.573800532901194629e+02
4.432090957648904919e+02
3.716931898645761407e+02
5.836012721450971412e+02
1.336370128722768698e+02
6.269226291942533180e+02
1.193871866024624779e+02
5.695008944267166271e+02
3.437454252585861809e+02
4.236623933591910145e+02
5.068735392894420784e+02
2.153753779965199442e+02
5.845865462463223139e+02
2.455516093492344964e+01
5.671966201384561828e+02
2.470043907915638215e+02
4.603778105043174378e+02
4.265228235361935276e+02
2.837558625836658734e+02
5.331435025137079720e+02
6.805134088864231501e+01
5.520357568649093309e+02
1.544699570007192619e+02
4.827547192219224712e+02
3.443459502011593258e+02
3.388212680705394177e+02
4.744134250130933310e+02
1.453303191662338349e+02
5.255555727533669597e+02
6.772045390593001457e+01
4.918050338968648703e+02
2.620290096855943034e+02
3.808423789919626756e+02
4.101966130125867949e+02
2.124212013007857252e+02
4.893156017411927792e+02
1.853160009542013853e+01
4.885901443007644502e+02
1.811534034619498641e+02
4.102196968500253433e+02
3.422172935641795561e+02
2.686105690557293997e+02
4.447741820077258694e+02
8.853638724326457066e+01
4.743500204198073220e+02
1.032454793202202126e+02
4.275570437969997784e+02
2.721013359340137185e+02
3.139210938081208155e+02
3.938876448337898069e+02
1.532636937050872632e+02
4.501262012076017527e+02
3.076856666333388191e+01
4.334171319458802145e+02
2.014362545723256801e+02
3.481234871243282782e+02
3.378273403594031379e+02
2.094583649868453392e+02
4.173701037000809038e+02
4.180417930760167877e+01
4.286818733700707185e+02
1.317486897582879521e+02
3.714889471086571575e+02
2.782505162421903719e+02
2.564425754581674823e+02
3.773837756191651351e+02
1.033933310921338489e+02
4.142745872402190344e+02
6.463622732722960507e+01
3.843757126557930519e+02
2.166687366604549538e+02
2.939073031903394053e+02
3.315277420693470845e+02
1.586652948170489594e+02
3.912064484128243294e+02
1.100836306577651769e+01
3.872926168161359328e+02
1.545224258668461914e+02
3.217697510104266598e+02
2.811712244691419187e+02
2.063994101216645731e+02
3.606046272887280679e+02
6.101996712007060353e+01
3.809450485876075163e+02
9.328393456509743942e+01
3.401370968913165029e+02
2.277735907439950154e+02
2.459618742278990737e+02
3.236136672726517531e+02
1.146196027542825391e+02
3.660228402856237153e+02
3.482695913451971137e+01
3.492484886464071678e+02
1.726104947820516315e+02
2.771242310905491308e+02
2.814767680518100406e+02
1.622596261011892693e+02
3.434691851886159384e+02
2.551730247538319674e+01
3.495349504410141321e+02
1.170552985834345066e+02
2.997383715290746977e+02
2.354328801149789854e+02
2.030880672386556114e+02
3.142610074297227811e+02
7.618317413958658335e+01
3.415547606155501512e+02
6.251800249981732094e+01
3.138563668796880961e+02
1.867322482196225053e+02
2.366082451536167923e+02
2.794421793517133779e+02
1.231350927893619058e+02
3.260101108263922356e+02
1.340719142372986639e+01
3.197210263118175249e+02
1.366509696138480479e+02
2.625165466551737836e+02
2.401471366084817305e+02
1.644853885861776916e+02
3.036693239400415791e+02
4.268698641565343621e+01
3.176574092541764571e+02
8.640445184751828833e+01
2.807031519022792168e+02
1.974792613926213392e+02
1.995979198061850752e+02
2.754552070390981839e+02
8.822167605027811987e+01
3.081981202895335059e+02
3.758265601728884064e+01
2.912065639176990430e+02
1.526020852094209204e+02
2.280106143946697159e+02
2.423186277539214188e+02
1.295384767622659012e+02
2.919732605056483976e+02
1.516276121573194757e+01
2.942245755345066982e+02
1.066699780658370429e+02
2.494620308198827558e+02
2.052797847606276207e+02
1.656123355561657036e+02
2.697183791299111135e+02
5.710389078053070477e+01
2.900978234204317232e+02
6.091210189526029950e+01
2.638386377890468566e+02
1.653717678054137252e+02
1.958714225600979546e+02
2.422519507627050075e+02
9.782739496710993876e+01
2.793180133734255151e+02
1.789575990254398263e+01
2.712099303263950674e+02
1.236857766905585407e+02
2.199135916409017284e+02
2.104767451675230632e+02
1.343264837778684750e+02
2.624581940823181299e+02
2.969854213491149508e+01
2.717622360091893370e+02
8.130190076433737545e+01
2.375149773460092320e+02
1.753294729181691878e+02
1.658536826602772294e+02
2.402176285394756405e+02
6.904395599724212218e+01
2.658296849323678543e+02
3.952760511637776375e+01
2.486001512517191827e+02
1.377891459862196655e+02
1.919063151045180575e+02
2.133683370883461521e+02
1.054864960005755137e+02
2.538691081387798647e+02
9.837483227455063428e+00
2.532409800818516032e+02
9.885968388744799995e+01
2.121503708340304684e+02
1.827580595754375850e+02
1.377865105308734428e+02
2.364419259611798907e+02
4.304015356870220188e+01
2.516275814980959069e+02
5.959931915986576456e+01
2.263923335596175548e+02
1.492549705490494603e+02
1.653409128034716957e+02
2.142096938551642324e+02
7.890037733537880626e+01
2.441046999040797232e+02
2.180981505853248592e+01
2.345886752711556937e+02
1.137878463351489842e+02
1.877086541517955709e+02
1.879042085244539351e+02
1.115423453922451955e+02
2.311137651358241953e+02
2.023089571990109192e+01
2.368254455748598559e+02
7.730712141506819535e+01
2.046070673576166712e+02
1.583205450351475747e+02
1.401433318209062122e+02
2.131988610389408905e+02
5.448355929327562563e+01
2.333207479840026508e+02
4.092984641009353197e+01
2.158826987396262780e+02
1.262897793035239999e+02
1.641825828297108387e+02
1.909906485153637448e+02
8.703230098855881636e+01
2.244092085140999870e+02
9.721924052429219643e+00
2.215330501961331606e+02
9.269636301746216134e+01
1.832833906333338803e+02
1.651971130668546550e+02
1.162696428290207109e+02
2.105252276131107294e+02
3.229787557993136460e+01
2.216562984107544025e+02
5.846280439885912728e+01
1.972108551754971302e+02
1.365665288123088601e+02
1.415610447038862389e+02
1.922059851360428411e+02
6.420587029461150053e+01
2.164847668594581194e+02
2.496907867246540391e+01
2.058589578104001703e+02
1.058997254079130101e+02
1.624533868212633365e+02
1.700610327714177288e+02
9.369798775414616898e+01
2.063586126574239188e+02
1.346362194031290294e+01
2.092438503804688423e+02
7.403385979392541572e+01
1.786353278537422966e+02
1.447725977464724849e+02
1.198589833056899465e+02
1.917173412875021938e+02
4.308326279657509872e+01
2.074874807269337680e+02
4.192992455482705338e+01
1.899026044469281658e+02
1.170440154799081682e+02
1.421667958930856912e+02
1.730781508062929959e+02
7.242243856936087809e+01
2.008527828372843942e+02
1.233619195486640940e+01
1.961987807804152055e+02
8.766068793073685583e+01
1.602215484259485265e+02
1.510385646089518161e+02
9.910904542682737883e+01
1.896750225193986239e+02
2.392393755432472702e+01
