1.879272097239172012e+02
3.201255013475673650e+02
1.662378714911388613e+02
3.189300768947529150e+02
2.103503769877995069e+02
2.809840132984417664e+02
2.777701540452333120e+02
2.207345448504684668e+02
3.280969958723204627e+02
1.763814188648094046e+02
3.426957646910262838e+02
1.987543326432719653e+02
3.169203204207848898e+02
2.674666354739802614e+02
2.594237087806179147e+02
3.313078947207182523e+02
1.992961557339671117e+02
3.629481956476525397e+02
1.930914497760585107e+02
3.520878102409267854e+02
2.547814835412960122e+02
3.021223203804511854e+02
3.297277259324113174e+02
2.338219017897025083e+02
3.789710179696885461e+02
1.983472846427391403e+02
3.855938587988825930e+02
2.420672351169976650e+02
3.472691619003564938e+02
3.236018069664903010e+02
2.779586947808181208e+02
3.903579224884396695e+02
2.183266770674694328e+02
4.165682346896890067e+02
2.331532063018208305e+02
3.938728522585088285e+02
3.138961208317749083e+02
3.295456105693978088e+02
3.969002412350085933e+02
2.541198372244739403e+02
4.444054437852974502e+02
2.338401477188706110e+02
4.409251987392714796e+02
3.025965900635592334e+02
3.870911072330953857e+02
3.984623189668484997e+02
3.045479012704851129e+02
4.684523609725643496e+02
2.503040052778672191e+02
4.879069560814624538e+02
2.935956923887496259e+02
4.500905593365041568e+02
3.959688721799695941e+02
3.682698584513820492e+02
4.886845965172426531e+02
2.876210377924030013e+02
5.341765538347616484e+02
2.913963847461147907e+02
5.175631469138584180e+02
3.905989660079233659e+02
4.439162941241378348e+02
5.049858055638767382e+02
3.464847797831480420e+02
5.797362504260811420e+02
3.060045529431744740e+02
5.899991388928984861e+02
3.858261247215530716e+02
5.320665471147340213e+02
5.178920222990681168e+02
4.282578267617027450e+02
6.250065732752522081e+02
3.461154989145923082e+02
6.685805215226896507e+02
3.877725219677681139e+02
6.343038779487712873e+02
5.287082233524876074e+02
5.345879342724988419e+02
6.716472475024474988e+02
4.201863525543494688e+02
7.560905459142961718e+02
4.072387941829918532e+02
7.556248140524395467e+02
5.429838719918133165e+02
6.691088439802389303e+02
7.217540723484472664e+02
5.350946213559489024e+02
8.566639069767354613e+02
4.613256709610355983e+02
9.012641959899559652e+02
5.667956540634963858e+02
8.456587304321892589e+02
7.822277150267527759e+02
7.040023150125675784e+02
9.798493072518297140e+02
5.733042296239502775e+02
1.091703141837818521e+03
6.207410449000301469e+02
1.080877093474765843e+03
8.604300713449318891e+02
9.528403454558850854e+02
1.145089225653402991e+03
7.741046412628367079e+02
1.354351333769974190e+03
7.365552502067118894e+02
1.431687005035151060e+03
9.957032509483760805e+02
1.350956457303054094e+03
1.404429732279133077e+03
1.150727103675604440e+03
1.783726893868152729e+03
1.016104992690536392e+03
2.030843317237233350e+03
1.269997306984394982e+03
2.083539761057400483e+03
1.892788816074951910e+03
1.932871990023912076e+03
2.654128533851872362e+03
1.732505096845917933e+03
3.389968779178086152e+03
2.030979439639864950e+03
3.988016194044155327e+03
3.315828679494810331e+03
4.396306517465947763e+03
5.709152482262186822e+03
4.913441211589539307e+03
1.022359707588107631e+04
7.768678072482118296e+03
2.458453997477863231e+04
4.104550191190010810e+04
3.643346162234356598e+04
1.585881136910779423e+04
8.520752797555360303e+03
8.793056503648173020e+03
3.903629939326498516e+03
5.912347241387404210e+03
2.871770425718326351e+03
4.039744733082044604e+03
2.889758544059912765e+03
2.606515678417913477e+03
2.863472611319552925e+03
1.643313710078798294e+03
2.605656168405662811e+03
1.298080945991033559e+03
2.166350918547985657e+03
1.422976189821743219e+03
1.622145251579286196e+03
1.598342898140165971e+03
1.110351324399212899e+03
1.616370261472980019e+03
8.242531603800053972e+02
1.468195523636020880e+03
8.686432823666582408e+02
1.197787119591539977e+03
1.031379611007990206e+03
8.784984543731636677e+02
1.127082474123565817e+03
6.258946064807759058e+02
1.096146366604146579e+03
5.937628458022990117e+02
9.533521119005901028e+02
7.121550555271662688e+02
7.349010254405768592e+02
8.241179612852356513e+02
5.246414003100580885e+02
8.506432006081840882e+02
4.380526893971101572e+02
7.814294837028697884e+02
5.103621409438538876e+02
6.384246307934542983e+02
6.195202329990714816e+02
4.699123961653049832e+02
6.747318648382291713e+02
3.577322325809442418e+02
6.536505950365337867e+02
3.794492539450386630e+02
5.633531422269886662e+02
4.707058374344336471e+02
4.312175896506520303e+02
5.391934125413274614e+02
3.149458550162339634e+02
5.492902495864875618e+02
2.929122525440483287e+02
4.974612687512954494e+02
3.588215622570695587e+02
3.998876574462063900e+02
4.315400503475256073e+02
2.925884179625173260e+02
4.620066393973000913e+02
2.397634660331356429e+02
4.377458140732578045e+02
2.760258268420772083e+02
3.704875748346618138e+02
3.443206861098311720e+02
2.777198163128560395e+02
3.849094088027916314e+02
2.100549738697366422e+02
3.834675039158016148e+02
2.155061618965678178e+02
3.388719484852258574e+02
2.715217735577224403e+02
2.656681778644923497e+02
3.186098260735216172e+02
1.961078676461705754e+02
3.326283251960707616e+02
1.735954960537943634e+02
3.079399949480438181e+02
2.128249417354919331e+02
2.508571053013154710e+02
2.602261305480407714e+02
1.875229849179070243e+02
2.850500354887014396e+02
1.479115025690083769e+02
2.753669070659715885e+02
1.676521380946423676e+02
2.349230794607125290e+02
2.097100817886496316e+02
1.803510588307071885e+02
2.399555463156590918e+02
1.330579224986357474e+02
2.410178420228496066e+02
1.316814411360213342e+02
2.170832767703139439e+02
1.661923102918173356e+02
1.723763674371536752e+02
1.987094993952945572e+02
1.227831865529245476e+02
2.098132777551628578e+02
1.075535267278520735e+02
1.928790234898603444e+02
1.294053554596234221e+02
1.589169727634948970e+02
1.593141391537644438e+02
1.178051922817794122e+02
1.745330831449274740e+02
9.032315230391463956e+01
1.713846473747666437e+02
9.915578195576865994e+01
1.457552523152527613e+02
1.254353170314771262e+02
1.100134493255523722e+02
1.438318194444580058e+02
7.912682085527133324e+01
1.459734387941671798e+02
7.716458925382870859e+01
1.292312059092335232e+02
9.484128996107170906e+01
1.008811069201824466e+02
1.131794137366188124e+02
7.259614434446974940e+01
1.213077389234007484e+02
5.887275405477860346e+01
1.123447753988659912e+02
7.155598221606204845e+01
8.997940176351039554e+01
8.716713763097580170e+01
6.552636642848617043e+01
9.321856126038373702e+01
4.762902330062490819e+01
9.412611600704633474e+01
4.807862752354476044e+01
8.052664812826844809e+01
6.495410972071491074e+01
5.977008210447717573e+01
7.451941648065809432e+01
4.195336460427370184e+01
7.647375913505793221e+01
3.644025625756899700e+01
6.899178437932502561e+01
4.709322774100875364e+01
5.421792410711509547e+01
5.617579651250409256e+01
3.928412348089975836e+01
6.097680373304147139e+01
2.736839009621466801e+01
6.083052694200526389e+01
3.575803087153627757e+01
4.772640771728017484e+01
4.204960242770150103e+01
3.819879128549411718e+01
5.318947107943375840e+01
2.260614438793958314e+01
5.248472744488950070e+01
3.119304404139191433e+01
4.404005482970342911e+01
3.345628709812482526e+01
3.405992943799249417e+01
4.622001535797338789e+01
2.498759854155123605e+01
4.549677789865601341e+01
2.070118356795022407e+01
4.520942641807462081e+01
3.020831517136820210e+01
3.685630852831348392e+01
4.185645269459794804e+01
2.459249176403436365e+01
4.849321769281673511e+01
1.577665153306400114e+01
5.089089273117620138e+01
3.068113643088754117e+01
3.967858297594874273e+01
3.722161959746740223e+01
3.120260232046113558e+01
5.280213651409785314e+01
1.918135544008164572e+01
5.623486660260382308e+01
2.191603013976370207e+01
5.100471799810848950e+01
3.436784771054044541e+01
4.438860906751617819e+01
5.375936986115769400e+01
2.822999907801518660e+01
6.437121406933225387e+01
1.874751356279907810e+01
7.121302987452322952e+01
3.089432068640709161e+01
6.702769861509845839e+01
5.971080613575355045e+01
4.457101768990954582e+01
7.323799973960583998e+01
2.723106287178859475e+01
8.721498693952095493e+01
2.394866092987705741e+01
9.141627899370104160e+01
5.648372354875204593e+01
7.475263480838897578e+01
8.624642381354371423e+01
5.086373750654023240e+01
1.084450721892273037e+02
3.009327280682984451e+01
1.172881810079666707e+02
5.512812437576805991e+01
1.078258737580550388e+02
9.210099344884953609e+01
8.671682049773508538e+01
1.261107343194146893e+02
5.453689128512059625e+01
1.497940317720589292e+02
5.279792839710484031e+01
1.525523216201584376e+02
9.799043458672028351e+01
1.319506941752071043e+02
1.476913492338379967e+02
9.364981655083020939e+01
1.881162833843391979e+02
6.873885079596777814e+01
1.989743070253603889e+02
1.004110927490447125e+02
1.920592379288356710e+02
1.706398150815585666e+02
1.485828299493787767e+02
2.268074979561197893e+02
1.047965588593781092e+02
2.625128724108109282e+02
1.135425041339220797e+02
2.614816999490275862e+02
1.902347444580787226e+02
2.229690548952901281e+02
2.737652140919126396e+02
1.595718372185170040e+02
3.316956927598326388e+02
1.381487135558727175e+02
3.501476845497583099e+02
2.152290778522855703e+02
3.165667411327760874e+02
3.224606475260473530e+02
2.518489081841804591e+02
4.164406201742185090e+02
1.898971444621041655e+02
4.645433537189919093e+02
2.446656391579634828e+02
4.530072342121661109e+02
3.837835329472302988e+02
3.786038434989588950e+02
5.219854803220658823e+02
2.845391873547572459e+02
6.213618144977230031e+02
2.969607051156126545e+02
6.395824921507663703e+02
4.514455841027518090e+02
5.908338589138271573e+02
6.760945380041331418e+02
4.649237832771349872e+02
8.657066872903019430e+02
4.061761680607101539e+02
9.644193426505914886e+02
5.897768773027020188e+02
9.468924068922715378e+02
9.299118633487230454e+02
8.316908046912407144e+02
1.307213116549859251e+03
6.823426470838452360e+02
1.600893454021216485e+03
8.792725893990061650e+02
1.775895947106536823e+03
1.520713160661872735e+03
1.779122218028943962e+03
2.491240465163104545e+03
1.665821921798464700e+03
3.735799682646411384e+03
2.087007488980245853e+03
5.658500264765885731e+03
5.150790138130419109e+03
1.051644034834305603e+04
2.444911478129150055e+04
2.726805042177036739e+04
1.583445928485734657e+04
4.336649000300480111e+03
6.657793343706180167e+03
2.898349365972534997e+03
3.767456896683244850e+03
2.791333563813589535e+03
2.112830656186359647e+03
2.592896571385214884e+03
1.217236618704773264e+03
2.249954236229841626e+03
1.031924486352396798e+03
1.782029880248881682e+03
1.218129954753245102e+03
1.264445576249636360e+03
1.369833498159478722e+03
8.152223809457323114e+02
1.381190519917932988e+03
6.147077722653137926e+02
1.223345869604680956e+03
7.292105855761460589e+02
9.610268484705932224e+02
8.990668209747475430e+02
6.721458766313000979e+02
9.812468649862371421e+02
4.721506793792513008e+02
9.507420878579488317e+02
4.938453654374415578e+02
8.052817078575058076e+02
6.395888955254039274e+02
6.038288338489147691e+02
7.520928951704144083e+02
4.133592081612490574e+02
7.734429974574769631e+02
3.673757855975542839e+02
6.989292245152943224e+02
4.738614834935884232e+02
5.581079400441325333e+02
5.892128327538074473e+02
3.967504662096505399e+02
6.442736866582215498e+02
3.040398417118026373e+02
6.222119336411233235e+02
3.601081513666754290e+02
5.263323888198513032e+02
4.703047848716549879e+02
3.916882933482516478e+02
5.451646414704266590e+02
2.798328736603950233e+02
5.545943443569493638e+02
2.842201376288572874e+02
4.964961875112486496e+02
3.769585396086816900e+02
3.910171751463288388e+02
4.599484777975114298e+02
2.781159644966995188e+02
4.948636947540634310e+02
2.374270838554263037e+02
4.685879381313349086e+02
3.024004302150703438e+02
3.889153545624694743e+02
3.881890067200844783e+02
2.859882170993470822e+02
4.398277993791957670e+02
2.158847934479853166e+02
4.382995213053378052e+02
2.449412941479680796e+02
3.833473312913303062e+02
3.241282474557731348e+02
2.956153834233970201e+02
3.877218817681108476e+02
2.128199616944476986e+02
4.058300508195902125e+02
2.032324624130170037e+02
3.743580021122299968e+02
2.688485229668845591e+02
3.040705978236550209e+02
3.378083025945671807e+02
2.193870887931987284e+02
3.718172626089740902e+02
1.803316725615250959e+02
3.615807851834810549e+02
2.219382507863684566e+02
3.089801303067332583e+02
2.905379033987921389e+02
2.329456558004766293e+02
3.378596341623553485e+02
1.730220482589921573e+02
3.447885433834565561e+02
1.849432293628883031e+02
3.101937145882682216e+02
2.471125646537857961e+02
2.452395790615087776e+02
3.022247329117615777e+02
1.772875979533833117e+02
3.243202629051825170e+02
1.598606090546409462e+02
3.068864844032950145e+02
2.079349469065041944e+02
2.553692980818535148e+02
2.665374755832249889e+02
1.886116408710066707e+02
3.009186763428521090e+02
1.481603655246774736e+02
2.991894764383102370e+02
1.743555431530962494e+02
2.622001338485038104e+02
2.314962966634240047e+02
2.018730536466971159e+02
2.751997220492829115e+02
1.480939073503984957e+02
2.873411852961037312e+02
1.488481488487652484e+02
2.648058095089388644e+02
1.981862094792683138e+02
2.143945922297565119e+02
2.476642300834196817e+02
1.564885326475416321e+02
2.719525893419317413e+02
1.331364755539793236e+02
2.631576050019950230e+02
1.680543852612779858e+02
2.242523654263213757e+02
2.192627756216955959e+02
1.687929719612898793e+02
2.532376324413718578e+02
1.284084536144800666e+02
2.574680103743780251e+02
1.428554841977314993e+02
2.307546639543462845e+02
1.910108401777623612e+02
1.818187709079211061e+02
2.321109040091109819e+02
1.328292351348952991e+02
2.478073064200983993e+02
1.247399550097639889e+02
2.333556463067009759e+02
1.640523414593295399e+02
1.933169806347786164e+02
2.090458865192831581e+02
1.429130317156525223e+02
2.346301659191306896e+02
1.156367644516782036e+02
2.320594468438297895e+02
1.399235151397386403e+02
2.022625503628756860e+02
1.851178637534046914e+02
1.552758491712375530e+02
2.184977519376732857e+02
1.156420461482692303e+02
2.268843151499773683e+02
1.205760471044128508e+02
2.078501342435673962e+02
1.612014870524314176e+02
1.674707144708782209e+02
1.999421162190026280e+02
1.227174154591264710e+02
2.183146372074627664e+02
1.081063470609727659e+02
2.097781826841606119e+02
1.384480645519761310e+02
1.777857895261765577e+02
1.798841736726648435e+02
1.333429490714830479e+02
2.061405557738247865e+02
1.037144143081689691e+02
2.081541872465628558e+02
1.189020931541432731e+02
1.855188213523509262e+02
1.588245906932030493e+02
1.453145597943321832e+02
1.915174342383164969e+02
1.069830491797289795e+02
2.030593881211145231e+02
1.041581642159726897e+02
1.900049580723288329e+02
1.380618549708031537e+02
1.563950559910421987e+02
1.747136518478449716e+02
1.155672247193070348e+02
1.946395605653349321e+02
9.608818721507486771e+01
1.912287853567643197e+02
1.188459601061025950e+02
1.655370202421353554e+02
1.565287169223176988e+02
1.264605520318422407e+02
1.833388850299775470e+02
9.548624926454245099e+01
1.890505416213144656e+02
1.028457865978581793e+02
1.720041748575241911e+02
1.377670592826568168e+02
1.376477995691977867e+02
1.696161286265981119e+02
1.010910424025255026e+02
1.836738947708934973e+02
9.193115086221745003e+01
1.754947219166321872e+02
1.195459994567837754e+02
1.476188762966265244e+02
1.540695938508065979e+02
1.104224122265273564e+02
1.753208447287070442e+02
8.760400937501530905e+01
1.758342516228544810e+02
1.031558189635914715e+02
1.555037812963861086e+02
1.373943249443901777e+02
1.211097509025009344e+02
1.643990523853323396e+02
8.984431744429926425e+01
1.730550732071302491e+02
9.034301246936988150e+01
1.607852361644794996e+02
1.204553014175251633e+02
1.314126386396319219e+02
1.513275141684790981e+02
9.695458873669993238e+01
1.673366361795389992e+02
8.283838226476274258e+01
1.632066792685411940e+02
1.043630713043748557e+02
1.402508495278040641e+02
1.367253664143960918e+02
1.065922278186176868e+02
1.589204670456593362e+02
8.160994134790875876e+01
1.627022865677213872e+02
9.051690595628663516e+01
1.469454449053671681e+02
1.212980050358406459e+02
1.167704021816953741e+02
1.482173655941121240e+02
8.598317708300932338e+01
1.593004501422430224e+02
8.062563597363025281e+01
1.510994454866160766e+02
1.059428428559539554e+02
1.261501478522591668e+02
1.356622547024559253e+02
9.401199339068124061e+01
1.531980626733753184e+02
7.615721367467597247e+01
1.525163419759707040e+02
9.179396928028245384e+01
1.338847725893990912e+02
1.218514331937708306e+02
1.035885321528784999e+02
1.446780960550653106e+02
7.748181092247303070e+01
1.511849869418108199e+02
8.032565244970085416e+01
1.394397066377944441e+02
1.075268961130280871e+02
1.131260119385328409e+02
1.341176047517404584e+02
8.337931317586235025e+01
1.471908404745932160e+02
7.315196173577959371e+01
1.425185257328088255e+02
9.361888102915519028e+01
1.215538310497058347e+02
1.219914234051259285e+02
9.186630996390628923e+01
1.407220110919237186e+02
7.137146672190779384e+01
1.430056870144518371e+02
8.133220699023844702e+01
1.282052664923543830e+02
1.089035965651106324e+02
1.011462007546642496e+02
1.320777267543293476e+02
7.471700254058140445e+01
1.409065763286967581e+02
7.215426886425895248e+01
1.326797672815786768e+02
9.561515401098161249e+01
1.099341950821059584e+02
1.216458916373320562e+02
8.162601824224705638e+01
1.363410274097298611e+02
6.754059317006348806e+01
1.347580582498185890e+02
8.310695960756174827e+01
1.173983098411696773e+02
1.099170105819912777e+02
9.023601483021360536e+01
1.295271580340175888e+02
6.808142223243574165e+01
1.343731892599829223e+02
7.265133061692678496e+01
1.230108268864804444e+02
9.751466211346014745e+01
9.904783872740372885e+01
1.207710879603314993e+02
7.295047470187050465e+01
1.315676128726032061e+02
6.572183307888755621e+01
1.264638486553015042e+02
8.524029116894786284e+01
1.070391022270744514e+02
1.104713170455445379e+02
8.045043874427187802e+01
1.264854357605024688e+02
6.347392576650847218e+01
1.276079122185258399e+02
7.413967342132343674e+01
1.135480078390571776e+02
9.914028153245327246e+01
8.892943545494294710e+01
1.193597680214007539e+02
6.593936245977992883e+01
1.264226217521361946e+02
6.553183935726882225e+01
1.181661693603868173e+02
8.743462283856572981e+01
9.714968813794874336e+01
1.105129849695895246e+02
7.188714468302732996e+01
1.229672615851304016e+02
6.078708796092021061e+01
1.206562723627000082e+02
7.619643215650542345e+01
1.043161747752099302e+02
1.003662910069188854e+02
7.964913480172261018e+01
1.174245228166519723e+02
6.066718961423846679e+01
1.209310988827266300e+02
6.654023338073852756e+01
1.098954169452197789e+02
8.945617161343267298e+01
8.780311157637935082e+01
1.100383605896753636e+02
6.465568703852987653e+01
1.189950001303706131e+02
5.979649275449195756e+01
1.135867349737555259e+02
7.847347320663504888e+01
9.535243297063098566e+01
1.011896521012380674e+02
7.125504784683631954e+01
1.149322743865447478e+02
5.721778025770049680e+01
1.151262406408429229e+02
6.831187061857576737e+01
1.016995714132297053e+02
9.118282789270382693e+01
7.905507610855119083e+01
1.089935161910165675e+02
5.889891963611940895e+01
1.146189070315189298e+02
6.018027519081046961e+01
1.063585790682641630e+02
8.073050943997746742e+01
8.676579238276383421e+01
1.013907522939693706e+02
6.400762644408899860e+01
1.120123942500966194e+02
5.534703888514223991e+01
1.091245479345003417e+02
7.052197140701703404e+01
9.362203643197258884e+01
9.249766541298691891e+01
7.101872505925224743e+01
1.074482524971160871e+02
5.466777272636547025e+01
1.098798755729184222e+02
6.153350824315381118e+01
9.910800399786039350e+01
8.278272101614815881e+01
7.858393705662490447e+01
1.011366936339557867e+02
5.788816951042606007e+01
1.086054757305272602e+02
5.498288906980373270e+01
1.028999570739812413e+02
7.284494754033723041e+01
8.574710462963065538e+01
9.336578584278809956e+01
6.377597423230256624e+01
1.053787776535885143e+02
5.202222791776158317e+01
1.048189276362554807e+02
6.348836181050656791e+01
9.186157455458280197e+01
8.452150141313600784e+01
7.090448812383738186e+01
1.003447783009619485e+02
5.309124073349798323e+01
1.047926180887571093e+02
5.575250602451957604e+01
9.652538122604426007e+01
7.509927375635957958e+01
7.813474429422122114e+01
9.373824278347126437e+01
5.747287617440274943e+01
1.028353574283763407e+02
5.085234243644708130e+01
9.947859192743699452e+01
6.574488985470783575e+01
8.469196503080831917e+01
8.586357721148320366e+01
6.382333490710196600e+01
9.905009039471030974e+01
4.969817460662244457e+01
1.005963904863473886e+02
5.732530878123156270e+01
9.006101096056312372e+01
7.713162505562085869e+01
7.086022163403949037e+01
9.360826737884812587e+01
5.224885604698656039e+01
9.983956932271577500e+01
5.094198779642909614e+01
9.391691184891436706e+01
6.806865635870315145e+01
7.764959862158737280e+01
8.675855297664651289e+01
5.746986789156643738e+01
9.725625014755276254e+01
4.772267732276581143e+01
9.607515058463430080e+01
5.937610795596216917e+01
8.356552273390728658e+01
7.884229170446856472e+01
6.402032052589470368e+01
9.297962566537489693e+01
4.822975250450190288e+01
9.643398313616788187e+01
5.200490920324406829e+01
8.818468029481397252e+01
7.028068918201650206e+01
7.081914144808453671e+01
8.718922543030609518e+01
5.196501948166272200e+01
9.500287708635296724e+01
4.706604652279083467e+01
9.125971274879522355e+01
6.165269537061044502e+01
7.709503940064982430e+01
8.016067544735535932e+01
5.772337220072738262e+01
9.185589122785474103e+01
4.550832513155989290e+01
9.265184239793532583e+01
5.372957943139562786e+01
8.233594567279860144e+01
7.225264439999673982e+01
6.428226230635836203e+01
8.713419508884324216e+01
4.746427179435031718e+01
9.230647922055521803e+01
4.750919912573883153e+01
8.622089207545083411e+01
6.393779026886711847e+01
7.072788085978810102e+01
8.105434525343596874e+01
5.208785775117335248e+01
9.025974460390567344e+01
4.407867170605501883e+01
8.854509122750705785e+01
5.583347074777685748e+01
7.643286942724745359e+01
7.390908246452423214e+01
5.813034476003340245e+01
8.659809932588908055e+01
4.409833898924522089e+01
8.921490461388977167e+01
4.878243149112196875e+01
8.099622182644796453e+01
6.608243284940468243e+01
6.453267983223761917e+01
8.149557788447590667e+01
4.725464376862177573e+01
8.821221906639142674e+01
4.382876124394598349e+01
8.415428180210122378e+01
5.808340008831875423e+01
7.054131998083025223e+01
7.518546899700973540e+01
5.247704749823417814e+01
8.559254048219210631e+01
4.193121391373446016e+01
8.576067949890230580e+01
5.060082758388696078e+01
7.565058897923408665e+01
6.798438586913337645e+01
5.860092356293232285e+01
8.147699954369464592e+01
4.336590252000517154e+01
8.575144399803112094e+01
4.454331926922616702e+01
7.953238528013694975e+01
6.030862758000284884e+01
6.472741796357129829e+01
7.604931587756672684e+01
4.744625387091171120e+01
8.414072837951306383e+01
4.094540264630769144e+01
8.198513291457278740e+01
5.271807694915786868e+01
7.023823394276132603e+01
6.956736628493935370e+01
5.302514724485531161e+01
8.100292523333145311e+01
4.053664155570877625e+01
8.290656541673638458e+01
4.596665176157038246e+01
7.472912069019159276e+01
6.237846238483834327e+01
5.906398168686457950e+01
7.648296795473575571e+01
4.317480093747098380e+01
8.225938623575721920e+01
4.101815417463995317e+01
7.793821078793469326e+01
5.493264812253008955e+01
6.482242844521917391e+01
7.078868889039999601e+01
4.791300503831819668e+01
8.008254622296711034e+01
3.882939412655132116e+01
7.971203226393217278e+01
4.784505212048270550e+01
6.979683615817042153e+01
6.419822120179152591e+01
5.363934855063328655e+01
7.648173672239761345e+01
3.980043216630514991e+01
7.997683177892405126e+01
4.194313173541110018e+01
7.366511599982754888e+01
5.708704103163439925e+01
5.946752895291589169e+01
7.161911884551932417e+01
4.338963664668457909e+01
7.873026892324639903e+01
3.821992973494088375e+01
7.620827270578257639e+01
4.995070301919925981e+01
6.479421039907003887e+01
6.570868238734600197e+01
4.854726349765172699e+01
7.604104742627187363e+01
3.743510535879502044e+01
7.733026109176924479e+01
4.347702164631179755e+01
6.920533101399875875e+01
5.907201949202367786e+01
5.425581516563902085e+01
7.202485972125050750e+01
3.960242951070301132e+01
7.697997743964873507e+01
3.855301347638999943e+01
7.244290545141805637e+01
5.211291108046040677e+01
5.978047437889964044e+01
6.686331234621717101e+01
4.389977011941267193e+01
7.518325999842460305e+01
3.612004332813897634e+01
7.434984698809333281e+01
4.538437558286323537e+01
6.462467495520212424e+01
6.081128956041418121e+01
4.925867710473670513e+01
7.202305178611196368e+01
3.667317365151711073e+01
7.484071024936815775e+01
3.964267520950327395e+01
6.845605943556111583e+01
5.419216676780517616e+01
5.482041353176389009e+01
6.763877415384061464e+01
3.982369752212962055e+01
7.391381883273145093e+01
3.580858299394672173e+01
7.107582084380398157e+01
4.746966069055626036e+01
5.996409731637567830e+01
6.223734408635101545e+01
4.459020114605080920e+01
7.160450228628174330e+01
3.470246835883540371e+01
7.236054991448385465e+01
4.125016970117096804e+01
6.429630275411849993e+01
5.609241846151554256e+01
4.998893436170588700e+01
6.802359796409834303e+01
3.644874000029720662e+01
7.225790739320561329e+01
3.636011841705369108e+01
6.755038882682855217e+01
