1.188342779532767111e+02
9.796533664175260014e+01
8.197958805182913977e+01
1.295461447290677768e+02
3.582015739325685644e+01
1.411495862341928387e+02
3.607338076137735072e+01
1.306842483241881325e+02
8.313901252385892349e+01
9.976872434787604504e+01
1.215450631119418858e+02
5.468297651324741793e+01
1.416790903134502457e+02
2.434583156190076991e+01
1.397663423987923466e+02
6.632533907200003398e+01
1.159047678727871897e+02
1.104734672724865305e+02
7.453870357350791664e+01
1.388297131349087579e+02
2.900235512537020810e+01
1.457704606546257651e+02
4.852328790596216379e+01
1.298709014829817647e+02
9.658744196116315095e+01
9.388824078407965601e+01
1.325921617619844994e+02
4.601218203506046933e+01
1.484728275841504797e+02
3.240848397063585651e+01
1.411964486862197816e+02
8.029977359492529843e+01
1.119159791217315814e+02
1.230280887785954178e+02
6.634354664013763170e+01
1.477119297569460912e+02
2.647374454399027854e+01
1.495506461874701358e+02
6.235409344284062172e+01
1.280129659411011858e+02
1.103642481668997846e+02
8.700589805151008704e+01
1.434056833807566420e+02
3.802822122017582274e+01
1.545886205508576552e+02
4.429921431316021341e+01
1.416652449898778059e+02
9.489943272393455231e+01
1.068533102865176971e+02
1.355910999460484447e+02
5.770213545427086643e+01
1.561175705794632620e+02
3.083923711091438591e+01
1.524529469021747161e+02
7.723753151202946299e+01
1.250946151448332131e+02
1.243863652150016321e+02
7.930831272892757511e+01
1.539906990575157124e+02
3.264449056619068301e+01
1.599976655422036629e+02
5.842332530678962854e+01
1.411392597366730683e+02
1.100628184734405295e+02
1.007821543046557053e+02
1.481460894658046925e+02
4.925285945146641353e+01
1.640115765927181712e+02
4.111927846677299669e+01
1.544902731116474399e+02
9.304848419821648520e+01
1.211396831781775205e+02
1.386872924483607221e+02
7.102769058773692734e+01
1.643031804269246265e+02
3.293886585701640257e+01
1.647412685572717521e+02
7.420932133533676733e+01
1.396465707629868120e+02
1.258218974775433168e+02
9.386352056422069268e+01
1.607680138374184651e+02
4.237439515449491267e+01
1.714367579499144085e+02
5.515930782830080403e+01
1.556222620926263858e+02
1.098050604813540332e+02
1.161901140831638486e+02
1.533187417985612342e+02
6.264003534141532015e+01
1.743709888472603780e+02
4.037058665845703587e+01
1.686956109879769485e+02
9.137764194133701778e+01
1.371173167903315004e+02
1.421647997523511151e+02
8.624612323974101002e+01
1.733230391593577622e+02
3.968712818208329907e+01
1.784036533430930263e+02
7.168457328134903150e+01
1.559222780542919793e+02
1.275476205492959991e+02
1.104232270278914712e+02
1.683258171382676096e+02
5.530067998959975029e+01
1.842842953243789168e+02
5.357996205172743487e+01
1.720058668957978512e+02
1.099649354049659280e+02
1.338659577985780800e+02
1.593781328169201856e+02
7.849103955625909634e+01
1.861402929700150253e+02
4.390463080242531646e+01
1.848393153752540456e+02
9.033833446542649881e+01
1.555700509863266916e+02
1.465175164391932299e+02
1.041350312712041131e+02
1.839619610146424691e+02
5.117908408985677937e+01
1.940778089264038613e+02
7.070527041748836439e+01
1.748530756757819802e+02
1.303045468097834032e+02
1.298066727354148782e+02
1.774842671149559123e+02
7.174612727768946741e+01
1.991863886910874157e+02
5.543022445576295354e+01
1.912833988052812515e+02
1.113483334896609165e+02
1.545563102104692632e+02
1.669626252182395376e+02
9.782335926357586686e+01
2.002765593145571472e+02
5.311755209947894940e+01
2.040833395074706971e+02
9.133515710477432492e+01
1.773237134728478850e+02
1.524181001476509039e+02
1.257844095039879164e+02
1.969870732598814982e+02
6.800355135041832000e+01
2.131675015575486896e+02
7.315119538308107394e+01
1.978096601773191310e+02
1.349786082402667375e+02
1.535732083089295941e+02
1.892927525049638291e+02
9.306368593645272824e+01
2.180554016339447401e+02
6.366527778631622425e+01
2.151797379182823136e+02
1.155591566398824597e+02
1.806089585260732520e+02
1.776385989870419166e+02
1.230011180350541764e+02
2.190008292391160012e+02
7.081791131698757624e+01
2.293034448524111895e+02
9.705924171318680749e+01
2.058846417302588065e+02
1.626773755413795470e+02
1.541515412018769950e+02
2.153988145614420375e+02
9.277104289367255774e+01
2.393000929889452948e+02
8.383892885313194654e+01
2.288851244604879298e+02
1.454957679921758995e+02
1.860357108256817753e+02
2.079624077011746408e+02
1.236739695630868141e+02
2.456725924360045212e+02
8.429459177967872563e+01
2.491391578375545919e+02
1.282152329406436024e+02
2.175882747513952324e+02
1.971999291023306284e+02
1.590292739491360976e+02
2.482386749446528142e+02
1.021948849722760428e+02
2.668683802657014894e+02
1.154635203839121402e+02
2.482975006552288733e+02
1.845228233516496630e+02
1.976536087788189491e+02
2.480614324371392456e+02
1.337961028765879803e+02
2.819320205970792586e+02
1.148583360676756087e+02
2.784259766049162863e+02
1.725214707955173310e+02
2.384802584882883423e+02
2.454910706760785502e+02
1.753589798679897456e+02
2.952593113798545232e+02
1.317155795074125706e+02
3.093719440354979611e+02
1.672918827519679326e+02
2.824758129313550512e+02
2.433409455305041433e+02
2.258296363692878685e+02
3.101618317287466198e+02
1.703490574856452895e+02
3.425155882786424968e+02
1.763637104854517474e+02
3.337880936227182929e+02
2.495086690469004225e+02
2.879725719666830628e+02
3.303069756090049509e+02
2.286999586577808259e+02
3.840607935290257160e+02
2.126711218493454965e+02
3.972940716753455490e+02
2.737536873935079029e+02
3.697597114250154391e+02
3.683646476732682800e+02
3.194625766239122981e+02
4.507612036784498173e+02
2.948416601751555390e+02
4.951187608012245960e+02
3.485914155151979799e+02
5.020540802707321859e+02
4.670841563265483387e+02
4.820248511546635086e+02
5.961260926069372772e+02
4.845642446491431201e+02
7.126746102601563280e+02
5.856596890124691299e+02
8.082149092661256873e+02
8.023849164041400854e+02
9.218136666237039663e+02
1.137310470185426311e+03
1.180018176780625026e+03
1.600181533043912168e+03
1.734279256467334335e+03
2.042355782029070497e+03
2.050617897552966497e+03
1.580899653528775389e+03
1.452334124633955753e+03
1.080147728674271548e+03
9.138638746737714200e+02
8.152460781457078838e+02
5.674641020817192612e+02
6.628809800136158401e+02
3.983349222125592064e+02
5.123775928441067435e+02
3.511578253978894395e+02
3.646974742947002142e+02
3.610111503670917159e+02
2.272852362106692112e+02
3.564869345230404178e+02
1.353991714386424121e+02
3.146526489493073768e+02
1.451151773703434174e+02
2.463462814719283074e+02
2.030834338008793907e+02
1.529592620338979714e+02
2.353321171805847882e+02
5.997667756438770681e+01
2.352775876954235059e+02
4.426691287425887111e+01
2.065996654323816699e+02
1.165503717204317411e+02
1.509281484812474616e+02
1.662337845396706086e+02
8.118982572784976526e+01
1.839821980320559760e+02
2.856433645048608838e+01
1.844332097701443729e+02
6.503181381659476301e+01
1.589180533896180521e+02
1.159460952451996576e+02
1.181979903476445202e+02
1.515112801573246770e+02
7.317766530273767955e+01
1.658849357105932825e+02
5.575538475660084003e+01
1.586797312704069043e+02
8.161704190272082826e+01
1.409403197098882004e+02
1.211017293893778231e+02
1.062262965974241240e+02
1.466369701831980308e+02
7.809962755068401918e+01
1.554084195042478314e+02
7.324419109790795801e+01
1.484836883819019988e+02
9.469482620241228688e+01
1.321911292168193199e+02
1.249614997103091412e+02
1.072326280047495004e+02
1.440718237239892119e+02
8.403017113560969165e+01
1.539124680247638821e+02
8.180711516093897728e+01
1.487364928806481714e+02
1.045028542176180792e+02
1.286872795077044032e+02
1.288306604119480880e+02
1.073527221447037903e+02
1.496229016624005794e+02
8.732333772685042561e+01
1.576494980574296392e+02
8.959527519531560813e+01
1.488670429647276023e+02
1.116428738178966000e+02
1.307950641773185794e+02
1.381258796684660695e+02
1.035180416955866036e+02
1.573076690012994447e+02
8.572969419688800485e+01
1.620464506246766803e+02
9.295121192831747692e+01
1.538758039475477801e+02
1.224522474917990422e+02
1.276737161489299694e+02
1.520497828463415431e+02
9.718768430118160495e+01
1.697726379202684086e+02
8.224695267802675858e+01
1.718760162938744713e+02
1.018648177842423479e+02
1.529914649963241402e+02
1.395003594718607474e+02
1.201963447691922227e+02
1.720353854209479039e+02
8.471130781323461179e+01
1.863901202750840582e+02
8.339549665037965553e+01
1.774752821352474257e+02
1.221990905159151168e+02
1.469099605080962476e+02
1.664608085405168652e+02
1.010288714173824900e+02
1.949243989045340868e+02
7.095676113727881784e+01
1.990269580756026926e+02
1.010332728955999357e+02
1.747110810875119000e+02
1.553111568292535196e+02
1.274900573265698966e+02
1.977679276206010002e+02
7.453259489274022087e+01
2.148758720173547090e+02
7.811038717247765817e+01
2.012977196536585041e+02
1.378200911290087731e+02
1.579555771720177688e+02
1.937987850471100728e+02
9.578870287166850517e+01
2.255270637849383206e+02
5.988146560058796553e+01
2.246412325671982444e+02
1.150063951920476910e+02
1.895989504468039399e+02
1.831786861565540505e+02
1.264453756413401209e+02
2.301142840125587838e+02
6.036068289269575615e+01
2.434434023181406985e+02
8.812415457822933718e+01
2.189173094785052456e+02
1.654531912080755660e+02
1.612936339461378452e+02
2.270398732236733679e+02
8.311614802556202619e+01
2.565707317118645392e+02
6.077624250387105320e+01
2.460672350664783607e+02
1.416153043272061325e+02
1.970117848776320102e+02
2.170719239857457694e+02
1.182838651496555400e+02
2.630258952746937098e+02
4.682559707597382470e+01
2.687800665403844391e+02
1.115624680187680013e+02
2.318890872159093703e+02
2.000035868324500825e+02
1.582031694830346851e+02
2.625320919829634931e+02
6.616729304284882573e+01
2.859204697028913529e+02
7.725077903614818808e+01
2.640156235446501682e+02
1.754186066486412585e+02
1.997680175534547686e+02
2.547209703168189776e+02
1.050877681520598372e+02
2.967261387957584020e+02
4.573417871450418914e+01
2.921065804722290409e+02
1.438703679861116314e+02
2.406027097038800093e+02
2.391183710301333463e+02
1.503892947701690161e+02
3.001272921268052869e+02
4.710479374051800505e+01
3.149393475772087072e+02
1.061559558396827043e+02
2.790782114357165824e+02
2.153035220955733280e+02
1.981302334754392120e+02
2.958084426431041720e+02
8.671841288493558864e+01
3.311094190219432676e+02
6.452865782526539817e+01
3.139514113417712338e+02
1.835071270596390036e+02
2.459287289116961119e+02
2.829391578885763465e+02
1.376151901446099259e+02
3.399972263860665862e+02
3.460440753588052587e+01
3.436997296758189009e+02
1.439261067178565554e+02
2.921665867687493687e+02
2.613471824588546042e+02
1.920924247332790458e+02
3.405828104384715402e+02
6.393030038518905656e+01
3.671411748242941258e+02
9.764748906785136739e+01
3.350629108879862201e+02
2.305097158314185037e+02
2.477901678706422501e+02
3.322534280542499232e+02
1.195188753526895056e+02
3.830590991585366396e+02
4.840601988558107394e+01
3.734477649901883183e+02
1.909486778080485010e+02
3.024648980071596043e+02
3.141296035610385502e+02
1.810522905177666075e+02
3.901082317860416993e+02
3.809032377889828780e+01
4.054933632336989149e+02
1.423242784600863615e+02
3.548732925532538047e+02
2.857412411805977968e+02
2.453474648198766204e+02
3.876705004655138964e+02
9.527090051082760169e+01
4.299929807396093224e+02
8.579201906497880259e+01
4.033807029256537930e+02
2.470058123700222552e+02
3.099026954933071920e+02
3.743753564999104810e+02
1.649178564132910765e+02
4.456988497733891563e+02
3.120007889374435806e+01
4.463507633907728973e+02
1.974433862603503371e+02
3.738468785920328514e+02
3.501570910222952762e+02
2.388757100835366600e+02
4.513303136961641258e+02
6.433615622345939755e+01
4.816187563094147208e+02
1.371764751789853563e+02
4.348801379251326580e+02
3.135432140794564475e+02
3.156032793409426063e+02
4.454289648690057675e+02
1.418970846141656352e+02
5.088213681199260918e+02
6.847152345260522566e+01
4.914096762444010551e+02
2.644989686714614550e+02
3.930611021655011541e+02
4.271432949234578587e+02
2.275453821761431925e+02
5.256562134145323171e+02
3.007160499750872873e+01
5.417304148883974904e+02
2.028083717416216700e+02
4.694320518133864653e+02
3.952167176346376323e+02
3.182193910150314764e+02
5.303837107383805005e+02
1.109442481811540091e+02
5.837133587659565137e+02
1.278547895030896058e+02
5.434559475850562649e+02
3.487999344309155276e+02
4.125137665719052507e+02
5.217588597237595422e+02
2.096712824097171790e+02
6.159865767869663387e+02
4.328680869437638279e+01
6.125886754747189116e+02
2.866967259427999011e+02
5.087282847297934723e+02
4.979372943784556469e+02
3.173648520660833015e+02
6.360712990426835631e+02
6.865378216556611335e+01
6.753724763631189489e+02
2.082945544270886842e+02
6.051850408068673914e+02
4.572435655229515987e+02
4.327210331073717953e+02
6.420609040233198357e+02
1.822716243723082243e+02
7.293207969139136821e+02
1.126489115263144782e+02
7.003333620031085047e+02
3.978586379465293703e+02
5.547907964721708822e+02
6.317404401694009266e+02
3.112926489681039470e+02
7.723125063810562096e+02
1.997388195960538937e+01
7.922738195713645837e+02
3.178038428119824061e+02
6.824377331922028134e+02
6.023229984204276661e+02
4.547791379686840969e+02
8.019262812697030540e+02
1.412178021657642830e+02
8.792227423794892047e+02
2.146179655005580855e+02
8.154919108822340377e+02
5.519829429992223595e+02
6.120013630793910124e+02
8.149705693613933590e+02
2.978059454905172743e+02
9.585348089160486325e+02
8.627593169643068904e+01
9.513210532113592990e+02
4.744755915698573858e+02
7.860033744780636198e+02
8.084544304303479976e+02
4.803616197114630495e+02
1.028619071080559934e+03
7.746489282414314914e+01
1.091623121900889373e+03
3.674257865053263572e+02
9.770855538735913797e+02
7.778075855783941961e+02
6.922722706950819429e+02
1.086513849927078354e+03
2.727513899297208582e+02
1.235663223282938816e+03
2.233960555820428056e+02
1.189144527130449433e+03
7.172375150788144538e+02
9.403927431300039643e+02
1.128983130796709247e+03
5.152777865804040403e+02
1.384805266476631232e+03
3.473716455829318761e+01
1.428457748000314950e+03
6.184995030175397233e+02
1.235905636487864740e+03
1.152214696371159562e+03
8.182953488174056247e+02
1.540631261472440201e+03
2.238144230118589348e+02
1.705789044103337801e+03
4.672424127412529060e+02
1.598660592893587136e+03
1.148623552942843617e+03
1.210383058883090143e+03
1.710322046829621968e+03
5.713239333287068575e+02
2.043183580846555287e+03
2.396429518078971626e+02
2.067472783397760395e+03
1.110022087252413712e+03
1.740230403248309585e+03
1.905423659195727851e+03
1.067801992718576230e+03
2.483774959860925264e+03
1.126743468880933676e+02
2.719070651279468166e+03
1.013187636090352385e+03
2.519238079229483901e+03
2.154687516786672859e+03
1.840502921468982322e+03
3.129140189747883596e+03
7.035824945046978200e+02
3.748557098175665942e+03
8.064318462407179595e+02
3.836149753973057614e+03
2.537258767428087140e+03
3.249545811864898042e+03
4.283853419020106230e+03
1.884525714850454733e+03
5.787803808868914530e+03
3.122888615403462040e+02
6.755587189872188901e+03
3.376448992921724766e+03
6.831216195212788989e+03
7.385358727418377384e+03
5.510029435575537718e+03
1.267492235550708938e+04
1.756482645387637604e+03
2.083248050194166717e+04
8.568851361388751684e+03
4.265916398923983070e+04
9.256053911365164095e+04
9.332571646120504010e+04
4.418474388195197389e+04
7.681536783329187529e+03
2.103892856972337177e+04
2.288780964615608809e+03
1.264173914047314975e+04
5.889475767567928415e+03
7.213057406647646530e+03
7.055555845693128504e+03
3.161096084215348128e+03
6.859563759484154616e+03
1.044818953678374243e+02
5.800350692405744667e+03
2.073017105515165895e+03
4.227032715629738959e+03
3.393593352394389512e+03
2.436466145480237628e+03
3.929869075814444841e+03
6.806806918519820329e+02
3.786617543359518550e+03
8.325546868561509655e+02
3.116831224390879015e+03
1.954479385077485176e+03
2.100956075847801912e+03
2.604333485998125980e+03
9.324891210893371181e+02
2.768842795855376153e+03
2.078928368198409373e+02
2.495008318023240463e+03
1.160612485098064553e+03
1.881542307299696631e+03
1.818503996849790155e+03
1.058873422202571874e+03
2.122851918423870302e+03
1.712370841691666499e+02
2.070184773528656024e+03
6.478092953247954711e+02
1.707311097211599872e+03
1.281509769887244602e+03
1.120605958614502470e+03
1.657958769986395282e+03
4.171485543018562794e+02
1.743614058454176302e+03
2.868588030057033507e+02
1.553345446418240499e+03
8.838182942384796661e+02
1.139893682015976992e+03
1.294799436781346230e+03
5.842095202876006397e+02
1.472508728455248274e+03
2.556670324831129193e+01
1.408277039000354534e+03
5.724008884241735586e+02
1.130957628786625719e+03
9.973718928948932216e+02
6.973257083791534114e+02
1.237241401175221426e+03
1.857378417768640304e+02
1.268243291601894043e+03
3.222063040133924687e+02
1.099645388743193962e+03
7.458748383883606721e+02
7.701777756611032828e+02
1.026790892179441244e+03
3.409323864530265382e+02
1.130344981009113781e+03
1.176694627042783736e+02
1.051069180737541728e+03
5.292350715151261511e+02
8.117871038742989640e+02
8.355111658626858571e+02
4.587143978594422151e+02
9.942009440900665140e+02
5.462617462190810613e+01
9.884973606372630002e+02
3.409350348552358696e+02
8.280054711848041507e+02
6.603482036986492858e+02
5.450864579769620377e+02
8.593563843085443068e+02
1.918476038544849587e+02
9.145411039994760358e+02
1.767095592962511148e+02
8.230829352420680607e+02
4.986993094902406938e+02
6.062730476628429415e+02
7.277551577487636223e+02
3.039350243929841326e+02
8.319532642262983018e+02
3.641326081417459193e+01
8.005163344493661270e+02
3.507620709497118696e+02
6.442436517307668282e+02
5.990428999428678480e+02
3.929662049182212513e+02
7.426213697643360092e+02
9.075041204948905715e+01
7.631576063053536245e+02
2.158550418869964460e+02
6.623885939494924742e+02
4.745905610222947075e+02
4.609580273995537709e+02
6.485494119730216198e+02
1.946235144901295087e+02
7.134463895577132462e+02
9.416994232801781095e+01
6.631550825758097290e+02
3.554285131114970113e+02
5.098215385943659044e+02
5.516537590264018718e+02
2.814326949585069997e+02
6.536861706343186142e+02
2.093868460498203987e+01
6.487055106300463194e+02
2.426360713210811468e+02
5.411979662357757661e+02
4.537001878767817971e+02
3.516462389370219057e+02
5.859675261976516367e+02
1.131177841036587779e+02
6.210782684477858311e+02
1.373210604169551061e+02
5.566275453582936734e+02
3.563537641016258135e+02
4.060129780571685956e+02
5.122939083786417314e+02
1.958881202495848584e+02
5.821779135641695575e+02
4.136867587317517092e+01
5.576032073819970947e+02
2.611744977237752892e+02
4.453178068020854425e+02
4.345190930115891206e+02
2.657726564670589937e+02
5.338914263059135692e+02
5.043812161245596570e+01
5.456316427472423811e+02
1.696566459322351363e+02
4.704196046715160264e+02
3.544631774899171432e+02
3.226605304356716601e+02
4.779878802043395467e+02
1.280351457810812121e+02
5.221974689451417362e+02
8.329814589503543232e+01
4.822448608306449955e+02
2.738014267036523393e+02
3.667406175212348103e+02
4.162207512055393863e+02
1.961463886182459362e+02
4.888048475898736456e+02
1.190964699592056242e+01
4.818035495932516596e+02
1.940952183510129885e+02
3.983917831131455500e+02
3.503191479004577786e+02
2.537865120627799058e+02
4.470117478835043698e+02
7.294635851534751225e+01
4.701905721033369900e+02
1.168911930114014837e+02
4.180559390079424134e+02
2.819111876193431954e+02
3.006370531307016449e+02
3.983144680193570935e+02
1.384134284186720265e+02
4.486062461554200809e+02
4.408873584922169897e+01
4.263258626979698533e+02
2.125180480733361037e+02
3.367155657184760003e+02
3.442756937661984580e+02
1.956333512274516977e+02
4.182687720649939251e+02
2.842081168764990551e+01
4.240140405260685839e+02
1.437070187803466865e+02
3.621011473804047114e+02
2.863946359716882739e+02
2.439300294232720034e+02
3.804895268962246746e+02
8.982951518883342601e+01
4.119528930996393683e+02
7.695658609591134791e+01
3.771141205991201559e+02
2.261656277711964549e+02
2.829449081169725559e+02
3.365971070855181324e+02
1.458084797086539481e+02
3.911288760161627920e+02
1.613307650390749970e+01
3.821827850371465161e+02
1.650050318443963704e+02
3.125345598977498298e+02
2.879228602166243149e+02
1.945713490848079346e+02
3.626083135633276697e+02
4.865408816734856146e+01
3.779773451912142264e+02
1.043595545248671925e+02
3.327581584872741018e+02
2.359081989153705763e+02
2.354149648051026134e+02
3.275064532273137843e+02
1.026355514689942794e+02
3.651318170563550893e+02
4.578259413760606122e+01
3.437995401870929868e+02
1.818120088524713935e+02
2.680539080563175389e+02
2.870254476977897866e+02
1.510640975528267234e+02
3.445436499658070488e+02
1.532116037607969083e+01
3.460384865635206779e+02
1.269826843050883269e+02
2.922989101089115707e+02
2.423846471324523293e+02
1.929404841662540946e+02
3.171480915521152042e+02
6.500209555871361999e+01
3.399833691026416318e+02
7.275908478380921451e+01
3.081459876445458690e+02
1.948057670297330333e+02
2.277212935954810575e+02
2.839531141446602192e+02
1.125182238588808445e+02
3.262905772700245848e+02
2.142017477706921724e+01
3.157907840077496076e+02
1.455459033318683453e+02
2.550574250869176183e+02
2.460616968654563266e+02
1.547193948790545619e+02
3.056877745051787656e+02
3.235068668770561828e+01
3.155115923366123525e+02
9.578822140960410536e+01
2.747925248090532477e+02
2.045529460306067620e+02
1.909015951944477933e+02
2.790558421407852734e+02
7.814489917801344632e+01
3.077969185035175883e+02
4.690615882430492434e+01
2.869200913136608619e+02
1.605676863898203237e+02
2.205639998823300232e+02
2.473161783159024196e+02
1.201361446636394135e+02
2.932338792886916963e+02
9.048183764035512056e+00
2.915938204610630464e+02
1.152385513932367616e+02
2.434020185361861479e+02
2.114614092378057251e+02
1.571120763365135247e+02
2.725176709642304900e+02
4.754533906857690084e+01
2.891080556228660043e+02
6.972632772484267605e+01
2.592601680888148508e+02
1.724986177418980446e+02
1.884621280826287375e+02
2.464344418935887688e+02
8.877005782523258404e+01
2.799153927453533015e+02
2.566499230338916604e+01
2.681659906066736880e+02
1.314996053561282281e+02
2.137445406089645132e+02
2.158569338044929395e+02
1.260247825218618516e+02
2.645491695210684497e+02
2.083110262031923909e+01
2.702632949243640610e+02
8.951078832506713923e+01
2.326963923544012403e+02
1.816966862672689729e+02
1.584997074771191592e+02
2.436726394225090928e+02
6.031143772635751787e+01
2.658445228858059863e+02
4.767890958874121310e+01
2.452027699425634069e+02
1.449099685741612973e+02
1.856587590940044095e+02
2.180270967548280225e+02
9.737669806908841963e+01
2.553291332409305312e+02
9.870855955514194591e+00
2.512956903035712060e+02
1.064771293345009582e+02
2.071322722863515082e+02
1.884339252260123772e+02
1.304976989577391180e+02
2.392421843691047627e+02
3.462898129007336223e+01
2.511250799535150691e+02
6.739732287176754255e+01
2.226897497178857463e+02
1.557375786121864110e+02
1.590375288120540347e+02
2.182134805960680239e+02
7.097209804728025517e+01
2.449983358598145742e+02
2.894703124275145001e+01
2.322497979832787678e+02
1.208450603491289286e+02
1.825237626313821693e+02
1.929468290556368970e+02
1.043239844552275741e+02
2.333211021614500851e+02
1.260387539314220540e+01
2.358612939086666529e+02
8.467520633421298726e+01
2.006395373431746236e+02
1.642132011152770872e+02
1.338016573589658833e+02
2.166052293465976675e+02
4.672198487868917738e+01
2.337038642016832455e+02
4.821953873046344086e+01
2.131959733869068714e+02
1.328215561314163438e+02
1.588572483323755193e+02
1.954517522811654544e+02
7.988311744183162944e+01
2.260781121504130056e+02
1.350749071840675697e+01
2.201544996473606659e+02
9.963316278150630012e+01
1.790834923789349489e+02
1.705434492896207530e+02
1.099005214621720938e+02
2.133846047471559473e+02
2.471103149280847333e+01
2.215770655239097096e+02
6.551820881553706499e+01
1.942128881853110158e+02
1.426065708143714801e+02
1.361144027320868588e+02
1.961307339442819853e+02
5.711448205034177050e+01
2.176608892225713703e+02
3.151525214670961361e+01
2.041047773096384788e+02
1.124199516243744057e+02
1.580465107738470181e+02
1.748995983744891589e+02
8.730449234893970356e+01
2.087136333793869483e+02
7.509514242285080243e+00
2.087411708500703469e+02
8.079119268797072095e+01
1.753553186534188626e+02
1.503504480501224805e+02
1.143042135628781892e+02
1.951438034500880008e+02
3.602821714097357386e+01
2.082092771491062990e+02
4.857891698367938460e+01
1.878050148114027138e+02
1.231658099054428988e+02
1.375724401984141423e+02
1.774417640419706004e+02
6.600005050050184252e+01
2.027395080123690150e+02
1.713650330939175959e+01
1.953055730272404560e+02
9.410774402502902092e+01
1.566840236660689527e+02
1.561808466320728996e+02
9.345366521073439969e+01
1.926365087868736055e+02
1.693215909824375487e+01
1.978631912901230976e+02
6.394484531866687149e+01
1.713486473901743636e+02
1.319911131625536598e+02
1.177077597858817057e+02
1.783084922371362779e+02
4.600859630830269964e+01
1.956038478362535784e+02
3.355874761107520499e+01
1.813804478870090406e+02
1.055425233674273358e+02
1.382882674870042763e+02
1.602381494069962571e+02
7.359205374243416031e+01
1.887591271712538799e+02
