2.326562752332649211e+02
1.368303259566613406e+02
2.441445552916728445e+02
1.466050197936971813e+02
2.284651001186797430e+02
1.894459572586733032e+02
1.911772935319895055e+02
2.322254136156591642e+02
1.507718213204279891e+02
2.545798718222083039e+02
1.426934950153641921e+02
2.488367054021021261e+02
1.794554660823282006e+02
2.165805016650298001e+02
2.284123020106662807e+02
1.713418447815178070e+02
2.619466644169463621e+02
1.452495503072086365e+02
2.673957308526523775e+02
1.695410693003898075e+02
2.427913578058372934e+02
2.214087672474579733e+02
1.971050479065095260e+02
2.655874696929221273e+02
1.563406212737775434e+02
2.834874465332063664e+02
1.617895538937993649e+02
2.689334709095807057e+02
2.117849005063422112e+02
2.266261370785339579e+02
2.654079582601093534e+02
1.762166224132030266e+02
2.965288221945012310e+02
1.596264355103756429e+02
2.941149037488410727e+02
2.006384652688977610e+02
2.586001388409073343e+02
2.613174727226077607e+02
2.038864116170956891e+02
3.059144385400061310e+02
1.662207229102858719e+02
3.174674341372131039e+02
1.898957630800425420e+02
2.919618132722528117e+02
2.535690399472745185e+02
2.379461480761151506e+02
3.112693045491431576e+02
1.837652424377351679e+02
3.383990222410934052e+02
1.828285531673373328e+02
3.256984099285693901e+02
2.428511023613495468e+02
2.767934008025486605e+02
3.122610560830920576e+02
2.125847381245108352e+02
3.560981095343587981e+02
1.836239576274608680e+02
3.589795870005063421e+02
2.306081747790104544e+02
3.193121318494550565e+02
3.087478688447130821e+02
2.513929695908922781e+02
3.700087001725001414e+02
1.969570045767777913e+02
3.910155131018321981e+02
2.194965897788003701e+02
3.646861680463154016e+02
3.010344880177544269e+02
2.987858016458875454e+02
3.795312121615419301e+02
2.252532854028838472e+02
4.211110797463578592e+02
2.140768130384593064e+02
4.119302653074076943e+02
2.897925293300904173e+02
3.536522563762098912e+02
3.842686821016121712e+02
2.687709829529998729e+02
4.480558375815836030e+02
2.215805005251384614e+02
4.615583777504970726e+02
2.773701791648871335e+02
4.161007078886900103e+02
3.842413197837705638e+02
3.280202613057152803e+02
4.734000735126850259e+02
2.471422252640607837e+02
5.113668800714410168e+02
2.671069273898196457e+02
4.849205716441949221e+02
3.791237822025746596e+02
4.012758479353217922e+02
4.946416324050279059e+02
2.960756024793824963e+02
5.628581295917442731e+02
2.669037851822735661e+02
5.618843210743842747e+02
3.709801693551074209e+02
4.898077857335231897e+02
5.123386831796245815e+02
3.702556008410340951e+02
6.159482959067150887e+02
2.879553553457610633e+02
6.479032323971456435e+02
3.613224575558085121e+02
5.962692013411372045e+02
5.276990360245965803e+02
4.723420598651400724e+02
6.712529615494285054e+02
3.440050693199945613e+02
7.472047645885569409e+02
3.601162249902899930e+02
7.251896445973293339e+02
5.373342083116183403e+02
6.112021860555043986e+02
7.345962355592107542e+02
4.453237147690024358e+02
8.666796531260443999e+02
3.793768641641082127e+02
8.876325256741999965e+02
5.501495118774915909e+02
7.928935822508184401e+02
8.046339595403599105e+02
6.050533356092487338e+02
1.012783782036674552e+03
4.456799564715551014e+02
1.105103120961857712e+03
5.712517551575668904e+02
1.052760055625098403e+03
8.962079816531539791e+02
8.552843591014933509e+02
1.215335332924556724e+03
6.099602205715848413e+02
1.422173256776739663e+03
6.230689563086458520e+02
1.452678949656275336e+03
1.028869045952219267e+03
1.281510877647163625e+03
1.537235112654341492e+03
9.482450557043603112e+02
1.961762311196611108e+03
7.767165946629243081e+02
2.187664040773361648e+03
1.287927658210677691e+03
2.125424405623212806e+03
2.188408612009097851e+03
1.760722884323147582e+03
3.162820337293637294e+03
1.339790483186462097e+03
4.103938913938519363e+03
2.053704775339706885e+03
4.856057214800793190e+03
4.502224939490440192e+03
5.418673675713529519e+03
9.661472210592763076e+03
6.367346723626432322e+03
2.890167380513061289e+04
4.308869879565323208e+04
3.345760811248262326e+04
1.007882079980493836e+04
8.523252073708179523e+03
6.999850754930075709e+03
3.252874990282052750e+03
5.395289967033687390e+03
1.416531187142194085e+03
4.027266764575406796e+03
1.724220034405614570e+03
2.747056872110067161e+03
2.228428151458481807e+03
1.568095080490844566e+03
2.353035416286419149e+03
7.171964128788821426e+02
2.141606617024710886e+03
7.283008357440870668e+02
1.703774535215017977e+03
1.152564627831225380e+03
1.136572199045268917e+03
1.409501480692152427e+03
5.734627039260028596e+02
1.436836397664831111e+03
3.626238320323088260e+02
1.252838147139039165e+03
6.694938730833555383e+02
9.270623891181668341e+02
9.376586024486127826e+02
5.297618152084630765e+02
1.046099711848044535e+03
2.243687222522970615e+02
9.900202050383691130e+02
3.943503119288077414e+02
7.955407033465882023e+02
6.470422190068339887e+02
5.113399350567219130e+02
7.921945538472718908e+02
2.126708113775614777e+02
8.055546262911168469e+02
2.160118847615456161e+02
6.949182339202576486e+02
4.442366013637751507e+02
4.933195611162876730e+02
6.056060884453401059e+02
2.434225594065435416e+02
6.613190121203399485e+02
9.767854992095205091e+01
6.135792538743653495e+02
2.935591140910913168e+02
4.743745174750379192e+02
4.613431037896360181e+02
2.753112040777660923e+02
5.455824468713483384e+02
6.947964055354057678e+01
5.416129170629515102e+02
1.777306821890803974e+02
4.507466354693142989e+02
3.452684069052534710e+02
2.965019319018403507e+02
4.474707263209450048e+02
1.089228700721375276e+02
4.718968872106979120e+02
8.536634322076999126e+01
4.203512653598095881e+02
2.460260206584884486e+02
3.089421427682473222e+02
3.606700434175388068e+02
1.538619385935714661e+02
4.079263542569660785e+02
1.523787899688441350e+01
3.877997761059728532e+02
1.654325203514537179e+02
3.101871669351482410e+02
2.826983743456850675e+02
1.892446205030655335e+02
3.477880171428517997e+02
5.266539637998604917e+01
3.524400894394516968e+02
1.026346573010912664e+02
3.049516227081319926e+02
2.164280983935694849e+02
2.111077616591541641e+02
2.891614292613888324e+02
1.014841936041226234e+02
3.153966055523196133e+02
6.660142430353081977e+01
2.903803935379605718e+02
1.588375012996337148e+02
2.266054450989034876e+02
2.368807123893340929e+02
1.387942930631955107e+02
2.754130628827825262e+02
7.240323634554204091e+01
2.717785909851912152e+02
1.171815196386947378e+02
2.324490715491477317e+02
1.890175438917179633e+02
1.653886803014753184e+02
2.353873470866967921e+02
1.031650212373910875e+02
2.491095686472208115e+02
9.852998638844255197e+01
2.294070236330543366e+02
1.483549361130289981e+02
1.864737527128204704e+02
1.985436829996832557e+02
1.319812878317630691e+02
2.195119702603868461e+02
1.031643193220955510e+02
2.233417971375936304e+02
1.217132874804876650e+02
1.979691996665501676e+02
1.640184313678342960e+02
1.573150166880355414e+02
1.943911483821571835e+02
1.245200852988365909e+02
2.081724213598872666e+02
1.132609651100231360e+02
2.006653861635117266e+02
1.369729028678800660e+02
1.797637589196843919e+02
1.693308373853006970e+02
1.492868312142709897e+02
1.926925460462963713e+02
1.232589452517638335e+02
1.983296267254243617e+02
1.264459436385758693e+02
1.912559236125323139e+02
1.440633693550394128e+02
1.673816155751225949e+02
1.700582571401266989e+02
1.422627180499161170e+02
1.880101685843260384e+02
1.258046502530615385e+02
1.948486373353480303e+02
1.289356732742636495e+02
1.841609469244248203e+02
1.504707873538646083e+02
1.649677686251240516e+02
1.721002168555620244e+02
1.403368132024209558e+02
1.907255643145101658e+02
1.284395475861184934e+02
1.988515827670450733e+02
1.353590904862412287e+02
1.858368232985175155e+02
1.547246158283617490e+02
1.624984414573963818e+02
1.798050459839007544e+02
1.369712289963163983e+02
1.966107252483558625e+02
1.216029196653649080e+02
2.021675970930187418e+02
1.354180642574688704e+02
1.863160009241268540e+02
1.627225395211238776e+02
1.636470711517752079e+02
1.939359549617219898e+02
1.292145464095966645e+02
2.118325466728696256e+02
1.199345941014755113e+02
2.132079419514712129e+02
1.406860644268060128e+02
1.918299965688916586e+02
1.810305292454034998e+02
1.540135792760381719e+02
2.166640227290632481e+02
1.206577727795255726e+02
2.362421370650685617e+02
1.176159718377332126e+02
2.250192427926428138e+02
1.596731128213259012e+02
1.931431325394435419e+02
2.142687520799916570e+02
1.378251031456989040e+02
2.512666990255646624e+02
9.893464804232287690e+01
2.637546524176964340e+02
1.322648879206753634e+02
2.373610073056853480e+02
2.039727786650403800e+02
1.776192079820765741e+02
2.637152174918963965e+02
1.075585088691289002e+02
2.979789288585836857e+02
9.515182506524300265e+01
2.884828914858764506e+02
1.816535985437446072e+02
2.371861192072183258e+02
2.748775391862900506e+02
1.431635199486368606e+02
3.316926814747832282e+02
6.581795965565696349e+01
3.453246663253539168e+02
1.535696243631500977e+02
2.994475997735857504e+02
2.721097808193039214e+02
2.050227308573456924e+02
3.632337400487866717e+02
7.465858516397713629e+01
3.998234715791335816e+02
1.091798990141599006e+02
3.748646022214794016e+02
2.609910807309913707e+02
2.846322628723486332e+02
3.869573117468069654e+02
1.392716181117069709e+02
4.600199945723066435e+02
4.952187413533611959e+01
4.620905324545990993e+02
2.393668646615415696e+02
3.836310888115509670e+02
4.082311296166691363e+02
2.323317046153768786e+02
5.226103504445795807e+02
2.919368786489923551e+01
5.587916683928530119e+02
2.022143434904814114e+02
5.030368235978422717e+02
4.199770304096912810e+02
3.566439631781178718e+02
5.896361297463744222e+02
1.347399779144583647e+02
6.743413654407059994e+02
1.510505700669152986e+02
6.545212743829220017e+02
4.283567130139117580e+02
5.132117722733466962e+02
6.599980351092422097e+02
2.807529825083306037e+02
8.138110078190106833e+02
1.063505651955018294e+02
8.467440799914718355e+02
4.188653240440822287e+02
7.388590319989910995e+02
7.486326498858875311e+02
4.917544261238561489e+02
1.000998452756973734e+03
1.827242293359894916e+02
1.121283961644358897e+03
4.083217766225824334e+02
1.071935751905988127e+03
8.692304690949330279e+02
8.221352379146291014e+02
1.280618860621093063e+03
4.284515338945161602e+02
1.556444786410969300e+03
4.067603572230073610e+02
1.628524993071285962e+03
1.059155135761626980e+03
1.430235176245007551e+03
1.779745614853714414e+03
9.508628315284299788e+02
2.429352757410094000e+03
5.712552404487125841e+02
2.876652311046460454e+03
1.503571554818112645e+03
2.983404141725390218e+03
3.138609616163372721e+03
2.610103507542131865e+03
5.406161437049216147e+03
1.816156947608739983e+03
8.947271802416496939e+03
4.620705125232740102e+03
1.850901141276200360e+04
3.899911288315826096e+04
3.914613959104214155e+04
1.879265553267190626e+04
4.594281927504213854e+03
9.051638436211311273e+03
2.115229905380585933e+03
5.500510242924859995e+03
2.760845940395775870e+03
3.257743030140728479e+03
3.123366033659992354e+03
1.647973434175620923e+03
3.014330348040696208e+03
8.017482938731537843e+02
2.548113626121601101e+03
1.126535629522230238e+03
1.894749971654091041e+03
1.561849092936507077e+03
1.180659937505945663e+03
1.754197495119242376e+03
6.110991388895484988e+02
1.682642611904138676e+03
6.159309587209521624e+02
1.400745582019609856e+03
9.623641300544338719e+02
9.847321608441250191e+02
1.193138398474008909e+03
5.659931551816512183e+02
1.247459063809316604e+03
4.151953712358186408e+02
1.124803612381771245e+03
6.356732819041596940e+02
8.727167279124290644e+02
8.685269663063214693e+02
5.583097462264580599e+02
9.757725968535210086e+02
3.425150038744412768e+02
9.424818266428013658e+02
4.430656196137521192e+02
7.875506686611636269e+02
6.507195793148775920e+02
5.501486023288013030e+02
7.798047684564462543e+02
3.350660280794980395e+02
8.031904060370818570e+02
3.242848056920579438e+02
7.132704272537833958e+02
4.881005186013949242e+02
5.442555030342527971e+02
6.319491614706408882e+02
3.472791266723120316e+02
6.875687839601420137e+02
2.597517068147483883e+02
6.512263656313029969e+02
3.714435519163346271e+02
5.313289503182335238e+02
5.112949793572263388e+02
3.661574523780562913e+02
5.923108858936857359e+02
2.416605376283197018e+02
5.914176279928536815e+02
2.851857525951235175e+02
5.132678075342741977e+02
4.115206542783792543e+02
3.807542625333806541e+02
5.068760098595298587e+02
2.480363614348735268e+02
5.350686870874521901e+02
2.282720476409637911e+02
4.909580760326562086e+02
3.293609878571626837e+02
3.893342821406336611e+02
4.303644033306779875e+02
2.648892504210396055e+02
4.799944628189577998e+02
1.994472491910131851e+02
4.649198166052267993e+02
2.628081942381794534e+02
3.919815007262173481e+02
3.613790634557993258e+02
2.841500222460633722e+02
4.277992511173909520e+02
1.951040931951908703e+02
4.362413874632850366e+02
2.129744053132955628e+02
3.886312940533507572e+02
3.013985338569387409e+02
2.994421019772772752e+02
3.756365260333257652e+02
2.048211176444308705e+02
4.041312761721349602e+02
1.804716876775105732e+02
3.797494516848443027e+02
2.484149030914906291e+02
3.105286146902310520e+02
3.263432442225210934e+02
2.207648528504223862e+02
3.699590277167793602e+02
1.664140900559108616e+02
3.659386824273472030e+02
2.047236555180763844e+02
3.164020761699830473e+02
2.799133586344521518e+02
2.374647311543425019e+02
3.344119236465715517e+02
1.677037762626874269e+02
3.477657159776365461e+02
1.718803615187021592e+02
3.168765562041975841e+02
2.370622404803785912e+02
2.517520012826943798e+02
2.981961258001755368e+02
1.784176052613120191e+02
3.259821482403968957e+02
1.520113443038559069e+02
3.124300628965365831e+02
1.992054212512963147e+02
2.621694939572975045e+02
2.621124056472428379e+02
1.929272017004574877e+02
3.013516634868353776e+02
1.455037382944552746e+02
3.033776756683026861e+02
1.679574534815496065e+02
2.682245905719684060e+02
2.272880064795848227e+02
2.075418746065729749e+02
2.746138247846182594e+02
1.497819185297945523e+02
2.902284137421539185e+02
1.453145551378297853e+02
2.698322976128674213e+02
1.947882148117550116e+02
2.199226473320433684e+02
2.466444028545882929e+02
1.604515442022082823e+02
2.735699368145745893e+02
1.329621364827652314e+02
2.669757519164641053e+02
1.660355203856099138e+02
2.290518533948072104e+02
2.182728499964224227e+02
1.734528834190203952e+02
2.540868839244796504e+02
1.309969031013369261e+02
2.598865429179659827e+02
1.426814397093419302e+02
2.345315695194269381e+02
1.905028038958774630e+02
1.862367672057471566e+02
2.325407590328884453e+02
1.368507317780271819e+02
2.492710552387086409e+02
1.267679854387654785e+02
2.360923987532690944e+02
1.646950767399564484e+02
1.968786397017438219e+02
2.095723111203021460e+02
1.471142468618537009e+02
2.352362478984980783e+02
1.192883296503437407e+02
2.337345699202434730e+02
1.419088973254573318e+02
2.048088354310784212e+02
1.860735509651103996e+02
1.588892080723811375e+02
2.192028543691937443e+02
1.203876850720081109e+02
2.277628593800057786e+02
1.242937204603716594e+02
2.093179571335883793e+02
1.631591854713036582e+02
1.700592412960695015e+02
2.008565464391512307e+02
1.271068138900740934e+02
2.185635170446359439e+02
1.132219974509648637e+02
2.104507203198573393e+02
1.419598042780818332e+02
1.792806028046935580e+02
1.813175687464351711e+02
1.369512982615863166e+02
2.065333744350164977e+02
1.094694841082998522e+02
2.081654470665692429e+02
1.238774518331235441e+02
1.859189910900524865e+02
1.613767843908686643e+02
1.475220538250791265e+02
1.921897195630242550e+02
1.122521976403222084e+02
2.026808141009060762e+02
1.104618559738941741e+02
1.895890006065106661e+02
1.420221690581322775e+02
1.572711167437668109e+02
1.761061483759131931e+02
1.194462379625016979e+02
1.943164172015210625e+02
1.030146424720319089e+02
1.901786707889588115e+02
1.243876269238885612e+02
1.651924886648958193e+02
1.590366178351994222e+02
1.287311034931217080e+02
1.834149229434789845e+02
1.018564530402575770e+02
1.877316561636320387e+02
1.098466835830797663e+02
1.707153739859377879e+02
1.417136843804625812e+02
1.382779077743044525e+02
1.704924748732210844e+02
1.059012648678839099e+02
1.824345707042498361e+02
9.977523360795211715e+01
1.735273578065482525e+02
1.251108660397401877e+02
1.468228107983521227e+02
1.561026738873487432e+02
1.132427944268340525e+02
1.745562025882841510e+02
9.515974527435589891e+01
1.735699937500948522e+02
1.103665507512527881e+02
1.535675474353489847e+02
1.409055966853560449e+02
1.219468696775853260e+02
1.644497410725967654e+02
9.591484927273947392e+01
1.708664129747618858e+02
9.872560181602240448e+01
1.580826636784257460e+02
1.256792353974152121e+02
1.305284280842683415e+02
1.525853931150100493e+02
1.008075876395111550e+02
1.656101188927329133e+02
9.142278705648207904e+01
1.600981886622367369e+02
1.113484820867841876e+02
1.379968410176787188e+02
1.394966372496629390e+02
1.081033400524024870e+02
1.580304680599947460e+02
8.904765389619471705e+01
1.595852384250844125e+02
9.901042895704914315e+01
1.437154133864236769e+02
1.258287816184598000e+02
1.162008337965639129e+02
1.485137432428266493e+02
9.121003039380312316e+01
1.565874452363952685e+02
8.984713076122073971e+01
1.473094705019682635e+02
1.123449405723633134e+02
1.239014791744820769e+02
1.374832945161570876e+02
9.662241725533046122e+01
1.512803925548305415e+02
8.482722642421931880e+01
1.485971004475247810e+02
9.996045012588227507e+01
1.303905334920055736e+02
1.254616408110128418e+02
1.037441538665090377e+02
1.439201245066254273e+02
8.423776261643106977e+01
1.475561834469282587e+02
8.972631287095880737e+01
1.351646600252159374e+02
1.130894601755783810e+02
1.112256727575209965e+02
1.348571734146184440e+02
8.743206467002545423e+01
1.442538091620830301e+02
8.270072976754410377e+01
1.379266971093441896e+02
1.011208706221133582e+02
1.180932382701748367e+02
1.245152452162296299e+02
9.312831685594917985e+01
1.388691618459504866e+02
7.960574589448040683e+01
1.385449218522560102e+02
9.045716300854309111e+01
1.236904121655014563e+02
1.134181570486271511e+02
9.996276483977693772e+01
1.316604359213466466e+02
8.043107799684149484e+01
1.370091531057526595e+02
8.209215020355969727e+01
1.276100073333732325e+02
1.021897979295920891e+02
1.068233370813269261e+02
1.229774299848218106e+02
8.434877371936003954e+01
1.334173344824624508e+02
7.694105053292526009e+01
1.296118204675427990e+02
9.158929636411612307e+01
1.129071658490901910e+02
1.132363885547037512e+02
9.014087629069520347e+01
1.279493048726271809e+02
7.546244643750337389e+01
1.296117236471158378e+02
8.249357493480884784e+01
1.176812326237625825e+02
1.029628262315786742e+02
9.662046629889871951e+01
1.208696695213483139e+02
7.738110467516325741e+01
1.276243722039933886e+02
7.582930413040440953e+01
1.208152892496703288e+02
9.277798239913938971e+01
1.028553170809635873e+02
1.125182435132036716e+02
8.177894716824607713e+01
1.237639287667212074e+02
7.231106260120378693e+01
1.221267053790512449e+02
8.345396800806244642e+01
1.081903389630094949e+02
1.033293447385911037e+02
8.752895651610684524e+01
1.182114796573366675e+02
7.217070068911364444e+01
1.215650397241095106e+02
7.581040721154447226e+01
1.121979264743539062e+02
9.382140867792874417e+01
9.360090767224566832e+01
1.112534544561040661e+02
7.491364812080523450e+01
1.191666001525952510e+02
7.068793738864462739e+01
1.146080337167040284e+02
8.462686009899054795e+01
9.922267277330948332e+01
1.032307388367230772e+02
7.959050960189341595e+01
1.150566411255584853e+02
6.862156829144127812e+01
1.152921610832047747e+02
7.648524301623177735e+01
1.038500274359293343e+02
9.459509646024368124e+01
8.514675793486571820e+01
1.094234995829021955e+02
6.962462906444082478e+01
1.141597114566572344e+02
7.020458738127186393e+01
1.071850643768051299e+02
8.574770003415804354e+01
9.083225095823995332e+01
1.026184430069936013e+02
7.290580620176434934e+01
1.114500897955365559e+02
6.648816365526174366e+01
1.089037407993439359e+02
7.753294070946127192e+01
9.583478246304623838e+01
9.489596556036711661e+01
7.771486482542857743e+01
1.071395562030803745e+02
6.565605813952247161e+01
1.090038074703668656e+02
7.054790781946846323e+01
9.979562922898101363e+01
8.674612873910456301e+01
8.306215993694971189e+01
1.014913025102992066e+02
6.747181165294401239e+01
1.074669756549469923e+02
6.555144684275293798e+01
1.024216506984892163e+02
7.869747453519435965e+01
8.821210122642499130e+01
9.479329617095841343e+01
7.121971245070062650e+01
1.043722655029710609e+02
6.310286469570832679e+01
1.035530222595413363e+02
7.138078031013570524e+01
9.263303636401703045e+01
8.740512042093541822e+01
7.601932465196917121e+01
9.988161736910160471e+01
6.332021249234744431e+01
1.031347652378137951e+02
6.549508510940341921e+01
9.596259682168219740e+01
7.977905684671704023e+01
8.106019903770388169e+01
9.422243535712792095e+01
6.579443161521919592e+01
1.011891016161505803e+02
6.169958576053757326e+01
9.796482255745952727e+01
7.245414635977081730e+01
8.572587271954279231e+01
8.768289892361435989e+01
6.978266145341520144e+01
9.781912060366003914e+01
6.037746836517766269e+01
9.853097107457864468e+01
6.605479309562542767e+01
8.956958610405848731e+01
8.063964709429161815e+01
7.446812878377048150e+01
9.319476333745764407e+01
6.145624780306763313e+01
9.763485363501435188e+01
6.123926768621088002e+01
9.229316047046171434e+01
7.355341744432021756e+01
7.915072846297908882e+01
8.755276352957265829e+01
6.442188752478470803e+01
9.531143158672121274e+01
5.855742807432913111e+01
9.372695388275664641e+01
6.694417949334786044e+01
8.333080369974591406e+01
8.120761830237873369e+01
6.850545317166461246e+01
9.171399557260625102e+01
5.821380932019271626e+01
9.377335312429009662e+01
6.146280448808503394e+01
8.660715190657799667e+01
7.452985927616876438e+01
7.300443465519425956e+01
8.699305219346759088e+01
5.997934744240649252e+01
9.244724628350640216e+01
5.767851671696918459e+01
8.875982864849545706e+01
6.799080214348481377e+01
7.731025593823081010e+01
8.141026203246468640e+01
6.325915041082718915e+01
8.981489577405301361e+01
5.600823306396824819e+01
8.965091784004897590e+01
6.213482210265297567e+01
8.098152967178927497e+01
7.528141102651620997e+01
6.734422049571890057e+01
8.601185545518470121e+01
5.649634761733654642e+01
8.922943867179729693e+01
5.754529548563291286e+01
8.372174804019515193e+01
6.901045903187927877e+01
7.158681316409726492e+01
8.123157043238127528e+01
5.879424505069330564e+01
8.752339470382182185e+01
5.473336758884200748e+01
8.533508750536111620e+01
6.304696930828189494e+01
7.548250369576557262e+01
7.574246930531650435e+01
6.225918757694144290e+01
8.461642373241001280e+01
5.397368923203093516e+01
8.572866924752514706e+01
5.794207849878151961e+01
7.866448438494312256e+01
6.987215287871329394e+01
6.624535664191365925e+01
8.066109477082206070e+01
5.515444777978218127e+01
8.487943389651235293e+01
5.423270227665210541e+01
8.088590921706114045e+01
6.402183673210895165e+01
7.018926719074730158e+01
7.586976991425446215e+01
5.782017632773670357e+01
8.283100274277410335e+01
5.233441667160182220e+01
8.199781355510468472e+01
5.866286596899006156e+01
7.366578526172541785e+01
7.051298600576825493e+01
6.135796756955408426e+01
7.969743720451096181e+01
5.236341076002965167e+01
8.193540273075790026e+01
5.431986409826116358e+01
7.636262645255597192e+01
6.493535617279692929e+01
6.517632778388360748e+01
7.563415086554610411e+01
5.408658153398544499e+01
8.070149060309550748e+01
5.146514331888645444e+01
7.808865722945814980e+01
5.954511314047531556e+01
6.878870773184043230e+01
7.087025293254809810e+01
5.699673237483575861e+01
7.836080309242051101e+01
5.039715549262225380e+01
7.873144536233546376e+01
5.481387856743558018e+01
7.183331943822049936e+01
6.568885183540240291e+01
6.051175612180296781e+01
7.503668954093693344e+01
5.109715642687880433e+01
7.825408868513545713e+01
5.122505146595288750e+01
7.406248905491816004e+01
6.044844801280218860e+01
6.410287610758133781e+01
7.091044383879511770e+01
5.323053683017166549e+01
7.667193818348411583e+01
4.918176507820431453e+01
7.532012127208312791e+01
5.554864000281716585e+01
6.735875791167600823e+01
6.621450588444784557e+01
5.627193102281331250e+01
7.408487422742496165e+01
4.885613450088587939e+01
7.552469791530191401e+01
5.146062348337406434e+01
6.997813286626262652e+01
6.125020789831692980e+01
5.968446453931276352e+01
7.062072892272854574e+01
5.010323453278199679e+01
7.466511674107532315e+01
4.862117869478373677e+01
7.175622434185571308e+01
5.637389674264620254e+01
6.300862851710498802e+01
6.647601456376627027e+01
5.251772514905606926e+01
7.278471859009809464e+01
4.734055655818379904e+01
7.256567593621021217e+01
5.199962160089485508e+01
6.589976307974750114e+01
6.188423700588987231e+01
5.560073270917261112e+01
6.999425581641794736e+01
4.764354712934610347e+01
7.237596019458192131e+01
4.856843746340517498e+01
6.809033642561446698e+01
5.717986976121029841e+01
5.884968566070664764e+01
6.642945007712889094e+01
4.931592517351969462e+01
7.117661668997594404e+01
4.645166483210552144e+01
6.943501718134176315e+01
5.270972510139227296e+01
6.187690914325381186e+01
6.230645255833929497e+01
5.190873534873369266e+01
6.903911036264109669e+01
4.585171340572130561e+01
6.983955293384060781e+01
4.888549016624199339e+01
6.438394169908512765e+01
5.788216363829818079e+01
5.493965901002030705e+01
6.608023621776982282e+01
4.669977749879780760e+01
