3.075983074633472825e+02
2.068964639141292139e+02
3.506785587105621289e+02
1.770900554844554335e+02
3.528930814037812524e+02
2.235483536695540749e+02
3.131286259372902805e+02
3.008078208373406142e+02
2.452916626648404304e+02
3.607196068081592557e+02
1.902451196314124218e+02
3.810539349740208763e+02
2.106600043095413639e+02
3.551590559576316650e+02
2.895300162086664386e+02
2.908503208651551972e+02
3.654625642596967054e+02
2.184790167855178709e+02
4.057237288304752383e+02
2.045830764001198645e+02
3.971758071572344306e+02
2.750182093726311336e+02
3.417425027982885126e+02
3.646805917020091101e+02
2.606588852031752026e+02
4.260965318191334177e+02
2.117529413087945329e+02
4.381132655353696350e+02
2.598548904301684388e+02
3.965524342942466092e+02
3.583159296216877010e+02
3.147339899718289757e+02
4.413643775348144231e+02
2.373293563616975632e+02
4.772354067641516622e+02
2.487007540154062610e+02
4.543940904899920952e+02
3.471690392463644343e+02
3.787316787725553695e+02
4.511637514123887058e+02
2.828982720303420137e+02
5.128555566199695477e+02
2.481189818943318528e+02
5.146460848010272002e+02
3.328876234713948747e+02
4.518979468220457534e+02
4.549653809613183171e+02
3.481334474248698712e+02
5.469399565394965066e+02
2.703571713973846613e+02
5.764536416066380298e+02
3.195442528380046383e+02
5.339133012529703137e+02
4.533870721761910545e+02
4.312573104490093101e+02
5.762391700662328731e+02
3.194207968911609896e+02
6.401708427428865207e+02
3.150028678679848895e+02
6.250556828103341331e+02
4.469330101865611482e+02
5.331190160730636762e+02
6.015089941042222108e+02
3.999894179552746891e+02
7.063796181904129980e+02
3.318489997367846627e+02
7.272844082600076945e+02
4.382620894134002469e+02
6.573569559368942237e+02
6.248894785442661259e+02
5.146010698207531959e+02
7.769399256403423806e+02
3.868152953726634564e+02
8.453106577943754019e+02
4.379766750968959172e+02
8.069420576074917335e+02
6.445610460941875317e+02
6.693605740422336794e+02
8.539971387046929294e+02
4.943974476694925784e+02
9.842292827477998571e+02
4.598576415125469907e+02
9.975612178709094451e+02
6.679430988354746432e+02
8.792403084711168049e+02
9.446655542470052751e+02
6.738908260466595266e+02
1.160843720731629901e+03
5.342740701901410603e+02
1.248516705045060007e+03
7.056510502610632329e+02
1.177424005466443987e+03
1.063990107092929520e+03
9.606591597151623318e+02
1.404321894378828347e+03
7.215289496520041439e+02
1.617216415274213432e+03
7.919715161213567853e+02
1.638715375188723556e+03
1.242950091655178312e+03
1.445166692503317108e+03
1.788386654565783601e+03
1.122099487523758171e+03
2.245907395450662989e+03
1.018031198617626728e+03
2.483928073079513524e+03
1.597899399601824825e+03
2.433279888380244302e+03
2.578131592108086352e+03
2.079538708406130809e+03
3.656837683341092543e+03
1.773796618691965023e+03
4.695327233259476998e+03
2.675996821533955881e+03
5.602169062409841899e+03
5.404273919101331558e+03
6.366506084961211855e+03
1.121196517785661126e+04
8.345377747804846877e+03
3.293131997946599586e+04
4.900628278493154357e+04
3.843161280811334291e+04
1.260762145913081440e+04
1.019712716044693116e+04
8.413385464478415088e+03
4.194866250016300000e+03
6.348784577641387841e+03
2.192551404910559995e+03
4.724513979804510200e+03
2.321573702595309896e+03
3.245242989997672794e+03
2.713384024272531406e+03
1.972783419142128650e+03
2.783383904568552225e+03
1.118487801211352689e+03
2.525073901142717204e+03
1.078197615828541302e+03
2.020829837779977424e+03
1.450662322672077380e+03
1.395551056834963219e+03
1.694882516501874761e+03
8.269649938113050212e+02
1.692954822109327097e+03
6.378748030172190511e+02
1.483886224366965280e+03
8.868390576656497615e+02
1.123274842009632948e+03
1.141247546856335475e+03
7.136451256544290800e+02
1.242291262721075555e+03
4.499100227784397816e+02
1.170993291838523646e+03
5.727990133357332070e+02
9.537477813001161167e+02
8.052684245355607118e+02
6.522429562971669839e+02
9.447308231855552094e+02
3.826072371959045881e+02
9.504692804965308142e+02
3.753441449936438516e+02
8.297543408090356252e+02
5.729153848752156364e+02
6.119356021497279698e+02
7.306176772721814814e+02
3.690676680727614212e+02
7.857682812000019794e+02
2.626843631055930928e+02
7.269854763336645647e+02
4.030157090966043825e+02
5.753320407333615094e+02
5.645644235688999970e+02
3.713890550919858242e+02
6.482724063918669799e+02
2.131637377343454887e+02
6.397989452606262830e+02
2.779274261682658675e+02
5.403434634927456273e+02
4.309062255727495767e+02
3.782627515014945061e+02
5.348370835201747013e+02
2.079607405299807965e+02
5.594220450956624973e+02
1.867374570752770921e+02
5.028801794575730355e+02
3.203518583891171829e+02
3.785685563300186800e+02
4.350465600785494189e+02
2.233254048262089384e+02
4.849543256914850531e+02
1.318152922042204693e+02
4.624914940276090078e+02
2.280631116631189172e+02
3.746392032888357448e+02
3.468674931273826587e+02
2.419388175122842597e+02
4.156409641292987658e+02
1.176156297963556341e+02
4.205501591024883510e+02
1.517778934934351298e+02
3.653574179726932698e+02
2.692971451874399236e+02
2.567507232615943167e+02
3.520240093356927105e+02
1.290960162051626980e+02
3.767195464191653400e+02
9.538379126093006732e+01
3.467410571036452325e+02
1.989821028442250679e+02
2.644421926138692243e+02
2.879705811045285486e+02
1.522794317593575784e+02
3.338765972636732045e+02
6.106254341335124991e+01
3.231719882836947590e+02
1.354765069964441011e+02
2.672296334748128857e+02
2.314680304190742390e+02
1.709717739799808385e+02
2.874856786247393075e+02
6.389360876074858453e+01
2.985715392865937474e+02
8.343446617935353515e+01
2.598645167499093418e+02
1.758529863619235698e+02
1.852472184150811074e+02
2.424540374459174927e+02
8.613870274133664395e+01
2.675223837627138437e+02
3.568836605663273076e+01
2.487709228808447506e+02
1.258429787031426770e+02
1.923619804884456528e+02
1.973045327599513996e+02
1.090113421132928693e+02
2.344345663674898788e+02
1.624968371732116168e+01
2.309376037198042297e+02
7.836417373541824816e+01
1.947698581435504650e+02
1.537911969594185564e+02
1.278532470440726740e+02
1.994522013890328651e+02
4.607959247346317966e+01
2.114641011011549097e+02
3.931184439708651723e+01
1.916038261466820529e+02
1.145869427618133329e+02
1.397713622066852963e+02
1.643211659363021226e+02
7.366063700550648718e+01
1.870591871739093506e+02
2.097452523997232277e+01
1.810278807371283563e+02
7.767021359896526178e+01
1.469250929227535494e+02
1.281368983849937706e+02
9.842776648830967190e+01
1.630186325185547673e+02
4.353879697636519097e+01
1.674065963300010083e+02
5.257902943575207644e+01
1.501056959529703079e+02
9.885526085932313833e+01
1.141580078236986253e+02
1.343041913804622993e+02
7.136680266886929758e+01
1.511128539543795739e+02
4.614894187500693334e+01
1.460020283374535381e+02
7.223029166657518374e+01
1.253847161268629264e+02
1.071661067628495800e+02
8.993825307795211188e+01
1.289718507709221456e+02
6.199595078159963180e+01
1.395303146858130106e+02
5.690735198559806918e+01
1.253269428239466805e+02
7.855729335778836742e+01
1.102246625562414408e+02
1.081791074887023001e+02
8.035206454661404507e+01
1.236206186627943566e+02
6.272707665161289015e+01
1.311901485156220701e+02
6.516743896744004871e+01
1.223684164935764755e+02
8.674039021405431527e+01
1.039960389631726656e+02
1.121870492959941714e+02
7.686732610595116455e+01
1.260089828569533807e+02
6.600961245940401056e+01
1.292006183925599316e+02
7.134873343021570236e+01
1.173407662897874815e+02
9.088535166361917561e+01
9.831372574681326171e+01
1.135915077336960337e+02
6.947706389905518165e+01
1.249556662336323996e+02
5.822051212733879311e+01
1.250460419022344354e+02
6.826474053634663619e+01
1.184709624209693715e+02
9.608703107373563057e+01
9.703024627996067863e+01
1.225843579436023418e+02
6.941790640042231075e+01
1.383810906499909379e+02
5.905899417751328428e+01
1.331302332709147151e+02
7.356350571401911509e+01
1.194467638565148775e+02
1.079488737346228078e+02
9.243766835813208615e+01
1.374351035548504854e+02
5.669193555252500261e+01
1.507738641084920062e+02
4.979947930024538039e+01
1.449578298044093572e+02
9.071748574631513407e+01
1.212973041091804731e+02
1.313852277094339911e+02
7.931984125821243481e+01
1.609144384223580175e+02
3.764667623503144966e+01
1.717094008751037393e+02
6.000898228377795363e+01
1.598796749313113139e+02
1.232322410829177670e+02
1.161519617134805458e+02
1.686950878736799950e+02
5.865140970207190207e+01
1.998714272487263486e+02
2.630531832723953656e+01
2.015424721952937546e+02
1.061048246038709095e+02
1.672248455860604679e+02
1.788115203211580138e+02
1.017510948915001592e+02
2.272486368393110183e+02
1.912604168390119241e+01
2.468849787833028131e+02
8.596289893096769674e+01
2.247420378470623916e+02
1.804223079134341674e+02
1.677028427253602558e+02
2.617754997613549790e+02
7.615090082265875537e+01
3.019927616430730950e+02
7.447987380067590379e+01
2.978241410293371132e+02
1.893489801933347962e+02
2.419457429812575242e+02
2.948871612503366464e+02
1.502279090892473619e+02
3.664249661822930193e+02
9.249008961990335820e+01
3.863036642039213575e+02
1.990108271201104628e+02
3.444534757425319640e+02
3.393172889786315523e+02
2.507179210614574458e+02
4.506780563967589615e+02
1.525658341845467874e+02
5.020306673835689821e+02
2.262053481562198556e+02
4.799413862320300836e+02
3.982717329462353177e+02
3.896048545212891554e+02
5.601543373375926649e+02
2.681279077743880634e+02
6.666207042942572798e+02
2.841039117901183886e+02
6.860003867767704833e+02
4.890482622744572154e+02
6.038832169995671393e+02
7.291842642539162398e+02
4.650319641611706629e+02
9.308362650818587554e+02
4.161840836628191482e+02
1.038322924954657310e+03
6.597798651020547140e+02
1.007446406143736340e+03
1.054528034612175816e+03
8.694174123324941093e+02
1.472753084379912707e+03
7.573218552344163754e+02
1.815185758690642388e+03
1.082383658891058076e+03
2.036931387280585113e+03
1.939489525235688461e+03
2.159077361951549392e+03
3.361251881569409306e+03
2.260790322048120288e+03
5.700221658121201472e+03
4.182297632425813390e+03
1.283475625175802634e+04
2.384042715783373205e+04
2.300012524930037762e+04
1.124368821964635572e+04
4.721426138158875801e+03
5.737250470077755381e+03
2.382570105659684032e+03
3.636356187959547697e+03
2.043722924511700512e+03
2.350259369576691824e+03
2.076958840759527902e+03
1.467429935530204602e+03
1.957635838207895404e+03
9.860807599008696798e+02
1.687184217646376055e+03
9.636715741552349073e+02
1.322747704562883200e+03
1.092988611400188120e+03
9.500367055101297638e+02
1.165942544475119121e+03
6.741837106248379996e+02
1.114738347866715003e+03
6.214073440362038809e+02
9.609901590512446319e+02
7.248183414783651415e+02
7.429872694766229415e+02
8.167115808157225274e+02
5.465971416291818059e+02
8.348003664120958547e+02
4.679627820617006364e+02
7.673331168755411227e+02
5.281572324951017663e+02
6.302955615044271553e+02
6.200645100401488889e+02
4.827193695599831358e+02
6.656198211446973119e+02
3.904458069958668602e+02
6.421799177573320776e+02
4.103163718741414527e+02
5.564810889825814684e+02
4.889082443481827340e+02
4.406854692770798465e+02
5.480577831345744926e+02
3.489430754683849045e+02
5.529449556861826522e+02
3.381938302074133844e+02
5.026606454677992133e+02
3.985697055065973018e+02
4.139638691188323492e+02
4.598355737615765975e+02
3.245481847512353397e+02
4.832930310473488476e+02
2.925388235218940167e+02
4.572341459206297714e+02
3.312141010165347552e+02
3.937660626772322416e+02
3.920351716012702354e+02
3.128576893487777397e+02
4.271704080304430136e+02
2.650251091591383101e+02
4.193788812418832777e+02
2.835088294332213650e+02
3.729211633703807820e+02
3.355538559614855103e+02
3.051736718910651120e+02
3.768444569986478996e+02
2.505361379564315030e+02
3.840078144526883079e+02
2.473670388973321792e+02
3.555046723191341584e+02
2.887949210878996951e+02
2.995631986080257434e+02
3.334281761007575824e+02
2.428732443887568877e+02
3.520235059175192873e+02
2.230288937027108886e+02
3.370813689801539113e+02
2.509753474136606712e+02
2.945104712972539005e+02
2.943356363113162502e+02
2.416714331311463297e+02
3.224469427994771991e+02
2.076305738981894820e+02
3.199158419549583527e+02
2.206971620216409633e+02
2.879940210594444352e+02
2.600437907759567793e+02
2.393427375627134381e+02
2.925100583056909045e+02
2.000486289310482846e+02
3.007755391401835823e+02
1.979203220021449852e+02
2.808542140783341097e+02
2.293815016588372373e+02
2.399681333567469892e+02
2.648420207611142700e+02
1.974166226201100471e+02
2.817613292656040471e+02
1.819000432425122256e+02
2.722633729307966064e+02
2.037380371504465870e+02
2.395749315929936643e+02
2.385883615596743255e+02
1.981992591213310391e+02
2.619175169384495803e+02
1.727303517790900287e+02
2.619508918894185285e+02
1.824473123883413450e+02
2.383982693337846399e+02
2.141230231184299271e+02
2.006293267610026021e+02
2.417405960953534816e+02
1.687255168842056037e+02
2.501887282648034727e+02
1.661379568824604860e+02
2.355304560625194483e+02
1.918459316917416118e+02
2.032491134255386385e+02
2.215912867935260238e+02
1.688445116584772165e+02
2.370235026969823764e+02
1.552031589508625586e+02
2.309130978608817770e+02
1.722841942722974977e+02
2.052169973323481429e+02
2.017951573909533636e+02
1.712836615489033250e+02
2.225671039851694388e+02
1.492832932544673383e+02
2.243559210550150169e+02
1.561778638993760637e+02
2.059162705304906922e+02
1.827494228267278231e+02
1.749129702612291055e+02
2.071692303908532722e+02
1.475925500623954179e+02
2.159463914140551140e+02
1.439841741806595223e+02
2.049734046036539610e+02
1.651019217811775093e+02
1.785400032217362991e+02
1.912009122082816361e+02
1.490775875511682216e+02
2.058564885586127957e+02
1.360582689035204567e+02
2.021789572000947999e+02
1.495357976542079825e+02
1.813713171460939861e+02
1.751103696132723542e+02
1.524820196640117445e+02
1.943565056815303649e+02
1.323629198626467485e+02
1.974514080035940253e+02
1.367737442156914085e+02
1.829314587409768080e+02
1.594981303539650526e+02
1.566070342733927987e+02
1.817082199313563251e+02
1.322728674378454059e+02
1.904435491097334534e+02
1.268701869802044939e+02
1.829634719728038590e+02
1.448175014644798182e+02
1.605336502105778607e+02
1.682474039327460673e+02
1.346034277132687293e+02
1.825852330910634862e+02
1.215832662550234886e+02
1.808358818982802632e+02
1.319298471654165041e+02
1.637557860369736886e+02
1.546319739152110628e+02
1.384715396472504949e+02
1.727483130637447175e+02
1.195032408329295350e+02
1.770219400397896266e+02
1.216034699969548569e+02
1.655840206291176742e+02
1.412539191903988183e+02
1.428601633509599935e+02
1.617987101845250208e+02
1.204323667848622392e+02
1.713942199899022967e+02
1.143080512444812058e+02
1.657552008650185087e+02
1.288142670743470433e+02
1.469185770228459376e+02
1.500779359613201791e+02
1.235027702882355527e+02
1.641150423870548991e+02
1.103536720531904507e+02
1.641719382185391680e+02
1.179974815797851733e+02
1.500615633384235821e+02
1.380966839064155067e+02
1.277003469515176448e+02
1.554228118041416735e+02
1.095454975631397190e+02
1.607977033717856159e+02
1.095374820784413288e+02
1.518743190767556257e+02
1.264132877594285134e+02
1.321309651793251874e+02
1.456242926853825281e+02
1.113204718579699204e+02
1.557044626842367734e+02
1.039077408302455865e+02
1.520968303925064902e+02
1.156743154153494686e+02
1.360811100981723030e+02
1.351374656744951039e+02
1.148247019168578618e+02
1.490450480085689833e+02
1.013598842414453856e+02
1.506206105267347368e+02
1.065317834840166853e+02
1.390604263283233593e+02
1.244409980138470644e+02
1.191307775199979631e+02
1.410838085064174550e+02
1.016087797654771379e+02
1.474195796240491063e+02
9.966266692293176277e+01
1.406831898260158198e+02
1.140910799595132374e+02
1.234698871247355214e+02
1.320938558841683630e+02
1.040515660586029014e+02
1.426075577538440768e+02
9.549109262997150438e+01
1.407844413400767962e+02
1.047195435589485015e+02
1.272215714121200278e+02
1.225327219648413717e+02
1.078345493006115419e+02
1.363459884043524823e+02
9.411718034623906703e+01
1.392432467205831301e+02
9.700222802328438831e+01
1.299182484865114304e+02
1.128512065281985457e+02
1.121637424382956141e+02
1.288729371742421108e+02
9.522130207429218274e+01
1.360860362070619090e+02
9.149209835903243970e+01
1.312885858385700715e+02
1.036222685066659750e+02
1.163087477207588591e+02
1.205232689182653303e+02
9.814503039377753169e+01
1.314075340974631843e+02
8.857185080049747228e+01
1.311529345064331267e+02
9.545729788008165428e+01
1.197648088816195440e+02
1.117001431695521489e+02
1.020923120384555602e+02
1.253898277770111065e+02
8.821576387144146736e+01
1.294626582030567192e+02
8.898153528500363052e+01
1.221357708168437028e+02
1.028883953565184015e+02
1.063258745910685548e+02
1.182910607362336322e+02
9.000725436281307168e+01
1.262418657073238251e+02
8.470777128239959097e+01
1.231803890629815186e+02
9.463836784412195868e+01
1.102327070567850313e+02
1.104434625879637650e+02
9.327598623824670199e+01
1.216160533178061769e+02
8.288215348997934484e+01
1.227685314770087359e+02
8.755668834127247635e+01
1.133448640715971720e+02
1.022570549289996791e+02
9.728210887078553526e+01
1.157677775545925272e+02
8.337555854032791558e+01
1.208708587140958741e+02
8.221797066807945953e+01
1.153466002146748792e+02
9.421164562771518547e+01
1.013545519892829105e+02
1.089692327113819204e+02
8.570586850528896150e+01
1.175424046869838151e+02
7.905214874150507853e+01
1.160384136293781694e+02
8.686120175698840740e+01
1.049583144557476260e+02
1.015558609012086748e+02
8.920130681163878705e+01
1.129163827684334791e+02
7.818752783623529012e+01
1.153244732325418624e+02
8.078230294221515351e+01
1.076967011827552199e+02
9.394211434415564099e+01
9.317329931290993272e+01
1.071940072625188236e+02
7.938911902694971445e+01
1.132003980124972458e+02
7.649705596792833262e+01
1.093097873528747783e+02
8.660934885463748856e+01
9.702537883488184889e+01
1.006565140005712493e+02
8.211868980032953402e+01
1.097426946086067829e+02
7.433541961621719452e+01
1.096317451639884126e+02
8.010684763508554340e+01
1.002881432255268095e+02
9.363434962429055020e+01
8.572488789896593175e+01
1.050926282600828898e+02
7.430463695715212680e+01
1.086057363435782577e+02
7.496494880659186322e+01
1.026367176306477376e+02
8.657256335939739245e+01
8.958440933512947879e+01
9.947484704901926023e+01
7.607990047655455612e+01
1.062561495455191363e+02
7.165415360747043394e+01
1.038426456279173209e+02
7.993100788935826984e+01
9.316788623241562561e+01
9.316873839822325465e+01
7.908872134744881066e+01
1.026942137619822120e+02
7.036607837731854431e+01
1.037813083990259173e+02
7.430307910070889932e+01
9.600317932880854244e+01
8.652755888935139694e+01
8.276814367539518003e+01
9.794617269650403557e+01
7.109516376733184018e+01
1.024673582465332231e+02
7.000241416355299862e+01
9.800368435348096341e+01
7.999018017286987003e+01
8.642364662685993437e+01
9.246253237000425429e+01
7.330728908045925607e+01
9.987484597007859577e+01
6.760543048427346946e+01
9.881802284870082076e+01
7.401728138318007666e+01
8.968963028451089770e+01
8.640497807742193004e+01
7.649719028605845494e+01
9.615189239967014601e+01
6.714401085316337969e+01
9.841281187083824022e+01
6.912207910420818280e+01
9.220443588549068181e+01
8.015564557168420379e+01
8.007327756562590082e+01
9.146907382785859397e+01
6.841541028852601869e+01
9.678064460862799478e+01
6.575375339534994623e+01
9.373685946127167767e+01
7.414175179312853459e+01
8.352728634265113783e+01
8.606683163783839063e+01
7.096782956640124951e+01
9.398248781015659858e+01
6.418953315147690830e+01
9.415515662670129871e+01
6.883100270973058343e+01
8.646442993609559835e+01
8.025416857490398570e+01
7.423176546699836820e+01
9.015157974154192289e+01
6.442729726009518743e+01
9.339670754329171132e+01
6.470887416601598829e+01
8.859439616583146915e+01
7.439400140953824803e+01
7.768001034813461558e+01
8.547598809959021082e+01
6.617455624858342844e+01
9.148117949728597864e+01
6.215754335413264897e+01
8.972963303231875898e+01
6.891258321950840582e+01
8.086885112484034721e+01
8.020594134990977864e+01
6.894522273979482918e+01
8.849464811196872915e+01
6.134627782415449815e+01
8.976846037798061673e+01
6.427343059584100615e+01
8.344921366037466726e+01
7.465763329760683575e+01
7.220804542990806851e+01
8.457695743884605122e+01
6.217229860135486064e+01
8.868336102660911990e+01
6.090897434438524982e+01
8.518285965074133514e+01
6.920528511811853889e+01
7.547885047792203750e+01
7.992777160364676092e+01
6.428035481762867676e+01
8.651262159473313318e+01
5.912026063138851839e+01
8.592678422798266524e+01
6.427149776991400643e+01
7.836635292634922223e+01
7.481529070516840818e+01
6.717488974915895028e+01
8.335774732668090792e+01
5.898487203587121996e+01
8.560154031065199831e+01
6.029747913510541935e+01
8.058421105441058785e+01
6.955264491163956109e+01
7.036676309382835370e+01
7.937706833119672467e+01
6.029515557980131035e+01
8.421813441915212195e+01
5.765819509630836848e+01
8.193077340539532827e+01
6.453271540230601033e+01
7.341086189341628199e+01
7.478356782530954661e+01
6.266255405745184959e+01
8.181888854604510186e+01
5.657410672311277011e+01
8.229972280276473384e+01
6.015831012196505156e+01
7.598087981983073291e+01
6.985510074120975332e+01
6.559659033644634007e+01
7.853005150873528351e+01
5.701575333544568736e+01
8.163918482373865970e+01
5.684301852127031651e+01
7.782726845597525767e+01
6.491504314327977454e+01
6.864686558106407688e+01
7.451806100301088520e+01
5.871301960371048523e+01
7.997210547068864628e+01
5.489625249578255506e+01
7.879595190559858509e+01
6.034425697151365142e+01
7.143590939525911665e+01
7.001687915973653276e+01
6.124250021974825842e+01
7.737597889118370631e+01
5.445348942284244487e+01
7.880535336367987043e+01
5.654153248440564283e+01
7.366945164998273299e+01
6.529650334691955038e+01
6.414702227764485087e+01
7.398151498364526901e+01
5.538020447229484944e+01
7.783490412232592348e+01
5.387166642697903285e+01
7.515063813262769088e+01
6.070420108827327255e+01
6.701311520956581091e+01
6.997371914924976011e+01
5.736205253451437613e+01
7.591966731973086269e+01
5.257774810990860459e+01
7.575609333194704220e+01
5.660560365835121388e+01
6.951593606366539291e+01
6.558989803082539538e+01
5.997009583182907022e+01
7.315810796522630710e+01
5.269003159447717621e+01
7.542759366927255371e+01
5.337976015512445116e+01
7.141099205954127171e+01
6.111939201469463256e+01
6.278089392692654513e+01
6.969378141494246393e+01
5.401161996677884503e+01
7.417067816202052200e+01
5.133723164756747792e+01
7.253399772868904449e+01
5.689962918748700105e+01
6.542777823818559568e+01
6.572489362455681317e+01
5.618560875193091420e+01
7.203815972037777726e+01
5.063998968890696517e+01
7.279031338708990972e+01
5.328955086196494761e+01
6.763216867082373085e+01
6.149357039913258660e+01
5.879978496595919779e+01
6.914789706806359959e+01
5.122725807256282593e+01
7.215137287375412711e+01
5.063887159936882654e+01
6.918475775286779594e+01
5.730138622909770874e+01
6.146606171169555921e+01
6.564927924319741237e+01
5.284953553049280117e+01
7.063717715298392363e+01
4.919137314342822265e+01
6.996111827886713286e+01
5.348001193525109898e+01
6.386608486283434161e+01
6.175491220761741573e+01
5.513478719805693373e+01
6.832459542860264889e+01
4.902491731490037097e+01
6.988997824440295403e+01
5.037295814949373352e+01
6.575848361091036054e+01
5.771543896991926204e+01
5.769150316149426772e+01
6.533384812946661668e+01
5.000648424825428862e+01
6.897060191378099603e+01
4.828065455593364419e+01
6.697459616888409073e+01
5.384049653500515120e+01
6.016698757739477799e+01
6.183694724274095478e+01
5.184911229644555419e+01
6.722337990742121860e+01
4.738969030366749990e+01
6.742048663489840976e+01
5.043217821048462213e+01
6.230528186684774994e+01
5.805228752116338597e+01
5.416772362255810691e+01
6.476483204976341312e+01
4.768406924954549453e+01
6.704493691146515744e+01
4.783288972988039944e+01
6.388513398357691386e+01
5.423831697280983377e+01
5.661536330473391132e+01
6.171520933031083445e+01
4.897616260836706914e+01
6.586413818024259115e+01
4.628157528073293037e+01
6.477800413996601492e+01
5.069461289927589576e+01
5.888220855641466756e+01
5.825987472500585085e+01
5.094788973800637422e+01
6.393348841873226718e+01
4.588602397840360680e+01
6.490919009126824335e+01
4.773358507012564900e+01
6.073074797586140505e+01
5.462247067506428522e+01
5.324363851548172022e+01
6.135440288406383758e+01
4.657225088558045911e+01
6.425089938692221381e+01
4.563447408915522630e+01
6.200464330967372462e+01
5.106093770953897604e+01
5.554480864868862255e+01
5.828532555625788802e+01
4.808812403507164390e+01
6.284500524548283806e+01
4.459246664636709312e+01
6.258117691503839808e+01
4.787853413238379119e+01
5.757695076699091175e+01
5.490446305368426749e+01
5.012284263013110319e+01
6.075735876840999339e+01
4.463670569303388191e+01
6.241716131350882790e+01
4.536480906551276604e+01
5.914287563200696241e+01
5.144457722489914886e+01
5.234611953013549623e+01
5.810317019356269697e+01
4.562613463796186863e+01
6.151470574955169468e+01
4.375525001759498167e+01
6.010483439576875497e+01
4.817342554033240276e+01
5.446449384095482316e+01
5.504342162434881658e+01
4.729711713447544952e+01
5.991514859884195232e+01
4.317626105287040872e+01
