2.376985275072735817e+02
8.817198736672415293e+01
2.286681368721332888e+02
1.431279689210637969e+02
1.880855774772628592e+02
2.034421177280619304e+02
1.276303621148049814e+02
2.409788631580476022e+02
8.553709514204713571e+01
2.456513314726547890e+02
1.223422216566446963e+02
2.156220331269623500e+02
1.884852531111634732e+02
1.584295073813151191e+02
2.390298003743445747e+02
9.852810112335524195e+01
2.580987417598213369e+02
1.033949181178268049e+02
2.411701844791320468e+02
1.695390754465645387e+02
1.909786722003360921e+02
2.315793762872318382e+02
1.240823594771503338e+02
2.657467850864674688e+02
9.301063301745320189e+01
2.630646189755816522e+02
1.472469627912948624e+02
2.234444268195298662e+02
2.186001760721742357e+02
1.572047187663361569e+02
2.678837874789060152e+02
9.859381177855631506e+01
2.810685442271425245e+02
1.247536770042400462e+02
2.544011568365957316e+02
2.004730133361888420e+02
1.939352079219758593e+02
2.640799318614570552e+02
1.213309381190229175e+02
2.940146911873541740e+02
1.070978859906505676e+02
2.826976740748905286e+02
1.779180605917121909e+02
2.319093193828219341e+02
2.539926647094036127e+02
1.558665885036856764e+02
3.013693432826864864e+02
1.034443355369807023e+02
3.072340390242051171e+02
1.527369400090223053e+02
2.695762538532536041e+02
2.377548336736682018e+02
1.970236623944830114e+02
3.023678804391979611e+02
1.204667929706340885e+02
3.271482223247044203e+02
1.290659212950223207e+02
3.055712766375871183e+02
2.157806316924183818e+02
2.416077256597910150e+02
2.966570199765190523e+02
1.550913071246743868e+02
3.414206857840283078e+02
1.156118286720301569e+02
3.385377514326027040e+02
1.891394777665099696e+02
2.875830620017774777e+02
2.837191423701299868e+02
2.009623815980847894e+02
3.492864291179356542e+02
1.233880658491315216e+02
3.675386977011899603e+02
1.609699074999545303e+02
3.333398430002690134e+02
2.637467592938414782e+02
2.533955823448007152e+02
3.498056996139569037e+02
1.559742955758416940e+02
3.914168969970922376e+02
1.382267727087890421e+02
3.775933322295075527e+02
2.371148488510173138e+02
3.100574487105537287e+02
3.425043905000630389e+02
2.066003406362307260e+02
4.091271059375579853e+02
1.341937697255843034e+02
4.190383080837316356e+02
2.056860288325027284e+02
3.691746383669491820e+02
3.267979106306519839e+02
2.690765892315348538e+02
4.194190740060722078e+02
1.608883849943961764e+02
4.571663008396866985e+02
1.753495552065863876e+02
4.283771375303797413e+02
3.008981051843181262e+02
3.410182624248083130e+02
4.217255698745780705e+02
2.164353225934973466e+02
4.909536425517418934e+02
1.577466802022868535e+02
4.902001550928618485e+02
2.705339584220067195e+02
4.189256759877609397e+02
4.149780701175074569e+02
2.923126900380013353e+02
5.177112215302286131e+02
1.743069441068564913e+02
5.509772203256342209e+02
2.347712248361447394e+02
5.044974694600645080e+02
3.986167831623507709e+02
3.850723142453575747e+02
5.374300175970369082e+02
2.334098437689593197e+02
6.111760651011286427e+02
2.042443108679690340e+02
5.975446040924292674e+02
3.717453375830752407e+02
4.950089582065876357e+02
5.517205624950341871e+02
3.271007718718587967e+02
6.680629889087065294e+02
2.026420433867280906e+02
6.970920281275643902e+02
3.336826425551118973e+02
6.240496681067518239e+02
5.532326874827118672e+02
4.579678611710270957e+02
7.283223491060765582e+02
2.657155885856425357e+02
8.124603258381692967e+02
2.941081051835585640e+02
7.785971318794078115e+02
5.466174334726146071e+02
6.255976092565639419e+02
7.873108551289321895e+02
3.972060322365566094e+02
9.454825840353083777e+02
2.760213523087337535e+02
9.729788109789816417e+02
5.265245426327518317e+02
8.553793616171616350e+02
8.533495446704597498e+02
6.095758102303400392e+02
1.113727806868677817e+03
3.447127816773609084e+02
1.243762226931408350e+03
5.019910291506321869e+02
1.190335619731462884e+03
9.396238571667500992e+02
9.513829302557421670e+02
1.365580868147577348e+03
5.743807094482765478e+02
1.655672666618034327e+03
4.966841858811284851e+02
1.744499839376223008e+03
1.078333465300662738e+03
1.565867857460005553e+03
1.794482817859325678e+03
1.122621182577336640e+03
2.477194078859375622e+03
6.718269808450939991e+02
2.950093467581739787e+03
1.396315025972877493e+03
3.155117737479964035e+03
2.992722263909216053e+03
2.855540216676875843e+03
5.234192356641659899e+03
2.090691248647676275e+03
8.865423667523344193e+03
3.772541020130122888e+03
1.945369300184735403e+04
3.841447875547933654e+04
3.678658770112896309e+04
1.624856984696436666e+04
4.808568607698180131e+03
8.279776269480551491e+03
1.421729122561520171e+03
5.186515806878232979e+03
2.085188175525961924e+03
3.158746539711843525e+03
2.571966158041547260e+03
1.650914448917555774e+03
2.607253346590946421e+03
5.969547295545625047e+02
2.281977533572816355e+03
6.878618121562790293e+02
1.758084612042097660e+03
1.157783102176165812e+03
1.135711576007385702e+03
1.409517503299024384e+03
5.263774727227134917e+02
1.419189511435582517e+03
2.706265934091080680e+02
1.224608672255634247e+03
6.020035209952699233e+02
9.061615169904624736e+02
8.725645505280853058e+02
5.124050281253761341e+02
9.797967454310463609e+02
1.708462506769244271e+02
9.312237248840667689e+02
3.135755682346610342e+02
7.562760033896013283e+02
5.597325878923876417e+02
4.953205606222941810e+02
7.019356085230770077e+02
2.104165059320400815e+02
7.262713686250206138e+02
1.381992037310273815e+02
6.419341830848145491e+02
3.533115216687031079e+02
4.689232519762322227e+02
5.042983715980320767e+02
2.523713611407002588e+02
5.681576559328315170e+02
5.760330674797852168e+01
5.403812910658009514e+02
2.005821985657339042e+02
4.353100842331289755e+02
3.528928101179719761e+02
2.782061690793187836e+02
4.395024369250610903e+02
9.782546936478586019e+01
4.538770150124785232e+02
9.175583973388840775e+01
3.929740902221923875e+02
2.328445565368912469e+02
2.852754015035718567e+02
3.303948633152965613e+02
1.445693878828260210e+02
3.693814801321329924e+02
4.458690815599051227e+00
3.496719299431734953e+02
1.371277099512219309e+02
2.814207751969112792e+02
2.390927238339104690e+02
1.764811700142364543e+02
2.950819023443241349e+02
5.680768768200625374e+01
3.021568897735966743e+02
6.637972276611262146e+01
2.627046600222693087e+02
1.599880922928073801e+02
1.921339941866760057e+02
2.235622868295524199e+02
1.005922598857884793e+02
2.492228749173317794e+02
3.385284171617898608e+01
2.396719010988565515e+02
9.402195738863628094e+01
2.011639463779394248e+02
1.654528002361278993e+02
1.303314596810381545e+02
2.019853462139862756e+02
6.390279739731671782e+01
2.081470381664300078e+02
5.648955820676493289e+01
1.915580393774675940e+02
1.111022534098897978e+02
1.475664816386672555e+02
1.510730385501289561e+02
9.609925329711809638e+01
1.761010506013166150e+02
5.691164318545104095e+01
1.714551248519617275e+02
6.902601257704917259e+01
1.531777307104614465e+02
1.071639624381360392e+02
1.176659626390878088e+02
1.344567309460471733e+02
8.237940877146840535e+01
1.525709543953645948e+02
5.875198026437981724e+01
1.485016637116828235e+02
7.394279984171338072e+01
1.346717569501972775e+02
1.031601944748756807e+02
1.025314679472393067e+02
1.232177675618653723e+02
7.552287112053036822e+01
1.372403240071870982e+02
6.046867524901616520e+01
1.321500268362493955e+02
7.161901641775254745e+01
1.217539384642845306e+02
9.683291927815592715e+01
9.725057688376425347e+01
1.156687763351235958e+02
7.301429451532457904e+01
1.250056597708284158e+02
5.760411915636389324e+01
1.280091351461795455e+02
6.887435983214767532e+01
1.141470457588972920e+02
8.892652503693221888e+01
9.519533242924632077e+01
1.110012005457037532e+02
6.902883011007858727e+01
1.258376140127010956e+02
5.281039220578936266e+01
1.219798070143001780e+02
6.362419205139708822e+01
1.166428105741452868e+02
8.812757277414263513e+01
9.240623186616410578e+01
1.122460596552400887e+02
6.204206124380060317e+01
1.234287083941628680e+02
4.637379373492194645e+01
1.316078431960694104e+02
6.062240118958472124e+01
1.152116023015871917e+02
8.894234671779062751e+01
9.162941241298501893e+01
1.176414437332820455e+02
5.824292992008977166e+01
1.360806359977377440e+02
3.264344783920433457e+01
1.376633354201016459e+02
5.775538740356482492e+01
1.246337524576272671e+02
1.018694832623446871e+02
9.209251592731463631e+01
1.368149332438461840e+02
4.455120978463376247e+01
1.539448084908607086e+02
2.395657814320703594e+01
1.537767220585197663e+02
7.342038189581880658e+01
1.334242989402263220e+02
1.291970179173532927e+02
8.611597127781145389e+01
1.636968684738796753e+02
2.771417830660661252e+01
1.807448772313738345e+02
4.044523026553859779e+01
1.730782604844359582e+02
1.099624744628232662e+02
1.367388597807636188e+02
1.670403029807062012e+02
7.780554133444454123e+01
2.022066012264812116e+02
2.103681744377435692e+01
2.135032971840749667e+02
8.714259718741668337e+01
1.880361242278448231e+02
1.609196311076604502e+02
1.361224897674115937e+02
2.191571645425563588e+02
6.601070570070832844e+01
2.469899247974873049e+02
6.220608820374851433e+01
2.413165332878079710e+02
1.472080445973536769e+02
1.988329826696012788e+02
2.266061957871060599e+02
1.260413695701020629e+02
2.776206180702576489e+02
6.855733823396830928e+01
2.926833848208203221e+02
1.287304481205649438e+02
2.655853225627969891e+02
2.247892279724179616e+02
2.000415558478907201e+02
3.029458810333401857e+02
1.168250708431256442e+02
3.434881195505421374e+02
1.156733856336003896e+02
3.364108648972682545e+02
2.161319341675712167e+02
2.807384648301767811e+02
3.195851525859738445e+02
1.911093524716962122e+02
3.896362890863447888e+02
1.272713026354193033e+02
4.105518284013096491e+02
2.022548666418790901e+02
3.730218368361983607e+02
3.279277117063628566e+02
2.857547338612263843e+02
4.328976687420579310e+02
1.857541199422604166e+02
4.885319286153261373e+02
1.935726137075629367e+02
4.755574623587374390e+02
3.256071939079116078e+02
4.046349750925207331e+02
4.712967354323052973e+02
2.852149137353421793e+02
5.706648734504526601e+02
2.157909371248177592e+02
6.022957816747330071e+02
3.243722694169778151e+02
5.514070030523786272e+02
5.080681985499978737e+02
4.285872055182235840e+02
6.645910789165460528e+02
2.961964875473812526e+02
7.462808546887104058e+02
3.308918337792495663e+02
7.375005442861263418e+02
5.401463619912661898e+02
6.280307972147004421e+02
7.690844121022106492e+02
4.571091889494449561e+02
9.328373661259330447e+02
3.833048116216471612e+02
9.934854792467788229e+02
5.853951331011365937e+02
9.227318386141856763e+02
9.054137873286331342e+02
7.389926465426433424e+02
1.196835943290561545e+03
5.543632803840307588e+02
1.383980411289341191e+03
6.760685841191032068e+02
1.401855061955244537e+03
1.118740997660896937e+03
1.238992771419272003e+03
1.632986118263848084e+03
9.606401052817436721e+02
2.075779156223561586e+03
9.283184584228877156e+02
2.355807842112183607e+03
1.568775568689486136e+03
2.361482118301920309e+03
2.611040483806725206e+03
2.134474276128009478e+03
3.921494864431783753e+03
1.968140340740244710e+03
5.457437508227558283e+03
3.340173229776591597e+03
7.519261842248187349e+03
8.264971972013281629e+03
1.242769604412574336e+04
3.414743039019899152e+04
4.147802122465472348e+04
2.637797451539832400e+04
6.386097181688356613e+03
9.826285453288815916e+03
4.959525379400588463e+03
5.035431133360739295e+03
4.537475593031656899e+03
2.631106011924765880e+03
3.995139045526314021e+03
1.560611157820155086e+03
3.265149188740771024e+03
1.628858945282015156e+03
2.416582218694458788e+03
1.964453313361952041e+03
1.597301880893999851e+03
2.104606862339862801e+03
9.903677594711036818e+02
1.992702749309513592e+03
8.866405444466822701e+02
1.682995649967216195e+03
1.147745883506709561e+03
1.242330270315336975e+03
1.369377145841435777e+03
8.093166079703504465e+02
1.428241080403485284e+03
6.029804301930468000e+02
1.310366923164916216e+03
7.485262834185227803e+02
1.055433283287820359e+03
9.696484822498584890e+02
7.362120666050698219e+02
1.087522841962558005e+03
4.962547065189736486e+02
1.071636203408527535e+03
5.212286187615439985e+02
9.248303456381111118e+02
7.046115707679076650e+02
6.971593286127887268e+02
8.520967063828717301e+02
4.665327043764326049e+02
8.942790900339791733e+02
3.908912096077576166e+02
8.250705806819390773e+02
5.200510649520005018e+02
6.653920938024364204e+02
6.720735856074901449e+02
4.660044236247073286e+02
7.537584030407492719e+02
3.334884631974356921e+02
7.390482133151517701e+02
3.887358093780638910e+02
6.362953643049144148e+02
5.318817733771273879e+02
4.737145512677589068e+02
6.344589169812184082e+02
3.214893436267078641e+02
6.604936277736710508e+02
3.024662523007360733e+02
6.029225084687798244e+02
4.161440874553397862e+02
4.792580012597792347e+02
5.304629677707691826e+02
3.328263504578000038e+02
5.861444588280817243e+02
2.560216952051234784e+02
5.667727450903643103e+02
3.247255802210015645e+02
4.795242197293989079e+02
4.386228043706627204e+02
3.512280638676232911e+02
5.148754668887254411e+02
2.438534827512641812e+02
5.269089001543754875e+02
2.566262328215762523e+02
4.728243590029491088e+02
3.572975911020266722e+02
3.684953360790600527e+02
4.464090623998722549e+02
2.546707331555336964e+02
4.848808205032123624e+02
2.139056716904825350e+02
4.592309012919064912e+02
2.876723035984960575e+02
3.803589248042607096e+02
3.815532889119094762e+02
2.727936234158300408e+02
4.380663325757637381e+02
1.973361159386288648e+02
4.391944719500525025e+02
2.307152900497808048e+02
3.855544922558247549e+02
3.199854283522515175e+02
2.932692840826960037e+02
3.902552414792590412e+02
2.019288936471674845e+02
4.135257720918245354e+02
1.898838432150309927e+02
3.839686764423566956e+02
2.637487593243566266e+02
3.102432512519169450e+02
3.416850933616397583e+02
2.184617675941630921e+02
3.831344681989159540e+02
1.686376452276242048e+02
3.756496430520950867e+02
2.147734431725127706e+02
3.218304715142537589e+02
2.935740818737817790e+02
2.385936275139680731e+02
3.488871086528926071e+02
1.668554567785218126e+02
3.610503309968834742e+02
1.759934974449389244e+02
3.272937361556746509e+02
2.472263376654630065e+02
2.574822729416379730e+02
3.119176972442294300e+02
1.787883654169873466e+02
3.410638098671626608e+02
1.512094039756443067e+02
3.265307094612330161e+02
2.046150308412171626e+02
2.725090843507736622e+02
2.735269794472264380e+02
1.969733941535734516e+02
3.165622846736032443e+02
1.430586886508942257e+02
3.195647389586173972e+02
1.681516031916606835e+02
2.823426844925882051e+02
2.348496724138537957e+02
2.159597328786916535e+02
2.882938077637328433e+02
1.493906853547803735e+02
3.071598352436607229e+02
1.413589605360128871e+02
2.866066464205408124e+02
1.976488980309323722e+02
2.326335842824627207e+02
2.573662225331340210e+02
1.644218580092031061e+02
2.898755003115546174e+02
1.276189987689294298e+02
2.853010975564600358e+02
1.639054328714190660e+02
2.452699012103772986e+02
2.250466797330747113e+02
1.823038238606299615e+02
2.683483539771960409e+02
1.279423324191818239e+02
2.786030962842411327e+02
1.363720900293734246e+02
2.530804634111578650e+02
1.924507444472758948e+02
1.995007327531145620e+02
2.436366876277149345e+02
1.387170130530450933e+02
2.668647495723093925e+02
1.183974050940518197e+02
2.560462250824816692e+02
1.616225619000066160e+02
2.139251023048929596e+02
2.166293880478146150e+02
1.545977737371876231e+02
2.510614632789460927e+02
1.129543978324094127e+02
2.538034888760165586e+02
1.345039226522557101e+02
2.243002236410565331e+02
1.884563479406860722e+02
1.714680829482163915e+02
2.314571297896178237e+02
1.187789974840300715e+02
2.467718317544077706e+02
1.139814670599066773e+02
2.302664368943761701e+02
1.604682823862044074e+02
1.866996900577620409e+02
2.090690317929534388e+02
1.317738325790615761e+02
2.354122492747646334e+02
1.033779529310045291e+02
2.315986267468281312e+02
1.344131509323428872e+02
1.988557309015648400e+02
1.847648313180523587e+02
1.474910802828484009e+02
2.202281303469377463e+02
1.038757553098765811e+02
2.283925441429680347e+02
1.126462109918910528e+02
2.072265073250961507e+02
1.597170360772827564e+02
1.628901977168153223e+02
2.018881581539504282e+02
1.131303791294067480e+02
2.209287123020867796e+02
9.816994382195748869e+01
2.114180034889838566e+02
1.352815127771443997e+02
1.761698491893661185e+02
1.811804045530882377e+02
1.269648094847188133e+02
2.095729814564014646e+02
9.349292355302564772e+01
2.113919360934200995e+02
1.133251367763139683e+02
1.863290581361179363e+02
1.590106564593946246e+02
1.418962343344332169e+02
1.948759572151818702e+02
9.834573302578967002e+01
2.072482515728170824e+02
9.635237201545855612e+01
1.928187604115937006e+02
1.365018791197694270e+02
1.557313159577060446e+02
1.774640838510742071e+02
1.095355568770158783e+02
1.992637472988097045e+02
8.717756697823266165e+01
1.954314961528398840e+02
1.151238391133041290e+02
1.671627087116280279e+02
1.580926007610094928e+02
1.233850586187916605e+02
1.878361692322393424e+02
8.727453167149626267e+01
1.941583047871859264e+02
9.685856677976073570e+01
1.754721879082968883e+02
1.376934174408498563e+02
1.372326068977121167e+02
1.734722882393693624e+02
9.507386014179260769e+01
1.891342656611235498e+02
8.428415535457114061e+01
1.802885987701495196e+02
1.174111228201549295e+02
1.494855777633605953e+02
1.568029621893219030e+02
1.071597164950857035e+02
1.806594011659458943e+02
7.977846645161265826e+01
1.814814545118190665e+02
9.881802265523397466e+01
1.591898327263651822e+02
1.385831576728438392e+02
1.205086036162707614e+02
1.691228234574970486e+02
8.357247264217235738e+01
1.790865637694442682e+02
8.403187392061936123e+01
1.658271590057929643e+02
1.197520892389351985e+02
1.331328152137339202e+02
1.550373398559365512e+02
9.319286247380553334e+01
1.732779853234343932e+02
7.558116632051203965e+01
1.691376189286560248e+02
1.015298705302363658e+02
1.438449412674316363e+02
1.390193725180664899e+02
1.054738301920881014e+02
1.643635692940456181e+02
7.507424288987688499e+01
1.690581584692253898e+02
8.560163427979291839e+01
1.519493292015781378e+02
1.218438916910894534e+02
1.180289978472331001e+02
1.527371473335960275e+02
8.153947808977895306e+01
1.656670585489013092e+02
7.420162325304964668e+01
1.570665555613713309e+02
1.044849840842151849e+02
1.293706819554948027e+02
1.389095718615128305e+02
9.213299337923878340e+01
1.591681218552042480e+02
6.958160437061947334e+01
1.590245888296987005e+02
8.825380613129905782e+01
1.386135949763768167e+02
1.235125009268794258e+02
1.041471750577243967e+02
1.498727946141130190e+02
7.233494481826353706e+01
1.578138808861829432e+02
7.497102373407570042e+01
1.452383846719915823e+02
1.073384854940263438e+02
1.157436155639617255e+02
1.381892141948550261e+02
8.057687799063052125e+01
1.535437170778198777e+02
6.689634149408179553e+01
1.489729903151398958e+02
9.141910938736847925e+01
1.258064310384235540e+02
1.246359274325455004e+02
9.152238520989561721e+01
1.464433115338727021e+02
6.572252567029421755e+01
1.497158935516749523e+02
7.718544996531359459e+01
1.336610419836693779e+02
1.098584034272008552e+02
1.029749578241011392e+02
1.368343506732518051e+02
7.097001277978581868e+01
1.474972343832308184e+02
6.658512803243048950e+01
1.389252586031636270e+02
9.468249787540761986e+01
1.135267399000575210e+02
1.251364299567339913e+02
8.025953256222184962e+01
1.424571633496792629e+02
6.172666220233749357e+01
1.414010650345730937e+02
8.022799283768911494e+01
1.223428768932765820e+02
1.118825336145481941e+02
9.112872235242957686e+01
1.348487498441961066e+02
6.349443731646765343e+01
1.410489822059599589e+02
6.805263601252467254e+01
1.288976743766292827e+02
9.774778782468864335e+01
1.018382217347308938e+02
1.249965067704485762e+02
7.050607102769144774e+01
1.379338750171161792e+02
6.017515103574685043e+01
1.329115679051181189e+02
8.360881453762908677e+01
1.113196668146156014e+02
1.133385089468937110e+02
8.029552937736423246e+01
1.322275288347882736e+02
5.832714737575268060e+01
1.342571964386134198e+02
7.068564274778478307e+01
1.189204323623338695e+02
1.004149927903792445e+02
9.081820661147186513e+01
1.241990393550170495e+02
6.242283438071821422e+01
1.329793235133892892e+02
6.066342197045298690e+01
1.242267961678958414e+02
8.703587714504985229e+01
1.006112430089753502e+02
1.141458465840525918e+02
7.060947977092838812e+01
1.290055811451207433e+02
5.552973247511026500e+01
1.271034029551494626e+02
7.394667681888633126e+01
1.090530149706703327e+02
1.026038047322382596e+02
8.046382095968694159e+01
1.227215442849302889e+02
5.637167461187692652e+01
1.274124273187465803e+02
6.264129620171301838e+01
1.155099841676758814e+02
9.009920591163364634e+01
9.039718707652464502e+01
1.143296202066188982e+02
6.225500346278345631e+01
1.252035291280925549e+02
5.488254467244711776e+01
1.197098893692473212e+02
7.739209411033938579e+01
9.936236388223704807e+01
1.042004120441140032e+02
7.100226660891155461e+01
1.206046485894652562e+02
5.239688797769067463e+01
1.215107380049198440e+02
6.553054295211178726e+01
1.067150159634331459e+02
9.280755208909567955e+01
8.065833341397342338e+01
1.138217965174656143e+02
5.549125533817876033e+01
1.208794383317862184e+02
5.597572117120233059e+01
1.120811529141442264e+02
8.075992766909992326e+01
8.991073832937529176e+01
1.051612618583933880e+02
6.256880859506993886e+01
1.178802438857183006e+02
5.056073846501538327e+01
1.152225370038719348e+02
6.886867924046413236e+01
9.795901991545269993e+01
9.500033858503695683e+01
7.153353221751306990e+01
1.126703219403410827e+02
5.053936234780464076e+01
1.160515294408777862e+02
5.829503518849325872e+01
1.042965437205086090e+02
8.383516459936829790e+01
8.077937888215444673e+01
1.054762457720931792e+02
5.538152542431048175e+01
1.145722087844859658e+02
5.062788419359670655e+01
1.086246763668923165e+02
7.231572530886543859e+01
8.928255416831211733e+01
9.660827760643157092e+01
6.318803581895316768e+01
1.108776949598546651e+02
4.755259741709033960e+01
1.107941022373113782e+02
6.133851721569810422e+01
9.641046485481159323e+01
8.648862002197884635e+01
7.207377271828413257e+01
1.051424340903129462e+02
4.968048538919829582e+01
1.107265761706638898e+02
5.218988921983916640e+01
1.017687511524442954e+02
7.561419496283124886e+01
8.078245457607036428e+01
9.761298721145385571e+01
5.578401876889967070e+01
1.084831222528759156e+02
4.652111889642527842e+01
1.051297696980104774e+02
6.470775671244169303e+01
8.849487260976276559e+01
8.861974503586478136e+01
6.392868015507331592e+01
1.041720094798726848e+02
4.569925455618736265e+01
1.063820940090549954e+02
5.476083144362378619e+01
9.471427050052584207e+01
7.859071209241737677e+01
7.254700866103031842e+01
9.798464558629460441e+01
4.956461428696879778e+01
1.055048933957541806e+02
4.717537020613130494e+01
9.914109347547358198e+01
6.809252376609389046e+01
8.062928913773544082e+01
9.018755288938807269e+01
5.649596384399603011e+01
1.025800745040953927e+02
4.357174297560588627e+01
1.015919439111457478e+02
5.789052443894639310e+01
8.753329070702227455e+01
8.113309838636756410e+01
6.469489957249098211e+01
9.772564220780411404e+01
4.478889890970516774e+01
1.020059372371319313e+02
4.910098395504459745e+01
9.287278669839895429e+01
7.127516749991917777e+01
7.289728057778083326e+01
9.116085184975619882e+01
4.997509946510934498e+01
1.003952085237501279e+02
4.322000819651000114e+01
9.640811544445045911e+01
6.122389840263404182e+01
8.029934851250409622e+01
8.316855751454119172e+01
5.735853505235265004e+01
9.684923449304260146e+01
4.166338279795355248e+01
9.801628501599975607e+01
5.183953489503234380e+01
8.639923992199993563e+01
7.412324708692808883e+01
6.540036761600535442e+01
9.152481932900484196e+01
4.460975508902046727e+01
9.765673224895628834e+01
4.435080302407329356e+01
9.088763975577825249e+01
6.450790046044188841e+01
7.308943716336182206e+01
8.465074747404581501e+01
5.070850580294191445e+01
9.537630681924153464e+01
4.027862380089653271e+01
9.358320693491711495e+01
5.499670916989894209e+01
7.978603066193349491e+01
7.653058149922406983e+01
5.825938338829310226e+01
9.128292522591023328e+01
4.064908888832437839e+01
9.440026047269621756e+01
4.654852245705120595e+01
8.509356057706152399e+01
6.756028827798337488e+01
6.599285447487534384e+01
8.555397739901337673e+01
4.496014825788800096e+01
9.333186338971297857e+01
4.050449486097441820e+01
8.876634459867148053e+01
5.826609607539574398e+01
7.310809148282022818e+01
7.843690371913460524e+01
5.162057711734174603e+01
9.044703837319646311e+01
3.827980214237818046e+01
9.067092871150656208e+01
4.939563165379570364e+01
7.908657220675438282e+01
7.025105443370974001e+01
5.912321809776400272e+01
8.587422252644147136e+01
4.035139488496618299e+01
9.075385346105005624e+01
4.201982375535982328e+01
8.362211356718171373e+01
6.142596091702053229e+01
6.644332780686619344e+01
7.980624552269408412e+01
4.566005625773024690e+01
8.903838074543213565e+01
3.754565602035247451e+01
8.652002637098944149e+01
5.254000704777479314e+01
7.293790926617988646e+01
7.250569001699962257e+01
5.259933163660405597e+01
8.561157173681843346e+01
3.712186209622979050e+01
8.768799956182779454e+01
4.442439207020388636e+01
7.820078196510421265e+01
6.432955367391559776e+01
5.988606141937485461e+01
8.061621840014701945e+01
4.059610152751413636e+01
8.708450117981492156e+01
3.826527061295384158e+01
8.198741849184453656e+01
5.571549755113147739e+01
6.672429492775050619e+01
7.427139184280864015e+01
