1.442103385950437371e+02
1.003719778849327611e+02
1.093333325514300469e+02
1.399563647845587298e+02
6.215254291499626049e+01
1.596633451280775091e+02
4.104305307479024378e+01
1.553277180253151926e+02
8.358419184121743228e+01
1.276304459083846865e+02
1.292432538608044865e+02
8.270243573125284797e+01
1.579601805284171121e+02
4.176018359178908668e+01
1.632439797206649814e+02
6.610327633317628226e+01
1.438786547877897704e+02
1.154870863088971618e+02
1.037673516617334428e+02
1.525734849928331016e+02
5.543158948019078736e+01
1.676555444031208140e+02
5.075964742712887556e+01
1.575083563625266549e+02
9.923394124694716822e+01
1.240130136794476812e+02
1.435701860927469795e+02
7.545513555304076192e+01
1.683419173938985125e+02
4.367788990705431473e+01
1.680430786239472241e+02
8.142551489817587651e+01
1.425933920497685392e+02
1.311869646081731844e+02
9.748289826181145656e+01
1.651664778905508797e+02
5.079822663282418915e+01
1.751292535603344902e+02
6.399687072195981585e+01
1.588136985065589215e+02
1.158266197183996269e+02
1.195278573669461935e+02
1.581825119509812794e+02
6.856101845951847906e+01
1.784267215447336525e+02
5.118239210553223018e+01
1.721418929810213001e+02
9.826439292435532025e+01
1.403972424697801955e+02
1.474748678913411482e+02
9.081636382260967366e+01
1.777909495190716314e+02
5.016026528811986651e+01
1.820479473002535826e+02
7.983243983750121231e+01
1.593100656360996084e+02
1.334011414148168626e+02
1.143344555949024084e+02
1.731006326447882486e+02
6.312653469726480893e+01
1.882634521488900532e+02
6.354560138542727543e+01
1.755556469215943878e+02
1.165396018766183772e+02
1.373931420509335339e+02
1.644087558597271936e+02
8.432324066708594046e+01
1.904103874221171679e+02
5.519720877869967524e+01
1.886520366825597819e+02
9.797787082610821585e+01
1.590616940729612452e+02
1.520650127744163171e+02
1.088255133847690672e+02
1.884906462635260027e+02
6.093036504665775510e+01
1.979603847804307577e+02
7.975675814278255871e+01
1.783696837693966302e+02
1.363733118278529162e+02
1.338937418251249198e+02
1.822570785030556806e+02
7.903722422280672788e+01
2.032748320894369272e+02
6.615553545780691991e+01
1.947222665548407576e+02
1.182196951463362211e+02
1.582251618811281162e+02
1.719221091784505973e+02
1.034770701782175450e+02
2.044040304489996629e+02
6.412467679084961958e+01
2.076062708066361893e+02
9.923555152192227524e+01
1.808031143246026602e+02
1.578418019490680990e+02
1.301945020367416816e+02
2.010891970319572977e+02
7.665611789386399266e+01
2.165672955549158019e+02
8.257639583984713738e+01
2.008351932383772578e+02
1.407665536946250313e+02
1.573155616986080361e+02
1.934956407956300097e+02
9.942777911234092869e+01
2.213313698047302864e+02
7.397291488067860143e+01
2.176542792245383566e+02
1.220832723765662564e+02
1.833530557819894966e+02
1.818085681703720979e+02
1.270574148587835737e+02
2.214324924033052753e+02
7.946364058166170707e+01
2.308168428513499180e+02
1.040114693324038626e+02
2.070697671287687172e+02
1.662425334207086394e+02
1.569621863229844791e+02
2.172068017779440936e+02
9.828786519671434974e+01
2.396764805347338267e+02
9.103764176720025603e+01
2.284616840901133230e+02
1.484551907367391834e+02
1.864055618725589056e+02
2.084282003731828468e+02
1.258722800868842597e+02
2.440975818885380022e+02
8.946086599612797841e+01
2.465930501314444143e+02
1.305054666469200697e+02
2.146531804773414649e+02
1.956482507575143188e+02
1.575113585403350385e+02
2.438976605779935483e+02
1.034380871333027159e+02
2.603472352272906392e+02
1.152226864849192651e+02
2.413098968348191136e+02
1.798934842854445719e+02
1.912809733125622529e+02
2.391795049398003812e+02
1.293317426422317169e+02
2.701968840771465921e+02
1.092788718559011727e+02
2.654669883246280619e+02
1.631820738418456926e+02
2.253061231603464307e+02
2.303952428042766769e+02
1.632559461578633204e+02
2.759687329975606644e+02
1.180193082844472912e+02
2.862461255094342505e+02
1.483868941206529257e+02
2.588582565456082989e+02
2.185576676375171985e+02
2.017939005512009771e+02
2.776641968675714338e+02
1.423245913257241000e+02
3.039820508794243210e+02
1.414645521752936475e+02
2.913898554409090593e+02
2.060925898078198770e+02
2.431469260213606276e+02
2.755969877190826764e+02
1.791342922513836129e+02
3.185339043691435563e+02
1.486521013154741411e+02
3.225873332101168103e+02
1.958008160203287389e+02
2.872139175278606444e+02
2.716981800400522502e+02
2.249099573094969742e+02
3.308460184481584747e+02
1.739788376838595241e+02
3.529226841174928495e+02
1.936537674298484433e+02
3.331935176453146710e+02
2.686464683648569007e+02
2.788020251710255479e+02
3.421300557895413590e+02
2.180503736404605490e+02
3.839490259110319244e+02
2.079036856165725737e+02
3.830467972038838980e+02
2.712311461830278176e+02
3.414621398468638631e+02
3.562286490302057018e+02
2.804511639696434600e+02
4.189425635335768447e+02
2.485243228961320483e+02
4.416674698806975812e+02
2.912267720558016322e+02
4.181469283391219847e+02
3.805143091421719532e+02
3.654874299380830394e+02
4.652030791076412015e+02
3.221037148152611280e+02
5.158338818246269284e+02
3.417544620325762708e+02
5.181668869025785398e+02
4.303943756245686245e+02
4.855275032471741952e+02
5.402903228933918172e+02
4.484775687385080687e+02
6.289441680198905260e+02
4.600549625312922331e+02
6.777444700133286233e+02
5.531371604867480301e+02
6.916079629068048007e+02
7.042787118048420325e+02
6.987975129334964777e+02
8.688421843932393358e+02
7.553001087229415589e+02
1.028330190402091375e+03
9.251460742960201742e+02
1.191997405541498665e+03
1.234789179037494932e+03
1.462469151553903657e+03
1.758835107024514627e+03
2.019984031828770185e+03
2.798555543591026435e+03
3.565570073556184070e+03
5.306031087091952031e+03
5.996727420464701027e+03
4.489503070808535995e+03
2.966315819443049804e+03
2.312556581835860925e+03
1.630187734243362229e+03
1.498220319998373725e+03
1.072092163411687125e+03
1.062785656990069810e+03
8.266485312780753247e+02
7.580694956710079850e+02
7.187495676560819220e+02
5.178214482572836914e+02
6.397283815600736716e+02
3.823540767333467443e+02
5.466828028850852661e+02
3.439082499836389957e+02
4.312436815200666160e+02
3.702537201827057061e+02
2.942626370881961293e+02
3.885169516484459109e+02
1.749064050173787450e+02
3.707185227979319393e+02
1.467100276460834323e+02
3.142491177190183294e+02
2.033457381558905297e+02
2.265506402991704817e+02
2.547034847477508492e+02
1.244122972005671528e+02
2.761785562530924949e+02
4.354042273493966775e+01
2.585963072896825565e+02
9.721041848189672407e+01
2.116176747849479511e+02
1.706374315653786766e+02
1.367027105881486762e+02
2.135595502936766081e+02
5.069576709356039856e+01
2.214750267538221919e+02
3.900302384797570454e+01
2.021103969222705246e+02
1.106120969276007031e+02
1.555387735674066789e+02
1.615848347448618085e+02
9.935715590446946521e+01
1.911213318872075320e+02
5.456531093038321956e+01
1.899929010007651016e+02
7.623017022761418104e+01
1.684260372557164658e+02
1.218462138199230367e+02
1.332236192491159841e+02
1.581828422976531670e+02
9.460063449810269276e+01
1.763823706097347497e+02
7.645299537489962916e+01
1.732899276332056218e+02
9.649114679328977218e+01
1.560634443730117482e+02
1.295135664016067096e+02
1.253503671254493241e+02
1.553654151163624135e+02
9.929112002277862814e+01
1.700469343685145134e+02
9.279745700568228983e+01
1.715321777857180905e+02
1.102141203015112296e+02
1.520244751622057322e+02
1.375884712897312170e+02
1.275240974122301196e+02
1.609356780805697156e+02
1.061763902656402507e+02
1.698053550632415067e+02
1.005489135712212345e+02
1.688794848721380788e+02
1.170345833320703264e+02
1.539762606369454545e+02
1.449568505237824922e+02
1.287969169573104864e+02
1.650962850070966965e+02
1.100095601319758316e+02
1.773852439904498794e+02
1.065484621166212662e+02
1.734997278208486762e+02
1.251145683693910797e+02
1.576833025586124108e+02
1.538410148498028320e+02
1.305416118588248651e+02
1.783379882792793012e+02
1.089529128260484185e+02
1.893344204044522598e+02
1.097550697488147051e+02
1.802471068061333312e+02
1.362947978103617004e+02
1.557792072348511851e+02
1.680081167428445212e+02
1.259741558888750319e+02
1.956488634692050255e+02
1.028153860067091756e+02
2.009330220675216196e+02
1.152537385837619865e+02
1.880861299820884938e+02
1.563772279546158472e+02
1.513847092806503838e+02
1.948630690159769756e+02
1.120844457955409581e+02
2.153791896859452493e+02
9.814579044463924618e+01
2.134344256136867557e+02
1.348747743565669168e+02
1.858447956757600537e+02
1.859671078896955692e+02
1.373362690611884886e+02
2.255676339087658562e+02
9.372363456208007904e+01
2.377611195870094889e+02
1.101223524110140630e+02
2.199104117127025120e+02
1.712080016424549171e+02
1.707031952104773609e+02
2.272904295348734252e+02
1.086747527202538635e+02
2.576509264434977240e+02
8.829650065396427294e+01
2.508970634815649419e+02
1.495820285259330262e+02
2.085163977925279255e+02
2.208426751805320123e+02
1.386923666179892791e+02
2.683987888216468036e+02
7.916320459931731079e+01
2.787608641342375790e+02
1.211379255978475413e+02
2.474029314117435661e+02
2.058656280361121844e+02
1.792834801155220532e+02
2.722694121025197660e+02
9.431220145928416798e+01
3.012110228554053037e+02
9.049411751782474767e+01
2.841532156940143068e+02
1.820363004943594376e+02
2.239946911844378121e+02
2.673631528896988243e+02
1.312756857433704454e+02
3.163829184775262320e+02
6.646815461844160211e+01
3.176014592177760960e+02
1.502422878367551959e+02
2.704477410349537649e+02
2.533059000684256148e+02
1.797561807593681920e+02
3.240621831383096492e+02
7.495945920452683708e+01
3.463040642620366043e+02
1.122584319761729716e+02
3.148623068487460728e+02
2.286261491221739277e+02
2.345099512209536385e+02
3.234806036589187102e+02
1.166114986890809320e+02
3.684193125883622884e+02
7.259350776988522114e+01
3.572787901083701740e+02
1.960873476609357056e+02
2.888387375351981632e+02
3.108602934167078047e+02
1.739014357477209671e+02
3.822609882564554482e+02
5.629424752752386496e+01
3.950376200153831974e+02
1.534083239211691989e+02
3.442028771402673328e+02
2.887748114625583753e+02
2.374811619160034581e+02
3.866041938902314996e+02
9.573993204308050053e+01
4.256918967047520823e+02
1.024836990916425208e+02
3.977560377159573477e+02
2.552314893579510624e+02
3.047357771302923197e+02
3.800750347588525528e+02
1.612584692768047887e+02
4.487308476852348917e+02
5.393349649836795834e+01
4.475109046879399557e+02
2.101711325656615088e+02
3.735549561383360810e+02
3.619425096700354629e+02
2.369380944405010894e+02
4.623325801772687669e+02
6.815750495485582405e+01
4.914134559169735326e+02
1.535282134010858215e+02
4.419816279480871231e+02
3.311119291618498437e+02
3.182857785818997627e+02
4.643115025472195612e+02
1.412809758574542514e+02
5.280901690791120018e+02
8.736943947042266245e+01
5.078320680206148268e+02
2.861551630591425237e+02
4.041058603546844097e+02
4.541957765660295649e+02
2.302292782931428690e+02
5.550371616909485510e+02
4.108704481774636008e+01
5.693124778439879492e+02
2.267199562330491460e+02
4.912871747942271554e+02
4.285854863717506191e+02
3.296373868684882495e+02
5.702572285079560288e+02
1.107579134102850560e+02
6.254994324718468306e+02
1.522304223495494000e+02
5.798664857141768607e+02
3.877544151487184649e+02
4.367453184162683897e+02
5.729596912549255876e+02
2.160436774982992745e+02
6.727964297761955095e+02
6.613925248471554141e+01
6.659800446088727313e+02
3.282033064421467543e+02
5.502942736946416744e+02
5.589692647370935674e+02
3.374804201284408123e+02
7.088008097264090566e+02
6.661524489104220947e+01
7.501017474770031868e+02
2.489632424731271669e+02
6.694000772811980369e+02
5.259611350721440886e+02
4.744127401638888841e+02
7.327548631622636321e+02
1.904923612258865830e+02
8.284984254154841210e+02
1.471057676435933672e+02
7.938824944559851247e+02
4.715228150710087789e+02
6.255155472715129008e+02
7.391766040090722072e+02
3.441614069362480564e+02
9.007320257091600979e+02
3.410216675147226084e+01
9.238096347215711148e+02
3.914573531575102265e+02
7.941205394559449360e+02
7.271826217326288315e+02
5.239083444157920439e+02
9.643706511880460539e+02
1.504141799218787412e+02
1.057258831154357495e+03
2.796714981853897939e+02
9.821008462544963322e+02
6.906415913522365599e+02
7.355889135019035621e+02
1.016148826145431144e+03
3.489411831141321159e+02
1.197702083171291861e+03
1.314957639564102294e+02
1.192791563357629002e+03
6.222725947641308721e+02
9.880634642033519413e+02
1.053380052994812104e+03
5.990766234054425468e+02
1.345230623670308205e+03
7.749968616688765621e+01
1.437111357199398071e+03
5.137574910699971724e+02
1.295127939695187024e+03
1.070977885043912238e+03
9.197478239102676980e+02
1.503985146444131942e+03
3.505075470811769378e+02
1.731062289434593822e+03
3.467525923272876298e+02
1.686151175297512054e+03
1.062890974993585132e+03
1.348508746227259735e+03
1.686716522445085957e+03
7.366798064088261526e+02
2.104285470391871058e+03
8.956281152000842383e+01
2.214929134066942879e+03
1.015193700709364066e+03
1.959563498056854996e+03
1.911547077711371912e+03
1.321927863600143610e+03
2.628162341919953633e+03
3.363023382547276015e+02
3.011192262347118231e+03
8.969170224045192299e+02
2.940992012489907211e+03
2.238002980034739721e+03
2.323383996907840356e+03
3.493825920232565295e+03
1.125884732105170770e+03
4.445718465173538789e+03
6.172987242786250590e+02
4.881235144354228396e+03
2.848727045699093651e+03
4.542242244287162976e+03
5.449442175763975683e+03
3.128431393293117253e+03
8.259012226827973791e+03
2.304006876750538026e+02
1.116820324134963630e+04
5.059029807379228259e+03
1.441776634885297426e+04
1.640034479662724698e+04
1.980698334786497071e+04
7.146965215040395560e+04
9.101583647921716329e+04
5.904291159426833474e+04
6.930180706073257170e+03
1.947561619117874943e+04
9.512423453717943630e+03
8.820009364977227960e+03
9.385967600491543635e+03
3.098709830031513775e+03
8.158206000956934076e+03
4.969501532509590334e+02
6.376793146609062205e+03
2.724575548178319877e+03
4.333833413828539051e+03
3.921205248005338490e+03
2.263937861272697319e+03
4.259726000336739162e+03
3.801147962674775727e+02
3.905647023171087767e+03
1.149482940062155649e+03
3.062225654693193974e+03
2.202717041104475811e+03
1.933412563945190414e+03
2.747592588081678059e+03
7.115308711879216617e+02
2.793193495139931201e+03
4.245090340160818982e+02
2.419792509188025178e+03
1.328602371707035672e+03
1.734289305264232098e+03
1.909767375249615725e+03
8.796227565498641070e+02
2.129304723283263229e+03
4.263415935642637322e+01
2.000991859873167186e+03
7.841996822902999611e+02
1.582969456897366854e+03
1.358769074239468637e+03
9.679895831774632597e+02
1.665605306248932720e+03
2.710907582989521529e+02
1.689903753420036310e+03
4.095399485934784138e+02
1.450438300383396381e+03
9.584663506540048274e+02
1.009843404996870049e+03
1.312561551790240173e+03
4.520338272729107985e+02
1.434643551247446794e+03
1.366007748845558467e+02
1.325259166958330297e+03
6.489143511076966888e+02
1.019292989042384079e+03
1.025384357829794226e+03
5.780678756458876251e+02
1.215280154991464769e+03
8.464735709435926481e+01
1.203246726607342453e+03
4.010826162934782815e+02
1.004842207331024611e+03
7.835203994975946671e+02
6.630779199186035839e+02
1.019645804476395710e+03
2.409106966248240269e+02
1.082186066566146337e+03
1.987456182264612607e+02
9.720347952375736895e+02
5.753733215793619138e+02
7.165101828509716597e+02
8.417009638658780659e+02
3.639915543834006826e+02
9.616359061237124024e+02
4.145210242609039852e+01
9.244402146874133450e+02
3.942439647261946902e+02
7.443430042042621153e+02
6.781353011765844485e+02
4.570574372943619892e+02
8.415581772792623951e+02
1.148129855325969402e+02
8.643501699884143363e+02
2.356998026143486982e+02
7.510115043166049418e+02
5.268188157506818925e+02
5.248409546294103620e+02
7.222008737171775010e+02
2.275022975394043669e+02
7.953474384293164121e+02
9.902918301380837818e+01
7.400209604530026581e+02
3.874088809200162586e+02
5.706715868947451327e+02
6.050933554695336625e+02
3.189708365016336415e+02
7.184667329142973813e+02
3.773982177366855950e+01
7.139827114118600093e+02
2.594808947401740511e+02
5.971319448659954787e+02
4.907132499374546342e+02
3.908997075930952860e+02
6.359620440226635765e+02
1.325164296634029597e+02
6.753353697943459792e+02
1.433911212307074550e+02
6.066523637027607947e+02
3.802556505394523469e+02
4.447860444950009651e+02
5.496556144859031292e+02
2.190970019741847068e+02
6.262688958547057609e+02
4.358369896222349382e+01
6.012285632981468098e+02
2.748459462635305499e+02
4.820449487313672421e+02
4.612361061403262283e+02
2.909896769089743884e+02
5.687388917067868306e+02
6.393861510036441587e+01
5.827533885267715732e+02
1.756754353711243652e+02
5.040628215648438868e+02
3.723728636358150652e+02
3.483015826924365683e+02
5.046125324080932160e+02
1.433001232741521562e+02
5.529152335765767248e+02
8.450740482812345533e+01
5.121840772162120174e+02
2.845779174128479667e+02
3.916207289751966414e+02
4.356879614463356916e+02
2.130437770484973328e+02
5.134938640634857165e+02
2.392542288424791508e+01
5.076919481311405775e+02
1.993388786660212304e+02
4.216039281603151494e+02
3.636635625050413410e+02
2.713278609775830432e+02
4.661541566311020119e+02
8.415349738936990320e+01
4.919153065162029179e+02
1.182781604111007141e+02
4.389833772013939779e+02
2.901465955592425416e+02
3.179644142383492635e+02
4.124897301619508312e+02
1.503533852975272680e+02
4.662223186284527401e+02
4.491306846617137438e+01
4.446337923929937119e+02
2.167309090650039991e+02
3.530554372822299456e+02
3.540686133374474025e+02
2.080733842212105458e+02
4.320187400464276948e+02
3.879638001184920171e+01
4.391937248459807392e+02
1.445698317999394078e+02
3.772656658497677427e+02
2.925317181331951133e+02
2.564373352564660991e+02
3.907589844291136387e+02
9.907161119740710831e+01
4.246429109872775030e+02
7.666662965759455517e+01
3.902653036207045147e+02
2.292874071320055123e+02
2.947840604309600394e+02
3.436665453066022451e+02
1.551473044314687115e+02
4.010036654773296050e+02
2.223755679630168558e+01
3.933281818533209275e+02
1.658616156507608537e+02
3.233505362560075014e+02
2.922819007466574135e+02
2.037594288929488471e+02
3.698505517089300270e+02
5.684716656250622435e+01
3.869896940852794955e+02
1.037929564340660562e+02
3.422480686625004864e+02
2.379768154934933193e+02
2.441619321560697529e+02
3.323914661185982595e+02
1.101005643577740329e+02
3.720818289737547389e+02
4.575444589513212179e+01
3.517923642784281242e+02
1.821537167374040393e+02
2.760023024651599144e+02
2.898398581610599649e+02
1.582302251959520447e+02
3.495063303322365869e+02
2.522725262366802568e+01
3.524467963022719346e+02
1.261623787674186445e+02
2.992481415398685272e+02
2.435036562516797858e+02
1.996425491130829641e+02
3.203256556849345884e+02
7.163969929359427624e+01
3.447807671740479805e+02
7.169925573109132699e+01
3.139062263577193903e+02
1.945932071638513037e+02
2.337406649636639884e+02
2.855519608012950243e+02
1.184385038515952431e+02
3.295374436186099274e+02
2.428427111845401498e+01
3.202590624686768024e+02
1.444085924600372550e+02
2.602162068738511493e+02
2.463231430350774929e+02
1.600974703181141763e+02
3.075159221784757619e+02
3.941710110716445570e+01
3.186979152619869637e+02
9.430435740669507538e+01
2.789565588772561000e+02
2.037802229045252886e+02
1.956180027839401703e+02
2.796234270826583383e+02
8.350647242694350325e+01
3.097339110616218250e+02
4.630501823660519989e+01
2.900300954700109060e+02
1.590864733737477366e+02
2.245066443609632643e+02
2.468497250870145194e+02
1.247287846784022776e+02
2.940205729006163438e+02
1.824063427867671194e+01
2.936104999377697595e+02
1.134398387626328741e+02
2.464553100950248563e+02
2.101682691786370469e+02
1.610111396224286580e+02
2.722815763391623136e+02
5.299998767116844789e+01
2.900797758517219904e+02
6.823177706026368128e+01
2.613821263198059910e+02
1.706579069890947551e+02
1.915963552705871393e+02
2.453472326210421102e+02
9.300488002708728175e+01
2.799055188462446040e+02
2.688588868256348263e+01
2.693349098830273647e+02
1.293982359342683992e+02
2.160546288080351758e+02
2.141062513240603664e+02
1.294526390896696171e+02
2.636799740082965968e+02
2.763328795196825993e+01
2.705100347490951549e+02
8.755163557848132427e+01
2.341397313432152032e+02
1.794987333799974749e+02
1.611472364624598583e+02
2.420766340146438438e+02
6.459766242894241373e+01
2.652370238833752296e+02
4.670812513518021802e+01
2.457845510980509118e+02
1.425107069928951944e+02
1.875047143545999404e+02
2.158820659042362138e+02
1.006187427449552843e+02
2.539658240080007658e+02
1.611355442764778800e+01
2.510330237942919211e+02
1.041614487922391845e+02
2.081545883783111606e+02
1.859154902850484348e+02
1.329060179623478746e+02
2.372500429918454756e+02
3.955256012707275204e+01
2.500903703057293512e+02
6.562865826536362590e+01
2.228937445017912751e+02
1.530579687670455371e+02
1.606333630802047310e+02
2.157389008068357725e+02
7.430009054778416555e+01
2.432761779026013187e+02
2.924051195543350445e+01
2.316663321858789573e+02
1.182338346752716376e+02
1.833140900212328859e+02
1.901580377720665638e+02
1.066841618567362673e+02
2.310294296278303250e+02
1.964615654164156666e+01
2.345434969096461657e+02
8.244082786012819497e+01
2.006300597820888072e+02
1.612805967133195111e+02
1.353181573095620536e+02
2.138748548955840931e+02
5.045424552212843139e+01
2.317419446162225256e+02
4.697635807548003584e+01
2.124264695766306659e+02
1.299525753472343013e+02
1.595546718042587884e+02
1.924311994074386689e+02
8.237408007006725086e+01
2.235706260707171111e+02
1.688864461690658914e+01
2.186758912634076353e+02
9.705256306014372569e+01
1.789924191591391889e+02
1.673925958679659516e+02
1.114704429732453264e+02
2.104607041996088128e+02
2.948925910924895533e+01
2.194701280252384095e+02
6.358211032941913032e+01
1.933674977245042612e+02
1.395012340999884373e+02
1.368431116197702693e+02
1.929214814385680654e+02
5.994329470851867825e+01
2.150245158521345843e+02
3.123325998656000024e+01
2.025645212506047415e+02
1.095509042627237335e+02
1.579824061365123669e+02
1.715622744502707633e+02
8.906162184723993391e+01
2.056664869934308797e+02
1.471504213667531680e+01
2.065751553731748800e+02
7.840704601434060805e+01
1.745337637934632653e+02
1.470336891105327481e+02
1.151792920339287321e+02
1.918104526273859278e+02
3.950065346077893480e+01
2.055216852012267452e+02
4.714162678781698901e+01
1.862890787920152320e+02
1.200512228818997755e+02
1.376284063785024330e+02
1.739645393527520696e+02
6.806916220553975450e+01
1.996303615543890828e+02
1.879862337542254380e+01
1.931628154031473343e+02
9.138329209167524425e+01
1.559783596936011918e+02
1.527074315420418031e+02
9.455157623034277492e+01
1.892356086006500391e+02
2.183797193764526057e+01
1.951826297186356953e+02
6.190048240524799894e+01
1.699290314791622620e+02
1.286728516201192463e+02
1.179547820468803820e+02
1.747374471691632891e+02
4.855834085375857256e+01
1.924884036598901389e+02
3.289111508682390905e+01
1.793319350489516637e+02
1.025575832079071432e+02
1.377511724405307518e+02
1.566503049623275103e+02
7.497977720826449399e+01
1.853198876231152497e+02
1.257171612092996149e+01
1.841243358539681196e+02
7.510973415641801409e+01
1.535741926015803074e+02
1.355306066563185254e+02
9.899919477663326006e+01
1.740119594802821155e+02
3.079398775701481838e+01
1.843630383387426832e+02
4.723369570856465316e+01
1.651868358408765118e+02
1.120006738860180491e+02
1.199124313956375261e+02
1.589758201555357573e+02
5.653456341133899343e+01
1.802035861434853530e+02
2.093434451689491738e+01
1.724698382531963432e+02
8.672122238373611935e+01
1.373042101085440549e+02
1.407308424578334609e+02
8.081538631381569360e+01
1.719203320137089293e+02
1.612176218154041152e+01
1.753834074146462285e+02
6.046364781376077246e+01
1.508229488860710035e+02
1.197862310609430665e+02
1.025468494242559672e+02
1.598306063150753005e+02
3.932219849247579901e+01
1.740279619332553409e+02
3.425649170991339076e+01
1.603010375701066437e+02
9.676650163740615085e+01
1.211755205134001301e+02
1.443625904150129031e+02
6.345842840906382065e+01
1.685742113290425550e+02
1.266684931063005237e+01
1.656471634699799154e+02
7.233097241264532329e+01
1.363274664555852098e+02
1.259991217946396063e+02
8.568705083600806915e+01
1.592820195719929188e+02
2.378612363616152336e+01
1.668648121377344182e+02
4.722966284153397964e+01
1.477752316096219829e+02
1.052808468321466648e+02
1.053045590647546987e+02
1.465570226468499015e+02
4.701033065999595095e+01
1.640911095197047587e+02
2.297785532102056294e+01
1.552898929791779210e+02
8.280078096147498457e+01
1.217985351198739465e+02
1.307239604794687864e+02
6.943043546978827862e+01
1.574874420929967300e+02
1.216740283978981907e+01
1.588852864097119095e+02
5.921742393930753678e+01
1.348966569914124420e+02
1.123172526115807841e+02
8.971756720936843976e+01
1.473478537837411579e+02
3.168224078018890211e+01
1.585806304750771289e+02
3.538812220121000252e+01
1.443802122663327907e+02
9.186260992304498529e+01
1.073152550892859693e+02
1.340230190502578012e+02
5.384246188005241862e+01
1.545094656521861225e+02
1.401102006657671772e+01
1.501262936007809117e+02
6.993685172282319229e+01
1.218544066981290399e+02
1.179396528245875402e+02
7.453130430208435087e+01
1.468724161964206871e+02
