1.844937643217106995e+02
1.016564633482742863e+02
1.674331014170948322e+02
1.412931887697178865e+02
1.326729184357213285e+02
1.756550030625740249e+02
9.680796821860630530e+01
1.908140154700340076e+02
9.387667872222620247e+01
1.822182808464719415e+02
1.293986981636249425e+02
1.522952782169981845e+02
1.694557359420186344e+02
1.125713426075339640e+02
1.938308840490897751e+02
9.212653049057816190e+01
1.946119929320325070e+02
1.172233502243723677e+02
1.714828442584757511e+02
1.603450530074939877e+02
1.321188882987132445e+02
1.932780356403291648e+02
9.837857961254904637e+01
2.040181929542282546e+02
1.067323576963157166e+02
1.893603495866503579e+02
1.488200819043964884e+02
1.535887616981743804e+02
1.892271814481794650e+02
1.122639097090590212e+02
2.101699226549000343e+02
1.010441670114172297e+02
2.050797242448710733e+02
1.359944377383918379e+02
1.754113706863280697e+02
1.816316578217306699e+02
1.320385856258477020e+02
2.128136243302535320e+02
1.030094177240623594e+02
2.181901825590706494e+02
1.237478186617344704e+02
1.967187345654881483e+02
1.713770023092458246e+02
1.549726586476609498e+02
2.113124654020654418e+02
1.139257861827088902e+02
2.279751867768456179e+02
1.144259241931078321e+02
2.163522688185539664e+02
1.587154690841406648e+02
1.796108970224482846e+02
2.061852460346447060e+02
1.326090130235235733e+02
2.341003400635158869e+02
1.117960248398849927e+02
2.335905135986341179e+02
1.451821133424937216e+02
2.045171395876510871e+02
1.974965603928569351e+02
1.568111754940911737e+02
2.362850601421796739e+02
1.185796498415099336e+02
2.478624917919845245e+02
1.332171621462301232e+02
2.286092119796141446e+02
1.857888954469348164e+02
1.842568595391163910e+02
2.344183134314765198e+02
1.353085897697617099e+02
2.585922934431092699e+02
1.262143049656454536e+02
2.509214122852032745e+02
1.720960840799859000e+02
2.133546715942712240e+02
2.285199805828603985e+02
1.599148577584078055e+02
2.653269631156542232e+02
1.280859027913620594e+02
2.707744964017485358e+02
1.585018551899431714e+02
2.426343910480207455e+02
2.188104486124353798e+02
1.902028684760343538e+02
2.678778149702296787e+02
1.414531967151239087e+02
2.874283471233597425e+02
1.478391191954690953e+02
2.712222651044682493e+02
2.061966651115607476e+02
2.239750527953246433e+02
2.660670218656269981e+02
1.656929970863951098e+02
3.004611633884297817e+02
1.448533909469718992e+02
2.981262071983503006e+02
1.921197594521007659e+02
2.596340812529888922e+02
2.599185986988607056e+02
1.988694815509074090e+02
3.092210295600217478e+02
1.534242702773894962e+02
3.226211618916436237e+02
1.792557630059725113e+02
2.966905774506235502e+02
2.499457853525621260e+02
2.383453171683601397e+02
3.140761529362761735e+02
1.763639748704400745e+02
3.447016131680258013e+02
1.714834485845559016e+02
3.333102351277452726e+02
2.381252391288036847e+02
2.818830855239331754e+02
3.137782747627989011e+02
2.120162775659393901e+02
3.629692617405022474e+02
1.755670750821862498e+02
3.687147783948988717e+02
2.239282192164515664e+02
3.300565361740369212e+02
3.097267803591520305e+02
2.578452187349216729e+02
3.776518342108337265e+02
1.960394673050182348e+02
4.039285792291545363e+02
2.138953265085694113e+02
3.806038360570991017e+02
3.018282432546663472e+02
3.136377330950326154e+02
3.887370679579815373e+02
2.332183992940915402e+02
4.375915297110537381e+02
2.142553067976313628e+02
4.337551996177068645e+02
2.915707241455488656e+02
3.784434552273610848e+02
3.959795226973988065e+02
2.883042092679926327e+02
4.695150100484874542e+02
2.304159320016082688e+02
4.911301702084223280e+02
2.843148228268448747e+02
4.523369160700852376e+02
3.992445684483533341e+02
3.629651181789808447e+02
5.025988003982059240e+02
2.734112942021594108e+02
5.539055095954444141e+02
2.815228813915352362e+02
5.378151202243243461e+02
4.032836735062398361e+02
4.578270811191741245e+02
5.369420067924768318e+02
3.482580963313516236e+02
6.266011644898821942e+02
3.059057467539977324e+02
6.436056084879678565e+02
4.107096033493203890e+02
5.824270824776904192e+02
5.765497908273463281e+02
4.607865648455800169e+02
7.149605873284277777e+02
3.641748298867242397e+02
7.795564186015346877e+02
4.320661822139982746e+02
7.507459737553102741e+02
6.323543298640022385e+02
6.339707361406021846e+02
8.355452564589884332e+02
4.914880683229559963e+02
9.754096672097600731e+02
4.920551886286252170e+02
1.005385524411893130e+03
7.218628654108459841e+02
9.151115002185855474e+02
1.031228891647506316e+03
7.381285550246278717e+02
1.302266373398468659e+03
6.567994411125488341e+02
1.465036624401069730e+03
9.163031748741655065e+02
1.474464310029178478e+03
1.445925894141576919e+03
1.318481543437325627e+03
2.050054438761657366e+03
1.166482678480123923e+03
2.659976476780647317e+03
1.561131144288225642e+03
3.226261062780381963e+03
2.952008520523302650e+03
3.840525096341439621e+03
6.056058896255620311e+03
5.347181984684195413e+03
1.807012016850339569e+04
2.562346781850285697e+04
1.939038365961554518e+04
6.336200085083703016e+03
5.582965437157165070e+03
4.214441000465663819e+03
2.421059971012706683e+03
3.177772958232269957e+03
1.315069464830887910e+03
2.409023046872183386e+03
1.177024271658583075e+03
1.681330897716620257e+03
1.301214420423103775e+03
1.079879944093539962e+03
1.334341864082149868e+03
6.567385954705079030e+02
1.212027541614537085e+03
5.627069343530173455e+02
9.889142543687356692e+02
6.742628785054353102e+02
7.142780448838761913e+02
7.648047290840546566e+02
4.607315048462156710e+02
7.655693579977140644e+02
3.420949412995585135e+02
6.795921635646590175e+02
3.984200883367867618e+02
5.260938563413612883e+02
4.870805422790322154e+02
3.618776038109747333e+02
5.192782885285118937e+02
2.452445187734389833e+02
4.940374671639951316e+02
2.458395232755688653e+02
4.073455869034467582e+02
3.189095574920606850e+02
2.988444658119064457e+02
3.671609741148571402e+02
1.933924644077536357e+02
3.652104386570312613e+02
1.648240767177907742e+02
3.253184707963305300e+02
2.130351967548882328e+02
2.477733594136515762e+02
2.576965475712003695e+02
1.649304450883765298e+02
2.736852233371334933e+02
1.167689150581851862e+02
2.565192788665112289e+02
1.389924056529449388e+02
2.052949578622551314e+02
1.837266938294471572e+02
1.389466019875138443e+02
1.986169166226382856e+02
9.258990794735105112e+01
1.953221109327998306e+02
9.234719349248238984e+01
1.687319081618119014e+02
1.222114601737186206e+02
1.247260421142540139e+02
1.432410946679033259e+02
8.005850100453670848e+01
1.505469210128683528e+02
5.913226277089027860e+01
1.356190243254881125e+02
7.943528460126449886e+01
1.050547240919201357e+02
1.025836552570153373e+02
6.927348193400617049e+01
1.094614462245388466e+02
4.603605423366296634e+01
1.069724184999089971e+02
4.880510619956493201e+01
9.016317364092525111e+01
7.354734592229272039e+01
6.064040912212611545e+01
8.157301838704709951e+01
4.211925988693522527e+01
8.369472495242391119e+01
3.742797643657279849e+01
7.003923328607734788e+01
4.556831436371596311e+01
5.642843984756192555e+01
6.063170717856844760e+01
3.549451160109056502e+01
6.641527185731446536e+01
3.001446525741047822e+01
5.730675648496762875e+01
3.533240171387003414e+01
5.107540797827940793e+01
4.615566009024661298e+01
3.466228482079831252e+01
5.294218320112815235e+01
2.136606863909715415e+01
5.384767583204649810e+01
2.757054672983398191e+01
4.693433623411640099e+01
4.155283502635762716e+01
3.650387537011680195e+01
5.007516341338696719e+01
2.132048376198466855e+01
5.180946508747565105e+01
2.060368691525293272e+01
4.762898875148881217e+01
3.380925980579699797e+01
3.828374863087554303e+01
4.829603987283192623e+01
2.353452134902829229e+01
5.427841409719348320e+01
1.936059846655804861e+01
5.410898473755511873e+01
2.864628116628557208e+01
4.656768676421570063e+01
4.204507976498680222e+01
3.507736421568007046e+01
5.649383627845467970e+01
2.100816695679604251e+01
6.693943550280189925e+01
2.042901969799908812e+01
6.286864945583940312e+01
4.257250371189505245e+01
4.904586516774025995e+01
5.810525513896929795e+01
3.252048577716439581e+01
7.419131234361516647e+01
1.748399968432058316e+01
7.829678526888488932e+01
3.324362140682546851e+01
7.208591667757670507e+01
6.120972937840855366e+01
5.393639171544614896e+01
8.282267203066489003e+01
3.072112553654594436e+01
9.500559760105136320e+01
2.792185081224677390e+01
9.459365592510754084e+01
5.855062012437286967e+01
7.926683975426161055e+01
8.782053584126163059e+01
5.392061534619023888e+01
1.120883624709364028e+02
3.333028270992041087e+01
1.186543825916868400e+02
5.520250912510027064e+01
1.088731150002792702e+02
9.300788634345306605e+01
8.397183166775327834e+01
1.246856674006591561e+02
5.305726773936142138e+01
1.443008202740296895e+02
5.382732737250415056e+01
1.416601296139314741e+02
9.527587268713251945e+01
1.186833130378058030e+02
1.377990460146005773e+02
8.098642912476078948e+01
1.677593200904117907e+02
6.095888903177092288e+01
1.748808232602957844e+02
9.554719767670808039e+01
1.540424058301814227e+02
1.461249669317087978e+02
1.167060266629044492e+02
1.880211651703821190e+02
7.830289319517152080e+01
2.054162323550421263e+02
9.362506578023904069e+01
1.954531299141489740e+02
1.509298428004792925e+02
1.574004194359006874e+02
2.050137830510935544e+02
1.080094247585424938e+02
2.382989075602811511e+02
9.792401609789578742e+01
2.357936681417140790e+02
1.518021952394780385e+02
2.030357183467121445e+02
2.184790631611477920e+02
1.484446208357427395e+02
2.650034645460228262e+02
1.094391023242378793e+02
2.783791058076923832e+02
1.490408144788107450e+02
2.543522202494408475e+02
2.272390052998967178e+02
1.974252238357221927e+02
2.908062316377808543e+02
1.388002870838076603e+02
3.205176637567892612e+02
1.491742983659788422e+02
3.096283129656126789e+02
2.287396125982986064e+02
2.573450733723979624e+02
3.131084454055500146e+02
1.831396229606873760e+02
3.634603781784008447e+02
1.565237914324241331e+02
3.689098871110124946e+02
2.291368169338556413e+02
3.249342247015522389e+02
3.287370387054434673e+02
2.457087200849734927e+02
4.052170733833067970e+02
1.833680130004028399e+02
4.329890726203483382e+02
2.273324098138836860e+02
4.051237065837119644e+02
3.409351373638497762e+02
3.250538264374167170e+02
4.464598868511895375e+02
2.338515375085042649e+02
5.016750789758360156e+02
2.331277053304766582e+02
4.948832550171246112e+02
3.489400126261878654e+02
4.246634511542689552e+02
4.840649274970959937e+02
3.153854349527549630e+02
5.771931319611994695e+02
2.604076513301941418e+02
6.026970489234802244e+02
3.569335551557082908e+02
5.481818129795244658e+02
5.218929231729186995e+02
4.300360292168111300e+02
6.603415111887346711e+02
3.216009515426723055e+02
7.291622102553550349e+02
3.716426577735580281e+02
7.031239497223838271e+02
5.618667129358309467e+02
5.896174250528234779e+02
7.575757565756794065e+02
4.407382596276147524e+02
8.856728139508627464e+02
4.128715930781124257e+02
9.066552506876296320e+02
6.103169470735184632e+02
8.128276735711699530e+02
8.757999843759126861e+02
6.327902417037487339e+02
1.090944636077417272e+03
5.133503948793360223e+02
1.189242704369551802e+03
6.841111166613288788e+02
1.140648476120744817e+03
1.039904455310602543e+03
9.465506371657852469e+02
1.386155984555879513e+03
7.379065131574151337e+02
1.620381477835133865e+03
8.284742286262201105e+02
1.666599432229852937e+03
1.291599835565678177e+03
1.524846266423543284e+03
1.887376947451286242e+03
1.228972760734814301e+03
2.420709907087901684e+03
1.188960762166956556e+03
2.753401624106575127e+03
1.862507372482578148e+03
2.796114806863944068e+03
3.036750949450899952e+03
2.563760323963187147e+03
4.516991887542624681e+03
2.464598919379206563e+03
6.284862891988072988e+03
4.039458232616445912e+03
8.640600172972708606e+03
9.607973454754606792e+03
1.404488861941016330e+04
3.834498552589791507e+04
4.686384561365740956e+04
3.028853540544193675e+04
8.000162358529884841e+03
1.112465194731980955e+04
5.881020134822064392e+03
5.636466854020061874e+03
5.218011128028623716e+03
2.972914598718177785e+03
4.539444971868380890e+03
1.841561173126797712e+03
3.652660630790264804e+03
1.941786585389341326e+03
2.665991320126322989e+03
2.273277289053756249e+03
1.739577498684364173e+03
2.389447505275097683e+03
1.105791210554311192e+03
2.224007810278792931e+03
1.058515180979703700e+03
1.842178627357647201e+03
1.351334305635658438e+03
1.333910754725643756e+03
1.566898060471189865e+03
8.713309690738702784e+02
1.594463485322311953e+03
7.053615110907704775e+02
1.427706401840234548e+03
8.898147923058558035e+02
1.124306215000316570e+03
1.115789591583891252e+03
7.748960081647984453e+02
1.220978260411184465e+03
5.496849300603979600e+02
1.171680765831744338e+03
6.239877353427531261e+02
9.882970718952929019e+02
8.255003319968109281e+02
7.258492349059622484e+02
9.658615873159689045e+02
4.906725484146562053e+02
9.857364235807114028e+02
4.634314672241915787e+02
8.845224558621694086e+02
6.214197535774635526e+02
6.925385329098070315e+02
7.743158116928337904e+02
4.783603198109397567e+02
8.394283146819359445e+02
3.757761205481841102e+02
7.974318295677165906e+02
4.732227378352614551e+02
6.634121448947239514e+02
6.217326220923132496e+02
4.805683383044656694e+02
7.156864184830752720e+02
3.391631814853761284e+02
7.191343020601501621e+02
3.665913078095354081e+02
6.340449031232861898e+02
4.988513150106076637e+02
4.865019409668041703e+02
6.083703680883439802e+02
3.359411026997111662e+02
6.458244514635258611e+02
2.973469707796618877e+02
6.013710994430439314e+02
3.976326280032469640e+02
4.892024010485189365e+02
5.129977537383447270e+02
3.479755671612147694e+02
5.756754921230490254e+02
2.624551167715059705e+02
5.653559977004398434e+02
3.169515384376056772e+02
4.865685218765225386e+02
4.278802661957114992e+02
3.641932677658798525e+02
5.081097466888707004e+02
2.555252277536789052e+02
5.256276180324090319e+02
2.568384851302714651e+02
4.777511391565190593e+02
3.522718024281400062e+02
3.783534729348050973e+02
4.425371256743947583e+02
2.655690294099860580e+02
4.835923891976993900e+02
2.203635727442426742e+02
4.630503939204209018e+02
2.874330424742242371e+02
3.878402512248762832e+02
3.803561106968640502e+02
2.829849100317680950e+02
4.387395768556115172e+02
2.066431649424342254e+02
4.425474641122303296e+02
2.347456490925832782e+02
3.913834294596558152e+02
3.218114038714098228e+02
3.011107086064529312e+02
3.924191313374670358e+02
2.110984810094798831e+02
4.169223623696692584e+02
1.970759267138390101e+02
3.886820987359866422e+02
2.682558597088607826e+02
3.162128742785045574e+02
3.454974123780632453e+02
2.258907161094635967e+02
3.870645148149008037e+02
1.771418949762003194e+02
3.798146369887025458e+02
2.215307191907490107e+02
3.264783229509010312e+02
2.990349129364387295e+02
2.441213571232907782e+02
3.537317205979811092e+02
1.745125606366148077e+02
3.653763623716857296e+02
1.843672026995032809e+02
3.311695797643819219e+02
2.543604974719873439e+02
2.613993886112061773e+02
3.179668232282598979e+02
1.844231702834393332e+02
3.459246488849062189e+02
1.600162188562200924e+02
3.301133029014872022e+02
2.132065822205854886e+02
2.753440753849061480e+02
2.807778772708881547e+02
2.005832177977882793e+02
3.221803250940246244e+02
1.504526550075998728e+02
3.234761767136933486e+02
1.777257722133764446e+02
2.847093793451801957e+02
2.434404805211877090e+02
2.180464411271436518e+02
2.949809515660241459e+02
1.543466704602859352e+02
3.117065251317859520e+02
1.509089812734261216e+02
2.889986994959895696e+02
2.073527326346497262e+02
2.337610803098573911e+02
2.652891991192631735e+02
1.668810727971654160e+02
2.952785374764329163e+02
1.356408196522744163e+02
2.880833680087644098e+02
1.743509581709911629e+02
2.460233833812251589e+02
2.340920807122255951e+02
1.830120286886577503e+02
2.749199054044507307e+02
1.330611406006332516e+02
2.819737235055923179e+02
1.467674482902179136e+02
2.542656432490628617e+02
2.027397125860257745e+02
1.992891381599332306e+02
2.515130543175871196e+02
1.410182824175377050e+02
2.716814742597923669e+02
1.276161434384949018e+02
2.574221204765742073e+02
1.725906228919866408e+02
2.132016526856165513e+02
2.256573750024041942e+02
1.546517675390780084e+02
2.569005818589702699e+02
1.191986791819736595e+02
2.561204556424316934e+02
1.456048152000834932e+02
2.237607455708532029e+02
1.986079102966214691e+02
1.701510304519667613e+02
2.386273136832394641e+02
1.215903962270124055e+02
2.502446976915047401e+02
1.241543051546579477e+02
2.303080015342048625e+02
1.714984686954136066e+02
1.848154143611494646e+02
2.175582823799886398e+02
1.317316898635844495e+02
2.402036588068229150e+02
1.110316452572884600e+02
2.325829888571472850e+02
1.458662090041526653e+02
1.970352825463136242e+02
1.945167472605718046e+02
1.456248342565140490e+02
2.264361505010666917e+02
1.079156077624693353e+02
2.305810253625215580e+02
1.236197036564914953e+02
2.059416715829082989e+02
1.705091976746327020e+02
1.601319271927468719e+02
2.095485431198414688e+02
1.136927863059717936e+02
2.244922261956591854e+02
1.072839992583518836e+02
2.110557179005645025e+02
1.467420691226767815e+02
1.732638968330585953e+02
1.902085051818149566e+02
1.250611433021282011e+02
2.146349175769929332e+02
9.923140498754655425e+01
2.122283321301534329e+02
1.247664058107571350e+02
1.838332516328588326e+02
1.692496362621283197e+02
1.386571865576063374e+02
2.014731954928299160e+02
1.001751810057896250e+02
2.094967211584775555e+02
1.066163139325008871e+02
1.911670534479499111e+02
1.476554996121664658e+02
1.520196378061093867e+02
1.855474736074976079e+02
1.082092893732642978e+02
2.030525828964858590e+02
9.469817303995614566e+01
1.949496460507673135e+02
1.266526900266673863e+02
1.636552273310666408e+02
1.675457158371877142e+02
1.200901547813587200e+02
1.932293599354692617e+02
9.088062588051538171e+01
1.950672403955215941e+02
1.078642052690310749e+02
1.726635607431143171e+02
1.482597765275937149e+02
1.330473981189386734e+02
1.804547687796961100e+02
9.489535917702906431e+01
1.916048737716684514e+02
9.336845878082954187e+01
1.785546669562418742e+02
1.286949726430988790e+02
1.451989560018357110e+02
1.652777407337300701e+02
1.043155387917708197e+02
1.847720418349692579e+02
8.539595809339361665e+01
1.810911425229508893e+02
1.101209239034207172e+02
1.553964556649613087e+02
1.483589640317016460e+02
1.162109103570731889e+02
1.748939679462456809e+02
8.508377805322272991e+01
1.802340684290695947e+02
9.423236681549317950e+01
1.629586298694900677e+02
1.305099046814209487e+02
1.283458521337815341e+02
1.624003917979601965e+02
9.131898104625891222e+01
1.760810216657038154e+02
8.311131671993915404e+01
1.675218299967733060e+02
1.127464422726739883e+02
1.392726786499474372e+02
1.478380877754899814e+02
1.014773379000016433e+02
1.688608308879978495e+02
7.865240709196316971e+01
1.689218958664157526e+02
9.640569433840747138e+01
1.481080061525717042e+02
1.318647805499773540e+02
1.130465806715375550e+02
1.589042140930432652e+02
8.116581392871748335e+01
1.671630723002384968e+02
8.324878600604488099e+01
1.543324742945370645e+02
1.153037171938683940e+02
1.242509039308485796e+02
1.466438304206449743e+02
8.890142667615019434e+01
1.623722410495707891e+02
7.529518441042947074e+01
1.576754386805149011e+02
9.921270893934362789e+01
1.339729377393082643e+02
1.326239809175898472e+02
9.932228749509364718e+01
1.547937233584976866e+02
7.391238265543846353e+01
1.580362948440319428e+02
8.500744947542554542e+01
1.415240153020801870e+02
1.175127549771966216e+02
1.103436255107475148e+02
1.447604562345858312e+02
7.860009483822902610e+01
1.554568863099798648e+02
7.449319546062312725e+01
1.465118582966036342e+02
1.021611437314957129e+02
1.205658073281118163e+02
1.327138538898018112e+02
8.725737754432599047e+01
1.500887836788707261e+02
6.949711712721764911e+01
1.487398609770990561e+02
8.768667937302150506e+01
1.291217745106069970e+02
1.192032629373093613e+02
9.759491508668773463e+01
1.421873043641088543e+02
7.071507455280412557e+01
1.481569565899727365e+02
7.557575569510228775e+01
1.354619080034947558e+02
1.049157797591834367e+02
1.079311840360518602e+02
1.320992719548302148e+02
7.698499223518959411e+01
1.448370938412479916e+02
6.764025204433379201e+01
1.393100350886008130e+02
9.074052566539647557e+01
1.171537733398426013e+02
1.202738256061422817e+02
8.610811735283319024e+01
1.389542519362304631e+02
6.535194465565382416e+01
1.405214223246490803e+02
7.786642353643101444e+01
1.245808157021652534e+02
1.072717925758649073e+02
9.612872374228156502e+01
1.307737210120365319e+02
6.869044008746344332e+01
1.391003781549251244e+02
6.784491968362779346e+01
1.298015979977128040e+02
9.383656354555903079e+01
1.056487522314947398e+02
1.206580573963393590e+02
7.603434166717430287e+01
1.350763956062713191e+02
6.243355463827586505e+01
1.325934456834689570e+02
8.081188351926536484e+01
1.139068905416267370e+02
1.090697089218227518e+02
8.527146183224466824e+01
1.287608669408026572e+02
6.254224900602689985e+01
1.328670092441003305e+02
6.957440409226924771e+01
1.202632356979283230e+02
9.658350739771334759e+01
9.480253208974247059e+01
1.203598547152231362e+02
6.750889666378107279e+01
1.306555700095109955e+02
6.168219585576611053e+01
1.244337668170940248e+02
8.395371545908415101e+01
1.035347679810410000e+02
1.102600087690767197e+02
7.547168889999734631e+01
1.260816603417623298e+02
5.863334641885500531e+01
1.262556495629846438e+02
7.218539937717163468e+01
1.107818651707586355e+02
9.893799024365500827e+01
8.458436402827986456e+01
1.193582622202450239e+02
6.078757145554367014e+01
1.256826548481535752e+02
6.262630403390504341e+01
1.161220826716321284e+02
8.699782500722382395e+01
9.351775387046421883e+01
1.107808963832523403e+02
6.692456125963478542e+01
1.227759619044590380e+02
5.686022412289830186e+01
1.193126575763479309e+02
7.523754268805642198e+01
1.014139937250398020e+02
1.007418815050815653e+02
7.517343164558197088e+01
1.176867729603112451e+02
5.601292759995030934e+01
1.202344879347895272e+02
6.474914422005954862e+01
1.077134200618502007e+02
8.972352454178339087e+01
8.397285282607766987e+01
1.106347960006249878e+02
5.981290049718315771e+01
1.188911215583953407e+02
5.693384430813206620e+01
1.120935894159377000e+02
7.837231669132235368e+01
9.224019720503811470e+01
1.019380168781086411e+02
6.671811973753987957e+01
1.153637206648896125e+02
5.325648807203354096e+01
1.143693236522111931e+02
6.754712899547841687e+01
9.928343473949756515e+01
9.199886587058828979e+01
7.500011830966820980e+01
1.098133686237997608e+02
5.436392640787606467e+01
1.144674999659439720e+02
5.840066461346295767e+01
1.046839599650270429e+02
8.132721764894387206e+01
8.335804181648836675e+01
1.025061148126901998e+02
5.940139231276425846e+01
1.124292263575739668e+02
5.239045453629652371e+01
1.081525517341098919e+02
7.062353754057100730e+01
9.091340519726507807e+01
9.373866298475137171e+01
6.674782834670867260e+01
1.083471217333492405e+02
5.071320312283339860e+01
1.095817635130161989e+02
6.080115574399250988e+01
9.712105066667417930e+01
8.395010254123189952e+01
7.486647747278034615e+01
1.024110431524942442e+02
5.345267176835638878e+01
1.089303387238183518e+02
5.309717775754507585e+01
1.016379694479322353e+02
7.368724808466167531e+01
8.268814947265151716e+01
9.488188528911358333e+01
5.938312477780826981e+01
1.062548102359298952e+02
4.890047761025802231e+01
1.042601242874001173e+02
6.368454759012848143e+01
8.951933849155732048e+01
8.611050769013641570e+01
6.690059585429017375e+01
1.016798945565488879e+02
4.906840289053004511e+01
1.049109598015337070e+02
5.494712346666694458e+01
9.490941729230416968e+01
7.652697200024445578e+01
7.470653932833043598e+01
9.541317121103803345e+01
5.311290850770577521e+01
1.035730495949663492e+02
4.876011259801122577e+01
9.859537838606718196e+01
6.672958508807238331e+01
8.193861115346739155e+01
8.773145786907201682e+01
5.960680928840493920e+01
1.003301967696139627e+02
4.636962986751547078e+01
1.004256192287050453e+02
5.751172157801681806e+01
8.803301306803716386e+01
7.899751560653767513e+01
6.708569006491785558e+01
9.532975051913987841e+01
4.814402077259448731e+01
1.003434642800530838e+02
4.995130983591599971e+01
9.263762467270301215e+01
6.968134538223016250e+01
7.448175835814552670e+01
8.879323779277437723e+01
5.316395316180783936e+01
9.838098976978184851e+01
4.534553617870059838e+01
9.553511199063770221e+01
6.041915805911602178e+01
8.108662036839434961e+01
8.101258863809272270e+01
5.995621020186707995e+01
9.463074904135376642e+01
4.467046587113658518e+01
9.662103404934889284e+01
5.207108741467456525e+01
8.645213066616523179e+01
7.237428028045083295e+01
6.724682778654168658e+01
8.926268252033815997e+01
4.778162093220680617e+01
9.587003901045355292e+01
4.578567583002132579e+01
9.029439573034638045e+01
6.338302407561943141e+01
7.415936275822645030e+01
8.251049847038443374e+01
5.347482803878985180e+01
9.333774976551107727e+01
4.278736881126082636e+01
9.245034271648096080e+01
5.472752969950933988e+01
8.012166240936707595e+01
7.469092871277641166e+01
6.035177759134307962e+01
8.913850549958131353e+01
4.367494172839430888e+01
9.284075769106885900e+01
4.733911112477041172e+01
8.477352197247442689e+01
6.620703078533890107e+01
6.733714006884898140e+01
8.345601980483755256e+01
4.783436836931709735e+01
9.148095492513229487e+01
4.241541788517066891e+01
8.788649430153735409e+01
5.760817043933463566e+01
7.372111373790843913e+01
7.654731990798772756e+01
