2.690693280684454294e+02
1.820762002269289042e+02
2.970131555151887142e+02
1.701141347874232395e+02
2.930922300721785518e+02
2.092529908098787246e+02
2.587546669541833921e+02
2.652328507702592901e+02
2.086883506449858032e+02
3.057186641354340964e+02
1.773736839535728791e+02
3.151759969801200896e+02
2.005693225856207107e+02
2.904385406679800212e+02
2.583358191375689898e+02
2.410376852962565408e+02
3.104829870483326886e+02
1.948204372455279554e+02
3.343751320346447073e+02
1.962359139071625407e+02
3.218954539024491623e+02
2.494062084803771029e+02
2.775253387493745549e+02
3.112341183391203003e+02
2.222315823810905613e+02
3.501678963390692729e+02
1.999296691962462660e+02
3.521869463489390455e+02
2.402826908695714110e+02
3.167361444397897117e+02
3.082644486049579768e+02
2.583700222152127708e+02
3.621438465559281212e+02
2.148365835589017934e+02
3.805988097948109612e+02
2.340166522484659595e+02
3.575346334062018059e+02
3.022788248675086038e+02
3.016827509152624316e+02
3.701035390742461573e+02
2.425883808745589363e+02
4.065660332903150902e+02
2.346054332213942928e+02
3.991234216808956603e+02
2.949781295151678933e+02
3.506232843301133926e+02
3.741165811914975734e+02
2.829471510711546216e+02
4.294032852038801593e+02
2.469651375248979264e+02
4.409387664755650462e+02
2.889849227652326817e+02
4.044521833526355863e+02
3.748060404001846564e+02
3.350007351056046900e+02
4.492038103697180986e+02
2.749892837446674889e+02
4.820955886111083828e+02
2.884921060389687568e+02
4.626732350916264522e+02
3.731800718869034199e+02
3.977852086939792002e+02
4.658910268578022738e+02
3.207836523753616689e+02
5.230283458753802961e+02
2.998741370058832558e+02
5.249223857518009027e+02
3.719711732356252583e+02
4.712441066783318888e+02
4.800233196798083668e+02
3.855233824091217798e+02
5.636206910477906149e+02
3.301180120067697317e+02
5.921914265999087092e+02
3.757903436596462257e+02
5.562724083975500662e+02
4.927048441612153624e+02
4.703507735954956388e+02
6.051349253829480404e+02
3.855210122159365369e+02
6.656773794769013648e+02
3.920942560793585017e+02
6.556772295848403473e+02
5.078205356920181544e+02
5.781675107567037912e+02
6.490707351958493518e+02
4.728810143970428044e+02
7.490059309205398677e+02
4.324044630574255166e+02
7.738945674955135701e+02
5.304924485787463482e+02
7.156375894106554370e+02
6.991693841204439650e+02
6.001248266364125357e+02
8.488179391946429178e+02
5.124317532494621901e+02
9.207080595865884334e+02
5.721073033114131476e+02
8.955740862803669415e+02
7.656790914353668995e+02
7.834944963740026651e+02
9.751502978079124659e+02
6.551479146177146049e+02
1.116815372231734273e+03
6.586665975872593890e+02
1.147177490903116222e+03
8.669711867444708560e+02
1.059377024389435064e+03
1.155477741015289439e+03
9.013044142339280143e+02
1.402173458545503308e+03
8.327996852487220849e+02
1.533113966274725954e+03
1.041631587159739638e+03
1.513697964890857065e+03
1.455687622525144434e+03
1.363723846025130115e+03
1.905323760336106261e+03
1.224675416914783000e+03
2.252684008381067542e+03
1.431452248822316278e+03
2.426018462431945864e+03
2.107263167510650419e+03
2.394354169056242426e+03
3.054314767201549785e+03
2.304520590503262156e+03
4.158958030561146188e+03
2.724365642504358220e+03
5.366219045475507301e+03
4.528462373187083358e+03
7.010269630123504612e+03
9.406678822494699489e+03
1.090399894710446642e+04
2.997226500517629029e+04
3.937727070640595775e+04
2.827518403030310583e+04
9.768660835289372699e+03
9.537745603394254431e+03
6.363172758235056790e+03
4.683303481916414967e+03
5.023389667195255242e+03
2.643307361618246432e+03
3.958912452387092799e+03
2.060121794461415448e+03
2.976985615920290002e+03
2.101029473118398528e+03
2.085868863925758887e+03
2.171564718734307007e+03
1.395802114320728379e+03
2.059513096446152758e+03
1.084064541716118583e+03
1.775270417635384320e+03
1.149526715055120576e+03
1.380758917706439433e+03
1.295338177444834400e+03
9.894787907644301868e+02
1.346938772060515475e+03
7.367802688266912128e+02
1.250404338302396354e+03
7.434602927435330457e+02
1.042555689316718144e+03
8.671495824057363961e+02
7.850305323299320435e+02
9.574104414528721918e+02
5.727513817404217207e+02
9.434319995973257846e+02
5.229462386605479196e+02
8.350900307601411896e+02
6.140776699133667762e+02
6.632857019323598706e+02
7.118133198238840578e+02
4.871379267435193015e+02
7.428061480847813982e+02
4.003179713936296480e+02
6.896223816221273637e+02
4.494398547572489520e+02
5.735004088786644161e+02
5.408973230133173047e+02
4.321976893080972104e+02
5.932044829957926595e+02
3.305027386753699830e+02
5.800387860871536532e+02
3.410603212765681747e+02
5.042302184166661618e+02
4.165860104760134277e+02
3.916944529243909869e+02
4.779116952818162076e+02
2.901928413288092656e+02
4.894106335691707272e+02
2.678195816098727278e+02
4.446602223295042222e+02
3.226166079400523472e+02
3.592139898522792123e+02
3.864907342620651889e+02
2.656003480305460585e+02
4.116656106201335206e+02
2.195455528797885734e+02
3.922247917524333047e+02
2.512590987804655356e+02
3.300019947150598796e+02
3.104021484927123993e+02
2.476338000013208216e+02
3.474460547199666394e+02
1.898915007985537784e+02
3.425851728279988606e+02
1.968048221656544854e+02
3.018902742049091330e+02
2.483653444873617957e+02
2.336940362374664062e+02
2.904750960642692803e+02
1.701824011369709808e+02
2.990651300455891715e+02
1.577339190616843041e+02
2.723627881559339698e+02
1.970045352422454528e+02
2.186115202464254423e+02
2.391118076846530016e+02
1.579297163526088070e+02
2.582571171707668896e+02
1.296397579207661011e+02
2.445033588481287552e+02
1.538233103242808113e+02
2.031582524746490037e+02
1.961903717854279421e+02
1.474514045268078064e+02
2.197414221310868072e+02
1.088144718573261969e+02
2.152939422348711105e+02
1.187792776207580943e+02
1.847604351328402288e+02
1.560892592870380895e+02
1.382525230575401451e+02
1.827013882693963183e+02
9.488154822708169434e+01
1.880549106471878531e+02
9.082000035874443711e+01
1.670538530553590135e+02
1.204425119342915593e+02
1.293720636678233404e+02
1.496237082865115440e+02
8.760436904520736334e+01
1.630345023141103979e+02
6.499092818421243578e+01
1.496889706238652877e+02
9.090468190096758860e+01
1.182819759102554542e+02
1.206432092934433342e+02
7.747346922603763630e+01
1.362442289135146325e+02
5.173441828507149864e+01
1.303544967755872790e+02
6.489281506711543557e+01
1.080808742058625853e+02
9.144804920783170132e+01
7.475145190535712914e+01
1.086248083224699315e+02
4.067812714709940991e+01
1.155627232554457748e+02
3.820419320123986751e+01
1.000954719092421641e+02
6.812156195428487138e+01
7.100790631618464488e+01
8.737415839196532374e+01
4.062790660057924441e+01
9.578954566753218103e+01
1.357555330179794417e+01
9.430155878056660868e+01
4.366726707655651296e+01
7.451151837849570825e+01
7.171146304811273353e+01
4.165681350426721252e+01
8.126076388984475329e+01
1.319890320750716128e+01
8.415946632627802160e+01
2.180521730681972770e+01
7.512701429923400553e+01
5.076165985014880988e+01
5.277137919678517619e+01
6.882615688378258767e+01
2.578875489882008765e+01
7.673646192297385937e+01
3.413791692334250616e+00
7.390628030614753641e+01
2.856069006001327537e+01
6.546126207901463090e+01
5.483451376909107466e+01
4.589266150164930025e+01
7.421726732097603474e+01
1.699308957923393137e+01
7.893715641017924156e+01
1.844520581281013705e+01
7.136687860685739793e+01
4.314204961708946229e+01
5.402515939621721230e+01
5.976585024869059737e+01
3.586421492438462622e+01
7.400586102163902069e+01
1.066188214414116509e+01
7.636298219720177372e+01
2.192444596297107040e+01
7.303022760544429559e+01
4.817400450367894393e+01
5.817030917379641863e+01
7.228534283058026233e+01
3.285719678440062097e+01
8.351358646072782221e+01
1.355125843474209901e+01
9.096263891259928869e+01
3.724324137051229400e+01
7.772234067301981497e+01
6.555519080996826631e+01
5.560848797556593581e+01
8.728446859515196365e+01
2.778091030823636132e+01
1.001598866903532183e+02
1.535146866565062318e+01
1.006644292556482867e+02
5.348562604350680516e+01
8.248904712889743962e+01
8.449338650240468951e+01
5.625620103455390364e+01
1.117866660887783041e+02
1.634184792389584473e+01
1.265049306562352456e+02
3.777709867946085609e+01
1.144864122721829034e+02
8.077902148141001248e+01
9.131451730303436420e+01
1.240117773452839884e+02
4.454419820562593912e+01
1.467378593742932082e+02
1.285729063172837883e+01
1.505181227783475606e+02
7.194166618138596903e+01
1.314857156705510022e+02
1.291580551372799732e+02
8.915638258308707975e+01
1.727091070567751956e+02
2.817992593350128416e+01
1.906796218310703921e+02
5.965435264926411918e+01
1.819858698989062589e+02
1.349987686493577144e+02
1.405764958167542886e+02
1.984762482269545956e+02
7.299000819162365872e+01
2.366722818626119249e+02
5.589498559631847030e+01
2.381030690168364288e+02
1.380563006750152226e+02
2.029655597861779199e+02
2.237011393511777158e+02
1.344380809028474459e+02
2.836865031180216761e+02
7.503408226859369279e+01
3.072615378929195344e+02
1.376579946669774301e+02
2.810963520537418958e+02
2.476217725590361454e+02
2.127212176148173057e+02
3.391221872763458691e+02
1.259656111462008994e+02
3.898335191008784477e+02
1.452231122808282748e+02
3.804743554018928648e+02
2.721738214456374294e+02
3.144760729756887372e+02
3.998566284234308341e+02
2.109237622892673585e+02
4.912062018011607165e+02
1.663025079489208906e+02
5.112173906345145156e+02
2.989595004176690054e+02
4.575528349109362125e+02
4.774934283884865636e+02
3.395157705616177850e+02
6.229954582282806541e+02
2.284866146121759982e+02
6.921093772470812837e+02
3.388292771538522743e+02
6.668238233843146645e+02
5.811220508757162406e+02
5.365011249806019578e+02
8.039163042786329925e+02
3.748487491538821814e+02
9.672548165064459909e+02
4.092657396663633449e+02
1.012217684430676059e+03
7.379417046818697372e+02
9.055097238608167345e+02
1.127135310465948123e+03
6.886403556412999478e+02
1.478055844954727490e+03
6.142490789263232500e+02
1.701403966249931500e+03
1.064214096861577673e+03
1.733934886036682883e+03
1.858373800471768163e+03
1.529038804969266721e+03
2.839410031364904626e+03
1.381401660466959129e+03
3.957867656364127924e+03
2.309651967119394158e+03
5.502948235960556303e+03
5.994107437235335055e+03
8.742098701061539032e+03
2.494971735780955350e+04
3.063028045559327438e+04
1.968751842108872734e+04
4.696300390312266245e+03
7.236375524468879121e+03
3.707240887653924801e+03
3.634173179789561800e+03
3.413370275626917646e+03
1.822670762642141199e+03
2.982731188823624052e+03
1.096593439155408760e+03
2.400394899209838513e+03
1.233548484452403727e+03
1.753413529541412572e+03
1.507408048276115778e+03
1.123725600807928686e+03
1.602215864579641448e+03
6.825714197299170110e+02
1.490412884106627189e+03
6.767702712647607086e+02
1.232992793884630146e+03
9.060089505010497533e+02
8.870276733623801420e+02
1.072225120840836098e+03
5.607503947950001475e+02
1.093290606166551470e+03
4.614988876733465304e+02
9.739661274637752513e+02
6.109975753069255688e+02
7.597443970182474686e+02
7.747144709472781869e+02
5.157555425152122552e+02
8.478467175803499458e+02
3.653345525167779329e+02
8.145331104675832421e+02
4.321028983634079168e+02
6.831133338655638454e+02
5.844769706177251010e+02
4.948193971820795696e+02
6.852538910665934964e+02
3.306532315308903094e+02
6.959040201260348795e+02
3.270849226462777324e+02
6.190490461919622476e+02
4.445883866262242350e+02
4.828693430021144763e+02
5.589845757030755067e+02
3.280181572376138774e+02
6.035230786996368124e+02
2.659159226691099889e+02
5.690384048901838696e+02
3.479808064224147870e+02
4.687329099733552766e+02
4.575625840475653376e+02
3.364383217984603789e+02
5.225762347983525160e+02
2.405927342156390978e+02
5.214976159921444605e+02
2.742966411085145069e+02
4.536343281800660066e+02
3.733299406900376312e+02
3.454498733648167104e+02
4.514821304658387930e+02
2.389435620576643942e+02
4.749707349681441997e+02
2.237287991808637173e+02
4.371523926979230055e+02
3.031850708007150388e+02
3.511224180400919863e+02
3.874751073173271152e+02
2.480716102816976729e+02
4.291658975533144940e+02
1.955750625080340228e+02
4.156949638945160359e+02
2.457418841917574355e+02
3.536397439503906526e+02
3.286091945996709001e+02
2.615022831909242882e+02
3.839056973063033524e+02
1.879923633493855561e+02
3.919714422591449079e+02
2.015190101254705439e+02
3.517665682282847683e+02
2.755506611373486976e+02
2.747574270474698324e+02
3.399314440878020491e+02
1.937916141892670225e+02
3.653029499392984007e+02
1.719921332148354622e+02
3.448294916027160752e+02
2.284664865052710638e+02
2.848523615344817017e+02
2.970198603493311111e+02
2.063802208707849672e+02
3.360695713959220825e+02
1.582551851873831197e+02
3.338047696075745989e+02
1.895665642005974405e+02
2.906659072228734999e+02
2.555488035530013633e+02
2.211026192541441731e+02
3.052300429070264727e+02
1.584642506858077127e+02
3.184804529768316570e+02
1.597479866441531726e+02
2.921238319415323303e+02
2.170516727692245524e+02
2.341844712547826646e+02
2.729339691396266971e+02
1.678309177384170425e+02
2.995873646405077579e+02
1.416356273005651474e+02
2.889894983010254350e+02
1.825078062737420055e+02
2.443703975334870790e+02
2.402926766821911144e+02
1.813923326366824824e+02
2.777409057897532989e+02
1.359022485179037290e+02
2.815038844808832437e+02
1.537245520692813443e+02
2.506279814537497543e+02
2.082539851473775059e+02
1.952899616741385387e+02
2.534285951463116646e+02
1.404710044211371383e+02
2.698531661981950265e+02
1.329172989291740805e+02
2.528023771401589102e+02
1.779597390368364245e+02
2.075606434554035502e+02
2.275181313262297635e+02
1.513020916181543214e+02
2.547689064877577891e+02
1.221367466060336113e+02
2.507501181494253615e+02
1.509060200384826089e+02
2.168156071788660881e+02
2.008603321052631543e+02
1.644972543131441682e+02
2.366920287360132988e+02
1.214584952123738191e+02
2.445892833980024932e+02
1.290050892720036870e+02
2.224936767214352358e+02
1.744830422608392837e+02
1.773753952986745617e+02
2.161750927523139296e+02
1.284792333482765514e+02
2.347585254068372933e+02
1.144320888548905799e+02
2.243270118508841620e+02
1.495771095444485752e+02
1.883153784226338416e+02
1.942384960364723838e+02
1.398507361540427780e+02
2.216313138317269704e+02
1.087881606745085037e+02
2.223310872721937983e+02
1.280833770170985986e+02
1.965709431360803592e+02
1.714636197331027461e+02
1.522945682177760887e+02
2.056963229482043118e+02
1.115645502907214848e+02
2.166805240159836501e+02
1.111732256277283710e+02
2.011715984829679655e+02
1.488829466952442715e+02
1.640178781305923223e+02
1.877111436807804523e+02
1.200961093931734354e+02
2.077046933684706289e+02
1.014784828811294233e+02
2.024097059881683549e+02
1.279899883662814801e+02
1.735977456732725557e+02
1.682645386938524155e+02
1.313063196690312964e+02
1.956988180614746966e+02
9.970775302048261324e+01
2.001590282075310938e+02
1.103448051388103863e+02
1.804491341824477217e+02
1.482630023369798096e+02
1.429220749477094614e+02
1.812193388827140268e+02
1.046815912751630577e+02
1.945666491258219537e+02
9.782016336390218214e+01
1.842116266533200530e+02
1.287654063728852236e+02
1.533673207942047725e+02
1.648817780242978017e+02
1.138623695511632832e+02
1.859222056438157438e+02
9.202432895957863934e+01
1.847113665965244707e+02
1.110732356194051675e+02
1.617012745936050067e+02
1.473755125247362514e+02
1.247110774834850844e+02
1.746168978380906083e+02
9.316497559239127213e+01
1.820066014730594475e+02
9.685853446681402090e+01
1.673777705331638117e+02
1.295529199678289274e+02
1.353834686790399360e+02
1.611391551612466344e+02
9.967812377088283426e+01
1.762788660404139307e+02
8.783848892050343693e+01
1.701352653786498195e+02
1.124995169444221119e+02
1.446336666954864825e+02
1.460453542873207198e+02
1.091118675300960064e+02
1.678103262285328015e+02
8.520648079608903913e+01
1.698759642809436912e+02
9.754601968175673221e+01
1.517502211860137606e+02
1.300716493941039289e+02
1.194172399240299285e+02
1.569591113312893924e+02
8.851706536755898469e+01
1.666952032177291869e+02
8.632963468195174528e+01
1.563170435568949586e+02
1.140735813619738650e+02
1.290867995371937695e+02
1.442174609929558926e+02
9.594449013573002105e+01
1.607517392071151789e+02
8.037961135235688914e+01
1.581243761749778400e+02
9.914188300763534301e+01
1.372010313813413234e+02
1.301577520143447657e+02
1.053278050197067444e+02
1.523391670681103278e+02
8.029837905487650573e+01
1.571460295382601373e+02
8.665021762554543727e+01
1.431610556804778298e+02
1.154849831313141237e+02
1.149447366150274661e+02
1.418244065030245622e+02
8.517552812657916661e+01
1.534619025649080299e+02
7.814238238977618778e+01
1.466795264751216337e+02
1.010922723668254122e+02
1.236306246962312230e+02
1.296853513851151547e+02
9.309146773905129635e+01
1.472732591756834211e+02
7.484861423706209393e+01
1.476022214014904250e+02
8.809610486908677274e+01
1.306488797626280984e+02
1.165058961551249013e+02
1.021832473408909721e+02
1.388641095942968491e+02
7.681292583022177212e+01
1.459333244264614677e+02
7.787326889445516542e+01
1.355552200192108501e+02
1.030061681104195799e+02
1.110516007422821900e+02
1.286227035810406392e+02
8.274609765830871311e+01
1.417808747983947342e+02
7.184639155912368835e+01
1.381035394086968893e+02
9.009561058237630959e+01
1.187715328768532856e+02
1.170179457515695134e+02
9.082686708192734670e+01
1.353560520309190167e+02
7.082051454330857609e+01
1.382079456619276243e+02
7.893105636109052625e+01
1.247584247242319861e+02
1.046424688676458175e+02
9.947174253611943584e+01
1.269512506987530145e+02
7.434492245082104489e+01
1.359021287661774693e+02
7.085918864844616394e+01
1.286700962156560024e+02
9.223974743178423807e+01
1.075522261367085974e+02
1.169566989344109373e+02
8.093685655645711563e+01
1.313190131963281999e+02
6.708403992126845594e+01
1.303262882450454185e+02
8.075483237613403276e+01
1.143288656854913654e+02
1.058536117220400712e+02
8.894178109038136881e+01
1.246762913626649407e+02
6.795436429725792493e+01
1.296854823966104675e+02
7.135753094020738274e+01
1.193446021024189321e+02
9.425256553048036778e+01
9.703554313237708584e+01
1.162834691762142398e+02
7.261746751780597720e+01
1.268021211296004225e+02
6.532765787842214422e+01
1.223354674176580943e+02
8.291984872589802080e+01
1.043176621414429803e+02
1.065344748709213150e+02
7.953757489384068435e+01
1.218337484702736759e+02
6.356000738001774408e+01
1.231694011321817612e+02
7.282734499127219863e+01
1.101861066973721393e+02
9.593781747990574615e+01
8.728778993533289565e+01
1.150091112276683276e+02
6.596000625511223348e+01
1.218480155713472612e+02
6.515784933557750946e+01
1.142912638729160051e+02
8.510609852884736881e+01
9.476456749833178606e+01
1.066528414721726676e+02
7.139673395003983103e+01
1.184548716599482674e+02
6.104418538768235436e+01
1.164244913185544021e+02
7.484728300708118809e+01
1.012408528988563887e+02
9.716681223591312744e+01
7.842006210077953199e+01
1.131723427462595879e+02
6.099888414558391503e+01
1.165154293736828350e+02
6.619895335998168662e+01
1.061954340536643855e+02
8.708415510458559083e+01
8.578840487842478524e+01
1.061564341612080966e+02
6.461587444802961500e+01
1.145739485318775621e+02
6.018274737930573792e+01
1.094867818835486588e+02
7.703288286482550973e+01
9.260242229607253250e+01
9.789297071145132634e+01
7.051246003716470057e+01
1.107156164135369778e+02
5.784931234949383594e+01
1.108367026852741759e+02
6.786149583341861558e+01
9.828584503394611716e+01
8.871309453745288920e+01
7.743047834343278168e+01
1.051261621407061000e+02
5.929656454092158668e+01
1.102431868845876153e+02
6.058367704433723588e+01
1.024638689290887612e+02
7.916500142248646910e+01
8.432218256608388174e+01
9.807345466440011705e+01
6.371266429090335492e+01
1.077564958800498545e+02
5.625459151606782626e+01
1.049125278645132511e+02
6.993463288771266662e+01
9.046358643935597854e+01
8.990077123540503123e+01
6.984173113519510423e+01
1.035025414270871522e+02
5.551688803906912284e+01
1.055329914058755634e+02
6.188030215164068437e+01
9.538433047032792444e+01
8.105089348243406278e+01
7.651511947164480887e+01
9.768917052511052646e+01
5.813868057399645295e+01
1.043154085129820032e+02
5.602046022951200399e+01
9.878373186351934976e+01
7.207719865001956805e+01
8.288133806531723735e+01
9.059831629338718528e+01
6.311881158850554385e+01
1.013396268459134433e+02
5.325369960508314193e+01
1.004912454443986149e+02
6.370436593042814621e+01
8.834038356221066124e+01
8.258308591804031096e+01
6.927523152693758846e+01
9.674775771109540301e+01
5.389761210512011047e+01
1.004485239000830603e+02
5.681092701605894746e+01
9.251690034174652055e+01
7.410772378445682307e+01
7.560887853359750466e+01
9.076336834531736031e+01
5.740728948353990546e+01
9.867617743450331602e+01
5.235854236582345322e+01
9.517425263719034945e+01
6.576202529440853084e+01
8.140658076009432875e+01
8.367767483178344889e+01
6.271707597560111935e+01
9.526681379594486998e+01
5.104180080274009867e+01
9.619235223666214551e+01
5.828619212960978757e+01
8.619915898540992316e+01
7.586496369932410744e+01
6.875232868078249737e+01
9.040007706049614455e+01
5.282865094247052440e+01
9.555006517252580522e+01
5.258185482602327454e+01
8.966244759451214463e+01
6.782176390044475056e+01
7.466665354224576845e+01
8.429411971452570640e+01
5.697694960891439564e+01
9.328247243346790185e+01
4.949719740368573895e+01
9.162971648170973538e+01
6.015527786216205897e+01
7.987923829317745117e+01
7.726775927122707799e+01
6.241965766254122627e+01
8.950714057954256475e+01
4.946733827268498374e+01
9.201613388632422641e+01
5.363603445372270073e+01
8.400537622838727714e+01
6.971799120464265798e+01
6.821354017958942961e+01
8.441039431249777181e+01
5.217159687727346551e+01
9.082013561706573057e+01
4.912967815603627741e+01
8.679403345481917142e+01
6.215113880468301488e+01
7.366430263952507573e+01
7.824572777152879155e+01
5.673147713734682895e+01
8.810985833541562329e+01
4.734674926592212785e+01
8.812248326228829853e+01
5.521584187196232563e+01
7.828640303312668891e+01
7.133154852289297310e+01
6.214990594171165128e+01
8.402568314649268189e+01
4.842116500133751344e+01
8.792811007365357057e+01
4.969513579229917610e+01
8.176885780935675996e+01
6.409372751089637177e+01
6.762588839896680781e+01
7.876149113455235806e+01
5.180647054111222616e+01
8.624130971828832060e+01
4.638713486424357768e+01
8.392044628452310917e+01
5.706673042452264610e+01
7.257643360678849831e+01
7.258466702983227492e+01
5.658244903833166006e+01
8.314936671377826372e+01
4.579201646297178030e+01
8.464502308876409131e+01
5.091872794560451609e+01
7.661265668071310131e+01
6.584113331469620789e+01
6.186060616178901483e+01
7.880815254839293971e+01
4.777591746394406158e+01
8.392248504009526755e+01
4.642603558334891289e+01
7.947863423275211403e+01
5.897416494090710160e+01
6.695679158238878870e+01
7.342904399422799600e+01
5.163495909277050089e+01
8.179674573537592153e+01
4.427669341235223754e+01
8.103009812618948615e+01
5.254095244771359319e+01
7.139508708703459661e+01
6.729842682502871298e+01
5.647228448906757592e+01
7.837796243504554639e+01
4.473249501396401939e+01
8.119998202187835545e+01
4.723032536519626490e+01
7.485562260279458258e+01
6.077707774753051950e+01
6.151739426610495798e+01
7.383769162041977552e+01
4.742331072339176501e+01
7.999762871467353875e+01
4.377928301843707004e+01
7.713430315297728157e+01
5.433495891880612305e+01
6.619530789480523936e+01
6.840158604890623906e+01
5.157107098550132207e+01
7.748710061061375143e+01
4.271804197889493793e+01
7.812247524830584666e+01
4.855194209353999923e+01
7.011434712232608035e+01
6.236989650287885212e+01
5.634761025854780314e+01
7.379514263068787727e+01
4.406097495878958625e+01
7.778906342120028228e+01
4.412262850883359988e+01
7.301248892300782245e+01
5.613067362505794478e+01
6.109308113536940965e+01
6.910568987598432500e+01
4.726923681656774079e+01
7.615857531254789592e+01
4.169652392361361848e+01
7.473479585947754344e+01
5.017560356556457890e+01
6.532248169187040787e+01
6.366538495295831979e+01
5.155237811603294773e+01
7.330734981838833164e+01
4.162341594356077934e+01
7.520248984033059969e+01
4.509331424171797664e+01
6.872875628457359198e+01
5.778973581362075151e+01
5.617219349346238744e+01
6.939542833126503751e+01
4.368204081328892130e+01
7.440629799943393152e+01
4.156466552751286514e+01
7.108839332653921872e+01
5.188787001974906588e+01
6.056819536233420820e+01
6.461134373546384779e+01
4.723559084747699899e+01
7.239155934194835140e+01
4.012565447569340904e+01
7.228632592911255017e+01
4.646677067050605814e+01
6.434826788285803900e+01
5.921904494049390166e+01
5.152761399037309076e+01
6.926497519174287731e+01
4.090259591168310038e+01
7.227409703722857159e+01
4.213888434899124746e+01
6.724231196165222002e+01
5.355592473420797717e+01
5.591524774398553888e+01
6.517936532271680505e+01
4.351128817774888091e+01
7.105582494137448180e+01
3.951629781085715365e+01
6.909103492246534017e+01
4.804188023043801081e+01
5.993640574159812218e+01
6.035439973528455226e+01
4.725810906689613233e+01
6.871058617715286232e+01
3.898733848766946153e+01
6.979709073231926197e+01
4.321451450665618665e+01
6.325639973688782192e+01
5.505943409499688812e+01
5.146390856413128034e+01
6.535246976710705269e+01
4.047009467768456403e+01
6.934376971340491025e+01
3.966861450021646363e+01
