1.577496263457612145e+02
3.663686560351378603e+02
2.037106114369087777e+02
3.267713026858602348e+02
2.926434133383955896e+02
2.508059314878970554e+02
3.640306991956879301e+02
1.771254983702775974e+02
3.924795644639040120e+02
1.871645667287407377e+02
3.695200544058610603e+02
2.754749384257283964e+02
3.008029423104893567e+02
3.637928341842115287e+02
2.130996856524439238e+02
4.139241916417864786e+02
1.807276812929940490e+02
4.108556578319746109e+02
2.550086125485062212e+02
3.543764961948565997e+02
3.571188881890071798e+02
2.625800472657235787e+02
4.299138330089252804e+02
1.922296758772404246e+02
4.497797251559458687e+02
2.344960770345325045e+02
4.103424796626986790e+02
3.442682788830572918e+02
3.221644709420295953e+02
4.397370572601266758e+02
2.257881734825718638e+02
4.854229499137557582e+02
2.203545264542189841e+02
4.675596884135946993e+02
3.260186466064528759e+02
3.898531549371492133e+02
4.429782141772005843e+02
2.799655284696780200e+02
5.168539167797656546e+02
2.224503480513813543e+02
5.251746683613089317e+02
3.043834722804052717e+02
4.643649471214104665e+02
4.391548789452919550e+02
3.516144209021362599e+02
5.434814183634249503e+02
2.502713507168010665e+02
5.830188568062793593e+02
2.858953267138321621e+02
5.451194698359372524e+02
4.286410856590820231e+02
4.391735952430424277e+02
5.645376027589817340e+02
3.088336076684448130e+02
6.401775021880029044e+02
2.789443142376172204e+02
6.329012219041663911e+02
4.129626344480078046e+02
5.421786822493725140e+02
5.798017891686780558e+02
3.975397442789627007e+02
6.972683253372806575e+02
2.997117031511207870e+02
7.285725437749952107e+02
3.958463726299765426e+02
6.628133676574901756e+02
5.895145946646463244e+02
5.160544934196332179e+02
7.546658047616682552e+02
3.638168175458743008e+02
8.350646291118534918e+02
3.870688158956357370e+02
8.056344828881229887e+02
5.950200898254350932e+02
6.703151440728746593e+02
8.145236685798836334e+02
4.801661056311924085e+02
9.574840774611441248e+02
4.058173837175937138e+02
9.800236479350609216e+02
6.002054376811447582e+02
8.710548984000213295e+02
8.814860059460501134e+02
6.603870420741214957e+02
1.105286697927165960e+03
4.842171747453368198e+02
1.204091963591802596e+03
6.169299005886517762e+02
1.142392479663496033e+03
9.625079791377356742e+02
9.320836520070917004e+02
1.299870525202113186e+03
6.678955144611724108e+02
1.514432790170546696e+03
6.721030744748734378e+02
1.547588742314793535e+03
1.084354904454581856e+03
1.365031106478237461e+03
1.593572613315988747e+03
1.038367908560938986e+03
2.014801396465904190e+03
8.564366174880607332e+02
2.230404716838925196e+03
1.311718752602004088e+03
2.170382913371546692e+03
2.136892513907564080e+03
1.823144288599146876e+03
3.016210749849295553e+03
1.419518415401109905e+03
3.753115572344787779e+03
1.926557209037558096e+03
4.248765186565486147e+03
3.656698745628295455e+03
4.314345355134982128e+03
6.464229791150767596e+03
4.209227380800075480e+03
1.137469777106209403e+04
6.516133171275073437e+03
2.639414629093787153e+04
4.800003638159881666e+04
4.438599922813741432e+04
1.940283450364213422e+04
8.196162956075593684e+03
1.036302690403866836e+04
3.281503533106033956e+03
6.749117503818316436e+03
2.966026445297376085e+03
4.351396024149330515e+03
3.312555225891238933e+03
2.571510800440782987e+03
3.364096585469677848e+03
1.391392560107912914e+03
3.007610676897257235e+03
1.208994100665794122e+03
2.399615644514688029e+03
1.603657984166728738e+03
1.661742459786083145e+03
1.875079354962534126e+03
9.920389508641296743e+02
1.897393831029653938e+03
6.998552119269279501e+02
1.668453373458944952e+03
9.371383208770181454e+02
1.282637175666962548e+03
1.216178244717578991e+03
8.335534879288761658e+02
1.341950358212590572e+03
5.103049244993615616e+02
1.275578356404932947e+03
5.938329249377939050e+02
1.054704391771890869e+03
8.361187115957460492e+02
7.378446518872405022e+02
9.941082193457604035e+02
4.435145756969187119e+02
1.011219101279802544e+03
3.966299138993255724e+02
8.925249452113798725e+02
5.829082196943638792e+02
6.754363443145618930e+02
7.522160591468220900e+02
4.238504311037609114e+02
8.185821606537358548e+02
2.905255120157520423e+02
7.683612657378022277e+02
4.087557680654422825e+02
6.195734669198635629e+02
5.718989930489422022e+02
4.174971877097339643e+02
6.649699850968851251e+02
2.489575163843951202e+02
6.618038575910129566e+02
2.847079878395267656e+02
5.698410642350582975e+02
4.307532688495020352e+02
4.134565974714117260e+02
5.393539030316860590e+02
2.447317586390779240e+02
5.704326654731800090e+02
2.019418922025294307e+02
5.202533808126403301e+02
3.191207574321113611e+02
4.039329566879350182e+02
4.327477780445006488e+02
2.546456159309322231e+02
4.880046034227613632e+02
1.581314582632994359e+02
4.708392813088642583e+02
2.302427324046877857e+02
3.889436893734660998e+02
3.413593455902740743e+02
2.647499314742853471e+02
4.119935307779788332e+02
1.480114968050064022e+02
4.209382663363373354e+02
1.606931118528897571e+02
3.699395769493152670e+02
2.637236742157667777e+02
2.709728815146710303e+02
3.424861182831787119e+02
1.565038032443113423e+02
3.709474101966800390e+02
1.134884528067237994e+02
3.456338051261068358e+02
1.951041700420102813e+02
2.723752217200329824e+02
2.790323004046547908e+02
1.696400281420567069e+02
3.230633399710822005e+02
9.102185934087911789e+01
3.175829325525726290e+02
1.377086002132811302e+02
2.657421202299560150e+02
2.205405908099024543e+02
1.814013508964742414e+02
2.750189292445886053e+02
9.124911469901272199e+01
2.877003432861705505e+02
9.103397037331897934e+01
2.543295928965090980e+02
1.684885904284564617e+02
1.875520096033588402e+02
2.293931442626328305e+02
1.012977798242495595e+02
2.526590344185006813e+02
5.640374650236399390e+01
2.395901197171968136e+02
1.217537215162490156e+02
1.871985644089313041e+02
1.844618281977810739e+02
1.146171424439919093e+02
2.193469227880846688e+02
4.308262997058645283e+01
2.189263025111833372e+02
7.945709770946307060e+01
1.825171092602257943e+02
1.432714620282882549e+02
1.228786319830854410e+02
1.839920868467141020e+02
5.047829897800485099e+01
1.945618722175855737e+02
4.266377836612038266e+01
1.721827636713030927e+02
1.023748862421832229e+02
1.282106791383377242e+02
1.491575926345274752e+02
6.615411260382113312e+01
1.691867370296672846e+02
1.131352998809266630e+01
1.599968504522722412e+02
6.771373554623913549e+01
1.289001206014198431e+02
1.166990329319487216e+02
7.647104207039167534e+01
1.400091929213589026e+02
2.060573676165415691e+01
1.433808021596043716e+02
3.558348780151310820e+01
1.250163423576838255e+02
8.357455625862075976e+01
8.717281991845528921e+01
1.127215540038792909e+02
4.215226387704802136e+01
1.245027101568004326e+02
1.322165824051540284e+01
1.194208645182870612e+02
5.496626642348493164e+01
9.350832429150061387e+01
8.664106838592786630e+01
5.859628429047146625e+01
1.035419589160559894e+02
2.428484175891133745e+01
1.090800474321921598e+02
3.221625247141979287e+01
9.732496026701362268e+01
6.127678075216412878e+01
7.444157228449506647e+01
8.559429260728488487e+01
4.391771665111753720e+01
9.644224371593102774e+01
2.070185523518403770e+01
9.438066970666082511e+01
3.746865783301161912e+01
8.312216831781202586e+01
6.339814625769458445e+01
6.342519647776332903e+01
8.470820348767030339e+01
3.585115091111778440e+01
9.241253619234127825e+01
2.552923888086434445e+01
8.979166404342088015e+01
4.658364434035449619e+01
7.432644870016289929e+01
6.795615399886466435e+01
5.223067622372048646e+01
8.431268654063909196e+01
3.073933198892934016e+01
9.150844059025862975e+01
2.760993221328528335e+01
8.343607505471202046e+01
4.978963160742258509e+01
6.902406356715110292e+01
7.378453969319853911e+01
4.272105986164775260e+01
8.695960206593757391e+01
2.000403864217739880e+01
9.216918717973727837e+01
3.071568145739425404e+01
8.483978804855203748e+01
6.001117235100834080e+01
6.525283576624421755e+01
8.412042478809156876e+01
3.415696332166410087e+01
9.833358258523139739e+01
1.161853918255680185e+01
9.984407511171954752e+01
4.209138801622079740e+01
8.883483844703386012e+01
7.906779598747442606e+01
6.050025218987747877e+01
1.069578761727044451e+02
1.850219169488196513e+01
1.159824784056595774e+02
2.531395674957884978e+01
1.125161399696188198e+02
7.289876629033427946e+01
8.744766108876170563e+01
1.108062076548837354e+02
4.798779652502030757e+01
1.338951353979005603e+02
1.951594787949584386e+01
1.389057200089382889e+02
6.298965205645197329e+01
1.248351370834177914e+02
1.175470731276620882e+02
8.682911786557025380e+01
1.571218469804048823e+02
4.464489581354520453e+01
1.754937658648035210e+02
6.149508635592683703e+01
1.691245116812905849e+02
1.292885401986370937e+02
1.328921151290277862e+02
1.845162248800988891e+02
8.146135721738910718e+01
2.194760698602374305e+02
7.744123597467290665e+01
2.244097258968571396e+02
1.449556136882017938e+02
1.894557413817803422e+02
2.184875181331278498e+02
1.376084696112074255e+02
2.743505780716366189e+02
1.048625722065373509e+02
2.904770410633437905e+02
1.652466317857899583e+02
2.679263049457602506e+02
2.614498201624697913e+02
2.068777915142850077e+02
3.418760372161123655e+02
1.555697101070475981e+02
3.822508061948457794e+02
1.989231719627951236e+02
3.698390686665509861e+02
3.148462531958447244e+02
3.067911526527777255e+02
4.325364438750740987e+02
2.329023771435186347e+02
5.031580439572639420e+02
2.499846678158832560e+02
5.165446799088318812e+02
3.879849231284139250e+02
4.609464067482985570e+02
5.562575530524987926e+02
3.653147081209567091e+02
6.944056204186234709e+02
3.353464424687770702e+02
7.504833331232086948e+02
5.118166966104565745e+02
7.166065148027938676e+02
7.613409435406687180e+02
6.069704885896570659e+02
1.016236284588914259e+03
5.289355860911773561e+02
1.190253251400843510e+03
7.373799486979528410e+02
1.238294407096168925e+03
1.185198566071876257e+03
1.153720503779580895e+03
1.743569479101925253e+03
1.075208543177338242e+03
2.360977354141423803e+03
1.410534833262491929e+03
2.946331879598935302e+03
2.709843554758881965e+03
3.651828801425543134e+03
5.726536755926103069e+03
5.330727655626094929e+03
1.752096791588784254e+04
2.507269417674030046e+04
1.933651927242205420e+04
6.731379593927616042e+03
5.791403495495162133e+03
4.493305444568294661e+03
2.648953486911012533e+03
3.451355474635888640e+03
1.544525952012119205e+03
2.630605564554924513e+03
1.400946431022174238e+03
1.903931537042247555e+03
1.563001829952448134e+03
1.254736530620748226e+03
1.587473058355396461e+03
8.279836257891536206e+02
1.462692433866019428e+03
7.486588004300357397e+02
1.214618826446133198e+03
8.956267847238142394e+02
9.046570740868003213e+02
1.018736369398015313e+03
6.176259306931300443e+02
1.029783304453601204e+03
5.126791310443633165e+02
9.237842662313300934e+02
6.035666687002254776e+02
7.378126047581812372e+02
7.300549869263369374e+02
5.308859955702367870e+02
7.888771284362279630e+02
4.031072814196758713e+02
7.574313819941868360e+02
4.389209108818049572e+02
6.421163094707569599e+02
5.523489933113652341e+02
4.852674815744433658e+02
6.323393407110455655e+02
3.499553919395491448e+02
6.408450579185100651e+02
3.393154550659509141e+02
5.758603194157763028e+02
4.304358319035123941e+02
4.580354393303163079e+02
5.190027398612659226e+02
3.314425695833389796e+02
5.531282622513692786e+02
2.821796840962269357e+02
5.237058342011522427e+02
3.416078093967039422e+02
4.374205635449139891e+02
4.293616428803753138e+02
3.264907884794633333e+02
4.805113815555378665e+02
2.528815216128183465e+02
4.787594557763290481e+02
2.771361897987637803e+02
4.193270835722328798e+02
3.552162718662780776e+02
3.279434926368879246e+02
4.193010794887169936e+02
2.420422250341210884e+02
4.358046810427489390e+02
2.314440439423775047e+02
4.030763724373167065e+02
2.952127488134411237e+02
3.276961577051346239e+02
3.624841910652095862e+02
2.436596569758292503e+02
3.969697340331468922e+02
2.037422012025939182e+02
3.834391499050952348e+02
2.454161580820000381e+02
3.276738226395881952e+02
3.122302357008290983e+02
2.494894349264245932e+02
3.578737202135067150e+02
1.917726723667807960e+02
3.619308974568381245e+02
2.059654179113865951e+02
3.247511544409853173e+02
2.664568592013989132e+02
2.576620640075663573e+02
3.194623581533001584e+02
1.910031966103619823e+02
3.391234902126338966e+02
1.779381520148611173e+02
3.184047406328360239e+02
2.256388125154314821e+02
2.643637344936037152e+02
2.824258145482348255e+02
1.979834668776881870e+02
3.139542774230577606e+02
1.622184541959544219e+02
3.091120900504987503e+02
1.909752759491939855e+02
2.690037306729187776e+02
2.466091358324725604e+02
2.080215133662878486e+02
2.875466089653479003e+02
1.577909764559333325e+02
2.964870102390367492e+02
1.635134457454017536e+02
2.702452812381923195e+02
2.128634442022600126e+02
2.181026253112571567e+02
2.598965954709045150e+02
1.621694174370917665e+02
2.807487560640977904e+02
1.450438009669709345e+02
2.682177154617133397e+02
1.822441662855612776e+02
2.265337327084207573e+02
2.316839548073144783e+02
1.713366785935892835e+02
2.622077243056132261e+02
1.365547042914657538e+02
2.625274491375576531e+02
1.559487705875042991e+02
2.324508435580970911e+02
2.035746626648659969e+02
1.822811891774996980e+02
2.416006478558573747e+02
1.370028364273500756e+02
2.533100001511010930e+02
1.358464138339711269e+02
2.351298677650752609e+02
1.766369622035329598e+02
1.927544654354359466e+02
2.192283796778899045e+02
1.438843273299586940e+02
2.409418581749576447e+02
1.235050823733202776e+02
2.342730002271356966e+02
1.519570087256126953e+02
2.013416530840913765e+02
1.958711379060041793e+02
1.541304884045138692e+02
2.258144264729001236e+02
1.196733551698966238e+02
2.300132835296161886e+02
1.312740402549749206e+02
2.072024915077170135e+02
1.724136406732892794e+02
1.650979089142728924e+02
2.082988126292424624e+02
1.231938689220188650e+02
2.223293946484509434e+02
1.162435625460341697e+02
2.099594498222330969e+02
1.497986373235565907e+02
1.751265086439938443e+02
1.890903563363939384e+02
1.314988888044632631e+02
2.115966145998057186e+02
1.083863500021554103e+02
2.093063833331727892e+02
1.293814101221410340e+02
1.830258299998785674e+02
1.687649657162751851e+02
1.421055099929191385e+02
1.981366989605860738e+02
1.080322796085713293e+02
2.055001880557267953e+02
1.128186638834351072e+02
1.885404239973067888e+02
1.484757266425302760e+02
1.526381406345709877e+02
1.826624122033545916e+02
1.136338633580471651e+02
1.984433478106287794e+02
1.018395905562143469e+02
1.907563244264549382e+02
1.290510102559833285e+02
1.619616528711941328e+02
1.654225975854177193e+02
1.227993822127568393e+02
1.885640278574330750e+02
9.761376252489179706e+01
1.899245850694787237e+02
1.119151547510240050e+02
1.691217140636934175e+02
1.473383813652062884e+02
1.331623988686471023e+02
1.761724661233197651e+02
9.991467727169572299e+01
1.859930480640555004e+02
9.870934947695532458e+01
1.736692601211354656e+02
1.292828240033125553e+02
1.431244700738950826e+02
1.617922366078443019e+02
1.069144216971314449e+02
1.791425238142697935e+02
9.108830381836676793e+01
1.753200283679754250e+02
1.123229648804517353e+02
1.515773742246533402e+02
1.460405042413992760e+02
1.163766405753173672e+02
1.696601478322980086e+02
8.982061688559876700e+01
1.740276125459969023e+02
9.792878579940779105e+01
1.578389413399456203e+02
1.296078006024171430e+02
1.263663420476423340e+02
1.579294855344813584e+02
9.410347266090536777e+01
1.698481850010602159e+02
8.772602437472197323e+01
1.615221721948294089e+02
1.134148321887267059e+02
1.355552371917508481e+02
1.444290754715990772e+02
1.020019981373663285e+02
1.629760786423341301e+02
8.306628876092473490e+01
1.624386012306324005e+02
9.863780656366492394e+01
1.430635290113538360e+02
1.297568573413631441e+02
1.114706935658344804e+02
1.536771422025247773e+02
8.422825045388650267e+01
1.605920799829874284e+02
8.671343890329879400e+01
1.483713099478251252e+02
1.146731205393941053e+02
1.209205259057511057e+02
1.423656504799030813e+02
8.997137589003297364e+01
1.560518570308166773e+02
7.921097546081088581e+01
1.511785322682694641e+02
1.001139145169744467e+02
1.292703727896795272e+02
1.295327744752806893e+02
9.835645352768881367e+01
1.490343444754039126e+02
7.716230429623823284e+01
1.513488791659584081e+02
8.730001769126518241e+01
1.358281242119536785e+02
1.157779052882130344e+02
1.075927163152500583e+02
1.398189504342489329e+02
8.027122514908465689e+01
1.489033635670108140e+02
7.769591073158237293e+01
1.401874441852504560e+02
1.018819475862053849e+02
1.163846089597299169e+02
1.288159729712885166e+02
8.703085328562353595e+01
1.439693615265752271e+02
7.270185592347111481e+01
1.421171746558296718e+02
8.883443287783137521e+01
1.238608796502325049e+02
1.165333137352493083e+02
9.558623361753083714e+01
1.367487733898382487e+02
7.290826944868940984e+01
1.415466123503864821e+02
7.789321243565045449e+01
1.294766661790187072e+02
1.035935840469624765e+02
1.044210742708107631e+02
1.275650474073078300e+02
7.753384030990660847e+01
1.385176049942601253e+02
7.051022393813065037e+01
1.329108280167081375e+02
9.081200345856724709e+01
1.124743979388335759e+02
1.168220614381977782e+02
8.492025598668016073e+01
1.331713524395325408e+02
6.783843327144420243e+01
1.339978445139996381e+02
7.922189659234304315e+01
1.190641489968616895e+02
1.050386257362987266e+02
9.340012743596969358e+01
1.257493861355336549e+02
6.994742115962071694e+01
1.327088938018039528e+02
7.013504424239899038e+01
1.237502174675648945e+02
9.287394336513069959e+01
1.017102251545008755e+02
1.165749563949555068e+02
7.568190818773460649e+01
1.291156083457725288e+02
6.490991264976781849e+01
1.262905150876630671e+02
8.117944732931312046e+01
1.089912034816616426e+02
1.060724882713330999e+02
8.337991836711167082e+01
1.233820845921835456e+02
6.433634584409574586e+01
1.265722416011734452e+02
7.105538347798832888e+01
1.146950661233650095e+02
9.477653486351596257e+01
9.160109584561463691e+01
1.157672541794497505e+02
6.798496143979046735e+01
1.246082768804531611e+02
6.382030441232692652e+01
1.184795413574315148e+02
8.339093114024072406e+01
9.929409820058631908e+01
1.066103283281632628e+02
7.447173738478674920e+01
1.204894544743869176e+02
6.065837207800887398e+01
1.201578008271701066e+02
7.280296553580029695e+01
1.057769419190792064e+02
9.634984657843487810e+01
8.222242871018421795e+01
1.144028988363971280e+02
6.192754818187027865e+01
1.196778381709919046e+02
6.418264482447366959e+01
1.106169048762214402e+02
8.556159143443896653e+01
9.003139904707394692e+01
1.066251070831288246e+02
6.675943774109090612e+01
1.170713078684415365e+02
5.879757455474015870e+01
1.135614075663889082e+02
7.498635996218624200e+01
9.702319757763019936e+01
9.756389312299985761e+01
7.362588623135440002e+01
1.124169963603553697e+02
5.766819452402267387e+01
1.143641204992817393e+02
6.553791894551113728e+01
1.027466942522330413e+02
8.751616358194536360e+01
8.129254517920911383e+01
1.060462066887725570e+02
6.042739657663430819e+01
1.131960573081635886e+02
5.849280918926969264e+01
1.067160499336296624e+02
7.726636669863495399e+01
8.860603373244295256e+01
9.813939551108218495e+01
6.608817709438538657e+01
1.100049201804227010e+02
5.497734894533844141e+01
1.088003213126698370e+02
6.753654936605158809e+01
9.491984689279111365e+01
8.910846726580346910e+01
7.317621268171009774e+01
1.049555524243828017e+02
5.552893446043736247e+01
1.089060047698167608e+02
5.935141546293774439e+01
9.979406580359722057e+01
7.944514652598179794e+01
8.050192723347980461e+01
9.827923919394282848e+01
5.955952903541572852e+01
1.070431683694695266e+02
5.391478472859740378e+01
1.029506687986380911e+02
6.978863810570651083e+01
8.723585672542633063e+01
9.028178057609783025e+01
6.576336045551403231e+01
1.033100522064032134e+02
5.218503965397515287e+01
1.042468252280305308e+02
6.099370558135431963e+01
9.281685529191479134e+01
8.137309311733051231e+01
7.282675755562924280e+01
9.786964043377649602e+01
5.425614039850363213e+01
1.036358317332753529e+02
5.413573179638436983e+01
9.689466028848751478e+01
7.207630820623865020e+01
7.975458855904071243e+01
9.096898942745666261e+01
5.919680364127459882e+01
1.011622980790461384e+02
5.034773543532517692e+01
9.926007276815518310e+01
6.308703632211285850e+01
8.586050447950690057e+01
8.294145116471440815e+01
6.567708358394216361e+01
9.693666200223745477e+01
5.029402432144994606e+01
9.981025099520552146e+01
5.531217813454792065e+01
9.070624321302565818e+01
7.421852259679818076e+01
7.254529101935831648e+01
9.115409929484782481e+01
5.361809661504216251e+01
9.853072087492614628e+01
4.985964920340724404e+01
9.401005700696184419e+01
6.536020234449043187e+01
7.898364539655904082e+01
8.408314551732372877e+01
5.917404511250874322e+01
9.549272720837295481e+01
4.772056697824254456e+01
9.561253354884119915e+01
5.712225614742688151e+01
8.443717874566078763e+01
7.607215167683192192e+01
6.572226977868446340e+01
9.083364638611008957e+01
4.915621140469119155e+01
9.546129352934778467e+01
5.046884579833042039e+01
8.855258751478238821e+01
6.759804169668308305e+01
7.227079277925031420e+01
8.476823712615636452e+01
5.344271357302910275e+01
9.356013405080264533e+01
4.649290333217299320e+01
9.110670175212401034e+01
5.925720420074738115e+01
7.816153942390437237e+01
7.758364346057685168e+01
5.936069495841018551e+01
9.001111840243792983e+01
4.593247526445039597e+01
9.198883808237746962e+01
5.186889931315936764e+01
8.294266671060140084e+01
6.965988929773534721e+01
6.579678626486116855e+01
8.497106099222537523e+01
4.862975331194532203e+01
9.117040683555892144e+01
4.644579571491300385e+01
8.633328020386622370e+01
6.149624068816482492e+01
7.193938209036063824e+01
7.867503468873971428e+01
5.360048849334775412e+01
8.870191665465551978e+01
4.398106739865753667e+01
8.816476578004017028e+01
5.376274866416899556e+01
7.724746574547187095e+01
7.143729231377088240e+01
5.966025527471565937e+01
8.469124478546351042e+01
4.486570585583866944e+01
8.836448245017541581e+01
4.733098800824716079e+01
8.135328595214159009e+01
6.366681824957015579e+01
6.585458528464064898e+01
7.932768691244224613e+01
4.856297080001294120e+01
8.692847183884774154e+01
4.322958093700054860e+01
8.403491975647801837e+01
5.590151592467877606e+01
7.152416196724129804e+01
7.286054741358557862e+01
5.396367577320480535e+01
8.393602986786508779e+01
4.224655101741641516e+01
8.517420082765777067e+01
4.887587966872601442e+01
7.621803041280055879e+01
6.562975476375130768e+01
5.999423420643248761e+01
7.952111272097684491e+01
4.439090097216408992e+01
8.472800556818266671e+01
4.351705302742101367e+01
7.965146045292051724e+01
5.808120097495513789e+01
6.585215958938832159e+01
7.388737192255534580e+01
4.882563106259733843e+01
8.272475916268416540e+01
4.079311714520983401e+01
8.164772813626919401e+01
5.080677914139271678e+01
7.099638185900121812e+01
6.730740064901799258e+01
5.444246828691914430e+01
7.926027155940026603e+01
4.120324470715101484e+01
8.213141582161088650e+01
4.460116954866625605e+01
7.506627311275165937e+01
6.015612439428605285e+01
6.030067727893532492e+01
7.449263780818095881e+01
4.437300627199578429e+01
8.107985291836301656e+01
4.042035405802670311e+01
7.783439825818871327e+01
5.291016360984151845e+01
6.574689791102967718e+01
6.864676813151652368e+01
4.929890241012774510e+01
7.855419545806454096e+01
3.908742656302095497e+01
7.917201347158994906e+01
4.622851444656007658e+01
7.033460381161501118e+01
6.201989998498080325e+01
5.494861392492034469e+01
7.466907372164403967e+01
4.074146029904795085e+01
7.902605980064272728e+01
4.095760413691192525e+01
7.378159876083121560e+01
5.501785007809500172e+01
6.052863820112204962e+01
6.960910830245191505e+01
4.468612786621195454e+01
7.740779105684904948e+01
3.804584435446908230e+01
7.589276294684891866e+01
4.816171910131643585e+01
6.551321342390518510e+01
6.360110458097878450e+01
4.989169298059970714e+01
7.440945151223006349e+01
3.804470833868921886e+01
7.659936550373208775e+01
4.218331969266495918e+01
6.952575110259131463e+01
5.699307249594647828e+01
5.543376207277000134e+01
7.015495334179617259e+01
4.073940883536480584e+01
7.586546127497607017e+01
3.796629086703843825e+01
7.234615403156382740e+01
5.021514510635995521e+01
6.066132085556890985e+01
6.484790785882863418e+01
4.522948217297343376e+01
7.373336996535729781e+01
3.634418991507367025e+01
7.383535926139421690e+01
4.385556344475691759e+01
6.513671620494550041e+01
5.875714769279889538e+01
5.052089698959342456e+01
7.030329035046952413e+01
3.756849078626885330e+01
7.393072484018242108e+01
3.870039361105874320e+01
6.856363471170593016e+01
5.223094683336956479e+01
5.584932986610586880e+01
6.572947258430087913e+01
4.107653915785951426e+01
7.265020098626331446e+01
3.562964208047515058e+01
7.077024450707679648e+01
4.576901087285375525e+01
6.065919892743305297e+01
6.023460376105007441e+01
4.589589077187231680e+01
7.004198019176011769e+01
3.528416149991455342e+01
7.165329655072623893e+01
4.001335232138330156e+01
6.460226215711868747e+01
5.411196910223538481e+01
5.113936195597666057e+01
6.622931188425603466e+01
3.755599271493392877e+01
7.118392785671184697e+01
3.579070718908057813e+01
6.744815043433845858e+01
4.775877095976366604e+01
5.615368430733897753e+01
6.138972599873782343e+01
4.165164887079244949e+01
6.938785598481457839e+01
3.392998675784581053e+01
6.905609653111571333e+01
4.170450614673051604e+01
6.050723761514948507e+01
