2.159995706664572879e+02
2.111606335566688131e+02
1.880265185927720779e+02
2.382033114847816933e+02
1.685407485496992024e+02
2.475421325883708619e+02
1.767769132148132201e+02
2.356878907401452921e+02
2.081909551791605679e+02
2.081949933877063188e+02
2.413532222162590415e+02
1.810001553037189410e+02
2.595088808433738450e+02
1.775316265341386384e+02
2.553686627136445395e+02
2.044863047152403794e+02
2.308998096005323077e+02
2.421984444469159143e+02
1.987717226711016849e+02
2.692524395481818829e+02
1.828926500192669096e+02
2.742605119003470122e+02
2.012153583199863931e+02
2.553581985964318903e+02
2.408432543351165975e+02
2.214588519631538759e+02
2.765349488910367768e+02
1.942687542504000930e+02
2.917682901222979694e+02
2.001066940653318227e+02
2.808090749791472831e+02
2.379300855924593066e+02
2.484046827168075140e+02
2.811141688784975941e+02
2.125738684121490394e+02
3.074491507170945397e+02
2.033031872668770461e+02
3.064946058977326970e+02
2.344357148586309734e+02
2.787529925003836411e+02
2.829809579150511922e+02
2.379311892216608726e+02
3.208126201954132739e+02
2.131160579748709551e+02
3.317667569215763592e+02
2.320595349921925674e+02
3.118490110968965610e+02
2.825358310011105800e+02
2.699026329266911262e+02
3.314706806988124868e+02
2.315160616122206818e+02
3.559900565692957457e+02
2.332287592849308453e+02
3.468619806620817485e+02
2.805030567226962148e+02
3.080072807555875443e+02
3.391424434140604944e+02
2.596114294642854361e+02
3.785785262630384409e+02
2.410960271145502816e+02
3.833008340907397269e+02
2.781943076014082408e+02
3.514976261112057045e+02
3.440620757717700826e+02
2.980163535996986184e+02
3.991814084130745073e+02
2.591229376580971007e+02
4.203981407111914450e+02
2.781890006561038149e+02
3.993345370829133572e+02
3.459832489605282717e+02
3.479746671190249003e+02
4.178263412812821116e+02
2.911707987948727805e+02
4.588332256263080353e+02
2.851229369931882616e+02
4.543953843259084806e+02
3.479732093859080351e+02
4.063954939364554093e+02
4.335635642045402278e+02
3.382328675181657900e+02
4.968769671687418850e+02
3.032973571532947403e+02
5.131776196136294175e+02
3.505256336200282021e+02
4.771043354453377106e+02
4.475787646886315088e+02
4.033020073151261045e+02
5.358681295892005210e+02
3.400254008024267591e+02
5.781091382935300089e+02
3.590345748879958023e+02
5.605870927300940139e+02
4.609185356653815120e+02
4.887690983132752649e+02
5.756798917085424137e+02
4.023762436853268127e+02
6.512617133014719002e+02
3.811296145992413358e+02
6.599772739230304524e+02
4.757667519028502738e+02
5.995333154341861928e+02
6.180853669791541734e+02
4.960626817619287294e+02
7.349426735673388293e+02
4.285204348727128263e+02
7.820716509384290021e+02
4.986701998446820312e+02
7.431694765972093819e+02
6.683478929264027784e+02
6.351628519051560033e+02
8.351457716863700398e+02
5.218347790434974058e+02
9.386447151582805191e+02
5.406987191088187501e+02
9.399579272780421206e+02
7.335674036864925256e+02
8.356236470516979580e+02
9.650642658766005297e+02
6.852914417947779384e+02
1.150948941457904084e+03
6.311793593370871349e+02
1.222786675857098089e+03
8.272050744347994851e+02
1.149253473688256690e+03
1.157602735843868231e+03
9.725639893059309316e+02
1.473959337581051841e+03
8.290140757098575932e+02
1.676108826630170370e+03
9.990852483548924283e+02
1.703070723757238511e+03
1.488953577148921795e+03
1.536668503259057388e+03
2.070613646065254216e+03
1.290082605855588099e+03
2.590463614322810827e+03
1.425024250584272977e+03
2.925216044576038712e+03
2.252463531975645765e+03
3.021627908364654104e+03
3.691958850891882321e+03
2.864649805210041905e+03
5.664929671761396094e+03
3.278917291319064589e+03
8.786397660577255010e+03
7.099679842174362420e+03
1.691396623795100459e+04
3.649139805691176298e+04
3.856777146796011948e+04
2.083973576331302320e+04
6.055374965558907206e+03
9.273809001237385019e+03
3.523263417357122307e+03
5.395786072746763239e+03
3.468713779225426606e+03
3.096858714794771913e+03
3.362930051124315924e+03
1.675958735177616745e+03
3.013639317132348424e+03
1.163789150312266202e+03
2.425507191022479219e+03
1.401416372716265869e+03
1.739639016598341186e+03
1.675823991233443621e+03
1.071239553279973052e+03
1.733047545968484201e+03
6.550667857708621113e+02
1.576219082757588239e+03
7.521906511433313653e+02
1.255016840151842871e+03
1.011731278093840501e+03
8.518408515529139322e+02
1.170306832474826251e+03
4.938549008750488269e+02
1.157128365756979520e+03
4.429688363681254373e+02
9.952979645252611363e+02
6.529949949416422896e+02
7.365717161234305195e+02
8.378805389015116134e+02
4.345222612045936899e+02
8.939808562279637272e+02
2.821046959414318849e+02
8.253311861693772471e+02
4.289317454180149412e+02
6.518866289641263165e+02
6.083680688689923954e+02
4.186155663293204157e+02
7.042171154822137851e+02
2.180346532179457881e+02
6.956315193375503441e+02
2.694143187427275166e+02
5.889076635309406811e+02
4.394531526414462519e+02
4.123604937847769065e+02
5.586954268524571035e+02
2.145813925448375983e+02
5.901039860116974296e+02
1.610803094917608007e+02
5.342948781427890026e+02
3.087650620637130601e+02
4.044229095390248290e+02
4.382197141835684988e+02
2.318688088622104146e+02
4.981216444848099059e+02
9.927972061926904246e+01
4.823550754523269006e+02
2.029796458828759853e+02
3.927429229845619716e+02
3.375264109801580616e+02
2.518436149355734983e+02
4.163630982655540720e+02
9.766718649466378110e+01
4.283941937814599328e+02
1.141073246846382148e+02
3.770819225089408633e+02
2.491998949809951966e+02
2.672853356072366751e+02
3.424220752495500051e+02
1.266486309249211075e+02
3.771580535042052134e+02
4.464351661052510423e+01
3.534730495466847628e+02
1.716839697824679831e+02
2.741823500666789073e+02
2.712144833664478369e+02
1.613225131243561634e+02
3.283692510446713300e+02
2.617522338213079180e+01
3.274193392943691379e+02
1.063972810806791642e+02
2.740085216130074741e+02
2.101259963648912787e+02
1.834076923459472823e+02
2.761373812150487765e+02
7.004738490091473579e+01
2.942310706900083801e+02
5.154744907415540922e+01
2.667432175518450208e+02
1.534543945883691833e+02
1.996152529363953363e+02
2.255458505551099790e+02
1.088556502728803679e+02
2.592996516766123136e+02
3.907727512908707723e+01
2.517474221097193947e+02
1.036081749477071554e+02
2.116564009838885454e+02
1.808228115712073532e+02
1.390853857520070278e+02
2.228918725791386919e+02
6.955143002725141343e+01
2.331924900154347142e+02
7.559167572610618890e+01
2.123558368198503388e+02
1.391076599292063634e+02
1.615231112085593850e+02
1.855944916921399113e+02
1.076889952559377264e+02
2.123602120795866313e+02
7.598184034392009778e+01
2.073575144132172738e+02
1.085647487209347588e+02
1.772539658678890930e+02
1.533881976611004347e+02
1.374711042800653331e+02
1.890036967750556869e+02
9.794746733163434271e+01
1.943237654226535369e+02
9.450408322684343432e+01
1.834119798843573221e+02
1.254265638223109534e+02
1.569998082687948227e+02
1.577554510011783009e+02
1.244546370322601376e+02
1.795513328421338315e+02
1.023866511673063400e+02
1.852347965736972810e+02
1.070430412230016515e+02
1.699753763768964347e+02
1.336888686792503620e+02
1.459138780221136074e+02
1.595585822657751294e+02
1.213181067279639080e+02
1.750816923730838255e+02
1.071447079216322180e+02
1.780860784393852896e+02
1.172946925693706390e+02
1.673041176339166611e+02
1.389328847838778813e+02
1.442138647094839428e+02
1.623782010208311704e+02
1.227415626838548519e+02
1.791887399008934096e+02
1.115909322543220696e+02
1.770224044341260594e+02
1.208969730721030942e+02
1.660501419455981704e+02
1.445823427373541392e+02
1.461647827382251705e+02
1.693927336931495233e+02
1.213413034250466751e+02
1.838458591959417561e+02
1.126051750705408239e+02
1.830876744528123936e+02
1.257448728384013776e+02
1.688821291363061903e+02
1.528283335705624495e+02
1.468549695955106245e+02
1.799887868011028047e+02
1.190144297110273044e+02
1.954911252691462096e+02
1.103548631013122474e+02
1.965334271447330252e+02
1.374893951008432111e+02
1.758374058296216447e+02
1.679442757817045049e+02
1.432278084041417117e+02
2.002602651826741749e+02
1.116447820349870597e+02
2.150493125979280080e+02
1.105080250897658658e+02
2.085888853984560569e+02
1.482301156893673522e+02
1.794691409713473718e+02
1.968232016974810961e+02
1.333470004405181442e+02
2.317357804791386116e+02
9.733435621246253788e+01
2.429303913109662858e+02
1.221654809805408490e+02
2.222832193490428665e+02
1.834410287496026513e+02
1.715833862689751186e+02
2.391507008147316924e+02
1.077034541011904309e+02
2.717711967047146686e+02
8.543176118096054950e+01
2.723890283726493635e+02
1.581419495703216853e+02
2.284507157587307518e+02
2.433265993016723598e+02
1.496429885539041038e+02
3.049437065238510627e+02
6.743420335667966015e+01
3.214021473627255432e+02
1.229549175927955815e+02
2.936022737188274050e+02
2.365093888798677995e+02
2.148135886745577352e+02
3.303409893569447604e+02
9.428463267195608921e+01
3.755126003660961942e+02
7.609916409691258821e+01
3.658232199563454969e+02
2.184680058548597685e+02
2.954397369837469682e+02
3.479325711824882319e+02
1.658474515608397724e+02
4.295082162561440668e+02
2.010313132704871819e+01
4.497156006329680622e+02
1.880213745027726873e+02
3.937179623077308293e+02
3.587494579369658823e+02
2.651644403622048003e+02
4.849417362046586391e+02
8.018150955616188469e+01
5.428347274237642068e+02
1.407373422397564013e+02
5.147062222415248698e+02
3.614616106298099680e+02
3.926317865173299992e+02
5.412233677936555978e+02
1.961377395815581508e+02
6.505815051789169274e+02
8.519237468852526263e+01
6.639509688029980907e+02
3.495434320180941654e+02
5.652282129791468606e+02
6.029373367285355698e+02
3.586438605595481022e+02
7.877624923821817902e+02
1.153635274660710479e+02
8.579581159777987978e+02
3.261288295514563060e+02
7.998140664736134795e+02
6.699141803761531264e+02
5.995369117540476509e+02
9.659005571151247977e+02
2.904523482829349632e+02
1.147689084073437471e+03
3.061976966788056984e+02
1.168844880624999405e+03
7.720724996379689173e+02
9.876184416760476097e+02
1.250571686558500460e+03
6.241133433134760935e+02
1.629807935814247458e+03
3.716271579628929089e+02
1.830073925886599909e+03
9.591496890320215698e+02
1.749096727201291287e+03
1.808153400701912460e+03
1.365349545197088901e+03
2.691236695126150607e+03
8.084194381997356231e+02
3.545434767405338334e+03
1.509485198835745905e+03
4.182931224670697702e+03
3.779630376566979521e+03
4.634244311902106347e+03
8.429974649207941184e+03
5.009338653843965403e+03
2.599082278345315353e+04
3.883102332763371669e+04
2.999117700348870130e+04
8.604688925146232577e+03
7.662267397872094080e+03
6.225104673970865406e+03
2.928697523401901435e+03
4.911234816351688096e+03
1.248429766665036595e+03
3.688136386557661353e+03
1.550595356791557379e+03
2.563298854127668164e+03
2.042990353608531677e+03
1.510297478658803584e+03
2.179075443707964496e+03
7.647479437523351180e+02
2.010062550037172286e+03
7.286517730632210714e+02
1.638893441196720687e+03
1.096603494974428486e+03
1.143102878315471116e+03
1.341497262152834082e+03
6.607341543269347994e+02
1.380707562692763076e+03
4.662128687423078759e+02
1.238379277742715885e+03
6.853083720765192766e+02
9.569848916951123101e+02
9.215922886944775883e+02
6.223993862675484934e+02
1.033083954736854821e+03
3.849690200048132738e+02
9.992740607649990352e+02
4.614914305807404276e+02
8.348107722038653264e+02
6.641633627644741864e+02
5.994930260532707962e+02
8.041830580407760181e+02
3.707657079067967629e+02
8.299728228973687010e+02
3.361433819427451795e+02
7.444090717319074884e+02
4.936776253490559156e+02
5.747073586941403391e+02
6.356694423191489705e+02
3.809231059200000118e+02
6.993692272589141794e+02
2.807078165544831450e+02
6.654291353675897653e+02
3.689569848669867156e+02
5.522860614254706206e+02
5.078766988355500303e+02
3.926801104764417687e+02
5.907716084352007329e+02
2.638578997977048743e+02
5.961572494571253173e+02
2.867925999078107679e+02
5.251065359913194470e+02
4.031292876988182456e+02
4.003357256441177583e+02
4.990066905493071658e+02
2.707703631563832118e+02
5.318004433565598674e+02
2.363217395294040273e+02
4.955933363448121440e+02
3.212588993803195194e+02
4.028672067466345084e+02
4.185310620845451695e+02
2.857704202787704730e+02
4.714543959834683164e+02
2.135579904078435618e+02
4.636288979925364515e+02
2.580635303296925258e+02
3.996351535095228087e+02
3.489023064289904141e+02
3.000163788003408740e+02
4.139532276852133919e+02
2.120329410725584296e+02
4.285851030344755941e+02
2.118316548973245688e+02
3.920423815727497754e+02
2.900264460048006754e+02
3.117332041534300515e+02
3.615648762186067984e+02
2.225760365399305272e+02
3.935209415147834875e+02
1.879300971833485505e+02
3.771773518942620171e+02
2.390526789900550568e+02
3.177406886731120608e+02
3.111642877947063539e+02
2.366299295249644103e+02
3.565878662547164026e+02
1.793855867250014455e+02
3.590836539136523129e+02
2.000514380002518067e+02
3.190346923075086920e+02
2.654480952594518612e+02
2.498241238593239757e+02
3.192706976528962741e+02
1.832184810234395513e+02
3.375093762421977317e+02
1.735054476429342571e+02
3.152813303720839713e+02
2.250848382322506893e+02
2.600385517645564164e+02
2.823665863355008128e+02
1.935996746749672752e+02
3.131047412296712764e+02
1.600263785828331038e+02
3.069297136424856944e+02
1.911620968939539864e+02
2.662816757676956740e+02
2.468167739622513750e+02
2.058817435297676752e+02
2.866987702889385901e+02
1.580207109120227926e+02
2.945263673034290264e+02
1.652786310858797094e+02
2.682912813968898718e+02
2.137655306180504340e+02
2.171432166463306146e+02
2.591005142491693505e+02
1.638881666341942207e+02
2.786405543809529490e+02
1.487848682466431285e+02
2.660638875815303663e+02
1.843632639166847298e+02
2.258003697835557375e+02
2.311912221570015902e+02
1.737065484020973827e+02
2.600020164251574784e+02
1.419828350461910986e+02
2.599109893586405633e+02
1.600517974505481789e+02
2.311469717963688595e+02
2.040185144400231820e+02
1.843410371967837591e+02
2.393530544607894512e+02
1.432451440033252368e+02
2.501129865091686497e+02
1.422254848445345203e+02
2.328377965133451255e+02
1.786667618326142133e+02
1.938620753623052906e+02
2.174346288022778708e+02
1.498019819639164893e+02
2.372638858302436518e+02
1.320546278087081191e+02
2.310133715183786478e+02
1.562612785921237446e+02
2.009435563729354044e+02
1.950552014917380461e+02
1.588010118112125895e+02
2.220176733075275877e+02
1.291844328128939026e+02
2.257765978038335106e+02
1.384439494847744072e+02
2.052583000842338379e+02
1.733829703835614851e+02
1.678866466781448139e+02
2.047736711320452514e+02
1.322804075780294113e+02
2.173527302761320072e+02
1.259089553383949180e+02
2.063750981123262420e+02
1.532032264890981139e+02
1.758843280702928382e+02
1.866703480140227214e+02
1.389968485851226490e+02
2.063546411279891970e+02
1.198478403186952477e+02
2.044172886176881150e+02
1.357975385734454221e+02
1.817127813224036004e+02
1.681873196175028227e+02
1.470794193973073050e+02
1.932092975865617461e+02
1.195838961948735886e+02
1.995367021046525906e+02
1.224161962295750072e+02
1.849726967994862434e+02
1.502633673214023702e+02
1.549810905350263113e+02
1.785390745278049849e+02
1.236472530653794450e+02
1.919931347556064622e+02
1.139645433728893664e+02
1.855502778424524877e+02
1.339668861519804750e+02
1.615762397989026908e+02
1.629855898270570833e+02
1.301316452357676496e+02
1.821767791916735746e+02
1.107488175765055871e+02
1.833726094705268110e+02
1.203164714505745110e+02
1.662510664625374659e+02
1.472976335048323620e+02
1.374092107968527614e+02
1.705619838892866937e+02
1.120690377101784065e+02
1.786670796385617734e+02
1.103911680072777699e+02
1.686326591518631801e+02
1.323504138431874821e+02
1.441988030102810683e+02
1.576648074553960441e+02
1.165884280921329719e+02
1.716401938202259601e+02
1.048068886338683399e+02
1.685971497438821700e+02
1.190411252675669260e+02
1.496902112426265035e+02
1.441361607421110023e+02
1.227546523217245351e+02
1.626709734266509599e+02
1.036002914087725344e+02
1.661796715361116128e+02
1.083281670609775205e+02
1.533683510947267905e+02
1.306763651126144623e+02
1.292323772158972304e+02
1.521836896433565300e+02
1.059641649421763105e+02
1.615077397264707599e+02
1.010573931613900953e+02
1.549807325736982477e+02
1.180542322510089690e+02
1.350601201679955068e+02
1.406986368663871474e+02
1.106502712792824923e+02
1.548613577712166602e+02
9.763837957832093650e+01
1.544226528620348518e+02
1.071685359170022451e+02
1.395735352439770338e+02
1.287984504091787414e+02
1.163882381284095970e+02
1.465310063947170818e+02
9.784268165968941844e+01
1.517367464902223446e+02
9.882396234711347915e+01
1.423969389096243106e+02
1.171401027562679928e+02
1.221306260858141286e+02
1.369636847243779982e+02
1.008376870301643464e+02
1.470890373906014759e+02
9.366973841853250349e+01
1.433195923913748686e+02
1.064809484135682993e+02
1.270924568104874197e+02
1.266226331546676676e+02
1.055139333184460071e+02
1.407110923976186712e+02
9.188643494185875227e+01
1.422964347290928231e+02
9.759696626850444545e+01
1.307650261579776441e+02
1.160770225825336865e+02
1.107999318179616495e+02
1.329231665811861944e+02
9.309025306792445065e+01
1.393811201003832991e+02
9.119628517009074642e+01
1.328441598952513800e+02
1.059582321479276459e+02
1.158470271431969394e+02
1.241175139135193319e+02
9.644549508288270090e+01
1.347353684714783242e+02
8.772558798314813089e+01
1.331815494642362410e+02
9.696391551184643731e+01
1.200380685934686795e+02
1.147620113701781861e+02
1.009760038936883006e+02
1.285930929169932995e+02
8.717903425018563723e+01
1.317533400088616702e+02
8.978652939414075718e+01
1.229670891406524333e+02
1.053924665506207390e+02
1.057914499389530079e+02
1.212652294438559437e+02
8.906621902315526995e+01
1.286366994935931416e+02
8.500011944046909207e+01
1.243987076010554915e+02
9.661092547667588804e+01
1.101996287400595378e+02
1.131339248198538030e+02
9.258917864699905920e+01
1.239989251859897621e+02
8.287142105069750642e+01
1.242285091270537691e+02
8.906388943900907407e+01
1.136967090147424102e+02
1.046497020572675041e+02
9.689492787627709447e+01
1.180700172615751455e+02
8.324986351649798166e+01
1.224566387946303649e+02
8.334921286118769501e+01
1.159701075083955715e+02
9.632765531598649034e+01
1.012398883139825045e+02
1.111604761562071957e+02
8.558543704224167925e+01
1.191773944934457035e+02
7.990643859830336737e+01
1.168339021539236313e+02
8.873540218369075205e+01
1.050538711206659741e+02
1.036422415488848685e+02
8.914052693418904028e+01
1.145592969826296610e+02
7.884190436156556814e+01
1.162260439410180624e+02
8.245814458386985280e+01
1.079278812059052512e+02
9.595108238875033635e+01
9.316192909524600907e+01
1.088393466680598749e+02
7.990671587917729823e+01
1.141624771309043496e+02
7.800342004678802255e+01
1.096208158941493593e+02
8.857887123414472796e+01
9.704307441821782731e+01
1.023212011965806028e+02
8.251620758928528687e+01
1.107590212423555442e+02
7.567369206235410672e+01
1.099882182927867262e+02
8.206162529673625272e+01
1.003049842067618158e+02
9.536998495574428603e+01
8.599813776972047208e+01
1.061866280332628349e+02
7.545485645434541766e+01
1.089921299251417111e+02
7.691500277088182713e+01
1.026274060144742606e+02
8.841096313223340530e+01
8.970318397306355962e+01
1.006888316860472798e+02
7.700623292279519205e+01
1.066517831064711572e+02
7.358054856976981739e+01
1.038013582754944792e+02
8.185685861400303054e+01
9.319504545653651917e+01
9.453444192343836505e+01
7.973642528802497509e+01
1.032163968261899498e+02
7.212573868040401237e+01
1.037447107888831539e+02
7.635007551446349794e+01
9.590817506189465291e+01
8.813044596337086034e+01
8.309119829646404298e+01
9.869047913140492767e+01
7.255767524043876904e+01
1.024358313365634530e+02
7.220517411839298916e+01
9.771706265826080084e+01
8.185550845975180323e+01
8.648488767274741917e+01
9.340098181644614783e+01
7.443369676667772694e+01
9.994025922122131078e+01
6.976768204033361087e+01
9.843543652909815478e+01
7.616210235786185478e+01
8.948237447065822892e+01
8.763618342765323632e+01
7.722219513682567538e+01
9.638435415418577179e+01
6.911012551518449243e+01
9.799634799005428931e+01
7.149519442407110148e+01
9.176715454112790837e+01
8.174267221052504340e+01
8.038242646267070768e+01
9.195862802249384060e+01
7.002641962279454901e+01
9.641506657605816599e+01
6.823253919085648533e+01
9.312424774016211870e+01
7.612006444040308395e+01
8.343921021956673201e+01
8.689565257635717899e+01
7.211578361828185280e+01
9.377013805832916660e+01
6.657778361643441656e+01
9.344549204476321336e+01
7.118120194010064949e+01
8.601839375175968883e+01
8.150325356457054227e+01
7.486964058749336459e+01
9.018841904652263963e+01
6.652110729676749656e+01
9.268691338257595191e+01
6.731823856444607657e+01
8.786873081806562880e+01
7.611525838510981146e+01
7.780840572207463879e+01
8.586813983470240430e+01
6.779772623940326071e+01
9.088060287705121709e+01
6.483214048305828214e+01
8.881839969933729151e+01
7.110889189820804290e+01
8.052753305548920082e+01
8.105115350355805504e+01
6.999501634735020161e+01
8.811536357311921108e+01
6.384971315107578249e+01
8.877924820326281008e+01
6.686751917532016876e+01
8.272422608683704937e+01
7.601757640019761197e+01
7.266464333178232948e+01
8.454026242544290426e+01
6.425783833564140934e+01
8.775772774023019451e+01
6.372327727901516425e+01
8.417794454945878613e+01
7.112826910128755742e+01
7.535422470677400497e+01
8.035113665968665941e+01
6.578582732575220859e+01
8.576551557206600762e+01
6.191709124638371264e+01
8.476217147610896063e+01
6.670756540272674329e+01
7.774664384595774891e+01
7.578708142566533468e+01
6.801794854088474551e+01
8.292407932012237382e+01
6.148245581622434486e+01
8.441719929161513392e+01
6.311202780273480073e+01
7.957558822109541552e+01
7.113273865805864205e+01
7.054185787729738877e+01
7.938141348990168922e+01
6.226202537138322413e+01
8.314943636394653481e+01
6.062284712900861905e+01
8.067089860668541235e+01
6.670780967331276656e+01
7.298362157014365437e+01
7.533833654697717463e+01
6.394613847104484705e+01
8.102232670499053313e+01
5.940262886411371568e+01
8.092558848053471365e+01
6.284535429867209899e+01
7.506473900758794571e+01
7.103707057975317696e+01
6.615180781600233217e+01
7.813545212789998118e+01
5.941036940398998212e+01
8.031195160842909786e+01
5.984625607867055663e+01
7.655467627539141517e+01
6.675263575528167337e+01
6.850950501628186373e+01
7.465581177680611802e+01
6.045874926513162961e+01
7.884931968988661311e+01
5.793810120282311260e+01
7.732117239465115688e+01
6.278931427810447730e+01
7.069819317900041256e+01
7.078154255492897562e+01
6.222837511020260592e+01
7.660973544481430508e+01
5.720819041552602613e+01
7.728846430486665042e+01
5.945077377939015406e+01
7.246922873862573056e+01
6.674801805553586576e+01
6.436859222490430454e+01
7.371164270183680856e+01
5.757294145652230100e+01
7.644583341365952833e+01
5.699611852968139658e+01
7.364676981365009567e+01
6.283056877374915672e+01
6.654080631657647871e+01
7.031860225308342649e+01
5.880930012763640491e+01
7.482351059503815804e+01
5.559800121389786653e+01
7.411846646241343706e+01
5.931013238174450919e+01
6.847481918915444510e+01
6.662772766331892171e+01
6.060738144519407911e+01
7.250813672609584160e+01
5.528014454548618062e+01
7.383466691047904362e+01
5.646109967894508230e+01
6.995749391456868693e+01
6.287445009427067788e+01
6.264307621781756552e+01
6.962316086276719318e+01
5.591883813735968545e+01
7.279660093987011749e+01
5.449909571011426834e+01
7.084611081389603271e+01
5.931760230952966140e+01
6.462019862372079615e+01
6.633743831885384168e+01
5.727530590042949399e+01
7.105141424899456126e+01
5.354472068207274305e+01
7.105302323712317047e+01
5.622266098764832520e+01
6.630377803277237092e+01
6.283997008538944584e+01
5.905528060811246860e+01
6.869037335477798933e+01
5.356204803431297279e+01
7.054815629047433845e+01
5.382722147274070323e+01
6.751895078962600394e+01
5.937125942961959169e+01
6.096188116997614515e+01
6.584492997317708785e+01
5.440653155966793975e+01
6.934868946805330836e+01
5.230665009720910774e+01
6.814380550206354314e+01
5.616989876393405723e+01
6.273998948514701368e+01
6.268052959069393637e+01
5.582870311163546972e+01
6.751214464123565051e+01
5.172436682892084292e+01
6.811262609334428930e+01
5.348145564930335638e+01
6.418428008896086112e+01
5.938688839702371780e+01
5.756135134634006789e+01
6.513249045765749656e+01
5.200997088144232094e+01
6.742570579615690463e+01
5.149893019415029727e+01
6.514950274754833970e+01
5.620285178243594970e+01
5.931852592472148444e+01
6.235120629171630924e+01
5.299801568236687643e+01
6.609083011255937379e+01
5.036712960715296106e+01
6.553791289370525419e+01
5.334375743532274328e+01
6.089433912953644779e+01
5.932633380887020991e+01
5.444464231058692860e+01
6.418739599763182468e+01
5.009667531255237094e+01
6.530806458301555040e+01
5.103084474253007841e+01
6.210875501917040964e+01
5.625449314779343979e+01
5.609217304645685687e+01
6.181673456684342227e+01
5.059313450637288412e+01
6.445648195678016634e+01
4.943488694706021391e+01
6.283880230384477983e+01
5.334500616533866690e+01
5.770475896064007060e+01
5.910961132008667107e+01
5.167463361061899008e+01
6.302297886274973848e+01
4.863323334600460157e+01
6.301940703510719288e+01
5.081522107038860980e+01
