1.540882077187143864e+02
8.760848232637340516e+01
1.258443101579043315e+02
1.314784678946731731e+02
8.165614722832152950e+01
1.585385470069327596e+02
4.518321407095479714e+01
1.624330383304405530e+02
7.098986996563947116e+01
1.421912601845647828e+02
1.185355766776598756e+02
1.021763574710286520e+02
1.538641707959945109e+02
5.651641473401934235e+01
1.673605529856310739e+02
5.627608289948860687e+01
1.560653503959813122e+02
1.031478167332543734e+02
1.221962391092344973e+02
1.456339284476580076e+02
7.498149901934554862e+01
1.686780828467244078e+02
4.860791253259981914e+01
1.669899451854362269e+02
8.626166097524885856e+01
1.407668359926231574e+02
1.340950599320688639e+02
9.614770169543926670e+01
1.662429252583906987e+02
5.342262264698766216e+01
1.745770345060584816e+02
6.970013661004242067e+01
1.571704067664906574e+02
1.196584914158759716e+02
1.177458220033211092e+02
1.600564383527230632e+02
6.900457973873572826e+01
1.785224343629388670e+02
5.714383231067370161e+01
1.708196767479007576e+02
1.030603428176766698e+02
1.384811682755482423e+02
1.502716778895997720e+02
8.992883885271972133e+01
1.786176437941419124e+02
5.458881578343107321e+01
1.812527154903362714e+02
8.567235954707619783e+01
1.574229021518716252e+02
1.371501529733834559e+02
1.126972406064216727e+02
1.747790397942820562e+02
6.497437600166293237e+01
1.880876713103175746e+02
7.007674873159926676e+01
1.739349792930724448e+02
1.213515194698132831e+02
1.353844629078273556e+02
1.670606843308126486e+02
8.415955926015557509e+01
1.909739701261475489e+02
6.118813150903132225e+01
1.873858088134445268e+02
1.038499475987904503e+02
1.567930431396206927e+02
1.555125326115686448e+02
1.074300739882138203e+02
1.898317712209635317e+02
6.463922065163951913e+01
1.974012785363053126e+02
8.659795044513464291e+01
1.764576350818324784e+02
1.411090173544710922e+02
1.319147211932074413e+02
1.846602020294365616e+02
8.010510550889497949e+01
2.035198231152552637e+02
7.338067042671089268e+01
1.931992251970440293e+02
1.241919733890625110e+02
1.560174042569001358e+02
1.755265308850319457e+02
1.027107205712350719e+02
2.055413528725029266e+02
6.975924266956832298e+01
2.066571495752115766e+02
1.063939164506845714e+02
1.785518033292831035e+02
1.627394809078541300e+02
1.282832195265955875e+02
2.032517218933420224e+02
7.948278089458628415e+01
2.163765228038695341e+02
9.054862863631619518e+01
1.988543602256802671e+02
1.470201836374521349e+02
1.548109020407370906e+02
1.968878967601670809e+02
9.963673613638668769e+01
2.220082748922056339e+02
8.150886954174006860e+01
2.161910999521128360e+02
1.295940205944702655e+02
1.806061010034240439e+02
1.865306992430755315e+02
1.256978299032447950e+02
2.233592897698582362e+02
8.447576735495501055e+01
2.300915462426028739e+02
1.126960957117701128e+02
2.048422569366663026e+02
1.728549276113054418e+02
1.541301329213007705e+02
2.204561773198452101e+02
1.002890610304949490e+02
2.398861479510316030e+02
1.001240176652694771e+02
2.265509953555739742e+02
1.568111641751657999e+02
1.832792683750846834e+02
2.132320222421740823e+02
1.251815982150969546e+02
2.457323749547901173e+02
9.723893220860566089e+01
2.450414304510368595e+02
1.399555538302277000e+02
2.116112025585234164e+02
2.026499111679582086e+02
1.550905674397266694e+02
2.467688091532341161e+02
1.074374842183715373e+02
2.600956975552302879e+02
1.257574171079534295e+02
2.380805595437810496e+02
1.887053819354727295e+02
1.876802022379801258e+02
2.440325256699523209e+02
1.297783977405754570e+02
2.712177655031276799e+02
1.192412168485479924e+02
2.625504189070303482e+02
1.736617670343654822e+02
2.207518160358361570e+02
2.374251788160856620e+02
1.608183487664861957e+02
2.782831964323643206e+02
1.243941132351490921e+02
2.842798629497640945e+02
1.605568679591797832e+02
2.536448462456548896e+02
2.277895632168894906e+02
1.968669350213331484e+02
2.817266188600455621e+02
1.444694986503935183e+02
3.029795225277863437e+02
1.527965808542956268e+02
2.859530606450015284e+02
2.174851606096109435e+02
2.364965476826137944e+02
2.821805945803423015e+02
1.762213877140445391e+02
3.189441537360127654e+02
1.574644142483969347e+02
3.173554284709558146e+02
2.088926798348926752e+02
2.785648599012720297e+02
2.809973681342233363e+02
2.180107436272144525e+02
3.333547965975935199e+02
1.774769273056069494e+02
3.475516140471277708e+02
2.063048760442160869e+02
3.222762241058861150e+02
2.797829590562868134e+02
2.669203351441231575e+02
3.462174175901351418e+02
2.138919812634277093e+02
3.790432933863251606e+02
2.178957842001856022e+02
3.701893111760285819e+02
2.838966702357755025e+02
3.245146050569745739e+02
3.618603792441720088e+02
2.669085124990172631e+02
4.139904647857949271e+02
2.491214643334215282e+02
4.247389325888954659e+02
3.011640409393498885e+02
3.938414047764648558e+02
3.874075415874237365e+02
3.392116851526164396e+02
4.587906835281118560e+02
3.073965989419576772e+02
4.923520405578505574e+02
3.447363661578152119e+02
4.816735291559032248e+02
4.339075934621918123e+02
4.397862470376850297e+02
5.282394498958777831e+02
4.071029062848169815e+02
5.902426622145706006e+02
4.356072609464623042e+02
6.099420745748300305e+02
5.317873482888771832e+02
5.911064136945707332e+02
6.537646982648011544e+02
5.771674170661030985e+02
7.654292985012583586e+02
6.277368258797224598e+02
8.417107469267748456e+02
7.719689661526778082e+02
8.953094446977154348e+02
9.784976399652315422e+02
9.678291003466656548e+02
1.222752774593251843e+03
1.173964159207389002e+03
1.514019577944630100e+03
1.638589707729814336e+03
1.995403483157008623e+03
2.581673232292195280e+03
3.133822162181354088e+03
4.970075408039584545e+03
6.910172188714896038e+03
6.868810156246147926e+03
4.687971535880309602e+03
2.879372492008375957e+03
2.478983256386244648e+03
1.635905971492682511e+03
1.545486077862511820e+03
1.223547918763053985e+03
1.004302622798249331e+03
1.017634088720440786e+03
6.709312881642782713e+02
8.420536681953390143e+02
5.249476414125065276e+02
6.594230097932889976e+02
5.159745945834997656e+02
4.738687148915396961e+02
5.233113914947325611e+02
3.089755112615578128e+02
4.974453820123948731e+02
2.303091429175509006e+02
4.299720184187545442e+02
2.677947797239935426e+02
3.215631782506149534e+02
3.232466258924588942e+02
1.935867124763454683e+02
3.472948882442318563e+02
9.956175025266142598e+01
3.273044716863811914e+02
1.314746821980751577e+02
2.654508114772368117e+02
2.086239076398414909e+02
1.726825829298769577e+02
2.587614788557558541e+02
6.448078477609529102e+01
2.658408199434776407e+02
4.467122427047917199e+01
2.366866006582207262e+02
1.315903044138064786e+02
1.756893024798473562e+02
1.926647252908576604e+02
9.729301770912478275e+01
2.200370446255764705e+02
3.287644841703725263e+01
2.104741197229459146e+02
7.669868791262341290e+01
1.836901629838792189e+02
1.392008827235436854e+02
1.346052943967054603e+02
1.820111593223277566e+02
8.189847453418352075e+01
1.967474421064698618e+02
6.831693014961500410e+01
1.832454875259957703e+02
1.066664183751754393e+02
1.550020118090211554e+02
1.439922953281670459e+02
1.185373718826171228e+02
1.695560446490848676e+02
9.123776563066671486e+01
1.822039735968592140e+02
8.989874902874528573e+01
1.710152300294574843e+02
1.171506411951750266e+02
1.477286051500126121e+02
1.503440663051105446e+02
1.193500380767636244e+02
1.701173039992674489e+02
9.989204583156320894e+01
1.747442757410295542e+02
1.025197911762864322e+02
1.690774795738901446e+02
1.292836149221936921e+02
1.475391179524397387e+02
1.560833536817883669e+02
1.221910477750825947e+02
1.721037091586584893e+02
1.046871556713009852e+02
1.778324282921247743e+02
1.141778290078587474e+02
1.674030169156175134e+02
1.356953511955922806e+02
1.490136759180063564e+02
1.611108829809914482e+02
1.253588189994516142e+02
1.815639974669732624e+02
1.097911408891237386e+02
1.857461208218052207e+02
1.211522297101068943e+02
1.705365430119919665e+02
1.445637347936597052e+02
1.501802488879977204e+02
1.738654836507971879e+02
1.232958129101069886e+02
1.920300784441128314e+02
1.088296086555022129e+02
1.940515141055721813e+02
1.266351873635409504e+02
1.778806133885402119e+02
1.617573533325688402e+02
1.469755661356407472e+02
1.925195866669944849e+02
1.151223023414877531e+02
2.098738458019228972e+02
1.103960728740623125e+02
2.050939575613249133e+02
1.425364179665374138e+02
1.770517765568141328e+02
1.854946718978348770e+02
1.360385442758324075e+02
2.188420290417366516e+02
1.042327170801984693e+02
2.280067871920458629e+02
1.181283364632678570e+02
2.105817336954137033e+02
1.711624612431864989e+02
1.672883009925370175e+02
2.209614170631591890e+02
1.141439383317457867e+02
2.474623299342149778e+02
9.805760045267825831e+01
2.418768714745554007e+02
1.497871536071220078e+02
2.041890572974943154e+02
2.147800683864009841e+02
1.412679903419447101e+02
2.602729115135069264e+02
8.905364411768222510e+01
2.710043848390795915e+02
1.244334977315147484e+02
2.417358300619037550e+02
2.007916003355747421e+02
1.792612344959475479e+02
2.645655527972500067e+02
1.029156008480415636e+02
2.941007892939634303e+02
9.595146231004267179e+01
2.796552647087053742e+02
1.795644288401063307e+02
2.225149890756568709e+02
2.606684268307071761e+02
1.365469995941887760e+02
3.101951692159757954e+02
7.438163594686693614e+01
3.125440250536544227e+02
1.487200689626378960e+02
2.682571064306196149e+02
2.478820716911338025e+02
1.822308782393485274e+02
3.189242886463612763e+02
8.358802960546175598e+01
3.403287776595299761e+02
1.114041902150271710e+02
3.129871835553801134e+02
2.247649373930363765e+02
2.343701011859276093e+02
3.171707700643516432e+02
1.220154997951370888e+02
3.634428652327418945e+02
7.609352248535662966e+01
3.547934843721751008e+02
1.919070228452628157e+02
2.898056945535442424e+02
3.060866639982738207e+02
1.781580188641321172e+02
3.784120771384224327e+02
6.397460347211801235e+01
3.928759718238676442e+02
1.503271908996747754e+02
3.454507195351367841e+02
2.849542094334572653e+02
2.409129029649764107e+02
3.832940458623766062e+02
1.024021927484834151e+02
4.246487153260668492e+02
1.012352365693413958e+02
3.989706040644181826e+02
2.519935369069899309e+02
3.083909801972736204e+02
3.777702966908464077e+02
1.668684659930769385e+02
4.484256639988196298e+02
5.692281983223619335e+01
4.493222080849769782e+02
2.075990000871051393e+02
3.774849762557460053e+02
3.601120138784810933e+02
2.425902368604981234e+02
4.626989291031455309e+02
7.500156097012610701e+01
4.943026783247584603e+02
1.513180444202184560e+02
4.469167006688994661e+02
3.298085343963109608e+02
3.247474577910463722e+02
4.655844110259756690e+02
1.482233507389380236e+02
5.322792206056802797e+02
8.605879309075902484e+01
5.144074988486036091e+02
2.854195368508898127e+02
4.115285724994389511e+02
4.557383896916502408e+02
2.385057081759699429e+02
5.606118297164709929e+02
4.599919633564567789e+01
5.782973649805531977e+02
2.257077600864312217e+02
5.015823924474599380e+02
4.315966857221114878e+02
3.395297512933271946e+02
5.778801797337221160e+02
1.182565692284555752e+02
6.362865455851259640e+02
1.503896029114699502e+02
5.929724318043856783e+02
3.907607300729608255e+02
4.499340401686152973e+02
5.819601417152795193e+02
2.264614353992620295e+02
6.870479709652124711e+02
6.361885636645798314e+01
6.836266286705936182e+02
3.315286759601597737e+02
5.673520611652747903e+02
5.691556948379313781e+02
3.524647923224646320e+02
7.271736407232145893e+02
7.363827271727552670e+01
7.731604228846455271e+02
2.514677159010655885e+02
6.930024531974120237e+02
5.387715466408722023e+02
4.940570164101434329e+02
7.543625723680113424e+02
2.034214619626320655e+02
8.582097975897567039e+02
1.474431671795423995e+02
8.249641187526434578e+02
4.844591249390599614e+02
6.539618234028500865e+02
7.653065919315184829e+02
3.640411065111299536e+02
9.381402522393581194e+02
3.392712222208724171e+01
9.657925467768959606e+02
4.036217576436288823e+02
8.349549930120539329e+02
7.579853150330861808e+02
5.552731487050280066e+02
1.011499864818200308e+03
1.642411903866439218e+02
1.114949196283573201e+03
2.897235187823976617e+02
1.040602091183233824e+03
7.277673107101069263e+02
7.806621486374590404e+02
1.071864254007496584e+03
3.787555304814690089e+02
1.273982598252641537e+03
1.316465382711068344e+02
1.277384820980478707e+03
6.591990837453837457e+02
1.065810031736406245e+03
1.127827814875502327e+03
6.533692018837383557e+02
1.451398248090234802e+03
9.160233908194260266e+01
1.562270973170557454e+03
5.519152648625573647e+02
1.417395956638878943e+03
1.164752734854248274e+03
1.018387084820467749e+03
1.653534708173361651e+03
3.961680950971853576e+02
1.919048143943689411e+03
3.738049013534534879e+02
1.891285161682617854e+03
1.185441034739498491e+03
1.528781099826121590e+03
1.905341191590674953e+03
8.500906359126435063e+02
2.406982542605755043e+03
8.620621169647003512e+01
2.573457203924355781e+03
1.171188070943960383e+03
2.317876243464014806e+03
2.259791684304771479e+03
1.595562147151280442e+03
3.171648913265972624e+03
4.262933313063586525e+02
3.720639120569243005e+03
1.103791404125983490e+03
3.741930560060575317e+03
2.866923992848915532e+03
3.077418372030088904e+03
4.683349828051603254e+03
1.568768243869094022e+03
6.283187268172621771e+03
8.826012582292773914e+02
7.412098402315667954e+03
4.505502456915096445e+03
7.699605747888528640e+03
9.920783596287292312e+03
6.359417953057093655e+03
1.926152748953033733e+04
9.814781800479984213e+02
5.042610538068733877e+04
8.709088588794587122e+04
7.516792312868048612e+04
2.646360699478198876e+04
1.337169907859056002e+04
1.625484261305325526e+04
2.530512744963028126e+03
1.139163344118253553e+04
2.105218405996377896e+03
7.726023700797349193e+03
4.373701714193363841e+03
4.565620908825980223e+03
5.224338968893446690e+03
1.868101363645231686e+03
5.090731758822284064e+03
3.027926042299712321e+02
4.299178196805250991e+03
1.877091411015216863e+03
3.079506402201912351e+03
2.834162710289775532e+03
1.674104526484702774e+03
3.184292030880220864e+03
3.031370555340295709e+02
3.006068307367131183e+03
8.828949491017965556e+02
2.418461311431427021e+03
1.743903789568643106e+03
1.560127515934926578e+03
2.218334466680419609e+03
5.909773701057674771e+02
2.293438014896868026e+03
3.450961990907355812e+02
2.012100955652505945e+03
1.101844802279788155e+03
1.463885488869985465e+03
1.608060440497629997e+03
7.541930962571869941e+02
1.812985051518600130e+03
4.835434071927078747e+01
1.720211890068367893e+03
6.716400221608018910e+02
1.371414754796139277e+03
1.174241564501325456e+03
8.477691224100302634e+02
1.452071340615717645e+03
2.431101531040092425e+02
1.482081329392247426e+03
3.559156912584147676e+02
1.281024783561848608e+03
8.431140356246729652e+02
8.985689068530037957e+02
1.162737694611803363e+03
4.081474119796885134e+02
1.280119289919167386e+03
1.226081319878184956e+02
1.184975665383585920e+03
5.782443733339670189e+02
9.165872918065516615e+02
9.189262041281305073e+02
5.239500982091344667e+02
1.094398741243100176e+03
8.307500423656981070e+01
1.087978813831196021e+03
3.604028735573257904e+02
9.125564902364105819e+02
7.087994074222377776e+02
6.054233966016535078e+02
9.263749387119169114e+02
2.234494005125614819e+02
9.866859475331419844e+02
1.799288617456313659e+02
8.892486636727700215e+02
5.242471076036543991e+02
6.581292102629622605e+02
7.699969099547992073e+02
3.368685782302570146e+02
8.824077003290486800e+02
4.213675064972910178e+01
8.508628024865676025e+02
3.613667606424569385e+02
6.869310924517078547e+02
6.234363003408298027e+02
4.242352569768243029e+02
7.762379802198860261e+02
1.104512932012108735e+02
7.997684651739916717e+02
2.169827655252967702e+02
6.965410571945794800e+02
4.868309531365874818e+02
4.885423717996790174e+02
6.693282088933506202e+02
2.138437976083478418e+02
7.387432628144011915e+02
9.219349435202936149e+01
6.889421767563710546e+02
3.593520251875928579e+02
5.327248875186007808e+02
5.627963588721689803e+02
2.994093713632724416e+02
6.697438209294301714e+02
4.070783202386807176e+01
6.669057268474092552e+02
2.414829633394707571e+02
5.590031839518312609e+02
4.578791102882699420e+02
3.672457857776864785e+02
5.946565814536547805e+02
1.266960955208936213e+02
6.326243236875330922e+02
1.340944726137710177e+02
5.693589682990633491e+02
3.558039842916971907e+02
4.185151737402161416e+02
5.153162372183135176e+02
2.075952482039020595e+02
5.881358699513843931e+02
4.334119792079617639e+01
5.655674196473325992e+02
2.578219122814453499e+02
4.543661679721180917e+02
4.334470425733032926e+02
2.753514406594554771e+02
5.353008772406026310e+02
6.340439628775729375e+01
5.492896683900792141e+02
1.652671717766998825e+02
4.759493636535552241e+02
3.506580160726995814e+02
3.297657951707947745e+02
4.759198852155066675e+02
1.371430240166179715e+02
5.221770679352396201e+02
8.042575822761457971e+01
4.844059161540834566e+02
2.685294371648819833e+02
3.711142427677514206e+02
4.116658956437587449e+02
2.028769863170291785e+02
4.857781378543937194e+02
2.746493209833725757e+01
4.808778880902950164e+02
1.885278668794315138e+02
3.999644040325473497e+02
3.441835241784984305e+02
2.581529790609272936e+02
4.416551088693138922e+02
8.190510067060475308e+01
4.666290610386593585e+02
1.123976853082202609e+02
4.169548071409412273e+02
2.750571566220079376e+02
3.026148997790436965e+02
3.913872554510703026e+02
1.441748572116191838e+02
4.428697522675922755e+02
4.441219863550620062e+01
4.228702767185556581e+02
2.057884608885446198e+02
3.364858975161790795e+02
3.368612300544976392e+02
1.986026855629690999e+02
4.107759845706136161e+02
4.002390261196477184e+01
4.183181339396282965e+02
1.381013219588125196e+02
3.592309247848370433e+02
2.783258844117680155e+02
2.447717178699328713e+02
3.719860114949489684e+02
9.573887227241087317e+01
4.045426620538783027e+02
7.383789576757445161e+01
3.721640365883308732e+02
2.184990753776072552e+02
2.815154914073930854e+02
3.275561816109831170e+02
1.488813059496725089e+02
3.824508223766883930e+02
2.491986810839358313e+01
3.754135645718335468e+02
1.583898021013829975e+02
3.089649512714065622e+02
2.789097757156941952e+02
1.951981691363402831e+02
3.530990516105960637e+02
5.612342271460300935e+01
3.696892149578274598e+02
9.961948175032770791e+01
3.272242489172067508e+02
2.273864968149595143e+02
2.338193981558254393e+02
3.176491069445117432e+02
1.062439207077369900e+02
3.557366060700279036e+02
4.527256526066120301e+01
3.365658604102205800e+02
1.743111937516183048e+02
2.643871365831758453e+02
2.772727267860807956e+02
1.520735801122436897e+02
3.344759509856625073e+02
2.725397987625195739e+01
3.374248558099379238e+02
1.211241222467741636e+02
2.867244796164397371e+02
2.331884493346373688e+02
1.916502231574227721e+02
3.067839160763807627e+02
6.983769935099468285e+01
3.303237594387629201e+02
6.952779700370790295e+01
3.009281022661072029e+02
1.866112939700864501e+02
2.243366025207025700e+02
2.737189971238004205e+02
1.142425848530881893e+02
3.159433877762702423e+02
2.602172222847508110e+01
3.071897044033079283e+02
1.387846946158640549e+02
2.497888646478468218e+02
2.363397057637572800e+02
1.540471152279011164e+02
2.950515082632634289e+02
3.963973266026229680e+01
3.058648946124887971e+02
9.108310495337481427e+01
2.678709049543870719e+02
1.957369813964749596e+02
1.881124392045627474e+02
2.685100053457143190e+02
8.100645538264501511e+01
2.974627361177872444e+02
4.581956557544737052e+01
2.786140243885295149e+02
1.530691850373685554e+02
2.158525127987846020e+02
2.372243170565547246e+02
1.203245778883227644e+02
2.825423507306230704e+02
2.076336110622430553e+01
2.822018560564666245e+02
1.094892011259915705e+02
2.370046571078357829e+02
2.021811810440546537e+02
1.550848207091760003e+02
2.618280626851056354e+02
5.209054726804671276e+01
2.789573285191174250e+02
6.646703402863967369e+01
2.514416359850737308e+02
1.643945801488908671e+02
1.844707489885416294e+02
2.361062490168843908e+02
9.003263034995934788e+01
2.693266793334444174e+02
2.799364838995611038e+01
2.591988264413824936e+02
1.249273036710877420e+02
2.080234197432716883e+02
2.062272722412142514e+02
1.249094021105670151e+02
2.538642148829063103e+02
2.854559779947067355e+01
2.604420880941930818e+02
8.493441522674119426e+01
2.254949596033888213e+02
1.730889562819223784e+02
1.553596280470378304e+02
2.332342073778507086e+02
6.294128885863846534e+01
2.554964416316370546e+02
4.620161290490422346e+01
2.367833611796328341e+02
1.376549209390141186e+02
1.807331711125704032e+02
2.081586138246735516e+02
9.731093404193245533e+01
2.447750632083872802e+02
1.853710266444837629e+01
2.419372579827062566e+02
1.009325396611872350e+02
2.006571317257191254e+02
1.794399086605974105e+02
1.282979334466788544e+02
2.288063749885094467e+02
3.925755950533073246e+01
2.411375569914748951e+02
6.414019406283318858e+01
2.149198560121693333e+02
1.479282779454466663e+02
1.549863796638075826e+02
2.082102058856216900e+02
7.212319135638723822e+01
2.346905059347618590e+02
2.995881177919148186e+01
2.234573258704524505e+02
1.145366888119944093e+02
1.768558359611625690e+02
1.836804651230544323e+02
1.031395983257276612e+02
2.229952864617348780e+02
2.112566616359703175e+01
2.263275688240569536e+02
8.024916707519523129e+01
1.936002100878588692e+02
1.559720792643672667e+02
1.306768408840393363e+02
2.065710407663139563e+02
4.937803026188650790e+01
2.237227362090165457e+02
4.647681849959733569e+01
2.050428152613303610e+02
1.258901250889730505e+02
1.540522598120759028e+02
1.860077628172026039e+02
7.980983135174616905e+01
2.159518535389163105e+02
1.884628656343459596e+01
2.111536076902990260e+02
9.432043551143613058e+01
1.728309432983213014e+02
1.619676740526857373e+02
1.077578888626276807e+02
2.034113873568645943e+02
2.968170778270492960e+01
2.120083038401587885e+02
6.227879022850847690e+01
1.867599756531055561e+02
1.351705645362404198e+02
1.322144025863781565e+02
1.865988665257821708e+02
5.831209776725246741e+01
2.078209337612238699e+02
3.169710966980387923e+01
1.957049144815848649e+02
1.064011430790509110e+02
1.526246896221052793e+02
1.660842616467070911e+02
8.620391165157516866e+01
1.988864339208904255e+02
1.664342417676083485e+01
1.996592732542388262e+02
7.651211712146964317e+01
1.686460371732553369e+02
1.425098523077099912e+02
1.113497625495930237e+02
1.856108715283637594e+02
3.885894896858062708e+01
1.987332893469086912e+02
4.665194143437288687e+01
1.800595617266639010e+02
1.165696079212781058e+02
1.330201624044217397e+02
1.684778123416324718e+02
6.603221510561165530e+01
1.931409424415563763e+02
2.028783377514654163e+01
1.867781622218455198e+02
8.902573751152849013e+01
1.507662695912157744e+02
1.480492345419459923e+02
9.147045330456792556e+01
1.831868464124850391e+02
2.247913948035485276e+01
1.888100639860339811e+02
6.074181677167284477e+01
1.643038595243548059e+02
1.249349374178935079e+02
1.140481188359548526e+02
1.692846774402745496e+02
4.734236887657617388e+01
1.862984082101997672e+02
3.318484823630743108e+01
1.734545914888570621e+02
9.981587859347136771e+01
1.331879763428330818e+02
1.519044468726092703e+02
7.262532864472959204e+01
1.794650013699301780e+02
1.466553838577537761e+01
1.781639018412336384e+02
7.343943239940746537e+01
1.485204388704076450e+02
1.315902352649861768e+02
9.576117183042998704e+01
1.686327164030685708e+02
3.050616738987510246e+01
1.784756369509487115e+02
4.675511463365769771e+01
1.598038162643418332e+02
1.089372296451169291e+02
1.159828260696773157e+02
1.541999393726065364e+02
5.488953325535891992e+01
1.745696833890172286e+02
2.207214163622075276e+01
1.669148536784357191e+02
8.463753734738439505e+01
1.327990444420467497e+02
1.366417843704679171e+02
7.821550674691283689e+01
1.666412924520640217e+02
1.719835060403904592e+01
1.698198614280578909e+02
5.941870410119833679e+01
1.459278208763839473e+02
1.164912275482721924e+02
9.918429108854492426e+01
1.550427167302319447e+02
3.842773060810979757e+01
1.685999152413977811e+02
3.443465907220204514e+01
1.551618453083635814e+02
9.433645964925939609e+01
1.172074451781729607e+02
1.401737537314262738e+02
6.148312117940799482e+01
1.634210331352511218e+02
1.459581586432360645e+01
1.604026519085758196e+02
7.082703564778729799e+01
1.319029275794019895e+02
1.224827115795782362e+02
8.293095708470323757e+01
1.545541298428318271e+02
2.380850253052637200e+01
1.617099385209262721e+02
4.680854987472998374e+01
1.430114963817594287e+02
1.025635107109505668e+02
1.018471253221379271e+02
1.422987791017737322e+02
4.567709678960332553e+01
1.590925441596205303e+02
2.385088701000044153e+01
1.503780192751067943e+02
8.092399502098095354e+01
1.178417080667040437e+02
1.270863428922506841e+02
6.718761245568583718e+01
1.527937282631076243e+02
1.368246664501759113e+01
1.539437752748114860e+02
5.825610691699645827e+01
1.305680068458429162e+02
1.093729708271351200e+02
8.676719289500803711e+01
1.430744684661833901e+02
3.105982774031528493e+01
1.537417689876604641e+02
3.548075146305448868e+01
1.398154955655775495e+02
8.968243726857254217e+01
1.037986888187831624e+02
1.302673333558342108e+02
5.216318144488623432e+01
1.499011124057179245e+02
1.563582889431884482e+01
1.454559238755481374e+02
6.857843305372989562e+01
1.179183899661040158e+02
1.147989465203186938e+02
7.208168976638118863e+01
1.426116608117023361e+02
1.846214262580210885e+01
1.474828457859983359e+02
4.678043911580555658e+01
1.288233018099009826e+02
9.710705779810650995e+01
8.990698488380711240e+01
1.321649246095726653e+02
