4.437357815045155718e+01
1.539838493306650946e+02
4.853496253718609665e+01
1.418232470267688257e+02
9.550764700903354765e+01
1.084321042894063112e+02
1.350751251105313884e+02
6.210255834962278243e+01
1.554270388014764990e+02
3.797257413794753234e+01
1.522612998724144120e+02
7.886699764862719064e+01
1.260237535392763846e+02
1.242361861899143349e+02
8.234369581027516460e+01
1.533229891259783813e+02
4.025249075166853174e+01
1.595497139588956088e+02
6.164973606190795152e+01
1.415512590937871096e+02
1.104660050566861287e+02
1.028376050869098606e+02
1.476399685677691593e+02
5.479703264985408140e+01
1.634120504400950722e+02
4.681879471048175390e+01
1.544730617453602974e+02
9.428828505025497009e+01
1.224037955722133404e+02
1.384477178782662463e+02
7.482369703990207199e+01
1.636486558190140101e+02
4.082947570126482617e+01
1.643606966491629464e+02
7.665390235951649345e+01
1.402596831199207656e+02
1.260010820000921115e+02
9.640533680788576021e+01
1.601332350600407324e+02
4.920279052378390361e+01
1.708438498200019069e+02
5.950737729290981548e+01
1.557273371977040313e+02
1.106532703398995494e+02
1.178052261831935255e+02
1.528865869180749542e+02
6.739818099988666233e+01
1.736210946809155473e+02
4.725756558615541536e+01
1.683623166061690029e+02
9.317506094287968210e+01
1.379834520042533654e+02
1.420659357953494464e+02
8.944261382396058480e+01
1.725780123488059701e+02
4.731163285459898304e+01
1.776645746350116895e+02
7.493225193695738540e+01
1.561264233733832043e+02
1.279694764027929494e+02
1.123890305302451225e+02
1.675869790669725887e+02
6.112728424947803774e+01
1.832724264056390098e+02
5.885862408257235501e+01
1.716018578488938715e+02
1.110969032442604316e+02
1.347867350821047694e+02
1.587073603210192800e+02
8.243442805726249389e+01
1.849960345139499509e+02
5.109792675259274830e+01
1.840098905711704163e+02
9.264990311721392402e+01
1.556342393549764722e+02
1.462434469654184568e+02
1.064209657285343695e+02
1.825997599725419605e+02
5.774509892320671156e+01
1.926831649762085306e+02
7.450873574576296221e+01
1.742093439493375229e+02
1.305113725980451704e+02
1.309390743424149548e+02
1.761611951593614833e+02
7.631568542761951335e+01
1.975484479390796366e+02
6.113246404961033420e+01
1.898083414693778366e+02
1.124342336440154355e+02
1.544786507988589221e+02
1.657082144504168468e+02
1.004983413987338139e+02
1.981288548673874175e+02
5.956641589187942287e+01
2.020493969385240121e+02
9.346345109409023166e+01
1.762487538237663784e+02
1.516554395655363692e+02
1.266131949181356191e+02
1.944880992364298891e+02
7.269948699148962135e+01
2.103355819029579834e+02
7.679599312447319903e+01
1.954625736802331062e+02
1.345742407296590386e+02
1.528590374816381257e+02
1.865906181281619070e+02
9.550918778153801725e+01
2.145955375066033071e+02
6.836335092049459661e+01
2.113668155130982882e+02
1.157071023440853281e+02
1.779506059387004200e+02
1.746900910511506311e+02
1.226237085576786399e+02
2.140661590462337074e+02
7.375940351459541944e+01
2.236552923328243310e+02
9.729855285045687197e+01
2.011088139546557159e+02
1.592765144478758259e+02
1.516129737097987800e+02
2.096468179143593034e+02
9.299675078488529323e+01
2.318240893529451228e+02
8.416394148747943404e+01
2.213015033218346730e+02
1.412193623232703601e+02
1.803169815661453299e+02
2.004039702010275050e+02
1.202433135708985077e+02
2.358497515127436941e+02
8.228460341846189863e+01
2.384831709235726862e+02
1.227715768136328194e+02
2.076323362701755286e+02
1.876479148430618409e+02
1.509875415427912344e+02
2.350278666561936234e+02
9.578515040364301569e+01
2.515996306275850714e+02
1.072181666056576717e+02
2.327523910932980016e+02
1.713710584147128202e+02
1.835865145866872297e+02
2.298736699033887021e+02
1.217951247431144850e+02
2.608363088221029784e+02
1.003503966643062455e+02
2.555367779808345006e+02
1.540914943915421418e+02
2.164759232242591622e+02
2.208890559213022868e+02
1.549784436601678124e+02
2.657474668475395561e+02
1.081333555417132004e+02
2.754924144475382377e+02
1.387518095054224716e+02
2.483962513889447052e+02
2.086535409443927165e+02
1.917936187649613657e+02
2.663541346776227670e+02
1.319759496923916231e+02
2.922877318955651162e+02
1.306499501222586446e+02
2.793039479283926312e+02
1.950977347218077682e+02
2.316590464957243682e+02
2.638967676391422401e+02
1.670768442714547177e+02
3.056770156552983622e+02
1.363690865324022070e+02
3.090453945239508471e+02
1.839605189051984269e+02
2.729728377102087507e+02
2.588089336723153906e+02
2.107412722294554612e+02
3.161616657546111355e+02
1.595519289723876852e+02
3.373546083534849345e+02
1.793478421362811730e+02
3.168617598978772207e+02
2.545478076864499712e+02
2.621118059400437801e+02
3.263066799297783973e+02
2.007758652457526125e+02
3.662872223440793391e+02
1.911428299799852653e+02
3.638241706954247547e+02
2.550792506409309226e+02
3.210565492691044938e+02
3.376365600834079146e+02
2.587968311875292784e+02
3.981886105124877417e+02
2.254701665778735560e+02
4.182134612636459110e+02
2.698688813879015811e+02
3.917500714036485761e+02
3.580824427211493912e+02
3.367467869092126875e+02
4.405829597248433060e+02
2.920679651956334624e+02
4.864483495333778365e+02
3.140776981061138144e+02
4.859865422182397765e+02
4.034936669512932212e+02
4.480957375958554962e+02
5.103306625634286888e+02
4.054629343525886043e+02
5.908304943278859582e+02
4.190345762336631310e+02
6.302467419100881898e+02
5.129765892135741296e+02
6.336621302404423659e+02
6.578371085084796732e+02
6.246647132923292247e+02
8.018531212521207863e+02
6.767392606591597541e+02
9.424373552545931716e+02
8.377063221631324268e+02
1.085372326718324530e+03
1.143523636076031153e+03
1.293319975298151121e+03
1.601819725317098573e+03
1.753657302969217426e+03
2.437285821700794259e+03
3.021086916446532996e+03
4.260304434401168692e+03
4.862864528864581189e+03
3.863518828853892046e+03
2.764277821355007291e+03
2.069204522350690240e+03
1.508431188864191427e+03
1.367534698875598224e+03
9.598861467725236025e+02
9.796751028614213510e+02
7.259772232923015736e+02
7.052610372740219873e+02
6.410461812750977515e+02
4.895718230983060835e+02
5.821058718951104538e+02
3.373340378233410775e+02
5.029343421114151624e+02
2.906163790304632926e+02
4.033881443996676808e+02
3.215064751905408116e+02
2.818779794556861020e+02
3.527076730364304922e+02
1.642525613820453430e+02
3.446509545123839757e+02
1.193752100798712803e+02
2.973457371361010928e+02
1.723926351540685573e+02
2.174124611873983213e+02
2.254834016984847835e+02
1.271141998028937223e+02
2.550801191162250916e+02
3.155745909563606588e+01
2.445829301227248038e+02
7.800902741283140074e+01
2.034936811290444325e+02
1.481827247276232811e+02
1.403021548163757188e+02
1.961772252011866158e+02
6.084831044327091831e+01
2.066894964623356259e+02
3.645275368337901511e+01
1.932306656895285641e+02
9.483088066239574232e+01
1.567732729034430861e+02
1.459144237009427911e+02
1.074972528705000485e+02
1.775712966995334341e+02
6.477315530549336131e+01
1.806899281115767621e+02
6.825677021934603772e+01
1.677880904277683953e+02
1.112210763694569238e+02
1.372138023084503402e+02
1.451505146174821448e+02
1.018841950352403529e+02
1.667001144428109285e+02
7.867119411275757557e+01
1.697622351848837638e+02
8.881385147937318436e+01
1.582119359233634270e+02
1.209777988903974233e+02
1.329564484931207460e+02
1.495866477978119633e+02
1.044204402685307542e+02
1.658775616819834511e+02
9.187363173294423291e+01
1.656550077727938231e+02
1.015638483587259344e+02
1.533476000662604122e+02
1.262226669721699324e+02
1.313057318744336897e+02
1.527457811117006088e+02
1.062295966722751217e+02
1.660514912952776569e+02
9.864820299054260033e+01
1.686356731112226441e+02
1.105914151408024964e+02
1.564987651866806289e+02
1.359128117034086358e+02
1.320680251483106247e+02
1.593934628272621410e+02
1.096331153501672446e+02
1.746091104080477692e+02
1.016197532416831422e+02
1.752143449801577901e+02
1.177695669269931500e+02
1.595679420378694431e+02
1.475050824206133768e+02
1.314976165729611637e+02
1.724508819065585783e+02
1.065502077002078778e+02
1.861050185906289869e+02
1.020292251499106158e+02
1.826505634832489591e+02
1.279701422968065003e+02
1.596714156653872863e+02
1.628982016802191879e+02
1.255075955213273176e+02
1.919180637160131084e+02
9.793458999498908213e+01
2.022217157474402711e+02
1.069578700487891183e+02
1.882967119691402331e+02
1.484925508933232834e+02
1.553367156765928030e+02
1.914011913355306262e+02
1.107096529963764056e+02
2.155139320706590524e+02
9.098037073994274238e+01
2.156509419369706961e+02
1.268127797886620414e+02
1.872849369398100237e+02
1.826661867052241632e+02
1.364663316257607164e+02
2.233450498576938799e+02
8.854186851688938020e+01
2.389367482915560288e+02
1.042198528425996642e+02
2.195631898049324491e+02
1.664841331884480269e+02
1.704400650487238238e+02
2.240199569575062242e+02
1.047297397755932025e+02
2.546514458859746526e+02
8.056071967746828477e+01
2.500101938339629442e+02
1.438629708748488554e+02
2.075983145449162350e+02
2.166099598959382604e+02
1.370737769894545011e+02
2.651411633016594465e+02
7.258612482413711575e+01
2.755569599636010594e+02
1.150474097261962925e+02
2.448657947525660745e+02
2.003987188408009104e+02
1.772660315738293377e+02
2.675118267185197283e+02
9.080774520657449500e+01
2.965235039895878231e+02
8.433842114939226065e+01
2.803450915913091990e+02
1.767755654326269052e+02
2.206167907580314704e+02
2.610950360964262131e+02
1.287734133940723780e+02
3.100971235226053295e+02
6.170254216305747974e+01
3.127808688541991273e+02
1.456976755160323762e+02
2.644900377323258454e+02
2.459456810625575258e+02
1.761792789683545095e+02
3.159883014812688771e+02
7.209878521113364513e+01
3.386653612531912358e+02
1.071850726125030491e+02
3.078689238902862257e+02
2.218990642380011877e+02
2.282321211114350774e+02
3.134108100889748698e+02
1.137518813138814409e+02
3.582395385969152812e+02
6.768064260939901544e+01
3.474275270175974697e+02
1.884589835975230869e+02
2.810801482004525838e+02
3.002844125502996349e+02
1.696858642254343579e+02
3.704971274042864593e+02
5.274610098064554364e+01
3.824654613490512816e+02
1.464521962389883072e+02
3.337181111994321441e+02
2.781287326776015902e+02
2.300641333568933078e+02
3.724964279428747886e+02
9.282731271116546168e+01
4.106943899604463013e+02
9.693873887969070324e+01
3.836221068787853028e+02
2.444468672173891548e+02
2.941342823207592687e+02
3.647472154127180488e+02
1.559956441346295719e+02
4.309716592445786318e+02
5.019089138836741881e+01
4.298116476349249524e+02
2.003886530596085152e+02
3.585888787579814903e+02
3.458477429889624659e+02
2.273411334850773073e+02
4.415376233753471524e+02
6.545123334489353795e+01
4.694764698184557687e+02
1.452218461281478596e+02
4.220507751671747769e+02
3.144812234558856403e+02
3.043627104449515741e+02
4.416900680823089829e+02
1.352475217088876036e+02
5.019086233206358543e+02
8.203894077916429239e+01
4.824361056080109620e+02
2.704247290539296955e+02
3.837843402417615835e+02
4.294591270131635952e+02
2.190911873349949701e+02
5.246247848610987603e+02
3.908787699772132385e+01
5.382561958429455444e+02
2.133232474658800868e+02
4.638775592626940352e+02
4.034829787592735215e+02
3.106293470212760326e+02
5.358494128929539784e+02
1.048389436985597172e+02
5.869213363919272979e+02
1.423042678346301386e+02
5.432247847373772629e+02
3.622912713907811622e+02
4.084747197033593125e+02
5.341751647303178743e+02
2.025583986447355755e+02
6.264845932305905762e+02
6.107120346653834275e+01
6.198139487999158064e+02
3.043998572481779092e+02
5.107115734896596564e+02
5.169666327482995030e+02
3.136643735184695174e+02
6.549637142709653972e+02
6.332766917353664837e+01
6.920633002068833548e+02
2.284793398953882217e+02
6.166893764795868265e+02
4.826797278106867566e+02
4.360604698262361012e+02
6.704528150989241340e+02
1.766866044837101981e+02
7.576230599999322521e+02
1.335788284934622254e+02
7.242893748801972151e+02
4.281841835853697944e+02
5.697807216036400177e+02
6.704264799684245872e+02
3.128908374176403413e+02
8.144089041770323547e+02
3.315184465279841675e+01
8.325673751083553498e+02
3.510675532315759710e+02
7.138629167557155597e+02
6.507715283817645968e+02
4.701452486277016192e+02
8.607646908389509690e+02
1.358891370674123493e+02
9.402287623983635285e+02
2.477462519429951442e+02
8.693079380848661231e+02
6.087181106285274836e+02
6.490752228307629821e+02
8.925129247870735298e+02
3.070167779704581221e+02
1.046735564073147543e+03
1.145642930027221098e+02
1.037022908010839956e+03
5.389675635257522117e+02
8.536864030019755774e+02
9.064402578297117543e+02
5.148226328267605822e+02
1.150099533457485450e+03
6.851080336225264489e+01
1.220144215220975639e+03
4.345267649224257411e+02
1.090487919507669403e+03
8.974460017128386653e+02
7.685179135263994112e+02
1.249995345553890729e+03
2.897968810632361851e+02
1.423271394614786004e+03
2.834592171207045226e+02
1.372129495275526779e+03
8.593713256385475461e+02
1.084671770726329214e+03
1.347187724376112783e+03
5.847627617828599114e+02
1.656734147834901478e+03
7.134812167792307491e+01
1.717194886700385041e+03
7.796229864060190948e+02
1.493195481151878766e+03
1.442106175393490958e+03
9.858974326126569849e+02
1.938266008386721069e+03
2.465766419102608040e+02
2.167018294757870081e+03
6.367904075388532874e+02
2.054232395375380293e+03
1.536999360105497090e+03
1.568537382979708809e+03
2.310999482758359136e+03
7.300200285347585805e+02
2.810395804233974104e+03
3.828209818460742895e+02
2.909751013444568343e+03
1.646692081917092310e+03
2.505173951950507217e+03
2.877685365851418737e+03
1.565720700203714841e+03
3.881360681420406308e+03
1.108195707511949308e+02
4.452458864575207372e+03
1.791612699578148977e+03
4.364144046208164582e+03
3.990246281013237422e+03
3.408548771662890886e+03
6.291236544050968405e+03
1.360332102714819257e+03
8.473368781050889083e+03
2.134249091060774845e+03
1.028944944735001809e+04
7.934219686149915105e+03
1.141257531359900349e+04
1.924009971712142942e+04
1.106931511855988902e+04
6.466159927074956067e+04
9.361191003380448092e+04
6.937084439593175193e+04
1.590143784357906043e+04
1.815752517942090708e+04
1.329306246480908521e+04
6.587985742220201246e+03
1.104482772950531216e+04
8.965077805552014070e+02
8.588030195495084627e+03
2.372798440201370795e+03
6.008750885696520527e+03
4.133562398458437201e+03
3.484369051627742465e+03
4.786599195002027955e+03
1.204458967256899086e+03
4.600115885386568152e+03
6.781004018378372393e+02
3.807539319723996414e+03
2.048768143281682114e+03
2.627070308606931121e+03
2.846383569685551720e+03
1.288114471993929783e+03
3.079631477038830781e+03
3.879182344996894471e+01
2.824277921704745950e+03
1.094194655712933354e+03
2.185530651487201794e+03
1.857860675897423334e+03
1.311781990478199305e+03
2.239148641375890747e+03
3.570407528555958265e+02
2.233737553292426583e+03
5.366147486324886131e+02
1.891017811279265288e+03
1.241679930706275854e+03
1.299646583120751075e+03
1.680165111173879495e+03
5.744319859677177647e+02
1.816884382285126094e+03
1.695975111433876634e+02
1.661426346209342910e+03
8.095983154003147320e+02
1.266261793784468637e+03
1.268637305653136991e+03
7.118971425378402955e+02
1.491952826939113720e+03
9.952401822767031092e+01
1.466496920645886348e+03
4.864309864803627192e+02
1.216443535809387868e+03
9.452728099371370263e+02
7.977056238586687869e+02
1.223487200096767538e+03
2.866416188864647552e+02
1.290680233281464552e+03
2.351613003703162690e+02
1.153278347862318924e+03
6.807733888110110456e+02
8.457132684333140560e+02
9.914097656703042958e+02
4.270815973113683413e+02
1.127590000202611463e+03
4.245212351822052455e+01
1.079421185124610929e+03
4.589333240921717447e+02
8.655793531592786394e+02
7.869244724871424523e+02
5.293764820448667479e+02
9.732196204020611958e+02
1.312940412512499790e+02
9.967044890659564089e+02
2.705402640240521350e+02
8.628618362261554466e+02
6.040863665239347711e+02
6.010381656839654170e+02
8.259684262966588904e+02
2.590499337619334028e+02
9.068679651796288681e+02
1.106645621026243163e+02
8.418930675575669511e+02
4.397650139040503063e+02
6.472202884495420676e+02
6.853744151545652130e+02
3.605627783521348420e+02
8.119288112880649351e+02
3.815511829779637054e+01
8.050222209088905174e+02
2.915890999491486468e+02
6.717444442706369045e+02
5.511697520158270436e+02
4.386696374023188696e+02
7.130625505301242129e+02
1.475540135616042789e+02
7.558172559131367052e+02
1.592114194274589920e+02
6.776346753689418847e+02
4.239366104322062938e+02
4.958626775569503593e+02
6.120817960684114496e+02
2.434743455217946462e+02
6.963175917704857056e+02
4.514236993346040094e+01
6.674280456759383924e+02
3.042483395688186079e+02
5.342807103607418640e+02
5.104969588869863060e+02
3.218490032125951075e+02
6.287076910920408181e+02
6.900903726531284121e+01
6.433554015424859926e+02
1.929064135857457529e+02
5.557669989417347551e+02
4.098080459826751394e+02
3.834640503741833300e+02
5.549382592860564500e+02
1.571264666248847846e+02
6.074354277596490874e+02
9.120086169392203601e+01
5.620773351069126420e+02
3.114823009906567108e+02
4.292865917340106989e+02
4.768770485608419563e+02
2.331263526964118853e+02
5.616311038081951210e+02
2.166271435617252550e+01
5.547916159313565458e+02
2.169064663303921918e+02
4.602937912552516195e+02
3.962742340319320533e+02
2.959072095160049685e+02
5.077485039924910666e+02
9.101525036532802915e+01
5.354959085723365888e+02
1.275293124083734142e+02
4.775249266212211410e+02
3.148076063708317633e+02
3.455992790742100169e+02
4.475832589372523103e+02
1.631459798091301820e+02
5.057247034814067774e+02
4.634909096610930135e+01
4.820393369443081042e+02
2.340470044056980043e+02
3.825610888511139933e+02
3.828387269745707613e+02
2.252915249958610673e+02
4.670458024763725007e+02
4.047993109097578213e+01
4.749554414220996250e+02
1.555426132248785223e+02
4.072593995320269187e+02
3.151248910771349756e+02
2.767665050077644651e+02
4.210247199209117639e+02
1.065691278872719892e+02
4.574498468479415578e+02
8.112055624211532745e+01
4.202122391255198863e+02
2.458747533315029727e+02
3.175498010144221439e+02
3.691931544240829908e+02
1.670294319065715456e+02
4.308616515071128674e+02
2.034322882842960922e+01
4.225603030849271136e+02
1.771415937145666533e+02
3.473463780831901317e+02
3.130213309302018274e+02
2.188889139126608256e+02
3.963063135791678064e+02
6.046998781795360145e+01
4.147007780646344486e+02
1.099505775472569269e+02
3.667683230747410903e+02
2.540439208686558459e+02
2.616861226045771218e+02
3.552170066551885839e+02
1.179371767905737443e+02
3.977502670882342386e+02
4.693954919349653920e+01
3.761167934451360679e+02
1.936805713634442725e+02
2.951763304871295759e+02
3.089196359746438247e+02
1.692817064937814564e+02
3.727516416439576119e+02
2.516525539026808289e+01
3.759657977913669242e+02
1.333921219876719420e+02
3.193255943035219957e+02
2.587738326272131530e+02
2.131588473354167377e+02
3.407927378762383910e+02
7.637543193396527386e+01
3.669918235542826892e+02
7.478649729170062699e+01
3.343047280160081982e+02
2.061060337031722725e+02
2.490878188718170634e+02
3.030910312590663693e+02
1.263275941671195426e+02
3.500350136478962213e+02
2.312694524413397090e+01
3.403763318949110612e+02
1.522766806229140855e+02
2.767420073673074512e+02
2.607714240167004505e+02
1.704649256594834128e+02
3.259501631397034203e+02
4.150357788283952232e+01
3.380504001708158057e+02
9.866094308529463319e+01
2.961012028453891389e+02
2.150953978444022709e+02
2.078825857026556321e+02
2.957413637492647354e+02
8.888106607335890885e+01
3.279037386671193985e+02
4.721757973944814779e+01
3.072681217537141265e+02
1.672935754463456135e+02
2.381137875180452568e+02
2.604499590994377627e+02
1.325626285162197178e+02
3.106405912436160293e+02
1.733746174950129415e+01
3.104992935578227389e+02
1.185989892073883993e+02
2.609323541737190340e+02
2.211708026643912888e+02
1.707722982861848777e+02
2.870998443214068061e+02
5.627502960200774140e+01
3.062083097956123083e+02
7.045331605549657183e+01
2.762267910866605121e+02
1.790093962062771880e+02
2.028016780611263243e+02
2.581287028213259873e+02
9.876654031193938010e+01
2.949200695538134482e+02
2.609875831525154410e+01
2.841287474046222883e+02
1.351178059285369102e+02
2.282588991006498134e+02
2.247084729619659242e+02
1.371450158634696663e+02
2.772855825367742000e+02
2.887809806917172750e+01
2.848637634094566238e+02
9.068611025467207298e+01
2.469281428930385687e+02
1.878413099434146432e+02
1.703440696076239931e+02
2.540498202795344866e+02
6.862640081835843375e+01
2.788121416647960018e+02
4.730651594964007245e+01
2.587488900847530999e+02
1.485642636283361639e+02
1.977973930972830772e+02
2.260358754315687975e+02
1.065919323985240226e+02
2.664585718043149427e+02
1.483535911471767577e+01
2.638187028893696606e+02
1.079385832653968862e+02
2.191733331475871296e+02
1.941402845263823735e+02
1.404099631814655140e+02
2.484306123480308202e+02
4.204012195624580528e+01
2.623668656586587531e+02
6.717761467948032816e+01
2.342691439462979304e+02
1.592871119488977740e+02
1.693068651027975307e+02
2.254150793579458423e+02
7.882908653338509453e+01
2.547549189894337189e+02
2.857160305917032872e+01
2.430594046041277352e+02
1.224548945630183994e+02
1.928082871110970302e+02
1.981865058512953794e+02
1.127606839360673519e+02
2.414592084256028670e+02
2.032239573943157396e+01
2.456462158247308309e+02
8.467214712886848815e+01
2.106219024990338937e+02
1.675773151542732933e+02
1.426030808795217126e+02
2.230632215573238568e+02
5.371579235796747298e+01
2.422743186650940004e+02
4.726205169667581885e+01
2.225913725616471197e+02
1.344715614537686577e+02
1.677312143712521504e+02
2.002159448305427816e+02
8.722843086380237310e+01
2.332862842212956025e+02
1.556934758877602931e+01
2.287228369945966051e+02
9.979152168572686321e+01
1.877605572050612182e+02
1.736664645415650909e+02
1.175618357521349253e+02
2.191537293717600505e+02
3.151653012212834426e+01
2.291310786589580744e+02
6.456961238909867973e+01
2.024401708625488538e+02
1.442014509840624896e+02
1.438813681086221834e+02
2.004332070556028498e+02
6.372754220858856655e+01
2.240599450808661004e+02
3.052696474157777473e+01
2.116573072510095699e+02
1.126557563762028309e+02
1.656796330396464612e+02
1.777563169910737599e+02
9.411343110012418833e+01
2.138628852617410985e+02
1.486881743136904888e+01
2.154371885347137834e+02
7.992372869802841251e+01
1.826311567678679637e+02
1.518317118683562228e+02
1.212144372624575510e+02
1.990072626070893307e+02
4.232425160844136514e+01
2.139190770226434495e+02
4.711662615572589630e+01
1.945238493736557075e+02
1.234114131381174673e+02
1.443860176728193210e+02
1.800239977562726210e+02
7.222863321554319782e+01
2.073563132769266986e+02
1.748922537585827897e+01
2.012923549910497343e+02
9.330232007805716421e+01
1.632061326617629504e+02
1.575304823886277745e+02
9.971914406153085508e+01
1.961105510595315877e+02
2.358158453468857729e+01
2.029833072748229768e+02
6.239885340246327416e+01
1.773952874804519695e+02
1.322042394311994542e+02
1.238901629639154294e+02
1.806336458333863106e+02
5.192061814864735680e+01
1.997629879957588628e+02
3.205739971087654538e+01
1.867944387990085318e+02
1.047779996067627479e+02
1.442107369440572882e+02
1.614492994270066504e+02
7.939350817184087816e+01
1.918830181019961003e+02
1.214257511442539261e+01
1.913722028425094379e+02
7.602542241329862804e+01
1.603422996385334045e+02
1.391668954142716359e+02
1.042100122872348180e+02
1.797241788164781440e+02
3.337587451383713955e+01
1.911988931845741888e+02
4.689648745341551717e+01
1.720424928421311392e+02
1.144352823932194667e+02
1.257044616092989031e+02
1.637284273397799268e+02
6.026812850776870789e+01
1.864574882884880651e+02
1.958201746429455170e+01
1.791967546792246537e+02
8.795915530590841058e+01
1.434442338279096703e+02
1.444203399460097046e+02
8.538056710831911289e+01
1.774221201799157370e+02
1.761938642560881263e+01
1.818003320338252990e+02
6.051458477903727839e+01
1.571382913278689273e+02
1.223777552701194651e+02
1.077397780698131697e+02
1.644946245875538011e+02
4.244301815734959149e+01
1.799687809057968479e+02
3.323485566660632884e+01
1.665736629595261036e+02
9.824943058135293938e+01
1.267740145563798961e+02
1.480750847333838465e+02
6.746814389600770312e+01
1.738849556354425943e+02
1.170452638563578063e+01
1.716981547362721301e+02
7.272113671591351647e+01
1.421411905688996171e+02
1.287026949900436534e+02
9.035176249843446783e+01
1.638507296057844655e+02
2.623177830005365863e+01
1.725296653346418339e+02
4.660789877232186740e+01
1.535893229420245518e+02
1.069482206565990907e+02
1.103994889870617158e+02
1.502390890334041273e+02
5.051895471321458331e+01
1.691869172139943771e+02
2.149849498021368888e+01
1.609703437032066802e+02
8.340996281905491117e+01
1.272038152854213848e+02
1.335053470753385056e+02
7.363359697181893182e+01
1.619496302098823151e+02
1.329061825770450689e+01
1.642602024927304853e+02
5.886317968741699502e+01
1.403682706083131677e+02
1.141400847260441225e+02
9.439574908455362845e+01
1.510239258368407036e+02
3.470122925470373332e+01
1.634954046368892762e+02
3.414003517766656870e+01
1.497675070203015366e+02
9.272010548917401707e+01
1.122998280445735588e+02
1.368497790841975075e+02
5.761910715459926280e+01
1.588338753135096795e+02
1.264665666141673128e+01
1.552722611326722415e+02
6.985634635589272534e+01
1.269692432885006497e+02
