2.277106983026010312e+02
1.969903316503253734e+02
2.573586082341981296e+02
1.760177149076843648e+02
2.664026216501818567e+02
1.877899932544216313e+02
2.515074123621869830e+02
2.246883522435411464e+02
2.195362452330629708e+02
2.614399904585024501e+02
1.895249976800119498e+02
2.802349588788343908e+02
1.882589565986729667e+02
2.736823793441112116e+02
2.208876094350731307e+02
2.449066020503792629e+02
2.631565622758557765e+02
2.090512343490812839e+02
2.918559223125205904e+02
1.938094686227481134e+02
2.951818536654528202e+02
2.175921332794083014e+02
2.723040734752399317e+02
2.626662376006291311e+02
2.340260565788022973e+02
3.010155058885728181e+02
2.059266882391209776e+02
3.155114287666860946e+02
2.165952120737728421e+02
3.008872570808931641e+02
2.606707225659018263e+02
2.637903688889659293e+02
3.076587498594005297e+02
2.256497190063503808e+02
3.341441859174562410e+02
2.201385343276600963e+02
3.300615885030748018e+02
2.581988413485113369e+02
2.975244596121619338e+02
3.117553544982142739e+02
2.531416693530950397e+02
3.508622660172698602e+02
2.305836463387936703e+02
3.592986583894285673e+02
2.570302545164560684e+02
3.345489697870942791e+02
3.139118441206780972e+02
2.880327817456230264e+02
3.652198649166074915e+02
2.501996628835131276e+02
3.881537420447009481e+02
2.595106810292999739e+02
3.743118579046034142e+02
3.147348617736973324e+02
3.300706362939525320e+02
3.775034494738389412e+02
2.803166620556270914e+02
4.162811463895052384e+02
2.688500618548201828e+02
4.166625387746930755e+02
3.161610843279527785e+02
3.785413713073283475e+02
3.872346897397926568e+02
3.216542778044411648e+02
4.436867564686273795e+02
2.886457691987920384e+02
4.611318321946538958e+02
3.199912496398078474e+02
4.344228154761339056e+02
3.968835017463825352e+02
3.755198968777629034e+02
4.705519476214947758e+02
3.224499255912729154e+02
5.082809997876463513e+02
3.307939867287437323e+02
4.972158259336453625e+02
4.061169178167464224e+02
4.418771902314714453e+02
4.970016765144883379e+02
3.739685085451386044e+02
5.590879293398610344e+02
3.533424797651685481e+02
5.685309953685153914e+02
4.183122455342897297e+02
5.235471770013656396e+02
5.251522769515293021e+02
4.462606149308185763e+02
6.148228527017627130e+02
3.952834295275073373e+02
6.509835974645291117e+02
4.382125769823217638e+02
6.235401950935915920e+02
5.566832217125114539e+02
5.441989432934472006e+02
6.780831576873093809e+02
4.652103135674480541e+02
7.495429686669790499e+02
4.746333613758481533e+02
7.483039909115304908e+02
5.959228393973877473e+02
6.770352839050269722e+02
7.533858270580940371e+02
5.757577804667367900e+02
8.737628338767809737e+02
5.416910090541434784e+02
9.140936664975857866e+02
6.548705250427865394e+02
8.608290585857197357e+02
8.541908881261967963e+02
7.482569692009707296e+02
1.039474795588968163e+03
6.628752849084605714e+02
1.142686725129261731e+03
7.514537410645185673e+02
1.133221035624990691e+03
1.000171743605581696e+03
1.022969972811348839e+03
1.285482131212223749e+03
8.915318832568044627e+02
1.499963057410075180e+03
9.389580386556971234e+02
1.584095474913751559e+03
1.250223688139296883e+03
1.516146922669448941e+03
1.717823917391141777e+03
1.360004276820110817e+03
2.167775009068825511e+03
1.345171944472373980e+03
2.489957622775532855e+03
1.812292668141298236e+03
2.614262656185905598e+03
2.705780947228917285e+03
2.595174218368573747e+03
3.966112272949379076e+03
2.699010791491814871e+03
5.487171136694240886e+03
3.989274195642080940e+03
7.703870335534311380e+03
8.632130351476831493e+03
1.314202158556162613e+04
3.186140055782501804e+04
3.802671088476714795e+04
2.460910442447136666e+04
7.819559709506815125e+03
9.318479663993080976e+03
5.185380331049759661e+03
4.937198884929569431e+03
4.388749518201185310e+03
2.737294369753859428e+03
3.723711758747896511e+03
1.805680978540077831e+03
2.998472398415724911e+03
1.728103170461788295e+03
2.196617685953898217e+03
1.884362266138653922e+03
1.481383041823300573e+03
1.916918242971626569e+03
9.924611280270540874e+02
1.759899349503205485e+03
9.304622503482976299e+02
1.452873556157588837e+03
1.104494001735155962e+03
1.059430719144531849e+03
1.236395073684988347e+03
7.157070234991833786e+02
1.226762761045005391e+03
5.995266710347536900e+02
1.087304743746949271e+03
7.197127068207524871e+02
8.464217278574358261e+02
8.633122705099607401e+02
5.856345574472372846e+02
9.178633123060221806e+02
4.310118733794224681e+02
8.640637547053780736e+02
4.887676220847823174e+02
7.150595560767396819e+02
6.276502985756372937e+02
5.124482485372559495e+02
7.125809004388077028e+02
3.471330496772845322e+02
7.091293724541028496e+02
3.434402712874439771e+02
6.180254988963200731e+02
4.616535699697698192e+02
4.654561866647081843e+02
5.601076395508791848e+02
3.058853048676108415e+02
5.899558679506920953e+02
2.515535324110338706e+02
5.412821553368140712e+02
3.374677976100562660e+02
4.308766875876761446e+02
4.417485009032432686e+02
2.882548537518152330e+02
4.922797793596260476e+02
1.960309107067247680e+02
4.766493881783969186e+02
2.430940778946570617e+02
3.999108747149121541e+02
3.435118229012484790e+02
2.800282910246332904e+02
4.096709674487079837e+02
1.708305801509788751e+02
4.207020629990312273e+02
1.716023223446380825e+02
3.700191380957725187e+02
2.625005918664199953e+02
2.738511237088411008e+02
3.374249731886894210e+02
1.636194243381519300e+02
3.650853844520704001e+02
1.184284057180282872e+02
3.410812077324393954e+02
1.927008265324466549e+02
2.695942850815424094e+02
2.742194963425740184e+02
1.675268672219258690e+02
3.157450261668765847e+02
8.970516113035671424e+01
3.109257809372772954e+02
1.325054994438873450e+02
2.596118340672202294e+02
2.148961572076689777e+02
1.745640855953948574e+02
2.689361171785497504e+02
8.062490128467941020e+01
2.786892419229654365e+02
8.164897432126431909e+01
2.467940107929616715e+02
1.613000369944853674e+02
1.785048761158048762e+02
2.215110190088583693e+02
9.122682193385391258e+01
2.452707622093859925e+02
3.841872220211362787e+01
2.332701392668333256e+02
1.127605712741030572e+02
1.812827584375682761e+02
1.785952154772876384e+02
1.051456377522336538e+02
2.122347343499798171e+02
2.317896198918104389e+01
2.138118469822359771e+02
6.852205069501233936e+01
1.795052501375321583e+02
1.362566695837447810e+02
1.204953498910701768e+02
1.793916720681884556e+02
4.632732952993004005e+01
1.909905919451771297e+02
2.954867217689820436e+01
1.760075117552193262e+02
9.898278241233309416e+01
1.314477670341918270e+02
1.456859349915911821e+02
7.397114853566897352e+01
1.691956079310472205e+02
2.487868401654715811e+01
1.656671911241918451e+02
6.615995652637219848e+01
1.391541649967717831e+02
1.135783834869097433e+02
9.666878197904053138e+01
1.432661780439294716e+02
5.424243943071981278e+01
1.568770498683923620e+02
4.899225564373181641e+01
1.427238563960623594e+02
8.705755943413305431e+01
1.120231167120951454e+02
1.179703675297386809e+02
8.040990131146882902e+01
1.389665272042323068e+02
5.374208651801198044e+01
1.417414568219411706e+02
6.584710079714919573e+01
1.271606100149876539e+02
9.558313139309210271e+01
1.002727357961254455e+02
1.212869211031223529e+02
7.774880424892178610e+01
1.367544627697297983e+02
6.131104425490912746e+01
1.350713371788749555e+02
7.977167453743962255e+01
1.208226703832254145e+02
1.032812038267799863e+02
9.447144669089607305e+01
1.223015500860381906e+02
7.344294760513648157e+01
1.340282241045638614e+02
6.751253253048125202e+01
1.325465613145600798e+02
8.505803990724535879e+01
1.173621785027704476e+02
1.065039544067499691e+02
9.662600219615633534e+01
1.325747688859514994e+02
7.653668619706451182e+01
1.394662613077956905e+02
7.265804556715877993e+01
1.369358946725434407e+02
9.290597025637097772e+01
1.173482730029195693e+02
1.165851717861364136e+02
9.424246969503469984e+01
1.378372802208131418e+02
7.404697153546436539e+01
1.503780267134545454e+02
7.495313288508442895e+01
1.464770954360205053e+02
1.047088373601817040e+02
1.214471666340886600e+02
1.335299720356188971e+02
9.082789067490233492e+01
1.552688652893775156e+02
6.649629176343671588e+01
1.660634871883310950e+02
7.823666015194767454e+01
1.525482028759095670e+02
1.200497603848746877e+02
1.214433004746015854e+02
1.577133666564944861e+02
8.110986585718588060e+01
1.850501354513060335e+02
6.057528643157897363e+01
1.862351624200209983e+02
9.777898777696563570e+01
1.622117577308837042e+02
1.537135724039212334e+02
1.150366490130774082e+02
1.995705588875677279e+02
5.657603141184445406e+01
2.198084918142741060e+02
6.733963111852357031e+01
2.085614765677115372e+02
1.417022931332803637e+02
1.641167510038809212e+02
2.105562835309585807e+02
9.105998897267782866e+01
2.557821907175889748e+02
3.269074472730326875e+01
2.603977465513823972e+02
1.231527684945420731e+02
2.234331792692456702e+02
2.184715663435491706e+02
1.445339218865914006e+02
2.868809223215606039e+02
3.473094015778836052e+01
3.144015157332275976e+02
9.170025266066632241e+01
2.939424373589224615e+02
2.178579841831522685e+02
2.197594775422249711e+02
3.206241884567160696e+02
9.867401091831831650e+01
3.764164033875720179e+02
5.737703636446527611e+01
3.755586646889359486e+02
2.125062040458882109e+02
3.085919647832961914e+02
3.493512620287443156e+02
1.859817649100037897e+02
4.426117639079485002e+02
5.519417296592472866e+01
4.752291411322755152e+02
2.002734670317709913e+02
4.238082607921965064e+02
3.794668859285439453e+02
2.999526769913531439e+02
5.214285322274216696e+02
1.329184384667375696e+02
5.921033719450814488e+02
1.813338181883636366e+02
5.723587162378468065e+02
4.065531063857553704e+02
4.575011334700358816e+02
6.139327344235034616e+02
2.658159114583930887e+02
7.517316207073652095e+02
1.819483628490282570e+02
7.800567246093930862e+02
4.418586958026122602e+02
6.830175376775214318e+02
7.381264005519060447e+02
4.723231204984292049e+02
9.746648397671582416e+02
2.684661870691965078e+02
1.095011630822489906e+03
4.883445812312414205e+02
1.062467049648988905e+03
9.351091682976395987e+02
8.433179130662659873e+02
1.363736376355597258e+03
5.312077760076928143e+02
1.677696717075490369e+03
6.283757299629579620e+02
1.813570885121380798e+03
1.341952937581065044e+03
1.658378736312683259e+03
2.222051139792013146e+03
1.255517955087770588e+03
3.221657001001339722e+03
1.173338050071768976e+03
4.201406355429367068e+03
2.800358599197793865e+03
5.320385072196172587e+03
7.081629832134835851e+03
7.393339847781723620e+03
2.601514426855693819e+04
3.456482312701082992e+04
2.396502731036343175e+04
5.586450281592027750e+03
7.656027089895876998e+03
4.697478464472721498e+03
3.467975917952366672e+03
4.061055997223438681e+03
1.537504946256553467e+03
3.331597183180929733e+03
1.160716340617231026e+03
2.543321916908797903e+03
1.538176853126338528e+03
1.701337717798254516e+03
1.791884595495884923e+03
9.873393966041313661e+02
1.805925574329590063e+03
6.299826163443634641e+02
1.588829580385189729e+03
8.270401311290548847e+02
1.227265883861816519e+03
1.092575151611525826e+03
8.031448295258261396e+02
1.221575967957005787e+03
4.898338787115657738e+02
1.171122900843177149e+03
5.255893242643938947e+02
9.872658909842837147e+02
7.420267367473381910e+02
7.138880213838282316e+02
8.964162010925412005e+02
4.481071807545538945e+02
9.272063972081531347e+02
3.787846477169182435e+02
8.360123086993496599e+02
5.303825082372892439e+02
6.522514813316224718e+02
6.840866531991275679e+02
4.395123616567274780e+02
7.569674709052698063e+02
3.139713956390683052e+02
7.255441106305814856e+02
3.916664509793949378e+02
6.076821325451448956e+02
5.338631632364586039e+02
4.381315266643124460e+02
6.270112606315231005e+02
2.925138829270160841e+02
6.377186085949925882e+02
3.023282789200608818e+02
5.657502551695084776e+02
4.199700652802298464e+02
4.364213659118087776e+02
5.232590207391501735e+02
2.963831644952508668e+02
5.614324314959138746e+02
2.500620949400215522e+02
5.255894650501306842e+02
3.313004162379154423e+02
4.312456718463538436e+02
4.352691384175204234e+02
3.068951066273657489e+02
4.928927412088913229e+02
2.268096526464787246e+02
4.869950698237414031e+02
2.655516783543704378e+02
4.218644823393648835e+02
3.598977294730121912e+02
3.186071387787842468e+02
4.303375820687600140e+02
2.235294830736072811e+02
4.477824764457169522e+02
2.187348218841866583e+02
4.090157091137824636e+02
2.964196206402210123e+02
3.269426093429377147e+02
3.728977456695212140e+02
2.324583543110862252e+02
4.082582465795263147e+02
1.918644392875270341e+02
3.927665785138292449e+02
2.439389768297078831e+02
3.311059442984486623e+02
3.201343917117347360e+02
2.451630535672860844e+02
3.686398141715586121e+02
1.825457798430625758e+02
3.724482156765020591e+02
2.026845974635559173e+02
3.307621947652795029e+02
2.719651415498220786e+02
2.576938979247343013e+02
3.293496751283489061e+02
1.858999836304261066e+02
3.490431620001880333e+02
1.744869785216775426e+02
3.260602129769823705e+02
2.293909903755775304e+02
2.676156022565167518e+02
2.905447584960139125e+02
1.963288268521403666e+02
3.232093514072083735e+02
1.595864143906905213e+02
3.169910798051739107e+02
1.931922744070089379e+02
2.738935767899384359e+02
2.531482574676490742e+02
2.090967658987004256e+02
2.957340830112337926e+02
1.569616737553199073e+02
3.040264068924013259e+02
1.650846722064627272e+02
2.760998827617524967e+02
2.182141238798920426e+02
2.210308880689240993e+02
2.669671557091766658e+02
1.630204241843866555e+02
2.877314315963405420e+02
1.467153396236454341e+02
2.740491061802947570e+02
1.866890294913754076e+02
2.304896468374838889e+02
2.377300073441269319e+02
1.735873315232486789e+02
2.685743425143830905e+02
1.387715999667477718e+02
2.680757030864908188e+02
1.600990745742662966e+02
2.366778676428526751e+02
2.089689577315409394e+02
1.852970515513347891e+02
2.472014393016661700e+02
1.399130938029874187e+02
2.583675619247197233e+02
1.400793373259069767e+02
2.391896673633235650e+02
1.816391875752021292e+02
1.960313266485100030e+02
2.242848254725048207e+02
1.472126301664341668e+02
2.454459562665372800e+02
1.280572025897844810e+02
2.379621394052360586e+02
1.570196225594324346e+02
2.045043909981775698e+02
2.005786630130701269e+02
1.574291103094187179e+02
2.299351203842206814e+02
1.245780567399208536e+02
2.331810198593980488e+02
1.366938899152750082e+02
2.099710102842733477e+02
1.770573351867731446e+02
1.681256948897997177e+02
2.120294369791162410e+02
1.278274292536206218e+02
2.251939787925819019e+02
1.221482539513340129e+02
2.122854735237690420e+02
1.551767710955913344e+02
1.777680861262270184e+02
1.928471078684803217e+02
1.357076969402019415e+02
2.141295575276571981e+02
1.147312478063513197e+02
2.111244285799966178e+02
1.351971719443803295e+02
1.850183469671661101e+02
1.727944904461926399e+02
1.453684913162114185e+02
2.005632454623272451e+02
1.140442877577776812e+02
2.068274558250611506e+02
1.194057203836519392e+02
1.896983067965123553e+02
1.530371329040646629e+02
1.550328356639137155e+02
1.850727028505318970e+02
1.188238311408310892e+02
1.995642660802217279e+02
1.089957473048218191e+02
1.913872717333095181e+02
1.344930294322319071e+02
1.634208341213160907e+02
1.683236653497232282e+02
1.267822744947316096e+02
1.895898527464304095e+02
1.047471885450822811e+02
1.900998322707716568e+02
1.184203384867860365e+02
1.697154805655089262e+02
1.509836823377037831e+02
1.358932187012430290e+02
1.774288740953871297e+02
1.062217962096795958e+02
1.858841565458101854e+02
1.061768981910262823e+02
1.735252291862860261e+02
1.339590784661642147e+02
1.446141955292401065e+02
1.635930415873503705e+02
1.118758379213236083e+02
1.790057590450821294e+02
9.897429735658801064e+01
1.746056772197550799e+02
1.183002453272645482e+02
1.519158014254950615e+02
1.486343070252418670e+02
1.197715624667953875e+02
1.697561792108005818e+02
9.722310082554588462e+01
1.729537048432075892e+02
1.051871617351232402e+02
1.572331072449463250e+02
1.333318081648755253e+02
1.282176697951935864e+02
1.585523985381743728e+02
1.002046649270805148e+02
1.686742456850665803e+02
9.587026026090228470e+01
1.601935891264233760e+02
1.185246368810836515e+02
1.359990097074499431e+02
1.458926975288696042e+02
1.063617720480964124e+02
1.619876045627518977e+02
9.128057436234948341e+01
1.606367377532372700e+02
1.052244617974102141e+02
1.423376152245421906e+02
1.323772187604773762e+02
1.140119679282416030e+02
1.532063410914138331e+02
9.145333847180188513e+01
1.585858290298424720e+02
9.461717563573951395e+01
1.467074943171467964e+02
1.187204007882801022e+02
1.217788690105129348e+02
1.427110534324237676e+02
9.548013882638780103e+01
1.541455297655217294e+02
8.777010745734168040e+01
1.488621057621575403e+02
1.057768191169148935e+02
1.286882728247744865e+02
1.309980109802845902e+02
1.018667964051847150e+02
1.475407258603638354e+02
8.530873996268661585e+01
1.486959970721678701e+02
9.454615113479769661e+01
1.340942101650563529e+02
1.186699171293756052e+02
1.091667279148521317e+02
1.390738556718906977e+02
8.697336895344187724e+01
1.462287066368479884e+02
8.611205523627027958e+01
1.376057318873131123e+02
1.064298426862913090e+02
1.162491644217148092e+02
1.291456570374780028e+02
9.170074236239879895e+01
1.415928946690275154e+02
8.138200502495568855e+01
1.390163251292995596e+02
9.512771998373985127e+01
1.223211339189191307e+02
1.182379932643486882e+02
9.811713967185792740e+01
1.350162700474416226e+02
8.066968726371155185e+01
1.382626926393937481e+02
8.574269171126309175e+01
1.268645430337315076e+02
1.069414234626885190e+02
1.049875750853963865e+02
1.268059560285157659e+02
8.345169762428392346e+01
1.353949098789830998e+02
7.925670245874286479e+01
1.295706968225579203e+02
9.597270288942557670e+01
1.113793222199174551e+02
1.173557626751075418e+02
8.861120805845327197e+01
1.305579987371356765e+02
7.635484880241139649e+01
1.302888752992516288e+02
8.617247425831743612e+01
1.166519046018347865e+02
1.071564710521916766e+02
9.490603994478134098e+01
1.239875112800006889e+02
7.705573496245175136e+01
1.289915597793861934e+02
7.848120310245840869e+01
1.203874029259044818e+02
9.680507312750117421e+01
1.012908073919299028e+02
1.159974151693063220e+02
8.064926947131993984e+01
1.257462415468313566e+02
7.374866834415814765e+01
1.223478306659690702e+02
8.701570514795821509e+01
1.069994014335696733e+02
1.069858139490076496e+02
8.602234108006489066e+01
1.207184895285690089e+02
7.241389745537834699e+01
1.224268929471710265e+02
7.862574631675849446e+01
1.115084801537036299e+02
9.744998023173393165e+01
9.208403931548588162e+01
1.141522997548398024e+02
7.423072428616177376e+01
1.206250025411332558e+02
7.250375152929569822e+01
1.144850864521356755e+02
8.798964589270939030e+01
9.794098941934663571e+01
1.063689173373663834e+02
7.838094713729977059e+01
1.170397663415200498e+02
6.934772962500467486e+01
1.157513934321900848e+02
7.932867330710116960e+01
1.029785680837372865e+02
9.777888664631430515e+01
8.379630733161809530e+01
1.118453484463996546e+02
6.933733487830345155e+01
1.152398710425767376e+02
7.227889621374252727e+01
1.067644511241447702e+02
8.888805987657323726e+01
8.952488415276610567e+01
1.052963360895486034e+02
7.202293415356420780e+01
1.129825447254918771e+02
6.761722700162320621e+01
1.090413621384420395e+02
8.032034234984017473e+01
9.480651532327908626e+01
9.773559922710020942e+01
7.652315155021966575e+01
1.090403988971448825e+02
6.589732450118553686e+01
1.096661961147328697e+02
7.270828559506541922e+01
9.923523949430052937e+01
8.955807779867038221e+01
8.183799399651506690e+01
1.037476191100185900e+02
6.695381157491146951e+01
1.086148048626495495e+02
6.696814914080111691e+01
1.023179627805250504e+02
8.130137624146043152e+01
8.718575267041518373e+01
9.724485768809465469e+01
7.026224981606068809e+01
1.059419085244055339e+02
6.368092434274629454e+01
1.039263722056067962e+02
7.357832812103370657e+01
9.193866874345677331e+01
8.991231335442044781e+01
7.491583287615613074e+01
1.017837364577889900e+02
6.314380292203411216e+01
1.039610911269660107e+02
6.710072832529846210e+01
9.567026908406320729e+01
8.218238926582013448e+01
8.004695358586108966e+01
9.634502548678356959e+01
6.509677911825527019e+01
1.024197964758303101e+02
6.258224642837833329e+01
9.811039743532185753e+01
7.457855973319202292e+01
8.496189064438556215e+01
8.991047428951604559e+01
6.883149596480589594e+01
9.938528430099640332e+01
6.053769101156520804e+01
9.910027021646043011e+01
6.773294686429187550e+01
8.914900381137216812e+01
8.283123783394840700e+01
7.351448395375918210e+01
9.500994576609474507e+01
6.103396318820059463e+01
9.859412573024600590e+01
6.232915022696455765e+01
9.225776986446605576e+01
7.556193332177534216e+01
7.837253249204277950e+01
8.950967992983586896e+01
6.365191289553130360e+01
9.661240865261558497e+01
5.899095661779580979e+01
9.407925911952851550e+01
6.863547933637896392e+01
8.282130851026575158e+01
8.318224503724273688e+01
6.764490414185311806e+01
9.325925444797258024e+01
5.806055320721536361e+01
9.450019690778606218e+01
6.267654649488358132e+01
8.643952378315383100e+01
7.640125923776420791e+01
7.223199191975862732e+01
8.870175450878487311e+01
5.941868411105787828e+01
9.349390348629542302e+01
5.833117575906309327e+01
8.895051358014100629e+01
6.961669998550041782e+01
7.676606527758762866e+01
8.317749410285236422e+01
6.251285808548260547e+01
9.113052074843311345e+01
5.609334149130214797e+01
9.019211433491183527e+01
6.339981915421709857e+01
8.072509968977351491e+01
7.700371098761060296e+01
6.661338815901154931e+01
8.750246237138975403e+01
5.614540553715779936e+01
9.008287677959125972e+01
5.833709840898952592e+01
8.378960058493485974e+01
7.055799320781001427e+01
7.101685573624963865e+01
8.281252534207683880e+01
5.818267825823581774e+01
8.863133236772547718e+01
5.501672954615283828e+01
8.572868122922169221e+01
6.431178028654888124e+01
7.516300385307800980e+01
7.731269173686882823e+01
6.159415346214414910e+01
8.591384379619435663e+01
5.380458170375747784e+01
8.642099192358189441e+01
5.881775081903590063e+01
7.863425462479703754e+01
7.132591403009745079e+01
6.568406220781386651e+01
8.207199814400505034e+01
5.468451600457986217e+01
8.582309652608626038e+01
5.466386115051047767e+01
8.116040071037700443e+01
6.525730392231693600e+01
6.983076129320815539e+01
7.729698505633010086e+01
5.723073030927444904e+01
8.396812844515693541e+01
5.232917900989959037e+01
8.255617172924539204e+01
5.958448047689102367e+01
7.356453481026728980e+01
7.186710245554716892e+01
6.081568081566612705e+01
8.095188030905417520e+01
5.202950321116443888e+01
8.274030820532334474e+01
5.485295433733901405e+01
7.654218506022526469e+01
6.612115073284165589e+01
6.479540125293480912e+01
7.692988967667352540e+01
5.358333539906250564e+01
8.169817047417356548e+01
5.159665539912455756e+01
7.853832151972459030e+01
6.047101472883862527e+01
6.863947391176478163e+01
7.212179950030503051e+01
5.648773373240783968e+01
7.948707071564567173e+01
5.018766957241162174e+01
7.942157717811561213e+01
5.540881309919997477e+01
7.194339963053808162e+01
6.681281300366357812e+01
6.012310722018894893e+01
7.621960632669075153e+01
5.068026698165883914e+01
7.913466674808616119e+01
5.145753405665256963e+01
7.443038742290312371e+01
6.135447446124034343e+01
6.391768966017224329e+01
7.207094340453214443e+01
5.275846108738770823e+01
7.769324223414038499e+01
4.908056553262233734e+01
7.591920667026208491e+01
5.617348026140538053e+01
6.741523293137140627e+01
6.727492904256955342e+01
5.588167365629136185e+01
7.517236146474445491e+01
4.851590519242236610e+01
7.631791166301958640e+01
5.176042404090971161e+01
7.027908078214748855e+01
6.213477116922101118e+01
5.946837551721322512e+01
7.170338821956248410e+01
4.967027192680075842e+01
7.559769630654089667e+01
4.860089724346785545e+01
7.228222717861676472e+01
5.701102760232070210e+01
6.301721675371401687e+01
6.747684099164051474e+01
5.213071908135116672e+01
7.379594418560652969e+01
4.706207887922360555e+01
7.329195630508611714e+01
5.234742156036742244e+01
6.613930569704753282e+01
6.274520257602237905e+01
5.535623636425799532e+01
7.100980336148757033e+01
4.724686423329039542e+01
7.323876629487405410e+01
4.861129463643904813e+01
6.856042732281474628e+01
5.782399773346075733e+01
5.881129428071754006e+01
6.738794126237515059e+01
4.892808469932871418e+01
7.211808890647674275e+01
4.624085662790089657e+01
7.009796126517066739e+01
5.308257663560891615e+01
6.207434543138450778e+01
6.313465398285878649e+01
5.164067135879086123e+01
7.000479170498498149e+01
4.548050815669024161e+01
7.065057270231912412e+01
4.897435252109227832e+01
6.480327155336563294e+01
5.851903034836136186e+01
5.486533814493628824e+01
6.699855827243244732e+01
4.630275192664325346e+01
7.017958624419333091e+01
4.593700673848888272e+01
6.678230255705841500e+01
5.386583162367766420e+01
5.813173411178696881e+01
6.327028481295423745e+01
4.837850864308181542e+01
6.871181879776182200e+01
4.432588771077767120e+01
6.786781560994675999e+01
4.956613055120961775e+01
6.106605933817985488e+01
5.904318720408520704e+01
5.122860674288531868e+01
6.632144706743309825e+01
4.427367595109422638e+01
6.798581483092046085e+01
4.604740552081040050e+01
6.339927692644651103e+01
5.458864508881909217e+01
5.437336610287621852e+01
6.314504121098057254e+01
4.561362729092336821e+01
6.713599095217718116e+01
4.371332224349123408e+01
6.494376227722236194e+01
5.026096288655656252e+01
5.739568121317307003e+01
5.935495075392101683e+01
4.796877271128062148e+01
