1.322608274313419656e+02
3.455368014814386868e+01
1.411429643392378068e+02
4.430664679494942249e+01
1.281894964648253108e+02
8.953843763802345279e+01
9.569126141106646344e+01
1.254788576344004554e+02
5.121295747571149803e+01
1.428765663454075536e+02
3.146140279697914721e+01
1.382910287416915480e+02
7.371282997847472984e+01
1.123751394137180881e+02
1.155891187992573634e+02
7.039254136093357772e+01
1.412628347605805743e+02
3.061286682685054927e+01
1.454375495424379778e+02
5.675142030409546123e+01
1.271197235805301631e+02
1.028098320542695774e+02
8.976601979501768369e+01
1.362638860817111777e+02
4.369002118858913519e+01
1.493611660357305198e+02
4.080341610238399852e+01
1.394371499068846276e+02
8.755423233323320176e+01
1.082299051539224308e+02
1.279327102263423939e+02
6.260776611362820887e+01
1.498716745603479978e+02
3.177205220958483167e+01
1.489052514607487865e+02
7.051271224742374955e+01
1.250496371050590341e+02
1.164284683316258366e+02
8.297488511655477339e+01
1.468594808258865498e+02
3.777152024933940311e+01
1.551784012938587693e+02
5.307556612046376898e+01
1.396489482964601336e+02
1.020525497752250317e+02
1.030747261205775374e+02
1.403153570774211687e+02
5.477049674973440574e+01
1.580242987714808294e+02
3.875706396328466496e+01
1.515251974587112613e+02
8.536047895936012253e+01
1.219428072545930064e+02
1.303349350877051052e+02
7.553528214655683826e+01
1.572137408065407556e+02
3.566679149312594177e+01
1.603349619949565295e+02
6.735205756959973655e+01
1.388880906899064485e+02
1.171601232484227495e+02
9.703607031395657145e+01
1.527457523620097675e+02
4.780287001742708242e+01
1.656785453242677306e+02
5.021391605773996503e+01
1.533223592912623019e+02
1.012179850592279138e+02
1.178524557397523154e+02
1.445668972176641773e+02
6.781104621585920711e+01
1.673499661743904312e+02
3.947376613542583357e+01
1.647692534472443242e+02
8.323405556733136734e+01
1.371365142071110768e+02
1.328802650740196327e+02
9.023273238962639198e+01
1.651547436966642977e+02
4.347951050886956637e+01
1.728415343483450215e+02
6.471761167680509175e+01
1.542315301788643467e+02
1.180072791298580341e+02
1.128938266859427841e+02
1.591309670640297043e+02
6.058327937175464939e+01
1.772557356552184729e+02
4.926101925315364838e+01
1.685758922934977591e+02
1.005996659635689809e+02
1.345304501811165778e+02
1.493074666091576432e+02
8.305742591543706510e+01
1.776738931126835723e+02
4.428986414374994496e+01
1.796201026096546798e+02
8.167494832370243785e+01
1.543160281261473870e+02
1.358662006809978777e+02
1.072552688407924677e+02
1.741460150749681759e+02
5.531973773540910599e+01
1.870369708972831972e+02
6.363138877401066651e+01
1.717008547486496752e+02
1.194295335780701066e+02
1.311761368324534658e+02
1.665419566966216109e+02
7.639723546227727979e+01
1.905159242611059938e+02
5.185380004471093685e+01
1.860368658365914598e+02
1.007901906300148624e+02
1.538815930395904843e+02
1.551225226736578691e+02
1.013255672297985370e+02
1.898457548821018577e+02
5.424841408913707141e+01
1.967675425833309077e+02
8.164333273604731289e+01
1.743785580505821429e+02
1.400493772976269042e+02
1.274210612817045813e+02
1.849100468586096895e+02
7.124959520160776094e+01
2.036772963841945625e+02
6.560819536912872252e+01
1.922613387892147614e+02
1.221729216086311851e+02
1.530068093444629653e+02
1.759489978049638523e+02
9.585846952216458305e+01
2.063102124420160237e+02
5.992612229190263662e+01
2.070037582388917770e+02
1.029656692784611351e+02
1.770483607707807607e+02
1.629698395301277287e+02
1.234983369194146405e+02
2.047175441708503740e+02
7.007648350330413223e+01
2.179178542584450611e+02
8.519822957111055928e+01
1.988550138634138307e+02
1.467252903913105797e+02
1.521173904847253766e+02
1.988246139008277567e+02
9.268546590310621980e+01
2.245298571486430319e+02
7.376943345125300766e+01
2.179481475619030562e+02
1.282439368500279784e+02
1.802565247557155885e+02
1.886410668160384603e+02
1.217810608393915999e+02
2.272678992665021269e+02
7.660945218675216495e+01
2.340837778734259018e+02
1.101442957456184928e+02
2.070585834039880240e+02
1.752116013635339584e+02
1.534511324620897312e+02
2.256138012956097612e+02
9.502792024771434853e+01
2.462065768450790699e+02
9.631632220367410468e+01
2.320928440982243615e+02
1.592811128891453620e+02
1.864031899230350291e+02
2.201265901913828884e+02
1.243196609548192697e+02
2.548860561859357574e+02
9.421150465160469878e+01
2.546178506923345708e+02
1.430941104078334831e+02
2.194430984859154989e+02
2.110378656251279210e+02
1.598214462621094185e+02
2.597910932553434122e+02
1.084604431468773384e+02
2.749852081631376564e+02
1.309384263158645467e+02
2.526089746806954679e+02
2.005114856025144263e+02
1.991534189078385566e+02
2.615287154825117568e+02
1.380637917524692000e+02
2.927306846059494774e+02
1.284084741290105285e+02
2.852241026823604670e+02
1.898426607477480275e+02
2.419333906130532625e+02
2.614930937577182135e+02
1.795911899738560464e+02
3.095198023753031293e+02
1.434077112123539450e+02
3.190312073324887479e+02
1.853094022141330015e+02
2.893528578337927115e+02
2.629907436312639106e+02
2.313070849335943535e+02
3.269474721000858040e+02
1.797961766272883608e+02
3.565793129397629286e+02
1.953187392025304803e+02
3.441275382088647348e+02
2.711281130946100575e+02
2.955415513210620588e+02
3.514277561035038957e+02
2.393619479608860559e+02
4.026205635616706786e+02
2.311899838122840549e+02
4.125315941984342203e+02
2.983553645041175173e+02
3.813902385201229208e+02
3.943890245972803541e+02
3.318009893929479972e+02
4.728822686405696913e+02
3.123632000266765658e+02
5.150270035154698007e+02
3.735040818652549319e+02
5.158843424262626058e+02
4.928716582843936180e+02
4.976219977400855896e+02
6.221270626831785648e+02
5.046283322260119348e+02
7.380834410576253504e+02
6.098784903417207488e+02
8.278479465565848159e+02
8.253228406000632731e+02
9.478198316845105182e+02
1.162406967453013976e+03
1.198485948117627686e+03
1.640667425666430063e+03
1.819849482484009741e+03
2.335444539696893571e+03
2.569390454606067124e+03
2.192299086991102740e+03
1.928953544438498056e+03
1.420990471542959540e+03
1.147790647568026770e+03
1.008839755611510668e+03
7.109273039179880698e+02
7.812484144746266566e+02
4.969949944536149928e+02
5.869474466574472444e+02
4.352802689000305918e+02
4.103302624596180976e+02
4.239221368979319777e+02
2.573373283804133962e+02
4.021471265040073604e+02
1.732778252227720941e+02
3.428477403340141905e+02
1.880347257222008182e+02
2.625557448831306715e+02
2.411443073093884948e+02
1.570866044850405956e+02
2.645804874235664101e+02
6.181941568084744887e+01
2.555906559942108913e+02
7.402200007649587121e+01
2.143614644142228087e+02
1.430924469483346684e+02
1.460282233654568529e+02
1.858151642337718386e+02
7.049245604809155452e+01
2.013033053434195665e+02
1.607068939880667813e+01
1.933155182344518153e+02
8.021382719950059936e+01
1.576391626182646064e+02
1.341787455858269311e+02
1.087342609512768661e+02
1.660296135351256623e+02
5.958928268559942154e+01
1.749395839775961861e+02
5.581754446072935849e+01
1.628738934160892597e+02
9.704114655727680372e+01
1.343550016582551336e+02
1.333765771391088322e+02
9.798866880683145553e+01
1.556270129374341593e+02
7.105918582640001091e+01
1.620623374701002035e+02
7.856912532020021445e+01
1.509641287802556917e+02
1.067709682262512700e+02
1.265975231719441325e+02
1.368329845776374611e+02
9.645283050033016536e+01
1.516982887869036745e+02
8.013248308651932916e+01
1.552587780902416057e+02
8.894127652261543915e+01
1.447541432200580971e+02
1.128781759296560807e+02
1.239633768291766529e+02
1.371939232917262359e+02
9.787110714941853473e+01
1.544693350685750772e+02
8.602864545164506183e+01
1.561221239554799070e+02
9.616542414025934704e+01
1.461183465663267498e+02
1.210525491319610296e+02
1.238381080579912208e+02
1.461927561355724663e+02
1.019124767952316546e+02
1.608676851431730483e+02
8.750190285777290455e+01
1.620724806933675950e+02
1.024015377206697224e+02
1.472322274206345583e+02
1.295437815353708402e+02
1.227239697925553799e+02
1.582378810622859078e+02
9.549425383128691180e+01
1.718441643376241927e+02
8.747677101962305812e+01
1.702427833053380368e+02
1.137559287308023954e+02
1.485426474498646883e+02
1.473465526984098801e+02
1.144617532201722980e+02
1.763266632869495822e+02
8.541009577910864436e+01
1.859855110064550558e+02
9.257483826621020739e+01
1.739144238930980748e+02
1.324881985098882069e+02
1.415871933166541794e+02
1.732228625998156417e+02
9.814844073548040626e+01
1.971995088475568707e+02
7.711527546383601361e+01
1.964620191858856231e+02
1.112737523368617190e+02
1.702116980596288442e+02
1.631665486303995465e+02
1.221900504286429054e+02
2.017718623329335230e+02
7.568652825402794804e+01
2.157569110520020104e+02
8.776595238305870339e+01
1.990996608208369594e+02
1.479405585704015493e+02
1.532504083309589475e+02
2.007023568041271346e+02
9.149009702346636175e+01
2.290239671160944113e+02
6.731459612227804712e+01
2.243899625230814934e+02
1.260281166598251019e+02
1.858227076328994372e+02
1.923009342940773365e+02
1.208730232511401397e+02
2.358538012198064848e+02
6.067081038167195572e+01
2.456481107237846118e+02
9.933317791144642683e+01
2.175756104023164426e+02
1.764068304277340076e+02
1.564961325583136045e+02
2.358392498182787733e+02
7.814019775160318204e+01
2.614332194515214383e+02
7.051484943946979911e+01
2.473480343292910391e+02
1.539563082003167835e+02
1.939082253429525622e+02
2.283343534103184140e+02
1.120498415037889401e+02
2.712383109509920018e+02
5.020097601593103320e+01
2.724463314370182729e+02
1.245571494541880782e+02
2.310482214956395524e+02
2.131457061736039407e+02
1.530842397522642102e+02
2.737457859795036370e+02
6.081841316789261498e+01
2.927110808059376836e+02
9.022246055438402834e+01
2.659857253165508837e+02
1.901677949741905991e+02
1.962478677459725702e+02
2.680565990722028573e+02
9.780843238336220224e+01
3.068298940823621592e+02
5.545294266098942160e+01
2.974986508270407057e+02
1.596560397778649474e+02
2.401178074932458344e+02
2.550738569926853643e+02
1.441534402269959685e+02
3.133916089487569820e+02
4.370497561401355568e+01
3.237911569547015347e+02
1.221361669362564015e+02
2.820244451562655854e+02
2.331384531164530642e+02
1.942781997596126473e+02
3.121771571424049512e+02
7.830230422341954011e+01
3.436659444605967906e+02
7.927532747925205570e+01
3.206314801192427240e+02
2.024623527414120758e+02
2.454277345597419924e+02
3.020794457246720413e+02
1.302909437286841126e+02
3.565118692730745238e+02
4.038422266550190187e+01
3.545151870348673242e+02
1.635513515406390184e+02
2.954439271887242171e+02
2.826163581476731679e+02
1.875403232487169589e+02
3.605510847476101048e+02
5.440851216759180176e+01
3.825182978504400921e+02
1.168485061551980522e+02
3.430478091444405777e+02
2.535634278155881987e+02
2.470714647624870395e+02
3.555435226934728234e+02
1.102865102058226086e+02
4.029945074712931614e+02
6.466146099818756454e+01
3.864924565686127380e+02
2.148111787606125631e+02
3.065400041887416478e+02
3.402953194619573196e+02
1.752154600095046248e+02
4.145967746690603235e+02
3.224557348219387620e+01
4.239065817312755939e+02
1.658444651005306980e+02
3.647813285720436625e+02
3.141756467239622452e+02
2.442949900540977239e+02
4.165986400275785400e+02
8.362592602318163415e+01
4.545193723001945045e+02
1.084778437154240009e+02
4.193151683698936267e+02
2.765603454355689905e+02
3.150700060056994403e+02
4.075435155414112387e+02
1.566530371376332766e+02
4.758384943512288032e+02
4.551026774836262945e+01
4.694321689967500788e+02
2.276593943793613448e+02
3.856887146897840353e+02
3.862778296781526706e+02
2.365877971020018151e+02
4.872811241679914360e+02
5.029490649065711949e+01
5.124583093079115770e+02
1.666609272089981175e+02
4.545604572973716131e+02
3.518972670592368104e+02
3.206131264908879075e+02
4.868505670408440551e+02
1.310441927581728123e+02
5.471641010984000104e+02
9.444095773676222905e+01
5.202406915442302306e+02
3.038803252926135201e+02
4.069875106410182184e+02
4.731767814460832255e+02
2.239873653956398414e+02
5.719968509661757707e+02
2.608057355678129952e+01
5.806878921524752286e+02
2.414776069655010531e+02
4.943305010697329180e+02
4.454207925116574529e+02
3.238646495881848182e+02
5.845995286350239439e+02
9.577547191568538665e+01
6.335184635940480575e+02
1.639369737981354263e+02
5.804842389393659232e+02
4.011490173898121725e+02
4.302430927579353011e+02
5.834699577029418833e+02
2.033158985191722934e+02
6.773607572032336748e+02
7.217867673452366262e+01
6.640763658705254784e+02
3.398776260328389753e+02
5.408287903011009803e+02
5.661452485634698633e+02
3.234813714258207256e+02
7.095466036874572637e+02
4.763867972055266620e+01
7.427439912663260202e+02
2.593019987860828905e+02
6.549499216278443328e+02
5.305665501436091063e+02
4.553106774063613784e+02
7.278586124665441730e+02
1.714573453273712573e+02
8.145801441768858240e+02
1.578725857900941207e+02
7.712759957737042669e+02
4.742200531227509259e+02
5.984072758649920161e+02
7.293617423596591607e+02
3.180718926684742200e+02
8.782329361618059238e+02
3.801285817681083756e+01
8.880289691321736427e+02
3.941972774761554774e+02
7.525205124757209205e+02
7.111324559645100862e+02
4.846482526275925693e+02
9.287034126966328813e+02
1.216686086727278138e+02
1.004978223542848809e+03
2.861930051793573853e+02
9.190369358032785385e+02
6.690906460528840398e+02
6.750655654135830446e+02
9.652805096092331496e+02
3.034322858178097135e+02
1.120312314374453535e+03
1.452087375248417516e+02
1.099162604661065870e+03
5.980588499870763144e+02
8.931633977661086874e+02
9.838032807613353725e+02
5.234013986876557283e+02
1.233546778692033740e+03
4.149384615756236627e+01
1.295877914799060136e+03
4.909452757870581650e+02
1.145453908605049719e+03
9.789681110033254754e+02
7.914919448334284198e+02
1.343871480002804219e+03
2.745861943042119151e+02
1.514589890178118367e+03
3.354989777119571954e+02
1.445354876405914183e+03
9.443623373091694475e+02
1.125436497255862605e+03
1.452400953805833069e+03
5.835728621468585970e+02
1.765209148978568237e+03
1.124807845278254348e+02
1.815293864069232313e+03
8.680600678046540679e+02
1.558132864313790606e+03
1.561402101503062568e+03
1.005389961222601528e+03
2.072953077243076677e+03
2.106012037251619233e+02
2.295232730709045427e+03
7.285032889806694811e+02
2.151529792515130794e+03
1.675007695954414885e+03
1.615371380592168634e+03
2.479727425429251070e+03
7.076256584369083384e+02
2.981080776934843925e+03
4.781156679890979717e+02
3.052840181277160809e+03
1.807343276153829493e+03
2.597712760131061714e+03
3.096214789507819205e+03
1.574231974004496124e+03
4.128358316915518117e+03
1.392455513594301486e+01
4.689283887441371007e+03
2.005538934071376616e+03
4.539426517564663300e+03
4.310233960395383292e+03
3.477455320513257448e+03
6.704585514022099233e+03
1.260155486054141875e+03
8.944628848936672512e+03
2.487192848207473162e+03
1.073363453477518124e+04
8.632464799388008032e+03
1.169660871207999662e+04
2.048346331614701558e+04
1.086163753094714411e+04
6.748208944027491088e+04
9.890813461912480125e+04
7.417566315312008373e+04
1.774195747285542166e+04
1.893439417819521259e+04
1.440030598667892446e+04
6.649956165049001356e+03
1.176742389200804064e+04
6.951574048641093668e+02
9.043917833846719077e+03
2.683447621136383532e+03
6.262650710805080053e+03
4.480757115446586795e+03
3.566940068055782376e+03
5.112119080910597404e+03
1.149257649074031178e+03
4.856773266393846825e+03
8.201524282283616003e+02
3.978782668147901859e+03
2.239598930310180094e+03
2.707161094348617553e+03
3.047686124289378313e+03
1.284538270226831401e+03
3.263249549320310052e+03
8.651464530527582042e+01
2.960727284158096154e+03
1.216495177611391682e+03
2.262560327188846713e+03
1.999534075416301448e+03
1.328667527402674068e+03
2.377518129351900370e+03
3.183048614955291100e+02
2.347552349440421040e+03
6.157678648186613373e+02
1.966625704694088654e+03
1.345690824094683876e+03
1.330157089835289298e+03
1.790380098604393879e+03
5.594368711758669406e+02
1.914485313867188097e+03
2.187973708637988182e+02
1.735754145803815163e+03
8.882371440459386349e+02
1.304872858385020663e+03
1.358522160183050801e+03
7.130282437714397474e+02
1.578173103223166436e+03
6.615691143186407430e+01
1.535750497381009836e+03
5.446128641409451347e+02
1.259556121514772940e+03
1.018288063805689035e+03
8.099784261947813775e+02
1.298394361019724784e+03
2.684806390413375539e+02
1.355832274485666176e+03
2.770693941424493119e+02
1.198908256166456340e+03
7.397342892294163903e+02
8.662470641579475341e+02
1.056608427489612723e+03
4.207737890709305475e+02
1.188185652769124999e+03
6.576008407324690097e+01
1.126084142967854405e+03
5.059128913891019579e+02
8.919588536067798259e+02
8.431820850180134812e+02
5.323060840813292316e+02
1.028978236226369518e+03
1.113384074368444345e+02
1.043191995315338090e+03
3.069738846225670272e+02
8.932142695182228636e+02
6.519500530940993031e+02
6.112936296559450966e+02
8.767316643413569182e+02
2.484662064500667213e+02
9.523899996846758995e+02
1.375617538881685391e+02
8.740549503358535048e+02
4.791501937775120155e+02
6.632991165211161615e+02
7.306288812734621843e+02
3.579238953172435345e+02
8.551878060110149136e+02
2.080022051311841480e+01
8.394299057583804142e+02
3.239448925324980451e+02
6.921939589642558985e+02
5.912061726654154654e+02
4.424755698588662085e+02
7.538347054186385776e+02
1.345025329493410595e+02
7.907325781310804587e+02
1.843595720826201045e+02
7.013752240830947358e+02
4.586446924567558199e+02
5.050231279408535556e+02
6.498454430963255390e+02
2.370879048412011514e+02
7.309397109328516535e+02
6.113915160383049852e+01
6.934396051078466598e+02
3.335921772354833479e+02
5.478227693640945972e+02
5.448793134020897924e+02
3.211818949006236608e+02
6.623157163558628326e+02
5.417033054181707996e+01
6.707755338356125776e+02
2.168581970156467094e+02
5.728128492292199780e+02
4.405276365731135684e+02
3.877145634108881040e+02
5.869563667214943052e+02
1.480900955731235626e+02
6.354960384797755069e+02
1.094135612538179885e+02
5.817833489363607669e+02
3.383003722357500465e+02
4.377218863739681751e+02
5.068049375874263092e+02
2.291806775548704991e+02
5.896480782369310418e+02
1.871964146761293790e+01
5.764201223501559070e+02
2.396454630006447530e+02
4.722284498294213790e+02
4.237158122425242937e+02
2.964537643957064006e+02
5.351344399048882678e+02
7.999166535074159867e+01
5.583529138125184090e+02
1.459477610121794839e+02
4.923014113574462272e+02
3.394319386528890732e+02
3.500895051468648376e+02
4.738130069536782116e+02
1.567315475794676729e+02
5.292048511717935071e+02
5.908731142884137455e+01
4.990203951521185672e+02
2.555810287086068513e+02
3.904551894239899639e+02
4.074503671078894058e+02
2.229949989753789623e+02
4.905832970475573802e+02
2.824812693340588510e+01
4.935782539651569323e+02
1.737421495594622058e+02
4.180547253964192009e+02
3.377791490913151051e+02
2.781367433006776650e+02
4.440955970914557724e+02
9.824145497606949107e+01
4.771476821176012777e+02
9.544396755587912651e+01
4.335682026831327107e+02
2.664929411690156371e+02
3.220009074029417206e+02
3.913369426368928998e+02
1.623405603856172092e+02
4.510226486321325865e+02
2.474212165203649505e+01
4.375231484083793134e+02
1.949016564304490089e+02
3.547962046691919227e+02
3.338583756630833363e+02
2.176549748038659686e+02
4.165524056528509504e+02
5.051210335433381715e+01
4.310594744488248580e+02
1.248099956129640731e+02
3.766447597725643277e+02
2.731984991820007735e+02
2.635705436864975582e+02
3.750936904919387871e+02
1.114672025210576578e+02
4.150270691978277000e+02
5.789689778351451110e+01
3.880110693031029996e+02
2.108697351156316699e+02
2.998332405470441699e+02
3.280160316856430995e+02
1.659794577123241197e+02
3.904913993716174332e+02
1.568506595081333010e+01
3.894577995525738743e+02
1.483142867317290836e+02
3.264237883266945346e+02
2.767310769415136633e+02
2.127724412197169954e+02
3.585810833321786504e+02
6.837922992776753972e+01
3.816630821825430644e+02
8.698646930060080251e+01
3.435029006161489065e+02
2.226095878809086059e+02
2.513724265062225811e+02
3.205436975178336638e+02
1.212900758366771612e+02
3.654881667448266853e+02
2.959043322207729787e+01
3.513152008381118776e+02
1.670307608141800131e+02
2.814313135732721776e+02
2.775313296636992959e+02
1.681589284029969917e+02
3.417956839301509149e+02
3.229246557710762744e+01
3.503703140589027498e+02
1.113375523269394023e+02
3.029158701415984183e+02
2.308403827912577242e+02
2.081147936720718405e+02
3.116116445559355270e+02
8.237244486563557189e+01
3.412434998188255122e+02
5.706909325609103689e+01
3.159110507771879952e+02
1.817230803406090729e+02
2.406856616469684695e+02
2.760014230281802838e+02
1.286164849267220234e+02
3.246484541015472587e+02
1.282453222596747011e+01
3.206645918907842656e+02
1.314206178911652501e+02
2.656228902408468571e+02
2.360842673418611923e+02
1.692300406763594651e+02
3.014361370827646738e+02
4.851320140976277173e+01
3.175814047390886685e+02
8.126890057792068944e+01
2.827931102548623699e+02
1.929886186427641803e+02
2.035070999606914768e+02
2.724622699452635857e+02
9.341481231076194547e+01
3.071832281631629371e+02
3.315967673186739972e+01
2.923130508462697321e+02
1.478780319349530146e+02
2.310465316230140900e+02
2.387318917926201607e+02
1.340587573266851962e+02
2.901270669290704518e+02
2.040405729821887348e+01
2.943960178589368866e+02
1.019220968359791755e+02
2.516045478771836486e+02
2.012628844762264748e+02
1.694032911022292183e+02
2.671618081552355193e+02
6.205946931044761072e+01
2.894117514021319835e+02
5.643441472313737250e+01
2.651022739760904301e+02
1.611080434116204003e+02
1.988748842620723281e+02
2.391213598043696891e+02
1.021578551215497583e+02
2.778409340847304065e+02
1.552746628299763820e+01
2.716190082707024089e+02
1.193268823335527173e+02
2.221236918938581084e+02
2.069162944075035853e+02
1.380093735039407079e+02
2.603127846613007250e+02
3.445455636868020122e+01
2.713713203686542101e+02
7.705610636578673223e+01
2.389236996951505887e+02
1.714834818807661065e+02
1.688481047818690683e+02
2.375189905295145820e+02
7.322004345288594607e+01
2.647115277647158109e+02
3.580810432364000917e+01
2.492285388122528502e+02
1.338093813140507962e+02
1.941832256974375639e+02
2.102403356939998957e+02
1.090706757748851174e+02
2.521100530737730878e+02
1.315486907500616098e+01
2.531242481061706542e+02
9.490118974817558239e+01
2.137011789964982995e+02
1.793203889996843259e+02
1.407621145248844812e+02
2.341490997223220916e+02
4.708663219148107970e+01
2.508389734987364932e+02
5.589196917112143836e+01
2.272243705779085019e+02
1.456496666102960944e+02
1.676659566692613623e+02
2.114821622766102394e+02
8.239867816957513469e+01
2.427074598262214806e+02
1.924886886850470447e+01
2.347358799035680477e+02
1.101475239365998959e+02
1.893762744584672078e+02
1.848604297913599623e+02
1.144820388777574323e+02
2.291938157124581323e+02
2.413195520703421693e+01
2.363348233292216491e+02
7.378750892806870354e+01
2.056213212109202573e+02
1.550777392482868038e+02
1.425022502381458764e+02
2.108505133923796677e+02
5.789864032940182170e+01
2.322542205303969354e+02
3.780926662284946360e+01
2.162682744214059767e+02
1.229718660004000839e+02
1.659431049479314311e+02
1.883193926019932576e+02
8.992807128675478623e+01
2.228330859894561229e+02
1.047845364894165421e+01
2.213182301535606484e+02
8.941848059018043671e+01
1.844509801471275523e+02
1.623019801461510383e+02
1.186462966156148440e+02
2.085343299498962040e+02
3.564122633187777467e+01
2.208961433634917739e+02
5.539650848609620937e+01
1.977945544928158199e+02
1.335562494017229653e+02
1.433993582837739211e+02
1.898849756957807244e+02
6.706079426914936903e+01
2.152411717855173094e+02
2.262222334655942646e+01
2.058873305018395286e+02
1.028843264487792624e+02
1.637469464496055025e+02
1.675018861700741581e+02
9.607373250863805936e+01
2.047038846010775046e+02
1.657061226594346692e+01
2.087555514494287365e+02
7.113449197226682941e+01
1.793885240566413870e+02
1.420625971788180664e+02
1.217541136744770967e+02
1.897297554124303076e+02
4.589279082112283703e+01
2.065505856786838876e+02
3.935124609758471337e+01
1.901429750100602973e+02
1.142994634347057286e+02
1.435562768275228223e+02
1.708379128267733051e+02
7.478224994757411537e+01
1.995087215657616753e+02
1.159345700008601021e+01
1.959579460126188906e+02
8.496862735628972985e+01
1.611230681033250391e+02
1.486365905517657211e+02
1.010242603301934423e+02
1.880009555663551168e+02
2.667433964648245137e+01
1.968844295662919990e+02
5.492439448933079404e+01
1.741895666665590738e+02
1.237719905631469715e+02
1.239407343428512576e+02
1.724619045812694083e+02
5.480120223015784831e+01
1.930900463759472530e+02
2.547203508720453158e+01
1.826197485510773220e+02
9.694263017961134210e+01
1.430810671660241553e+02
1.534113298756987547e+02
8.124402032552032438e+01
1.848341664779208031e+02
1.148274345250270834e+01
1.863874318083750268e+02
6.888750228810357612e+01
1.581339350091611493e+02
1.314229598588448198e+02
1.049524263906368020e+02
1.725101196154527088e+02
3.624616797116138400e+01
1.855909557990756582e+02
4.053042041762118686e+01
1.688631614559191121e+02
1.071412024580404534e+02
1.253365774350568529e+02
1.565070303399294005e+02
6.248014142346269040e+01
1.803963806504584113e+02
1.420530965728069006e+01
1.751964178277736153e+02
8.123676629260458526e+01
