2.490727366045304336e+02
1.111214568099302795e+02
2.475933641364740083e+02
1.503145628941477980e+02
2.150699688558763398e+02
2.089181172221979068e+02
1.611322010042772490e+02
2.512808136391061851e+02
1.171356947659558472e+02
2.636156257068795412e+02
1.344052297376572369e+02
2.419106220665337617e+02
1.939970357997468966e+02
1.923569294439932946e+02
2.482074517727733109e+02
1.356672542500108989e+02
2.751368863425144013e+02
1.236606774314292920e+02
2.668658545175239283e+02
1.762451614514610299e+02
2.252002715322271627e+02
2.398494880423643849e+02
1.640971021154281857e+02
2.816085130343857372e+02
1.240598745979510085e+02
2.884868253631400989e+02
1.575905619791600714e+02
2.579942013661914757e+02
2.263468859815262988e+02
1.988875305312885757e+02
2.824766639896799916e+02
1.393506921184643659e+02
3.057987905846225090e+02
1.419780568282660624e+02
2.894017971411814187e+02
2.084728775795456670e+02
2.372399248843082660e+02
2.773634659002823923e+02
1.682387375487678582e+02
3.179914068870738220e+02
1.360465570972086198e+02
3.181432293105646636e+02
1.877949971274870791e+02
2.771300411971379276e+02
2.662357368313399775e+02
2.068976006913879075e+02
3.242629305176881189e+02
1.463159341060154190e+02
3.430699897659109183e+02
1.679029277540046792e+02
3.168435083008141646e+02
2.492538762436461752e+02
2.519501193758070769e+02
3.240515042774217136e+02
1.745501385811492980e+02
3.630926805915344175e+02
1.551512098444205776e+02
3.550388943972540119e+02
2.276456429216646882e+02
3.008073952771183031e+02
3.168806765316595033e+02
2.175077910226422944e+02
3.772372735913862130e+02
1.586607195382548241e+02
3.903688199757762618e+02
2.041472258392832941e+02
3.517207918190231339e+02
3.025750828265658470e+02
2.709760579287602127e+02
3.845746747654843603e+02
1.848060924321769960e+02
4.217533147646830685e+02
1.846595536552746353e+02
4.031071614637685911e+02
2.816553142376924370e+02
3.320667752822185435e+02
3.843871263717206261e+02
2.323525155731123562e+02
4.478185435257532276e+02
1.799313957937903297e+02
4.538048459625540545e+02
2.560929192967117274e+02
3.992329261882292144e+02
3.762840741120961070e+02
2.965628430141771901e+02
4.673112029639517573e+02
2.016149855464753671e+02
5.022735136581875963e+02
2.303643021600822749e+02
4.697520891445983580e+02
3.583589505109177367e+02
3.758199741060460610e+02
4.798434122277848246e+02
2.548964900698425140e+02
5.485235109300866725e+02
2.165366938758198216e+02
5.453226303063089517e+02
3.342669690338402688e+02
4.670762041952190771e+02
4.835715876823500707e+02
3.362978424301488758e+02
5.907203370278238026e+02
2.323745254117611978e+02
6.240354029766905342e+02
3.055659524983393567e+02
5.715531786705965942e+02
4.773017897784115462e+02
4.446734816115027797e+02
6.285884223560670989e+02
2.936966344492765870e+02
7.087901168015429221e+02
2.820214119656947105e+02
6.922546018716666367e+02
4.631384988196181212e+02
5.790423729756724924e+02
6.621315246224947941e+02
4.034340734800535415e+02
7.989297682154297036e+02
2.903824359900792729e+02
8.332595765324035710e+02
4.410932749562105073e+02
7.489227554896002630e+02
6.914499338259164460e+02
5.659041199735158898e+02
8.996058332996095714e+02
3.642572456108184156e+02
1.001635757233839627e+03
4.171613169080746957e+02
9.711333104464498547e+02
7.147160689845348998e+02
7.992410986748643609e+02
1.020539936196025565e+03
5.355559181575376897e+02
1.226952001548367434e+03
4.254783844680509333e+02
1.277033223322772074e+03
7.402578100587314793e+02
1.150183966927515485e+03
1.182470891932809309e+03
8.472267096837840654e+02
1.551689791590590403e+03
5.444673936519413928e+02
1.765353633949380992e+03
7.926430586013035509e+02
1.735260649870444695e+03
1.439555841747589966e+03
1.450571714773031772e+03
2.131194324821851296e+03
9.709470222673188573e+02
2.717238421286922403e+03
9.550484763117613056e+02
3.037197387650262954e+03
2.024449927831118657e+03
2.986738459201114438e+03
3.668799502359041071e+03
2.496817767920749247e+03
5.881142763819389984e+03
2.011186053828827426e+03
9.229085606435934096e+03
5.707579384985561774e+03
1.791717399618402487e+04
4.009895917448951514e+04
4.169316795201937202e+04
2.108859849494767695e+04
4.420161567995726728e+03
9.600037618227823259e+03
2.370016229012409894e+03
5.576528597210594853e+03
3.052481157510851972e+03
3.152887430858716471e+03
3.303378975790612913e+03
1.458162334391977993e+03
3.070452374873098506e+03
6.596965944165766587e+02
2.520593265464805881e+03
1.114634191845783562e+03
1.811839124649234918e+03
1.563590655789605762e+03
1.057682004882787624e+03
1.728934919783092937e+03
4.271788118205608384e+02
1.623540234112495227e+03
5.043138016630379070e+02
1.319657634436757462e+03
8.837783478651354017e+02
8.925741160336464191e+02
1.120549790132631642e+03
4.334841096275046652e+02
1.171325113910846312e+03
2.263244217910483087e+02
1.043232067786747848e+03
5.164661640774978650e+02
7.869428067295228857e+02
7.637536389650833826e+02
4.580217487245802204e+02
8.765538017035515850e+02
1.519714722930269488e+02
8.509634648403656456e+02
2.814551838497320659e+02
7.038244150065660278e+02
5.194232518614737728e+02
4.696671499917559913e+02
6.656701417947881509e+02
1.993282559768021827e+02
6.994990992470319497e+02
1.228422811206923626e+02
6.263140838712286040e+02
3.392696152319794010e+02
4.677863637205845180e+02
5.010678661229043200e+02
2.529570166179005923e+02
5.710383762951800009e+02
4.569881540979400114e+01
5.508047438360902106e+02
1.976392074168176975e+02
4.536181414720815610e+02
3.646992623714662614e+02
2.918419542166441261e+02
4.611089407438753938e+02
1.016890001081337260e+02
4.800890688600445060e+02
8.851218378652578167e+01
4.283675499145329013e+02
2.525098315002833544e+02
3.125840854096396129e+02
3.637949593114907429e+02
1.589819535624096147e+02
4.106863434348071564e+02
1.530439563620348054e+01
3.934845471762284888e+02
1.603522640681186715e+02
3.160895657032540953e+02
2.747122540088598726e+02
2.005287253343782368e+02
3.417938180573528939e+02
6.908472517529060042e+01
3.528394280051088572e+02
8.805785541519769311e+01
3.108169606322189793e+02
2.010996269137660306e+02
2.230243764502562840e+02
2.740205399174943750e+02
1.201648458516582565e+02
3.059008238058838174e+02
5.890900567204831617e+01
2.924518022887903044e+02
1.358012541038479810e+02
2.386314866002361725e+02
2.140345454476355940e+02
1.578176924110360915e+02
2.589646238184748199e+02
8.372751498539450665e+01
2.659057918736166357e+02
9.391514748758544329e+01
2.389684320373057744e+02
1.592985307371119177e+02
1.864979116296245536e+02
2.136979836198536304e+02
1.227185689648243141e+02
2.375618663709674934e+02
9.086657197392322871e+01
2.310593379674557184e+02
1.207180563208998336e+02
1.975610618381728045e+02
1.675831869378600345e+02
1.517313932815642659e+02
2.014229702457274982e+02
1.105263151223063716e+02
2.138300219146325389e+02
1.029702592515942143e+02
2.032335579759661357e+02
1.332630806321234616e+02
1.739697572929918294e+02
1.685265400060153524e+02
1.372219413828627239e+02
1.924495028252555073e+02
1.113640657826583151e+02
1.953169429355359625e+02
1.132955942713213204e+02
1.841776861900196423e+02
1.370960271580533743e+02
1.584995369971645403e+02
1.620359084702567429e+02
1.337033439735557181e+02
1.831284140384737498e+02
1.176863927228542650e+02
1.900716721225281560e+02
1.203906611168213061e+02
1.782012743980853884e+02
1.398313722594126034e+02
1.547109008922416820e+02
1.609068162369212587e+02
1.315407622746796221e+02
1.804608278358789164e+02
1.158812165071524731e+02
1.845144690456733656e+02
1.204934377474148732e+02
1.752856367667255313e+02
1.421186949096817784e+02
1.547503860795504522e+02
1.625095735523357803e+02
1.295782803885226429e+02
1.805095811972159936e+02
1.152012722503788495e+02
1.871477102484030297e+02
1.207625636705180625e+02
1.772234961927036068e+02
1.420556840452829590e+02
1.579630079430668275e+02
1.716321273057080532e+02
1.272896338828472551e+02
1.865837296693928238e+02
1.092935630091897394e+02
1.942032953923338141e+02
1.187749385544084220e+02
1.841227737211949602e+02
1.482207997844462852e+02
1.594387739576562808e+02
1.832012074636745069e+02
1.224737547697746578e+02
2.065108313988809812e+02
1.040841586721939791e+02
2.117901148271336638e+02
1.227228544710466593e+02
1.917166677545053517e+02
1.649582169241775489e+02
1.542102549336224797e+02
2.066102396407878246e+02
1.084029347931395222e+02
2.315534496519047707e+02
9.253566438756374168e+01
2.308933980370020436e+02
1.393207468911035676e+02
1.998930487167182832e+02
2.004473754543274708e+02
1.415033687368970732e+02
2.453437486878962659e+02
8.205953751486973147e+01
2.662718608917479628e+02
1.014951436472134958e+02
2.494758477748862617e+02
1.797695835954160373e+02
1.959686228463375812e+02
2.530605409242298265e+02
1.139682778082761985e+02
2.998805757559249514e+02
6.101615280470205249e+01
3.033826350901950377e+02
1.502100326718239671e+02
2.558312024827244784e+02
2.471224607255996659e+02
1.735228944000764670e+02
3.243715357352322144e+02
6.002041626119404327e+01
3.540365296699075088e+02
1.008953374592571492e+02
3.302039084610141231e+02
2.331158999239468415e+02
2.498646497084825739e+02
3.406167307782333182e+02
1.239185536819944531e+02
4.036368052928440875e+02
3.736886273324456198e+01
4.069707945855481626e+02
2.010870687938565879e+02
3.426621023603583467e+02
3.483977190783162428e+02
2.153199394850113606e+02
4.490711512019490783e+02
4.487343030049717640e+01
4.871873871402667646e+02
1.528299841131637038e+02
4.462776977905835452e+02
3.374986749975937528e+02
3.341725051196254412e+02
4.905367511265666280e+02
1.536567821242247192e+02
5.743945336645492716e+02
9.006460411353826601e+01
5.718712454874759032e+02
3.170989375282034075e+02
4.753634179892368365e+02
5.242823316301954719e+02
2.929546696548345039e+02
6.678696448733983289e+02
8.761773442384935606e+01
7.171493748779978432e+02
2.760365220457450164e+02
6.543140433898959145e+02
5.498645096267905501e+02
4.798862778937024132e+02
7.716991149945620236e+02
2.256582497494495954e+02
9.004628923319713749e+02
2.251902796274974037e+02
8.921985474181651625e+02
5.691136642251560716e+02
7.394168662297682886e+02
8.990806923364976910e+02
4.563994497304225320e+02
1.139333974451117228e+03
2.290198079403027691e+02
1.235423788963113566e+03
5.826422100382836788e+02
1.141044057377940817e+03
1.074509616921288170e+03
8.480222140121001075e+02
1.513746999647006305e+03
4.431430744454921751e+02
1.796162683248710437e+03
6.113846172739260965e+02
1.869070587436169035e+03
1.376678623359113772e+03
1.634803105845822984e+03
2.247177134706417746e+03
1.105732922955477534e+03
3.068986828527275975e+03
8.502853713388915367e+02
3.702624698598739997e+03
2.190119826683500833e+03
4.122580156602844909e+03
4.777495948404224691e+03
4.013809720874594404e+03
9.547428034528018543e+03
3.953423624439508330e+03
2.607898294632697798e+04
4.271702661014894693e+04
3.570661140946102387e+04
1.229493733738430456e+04
7.691635051783029667e+03
7.753131555493395354e+03
2.610528256386851808e+03
5.656677910756058736e+03
1.475747588190316719e+03
4.046411115814063123e+03
2.134461502667209061e+03
2.609488797807799983e+03
2.529261416301825648e+03
1.408631639408338287e+03
2.537809577783885288e+03
7.282446822593118441e+02
2.234158006772822773e+03
9.602765470959188860e+02
1.732193845861911313e+03
1.377559766052015448e+03
1.125031608546396910e+03
1.584862834285399458e+03
6.081722151253488846e+02
1.563214574098874209e+03
5.492264315609101004e+02
1.336929547718279991e+03
8.560771270575984317e+02
9.825751827834546930e+02
1.101954205676368929e+03
5.927276535285684531e+02
1.184253566683421013e+03
3.881055467971818302e+02
1.099561321829504323e+03
5.642916362256047478e+02
8.829514483447461544e+02
7.966466853120545011e+02
5.947299569716349197e+02
9.276384855840882437e+02
3.517292204776190374e+02
9.271882189469421292e+02
3.839543998732605701e+02
8.042883872586754705e+02
5.846648046547257991e+02
5.933962197367966382e+02
7.374524479683931304e+02
3.652125410977184856e+02
7.885879286511222972e+02
2.860039452806245777e+02
7.309467457496352836e+02
4.272702690541424886e+02
5.848755402186236552e+02
5.857392184740401717e+02
3.904516747322143715e+02
6.691004410654309140e+02
2.535599773828407706e+02
6.635129561093399388e+02
3.140822249651616858e+02
5.695857758672777891e+02
4.612313223119897998e+02
4.156290116221156836e+02
5.672068696004799904e+02
2.610949117921642255e+02
5.965571734252448550e+02
2.395716168908873840e+02
5.457825388900821508e+02
3.581220232643424310e+02
4.301164183215452681e+02
4.737266450719041586e+02
2.863050045981693188e+02
5.311564004888260797e+02
2.041899803704077954e+02
5.161559330400807539e+02
2.751916517833294620e+02
4.358037721676810747e+02
3.898830156849482478e+02
3.127007523346501330e+02
4.668660582907867251e+02
2.029832967542701567e+02
4.814081293305837335e+02
2.143021018507467090e+02
4.316898677891943521e+02
3.144726250082097749e+02
3.344304078042259221e+02
4.035358394890106979e+02
2.218512119361509178e+02
4.420433544936824433e+02
1.779017696153060513e+02
4.217628980266928806e+02
2.506151161864766834e+02
3.487817847769493937e+02
3.430253112874253247e+02
2.462993875657956835e+02
3.997686568468055270e+02
1.686014772123380396e+02
4.038139976949531160e+02
1.985844386491953344e+02
3.555695370440304259e+02
2.860077323390848960e+02
2.690413966800909407e+02
3.552149924516753003e+02
1.793077418930683393e+02
3.799530104694799206e+02
1.629593749806047072e+02
3.547171689794292320e+02
2.338133204908764924e+02
2.869824806890306945e+02
3.097022142296128777e+02
1.994781945865282182e+02
3.512621163475781145e+02
1.472384991865708912e+02
3.470128604691327610e+02
1.888668602396835468e+02
2.987290131022671176e+02
2.645611271233867683e+02
2.211437481604449999e+02
3.189334512333367684e+02
1.503829672668251760e+02
3.330626650368853348e+02
1.543855321819102642e+02
3.039826510058707072e+02
2.214297287619059773e+02
2.401929776562293739e+02
2.840081674393495064e+02
1.652799521113013270e+02
3.138304726277496570e+02
1.343802472066115001e+02
3.028594740678313997e+02
1.822275381990305618e+02
2.546092458504946308e+02
2.477499366968661718e+02
1.845638589407925281e+02
2.902510720960348181e+02
1.305822047376027797e+02
2.957500334273711928e+02
1.496362308206252578e+02
2.637167125628877216e+02
2.117131198011815343e+02
2.032190772497730507e+02
2.631272496117125570e+02
1.398746316432491028e+02
2.834276656131102641e+02
1.270848003641833230e+02
2.670478056732470691e+02
1.773225491175460888e+02
2.190480001694269845e+02
2.339125382576332868e+02
1.559311408388659572e+02
2.665301356721155344e+02
1.175724117883659687e+02
2.649098281125006338e+02
1.469788373514640512e+02
2.303085015999500058e+02
2.034256014623676379e+02
1.734716933712015248e+02
2.456424219889721883e+02
1.211935884602079767e+02
2.577632233794113858e+02
1.232896090979350987e+02
2.369609281887109375e+02
1.733236842489561127e+02
1.895716270488217958e+02
2.219840429284037384e+02
1.332396519693503762e+02
2.460762344325393371e+02
1.095790367288469724e+02
2.386945434124830001e+02
1.454949392979023344e+02
2.023641518693706871e+02
1.964996040284281378e+02
1.488425184754003681e+02
2.302852495962634407e+02
1.076708682955961365e+02
2.355216929274609754e+02
1.218458790895193857e+02
2.111851550183733650e+02
1.702060146258201030e+02
1.645084767902873466e+02
2.112828381117241747e+02
1.154002042836583541e+02
2.279775188759181219e+02
1.053999078708307167e+02
2.156939372349507948e+02
1.447250939634786278e+02
1.781011204418506395e+02
1.899300490527930663e+02
1.285033173945369640e+02
2.163902320409098650e+02
9.868012627950268723e+01
2.157888230437167749e+02
1.217581921485582086e+02
1.885374248574807723e+02
1.671744700197388624e+02
1.431690410238630591e+02
2.014202772465069984e+02
1.017731148686805227e+02
2.116529057191291088e+02
1.037146636127856851e+02
1.952046754009009248e+02
1.441674694987420935e+02
1.569291656638313555e+02
1.837400043882555849e+02
1.117422988040573273e+02
2.036148182964359137e+02
9.324493160805921832e+01
1.978862934151248396e+02
1.223984037990490492e+02
1.683554574571118962e+02
1.641466803879521308e+02
1.248633247362663781e+02
1.920966500739096432e+02
9.183137111518726670e+01
1.966388467755289753e+02
1.037672645621713343e+02
1.766588124572857623e+02
1.436265698029080511e+02
1.382758023777594474e+02
1.776681069593992675e+02
9.822816665358497801e+01
1.916056995421983800e+02
9.063950822337629631e+01
1.814403141383000104e+02
1.233351976450780114e+02
1.502427831370172271e+02
1.609952474323106344e+02
1.092376885149914187e+02
1.831216473533828548e+02
8.518438181042009205e+01
1.825998317389593240e+02
1.048214826354966078e+02
1.597332380160147238e+02
1.428780663393843042e+02
1.218089580477501812e+02
1.716270268995918400e+02
8.770595056414545354e+01
1.801701625713756130e+02
9.008587543770644857e+01
1.661838050401811131e+02
1.242694219265526101e+02
1.338657660323080165e+02
1.576469327190068555e+02
9.607706920985533827e+01
1.743658772123440315e+02
8.135576132741016409e+01
1.693461757920663331e+02
1.064217612226672003e+02
1.441429364728061842e+02
1.418444024415174738e+02
1.073233249340534314e+02
1.655029189546173427e+02
8.001939099970883262e+01
1.691583182701695307e+02
9.092627676034140904e+01
1.518984304831944030e+02
1.250218878390908230e+02
1.190614725417769648e+02
1.540195250735810362e+02
8.530277179504447815e+01
1.657197376146949352e+02
7.981404450068687595e+01
1.567286289079891617e+02
1.081720418471768852e+02
1.297512440860456593e+02
1.404448650293848573e+02
9.471376207978771333e+01
1.592440740895214333e+02
7.497562257865641300e+01
1.584805440899711186e+02
9.259239615672289858e+01
1.384669344856633018e+02
1.254501254206532792e+02
1.057025898708688061e+02
1.500720049865915087e+02
7.688644508618516227e+01
1.571353673178993233e+02
7.997857605070859677e+01
1.446646023911221164e+02
1.098411163761281983e+02
1.164531546079919053e+02
1.386339254694945851e+02
8.396281711078353283e+01
1.528270960242127217e+02
7.227078262578041290e+01
1.480654195714134573e+02
9.466712179905428570e+01
1.258118289050598833e+02
1.254701432386625726e+02
9.375543079564806703e+01
1.457944604713356114e+02
7.079940160002632865e+01
1.485716377284132932e+02
8.130077925080502155e+01
1.330920931016931377e+02
1.112569685900761129e+02
1.041905381812754854e+02
1.363831126892219459e+02
7.511965055481168463e+01
1.462211178600751680e+02
7.149094339779624363e+01
1.378885856830101204e+02
9.683718154222610508e+01
1.138858303911112415e+02
1.250305599964525527e+02
8.324638157448136155e+01
1.411727879523294007e+02
6.693696211290341580e+01
1.400158301658598248e+02
8.332121082461745232e+01
1.219727522020080528e+02
1.122949679708710278e+02
9.298214753272073096e+01
1.336829988877240112e+02
6.824319156093577021e+01
1.394281169541133920e+02
7.216618917739430117e+01
1.279317790554189429e+02
9.886921976593825434e+01
1.026992802123778432e+02
1.241120598056505315e+02
7.422819911798772807e+01
1.362026101124673971e+02
6.508519471304330750e+01
1.314648323459979622e+02
8.564953243055634857e+01
1.113124551036273431e+02
1.128919357664478724e+02
8.285757637525236419e+01
1.305242190356544540e+02
6.336457589941107216e+01
1.324655095023167917e+02
7.381725376171696951e+01
1.181914056149506393e+02
1.006198987952300001e+02
9.225097759894100591e+01
1.226697109884311772e+02
6.683598942901157614e+01
1.309182438120100471e+02
6.489633885118610124e+01
1.229328076449329217e+02
8.801167330489016649e+01
1.011428148825114306e+02
1.130028335829005499e+02
7.388978625796757171e+01
1.269373435044070959e+02
6.044305081675890534e+01
1.253324984158184918e+02
7.602295609307662971e+01
1.087152783642765712e+02
1.019943908414914802e+02
8.259907806389047380e+01
1.207165948200026975e+02
6.118004938320299146e+01
1.253295518702717573e+02
6.588011877269696015e+01
1.145142942733316715e+02
9.026020672843274895e+01
9.142416722729200274e+01
1.126521260722094979e+02
6.618274001596972766e+01
1.229067839976861194e+02
5.928212203250545542e+01
1.180678246686486688e+02
7.850845001836214010e+01
9.947158717650536630e+01
1.029144157688899099e+02
7.383745401087986693e+01
1.182939683055895728e+02
5.724989659433105516e+01
1.194385146846836960e+02
6.783375575489868936e+01
1.060172041418333464e+02
9.215399738860949697e+01
8.236678470979875044e+01
1.116602872934241617e+02
5.995076688182434310e+01
1.185193704497887239e+02
5.954573865284952205e+01
1.107000569392222360e+02
8.096475090635178162e+01
9.058850102625960687e+01
1.033212668369901763e+02
6.607949882010677811e+01
1.153873729640846193e+02
5.508053601676726885e+01
1.133044806584528033e+02
7.017230699923356951e+01
9.772451904224018904e+01
9.368159648375396387e+01
7.391556483582091630e+01
1.102048389880528561e+02
5.524247976979041397e+01
1.137368683114598156e+02
6.088476289198530367e+01
1.032858419786547728e+02
8.324718091277969734e+01
8.207086584598891932e+01
1.032210298188917363e+02
5.946238094023222231e+01
1.120172306934205722e+02
5.446493466106323922e+01
1.069690995067172423e+02
7.270229965913438264e+01
8.958112207472562716e+01
9.474925482051320103e+01
6.623925609522552804e+01
1.082422459063165547e+02
5.212968603550062596e+01
1.086295107414893693e+02
6.293752189941660902e+01
9.583811552749922669e+01
8.522089797806064837e+01
7.402244147672729468e+01
1.025925559369330529e+02
5.413167715748712538e+01
1.082168186660459384e+02
5.512736625879787766e+01
1.004613871743885198e+02
7.518049961808317505e+01
8.167374842060637263e+01
9.533095004919181292e+01
5.944739521338156862e+01
1.057748621205596180e+02
5.060016858061771927e+01
1.032306324915215896e+02
6.534171072213180764e+01
8.845007871163467428e+01
8.681181387679207262e+01
6.652312080678444772e+01
1.014490931464928991e+02
5.022141807149823478e+01
1.040268907943211900e+02
5.670423265429607795e+01
9.383950991952563925e+01
7.746686584467610714e+01
7.406396578603512637e+01
9.540736353877774434e+01
5.369376399508121978e+01
1.028561316758119233e+02
5.045882102646967127e+01
9.757332849792116747e+01
6.789304717191028260e+01
8.113638694036359311e+01
8.794865305189006222e+01
5.971321351657940824e+01
9.978347867077957289e+01
4.780359684869599590e+01
9.947852163236220235e+01
5.886666861917668570e+01
8.714762566067392413e+01
7.943747449539092997e+01
6.684800263343063875e+01
9.496123674638067769e+01
4.914667675963881521e+01
9.949147617885010675e+01
5.143430156288460608e+01
9.171054520177247582e+01
7.034851046009123365e+01
7.400929215270109296e+01
8.860923347288010632e+01
5.372391888725240250e+01
9.763277864420660990e+01
4.681546982933987522e+01
9.461675631714716417e+01
6.132126727179365844e+01
8.045205629712796735e+01
8.102234911766893788e+01
6.013078380040367676e+01
9.400286077489569436e+01
4.593692847209902652e+01
9.572535577016509478e+01
5.319639322080807631e+01
8.571032131371268292e+01
7.259565071968350480e+01
6.712726795432111260e+01
8.876912713857547033e+01
4.870875590764114094e+01
9.501937745416734060e+01
4.707881992211997613e+01
8.948166070392109361e+01
6.384008912319257689e+01
7.381633819512113348e+01
8.216994941597779700e+01
5.403929709851301766e+01
9.254576727839996408e+01
4.411176489839238002e+01
9.159414113745282293e+01
5.543750838322178964e+01
7.961212342912540407e+01
7.452675625048598818e+01
6.059233054660935380e+01
8.842920469935279471e+01
4.484315642338174257e+01
9.196745239534227778e+01
4.831791377750398198e+01
8.412848600672666066e+01
6.625313827512285059e+01
6.731319663391761310e+01
8.284891603285335293e+01
4.872785446624116190e+01
9.060743723258818250e+01
4.359967348519339936e+01
8.713937852952358298e+01
5.790399246112703935e+01
7.347618233550379330e+01
7.606981204011822228e+01
5.452431090939394664e+01
8.758646525922324599e+01
4.224591377537775827e+01
8.851383332103640100e+01
5.022661101233267544e+01
7.860953264446493449e+01
6.843117208099002369e+01
6.103432237084432188e+01
8.304511467019462145e+01
4.436051969368029546e+01
8.820927274240060001e+01
4.421085619560010826e+01
8.240893224373039061e+01
6.038220940830841243e+01
6.738022669007207810e+01
7.718408879903458342e+01
4.905718067829755569e+01
8.625653999294391383e+01
4.094735687223494836e+01
8.469970666990414543e+01
5.251871429893274978e+01
7.298080198935261365e+01
7.029008816219742073e+01
5.507830849803550421e+01
8.274818227619077504e+01
4.110034150259556185e+01
8.538786625514057960e+01
4.566777809141244404e+01
7.745433459164445367e+01
6.272204986668750593e+01
6.140371811416981984e+01
7.784597996169559053e+01
4.433672716830785276e+01
8.446000298303242459e+01
4.085486761375694442e+01
8.056312111963248412e+01
5.496738662053846269e+01
6.731158094166133310e+01
7.177138583690641838e+01
4.956227396944511554e+01
8.196827414064503614e+01
3.905609529537404256e+01
8.217140091126341872e+01
4.767865899392910478e+01
7.233619084207788319e+01
6.482534623334190371e+01
5.562139293292378284e+01
7.804070347674927177e+01
4.054389204748014919e+01
8.221646952706878153e+01
4.176192652004982619e+01
7.615073002615832820e+01
5.739363768384860265e+01
6.166019862989073630e+01
7.282695633722951811e+01
4.463480040772722646e+01
8.071957790309667757e+01
3.822397769468901174e+01
7.859526185807025911e+01
5.001142926897957608e+01
6.708599048279899080e+01
6.659176710028296498e+01
5.016445073358520546e+01
7.775102357839035960e+01
3.783215845533734267e+01
7.955797884090323180e+01
4.339954725948022940e+01
7.151863939608379894e+01
5.964944281835266793e+01
5.612398379355841627e+01
7.344383847762054529e+01
