2.096195652332442023e+02
1.087106191704749136e+02
1.862729279246121052e+02
1.606831213638846805e+02
1.410891318329132389e+02
2.020942762943247715e+02
9.453819705172807630e+01
2.185908720348793963e+02
9.552861098357560365e+01
2.056154264617480862e+02
1.452262918575590049e+02
1.662996959766099678e+02
1.951443865414448737e+02
1.142814649449356352e+02
2.234664833043788406e+02
8.959711398146680494e+01
2.221007500579397629e+02
1.281376339456835183e+02
1.911812259218577879e+02
1.840606216780180944e+02
1.394808394492402499e+02
2.238640307830931704e+02
9.512401659829586720e+01
2.351454815174724047e+02
1.118824636212587222e+02
2.144956227397326813e+02
1.691404132444729385e+02
1.675763636195179345e+02
2.198736560417764849e+02
1.123664588820932551e+02
2.440427275534628677e+02
1.004729192454405506e+02
2.355297745614356870e+02
1.517445361960249670e+02
1.960567375070864671e+02
2.108646163090741084e+02
1.378955707990930364e+02
2.482386303141684039e+02
9.944615629584596661e+01
2.532979254908539701e+02
1.332971228635769023e+02
2.240590765236408117e+02
1.974732088460932857e+02
1.683625087680158572e+02
2.476357273219462911e+02
1.122353289647905257e+02
2.670357099159995187e+02
1.171994260786336355e+02
2.501981749570343538e+02
1.802245293800989998e+02
2.010950375858837731e+02
2.417814373608129586e+02
1.369762204843513302e+02
2.761455461860206810e+02
1.092595987530950623e+02
2.737249460477167986e+02
1.605180522833913130e+02
2.343406978348149892e+02
2.307555600753203180e+02
1.695941367082996862e+02
2.801387906796700236e+02
1.155783026215894012e+02
2.934376792726180270e+02
1.408425991806529964e+02
2.668430978123973318e+02
2.147834953547862824e+02
2.068132954326078163e+02
2.784691944811635267e+02
1.376160327603980704e+02
3.089160305452417674e+02
1.263811648484989689e+02
2.974761106173244798e+02
1.948957337815529058e+02
2.464314413671865793e+02
2.711733212787987668e+02
1.717662087834732176e+02
3.191829941739642322e+02
1.247073610757483522e+02
3.250299131299108240e+02
1.729415924390425516e+02
2.868120018201349239e+02
2.579317002611394969e+02
2.139863348696328273e+02
3.236901554995904462e+02
1.415687342153455575e+02
3.488984664002705358e+02
1.531287529633785311e+02
3.265294027674743234e+02
2.392430423585734900e+02
2.613767325862135067e+02
3.219071627663437312e+02
1.762699174457328013e+02
3.681966916373822869e+02
1.430149291313752258e+02
3.647848237339879915e+02
2.165269854431923875e+02
3.120889647164927396e+02
3.137440783167108975e+02
2.238628193161912918e+02
3.818173902657666758e+02
1.522156557618582724e+02
4.005070411304495792e+02
1.927531087899623117e+02
3.645427670424484745e+02
2.988162903243209030e+02
2.818642738579665661e+02
3.898006972111601272e+02
1.849093555280389864e+02
4.328810636672282044e+02
1.750258817379301775e+02
4.182934604156146179e+02
2.780470602077609783e+02
3.459165217941763899e+02
3.898135713892437479e+02
2.393723150010931136e+02
4.615413952633316512e+02
1.747081001788465358e+02
4.726394700130465480e+02
2.529117905602109886e+02
4.175271309438036269e+02
3.835665539939852806e+02
3.103322565078035495e+02
4.857672539328656853e+02
2.029851061842198305e+02
5.261765286861633513e+02
2.287852532848290537e+02
4.954785229349377005e+02
3.697838042838541242e+02
3.961120575806223769e+02
5.035449766546670958e+02
2.642719516662563706e+02
5.806630454649567810e+02
2.173692211809308503e+02
5.804140267613042852e+02
3.493609749563328251e+02
4.970938857918517328e+02
5.129993583695085135e+02
3.588159369917532899e+02
6.368134040444742823e+02
2.395932418512083473e+02
6.773060162426083934e+02
3.248639216990245018e+02
6.231017770839014247e+02
5.216566279263865908e+02
4.827492171005999921e+02
6.953157581819295956e+02
3.155224446952263975e+02
7.891583853959640464e+02
3.099856554890000666e+02
7.767430007979659194e+02
5.223531969822040537e+02
6.554308419628690672e+02
7.608632292221730040e+02
4.566350494705354777e+02
9.315301859402833315e+02
3.283687578978613146e+02
9.851716005451432920e+02
5.270807383161871940e+02
8.967644849886729617e+02
8.466315960335393811e+02
6.866363366597884124e+02
1.129266257413219137e+03
4.475906951398799833e+02
1.290799548439876844e+03
5.499595524829152282e+02
1.280972216390876611e+03
9.769391568887705262e+02
1.091606833099491269e+03
1.454196238290518522e+03
7.606648118286880162e+02
1.842060176807265634e+03
6.610246191915819054e+02
2.045569784400781600e+03
1.265050464583303665e+03
1.987952076912331904e+03
2.216734081279611928e+03
1.614165023040840197e+03
3.277932979022006293e+03
1.225323165859115306e+03
4.460985713565288279e+03
2.358396856361146547e+03
6.025908129252193248e+03
6.588118281925791052e+03
9.080589322374498806e+03
2.739783433340607371e+04
3.365345331512347911e+04
2.131284602825293041e+04
3.814664627788317830e+03
7.393415108640376275e+03
3.522547524273522413e+03
3.662129925680237193e+03
3.427668066607923720e+03
1.634016286340053739e+03
2.967531446925735509e+03
7.649148389144344264e+02
2.334240386159945956e+03
1.024805104331699340e+03
1.658227270958373310e+03
1.358714302579062633e+03
9.798854761993409284e+02
1.461659452114151691e+03
4.654315849068851776e+02
1.366663819813134978e+03
4.596170873255103402e+02
1.098593000275041959e+03
7.259614140369781126e+02
7.489006126492096200e+02
8.936509455414345666e+02
3.971624957585610787e+02
9.196205127102196002e+02
2.359862885059641542e+02
8.151862623184633776e+02
4.152970144009339037e+02
6.109358459326585944e+02
5.819784192700539052e+02
3.698738550774153282e+02
6.525614888939381899e+02
1.670795200422505786e+02
6.268297860387415312e+02
2.295134218486812756e+02
5.134447924086516650e+02
3.787402533260522546e+02
3.478244901677004464e+02
4.726516701097368696e+02
1.683545922801459085e+02
4.894188314435988332e+02
1.192849191745568476e+02
4.305089254704912491e+02
2.377968637154052942e+02
3.219389859482892007e+02
3.368113791663320171e+02
1.827641417655558200e+02
3.764893096948861739e+02
6.930652994671859801e+01
3.614418065100585409e+02
1.352708641203276727e+02
2.945400093219079736e+02
2.332381019616149445e+02
1.897673194224659596e+02
2.883740940834736080e+02
7.638214284212538985e+01
2.938472823172002677e+02
6.307407332114986076e+01
2.559539417387318565e+02
1.461359952876718467e+02
1.892985131879248399e+02
2.082786557039170816e+02
9.958905792920266720e+01
2.314816832526338430e+02
1.902684192088497639e+01
2.228452582143906682e+02
8.130823091012996429e+01
1.779164155337255693e+02
1.405725318991120503e+02
1.171896749675392186e+02
1.768448628118544264e+02
4.331770353861050182e+01
1.812905941329133839e+02
2.387204939323791564e+01
1.656655081271323411e+02
8.701314231206455929e+01
1.221970889708596815e+02
1.263213729249636970e+02
6.842181338829988135e+01
1.427150349515570724e+02
1.524868052696698051e+01
1.397437138844341007e+02
3.786599299740094438e+01
1.198145329266107098e+02
7.832206063835549514e+01
8.519398380786650193e+01
1.030965187025267369e+02
4.661095847970914008e+01
1.152837175771468310e+02
1.208548739878240141e+01
1.101534322087583178e+02
3.776212173321346910e+01
9.382991364768753328e+01
6.891797548497649473e+01
6.582051461231907297e+01
8.707240709503390974e+01
3.475059616999564582e+01
9.233316651005287667e+01
1.327573836018495967e+01
9.317314332015152445e+01
3.481983640644813249e+01
7.683019948232139029e+01
5.693560969260309435e+01
5.724959802288514510e+01
7.622411636127198165e+01
3.055401503285899523e+01
8.133729337556238193e+01
7.566436300569844065e+00
7.763358155862873389e+01
2.700587919176175689e+01
6.913938539243477521e+01
4.959965464559785175e+01
5.064054054811003169e+01
6.579613987042648660e+01
2.780027082902299185e+01
7.286096581849827203e+01
2.175930762833503174e+00
7.224553026651865650e+01
2.173403488017017438e+01
6.521699332435512986e+01
4.471888158687966808e+01
4.804044374740633572e+01
5.710598531536021483e+01
3.281044169985123915e+01
7.058673190979583012e+01
1.015762841709493536e+01
7.486024100151631444e+01
1.964299899709635966e+01
7.110387237396403748e+01
4.599648154866412142e+01
5.315538762983523924e+01
6.162899760638175195e+01
3.677493396667006920e+01
7.543366155776459436e+01
2.221931692670007408e+01
8.219065776408049828e+01
2.868861316235310355e+01
7.554091015464231873e+01
4.990534153729578293e+01
6.687374457987085918e+01
7.340805794927450734e+01
5.008376045692108391e+01
8.857030791343164822e+01
3.579263677109533859e+01
9.647652226516783003e+01
4.409486305475329715e+01
9.174300536961865760e+01
6.617820424788459377e+01
8.185775410010403164e+01
9.413180617377793169e+01
6.517198592354009179e+01
1.083140836338328938e+02
5.613833765337612647e+01
1.191131664991223005e+02
6.629796749102185061e+01
1.136828942123198232e+02
9.265016540428200642e+01
1.022919329448322401e+02
1.204321331233759338e+02
8.133694164233399704e+01
1.394005982929755589e+02
7.682114091265013656e+01
1.463491542340740352e+02
9.464014311427403925e+01
1.401919616091300327e+02
1.269488667920033862e+02
1.198089959407828076e+02
1.576702901590269335e+02
1.005952981919557914e+02
1.766819452698624389e+02
1.030543222241757775e+02
1.778679995037404922e+02
1.309491457684612215e+02
1.636508472231294604e+02
1.709682196834991714e+02
1.375143277229741159e+02
2.033345381009469577e+02
1.206133313226835639e+02
2.164468280710328258e+02
1.368525267015116640e+02
2.098665214883717738e+02
1.806353248369886728e+02
1.839807908846898954e+02
2.253698350653544651e+02
1.544011930476816019e+02
2.535719589920216492e+02
1.487368493305991990e+02
2.605463380384920242e+02
1.872479429497355454e+02
2.385277823995012909e+02
2.430408186731818034e+02
1.993327596435599673e+02
2.902761142709381943e+02
1.737005296235715548e+02
3.102520789860880654e+02
1.954823304224814251e+02
2.999722254133027945e+02
2.576859064905680157e+02
2.602743630656164555e+02
3.220435945578687438e+02
2.163955326300680042e+02
3.624155846937114234e+02
2.122438829735306740e+02
3.692189476563139010e+02
2.702014139333115850e+02
3.360245692712146024e+02
3.501702289243928590e+02
2.822012796254791169e+02
4.180256729529453992e+02
2.456702471465805786e+02
4.473035968176597521e+02
2.859556894901110127e+02
4.286243123336283816e+02
3.784725142257703965e+02
3.703214310793792947e+02
4.739448428930438695e+02
3.088407796191070247e+02
5.364168224760652492e+02
3.117833571615212804e+02
5.403019892746792721e+02
4.083873313829410563e+02
4.900788480270815057e+02
5.362786767582852008e+02
4.055990847859202972e+02
6.362184994146978170e+02
3.669250576574862635e+02
6.780195534749008175e+02
4.464357589126972243e+02
6.508309079522035745e+02
6.056267172677272583e+02
5.595990061853880206e+02
7.615485630502121239e+02
4.738766367004940889e+02
8.610487504351698362e+02
5.105814843177668081e+02
8.720007669884331563e+02
6.969579057630382977e+02
7.909540735340402762e+02
9.259026891412370333e+02
6.703648239901560828e+02
1.117354634937599712e+03
6.413303644127399821e+02
1.205690329317189935e+03
8.387646523234910774e+02
1.167166179702410318e+03
1.178198663654664188e+03
1.030201320089289311e+03
1.518225772327163668e+03
9.289734946073676838e+02
1.778978389336150030e+03
1.110436000117337244e+03
1.880228503442024248e+03
1.648259736639350876e+03
1.801768882488204554e+03
2.352370702534013617e+03
1.652000499660043033e+03
3.079141830543012020e+03
1.886280644648536963e+03
3.721414433613891106e+03
2.984646467540737831e+03
4.247613501437560444e+03
5.218786748486541001e+03
4.969406729675413771e+03
9.704365822994677728e+03
7.787910566423801356e+03
2.446367749565457416e+04
3.949640017590149364e+04
3.421876490794432175e+04
1.445423178617553458e+04
8.558429101054047351e+03
8.257147078631436671e+03
3.947931267299192314e+03
5.810701095124331005e+03
2.790261673845682708e+03
4.107007107911750609e+03
2.747849118528980398e+03
2.747635948314862617e+03
2.791577165314738068e+03
1.778367420174979543e+03
2.641442307278591670e+03
1.322395703213109755e+03
2.268730357386840751e+03
1.392405834990753419e+03
1.770935262640273322e+03
1.593595195813013333e+03
1.260153445351159007e+03
1.684252418349251457e+03
9.023353611268240684e+02
1.591690948815919000e+03
8.780462775233291950e+02
1.352875637635251906e+03
1.057333399401174120e+03
1.026737566955837792e+03
1.200206569434119501e+03
7.323403133090339452e+02
1.219489374783176117e+03
6.308337251646817094e+02
1.107874731627895244e+03
7.487068591351154510e+02
8.973307003884200412e+02
9.010865985883367557e+02
6.555179596120199221e+02
9.740698530560135850e+02
5.081469494934883073e+02
9.401482591668277564e+02
5.544086936069389822e+02
8.062527116188175569e+02
6.926241141164757664e+02
6.176339439158501818e+02
7.948179146399372712e+02
4.535410787042984566e+02
8.102535924411190535e+02
4.313689616304277479e+02
7.351585024770533892e+02
5.400280152725316611e+02
5.911822231226725535e+02
6.523254386172691284e+02
4.347242605183777187e+02
7.024056424900037428e+02
3.609846991671886371e+02
6.717682067203504630e+02
4.251376497244587540e+02
5.702337773437695887e+02
5.356295562505082444e+02
4.315481754422952463e+02
6.080976437653081348e+02
3.271965295074303981e+02
6.125044841022779565e+02
3.417424335200756218e+02
5.474439577973505493e+02
4.379859283503932375e+02
4.340683012353859453e+02
5.238314864920464515e+02
3.192783398389540253e+02
5.553123541742949101e+02
2.866114962353427700e+02
5.222877390361662719e+02
3.573661445307166105e+02
4.349242549575467933e+02
4.471818183971565759e+02
3.252470679102256099e+02
4.991880692929051975e+02
2.577759533762859974e+02
4.935439152050444704e+02
2.928058102260532110e+02
4.320429269586952046e+02
3.774753099083396251e+02
3.357692918203093768e+02
4.436377865881267439e+02
2.498900880144364862e+02
4.611974001375442640e+02
2.451286975263817851e+02
4.247662678291820839e+02
3.159028217515876236e+02
3.460777736219255303e+02
3.896656163748145900e+02
2.560675170048641576e+02
4.258765136606982082e+02
2.162280809358779265e+02
4.121595771816982960e+02
2.629021714032090813e+02
3.528669172680102974e+02
3.375332686232407013e+02
2.686317202403440660e+02
3.879830319125325104e+02
2.052597898132194416e+02
3.944640298342015967e+02
2.204167096809277950e+02
3.549150314987182924e+02
2.882960173809144635e+02
2.823297987583216582e+02
3.483931005518731467e+02
2.083854669962771879e+02
3.722697931409637135e+02
1.909046968927270029e+02
3.518441307851715578e+02
2.435594129573854332e+02
2.938116357684976947e+02
3.081490379950387819e+02
2.197721594713108288e+02
3.460376094494053518e+02
1.759985064689284968e+02
3.434978175571724819e+02
2.051000061051962007e+02
3.014390934564928557e+02
2.681850767294264983e+02
2.340450529879356338e+02
3.167094824924116097e+02
1.747130203050482180e+02
3.301655071466249751e+02
1.754418648423961145e+02
3.044544107411374512e+02
2.300084432347362338e+02
2.477555463278552565e+02
2.851919680925375360e+02
1.830972248557714011e+02
3.124133513836045495e+02
1.570698511265933917e+02
3.025127091407590569e+02
1.952708492395975384e+02
2.586721929347500577e+02
2.525057507011526923e+02
1.962983260978274700e+02
2.908351014327984103e+02
1.509787108621284801e+02
2.956802319579171012e+02
1.662233326274375429e+02
2.657099286303391636e+02
2.198803093494915686e+02
2.105624466526740832e+02
2.662356620342047790e+02
1.553367217639199396e+02
2.842731049154483003e+02
1.453127605793523287e+02
2.682535484300838675e+02
1.886885178132668273e+02
2.232713131887789189e+02
2.395235351206667644e+02
1.662633130403037285e+02
2.687488403788433402e+02
1.347383298469289343e+02
2.662302869503926672e+02
1.608511122467708390e+02
2.328341481801789712e+02
2.114441125576864238e+02
1.800190202665169750e+02
2.498743046739396334e+02
1.346447121735664609e+02
2.599117066316047726e+02
1.386561986321191284e+02
2.389067479761263826e+02
1.839522043911117066e+02
1.933532843133199037e+02
2.281284512752715443e+02
1.424290825359544499e+02
2.493337020721311035e+02
1.244368793117848639e+02
2.406544373086996416e+02
1.578694213957267891e+02
2.047254558066201469e+02
2.045587956033697878e+02
1.545114812080957449e+02
2.350835436107540772e+02
1.197057421424017463e+02
2.381994918717042822e+02
1.353055879817869709e+02
2.130255964374545670e+02
1.801601998179881718e+02
1.677595646412293888e+02
2.177459403563546232e+02
1.236441454135136979e+02
2.316876785808146906e+02
1.185372393160274385e+02
2.176611763212981714e+02
1.561157772232215564e+02
1.800427529897537227e+02
1.980411381839679734e+02
1.334005182969980581e+02
2.214606163199045170e+02
1.096988659740284078e+02
2.184497295675247983e+02
1.340368558837661226e+02
1.899838828476546553e+02
1.767607137892375704e+02
1.457522171717182289e+02
2.079532852478950531e+02
1.094211337603313439e+02
2.153663321201609619e+02
1.158161378238506956e+02
1.968537420853206186e+02
1.549963733118047458e+02
1.582271479560667728e+02
1.917205344808716632e+02
1.161136467698703854e+02
2.085977241890748815e+02
1.036910169485873183e+02
2.002455096495857276e+02
1.339522432400260072e+02
1.692233595903360026e+02
1.734679120798119527e+02
1.268413635328012390e+02
1.984642479361819198e+02
9.928598407636678758e+01
2.000212900849994355e+02
1.152354198873718190e+02
1.777518034162227138e+02
1.540238368271951970e+02
1.389207947953055111e+02
1.854134388554929842e+02
1.023746835505166501e+02
1.962476551539752165e+02
1.008414080571145348e+02
1.832482202687617985e+02
1.344132107050097318e+02
1.504215468637591755e+02
1.700038749416775943e+02
1.108092775383566249e+02
1.891250862567594879e+02
9.277706194877769974e+01
1.854390629404027777e+02
1.159383232872942671e+02
1.601101464096451821e+02
1.529119512059657211e+02
1.218778459282623459e+02
1.789737150341368590e+02
9.201595546923188351e+01
1.842680715397569315e+02
1.002527564256782711e+02
1.672747130490260190e+02
1.349993064211106741e+02
1.333564287935721779e+02
1.662444701898461972e+02
9.754489108040786505e+01
1.798173669556796312e+02
8.933678270555550682e+01
1.714823132883717847e+02
1.172926993352646292e+02
1.437731561202212447e+02
1.514957727370479290e+02
1.069808418233356093e+02
1.723184437138612850e+02
8.485890606462965025e+01
1.725554494157196359e+02
1.011511201259438195e+02
1.521904249696329146e+02
1.354112768501769892e+02
1.179304083541783399e+02
1.621066401653864091e+02
8.702821681433663059e+01
1.704881010393975771e+02
8.830037154664722721e+01
1.580522159467722076e+02
1.188442442008373234e+02
1.286333774170830679e+02
1.496344555609036320e+02
9.422906740736820552e+01
1.654060508785275374e+02
8.061338171281305165e+01
1.610609944853379716e+02
1.028910747348613768e+02
1.379329342251902517e+02
1.354601285031507700e+02
1.041104174949330599e+02
1.575522501305312630e+02
7.925186260202968924e+01
1.611047887291911138e+02
8.897183131633681796e+01
1.451149834047572256e+02
1.202822508073198833e+02
1.146561272425721256e+02
1.472752004028613158e+02
8.367561321292870957e+01
1.582208972671555216e+02
7.883827787045233038e+01
1.497612510916888766e+02
1.049858431728542314e+02
1.244678382904420033e+02
1.350326877240249814e+02
9.192980213803473077e+01
1.525614413599114698e+02
7.414090616042537363e+01
1.516620685394478016e+02
9.071989261618384148e+01
1.326506879617653851e+02
1.213957857710195327e+02
1.018576472557477217e+02
1.443885482532708409e+02
7.541053133174247591e+01
1.507617183850375397e+02
7.897625184920123331e+01
1.386572823900960998e+02
1.070836313367710915e+02
1.118055882272215200e+02
1.340645069219715992e+02
8.147936520011198525e+01
1.471335041630818807e+02
7.147745008583034121e+01
1.421727825997131447e+02
9.302294513422792477e+01
1.206752609998802654e+02
1.220573065278053804e+02
9.029578583948988069e+01
1.409576605954397621e+02
6.949740440911256201e+01
1.430505890404365346e+02
8.042988349645281687e+01
1.277645335616012119e+02
1.089466323870064883e+02
9.998500969849776254e+01
1.325112594126090926e+02
7.289517873457585040e+01
1.412944011306418588e+02
7.086013004762286016e+01
1.326570496002615016e+02
9.549207966171603346e+01
1.092197142111179886e+02
1.221720373843503751e+02
8.007242040408264927e+01
1.369986089954190618e+02
6.590224422244845925e+01
1.351212791705711993e+02
8.267166779978134628e+01
1.171287922044826217e+02
1.104195038828460724e+02
8.907388607122571500e+01
1.303671226938217558e+02
6.632643163992429436e+01
1.350734067671392040e+02
7.177790419976628300e+01
1.231684534487349651e+02
9.786468368934613693e+01
9.833085511813635549e+01
1.216908210549372313e+02
7.135792072888494886e+01
1.325595523740470867e+02
6.435356130135762953e+01
1.270340837535284351e+02
8.533425603520826996e+01
1.067239941586680771e+02
1.114009288936390192e+02
7.919151867232564257e+01
1.276141456055320731e+02
6.185199946930723769e+01
1.284975837375437493e+02
7.375621543185901885e+01
1.137152567642795020e+02
9.991802776778617101e+01
8.810498429566374057e+01
1.206152741934478456e+02
6.428720485499650295e+01
1.275904340272820434e+02
6.462452178911793510e+01
1.187485738748903970e+02
8.793767642025201781e+01
9.679613906477484875e+01
1.117843202436450269e+02
7.047651080838490145e+01
1.243526213019981697e+02
5.940641746498305764e+01
1.216153067610375160e+02
7.629168206761701754e+01
1.044161654595977780e+02
1.015389069354234550e+02
7.863135807757079476e+01
1.189390065895143493e+02
5.904329682210789088e+01
1.222083778861918688e+02
6.610396911954627797e+01
1.104239283119126895e+02
9.040317401394868568e+01
8.724742097589877687e+01
1.115920204381731082e+02
6.310684211376081976e+01
1.205214185640832625e+02
5.879109070613023391e+01
1.144929723061969327e+02
7.904792851124314268e+01
9.529433144723421378e+01
1.026410668060925246e+02
7.005930860219091016e+01
1.166653087978229451e+02
5.569536585638461190e+01
1.164407710697269351e+02
6.839446640864920823e+01
1.020747857671194794e+02
9.251249788475169566e+01
7.825390596922146358e+01
1.107977124809705458e+02
5.725931740543096282e+01
1.162043970810209714e+02
5.963439547470596125e+01
1.071750662525246298e+02
8.175620337356539835e+01
8.643716157744766804e+01
1.031864188691573503e+02
6.253876112287476019e+01
1.138169016818756347e+02
5.418403811908817858e+01
1.103345446727373229e+02
7.109628980630871808e+01
9.377264312730217455e+01
9.417578941452471497e+01
6.991878675242939778e+01
1.093956413039758075e+02
5.310254631802786207e+01
1.114280702490563471e+02
6.151021771915059588e+01
9.972207860351080910e+01
8.421244657416730206e+01
7.795542637704227218e+01
1.031418957987355896e+02
5.626084849821506850e+01
1.104412600679188756e+02
5.426574635866943197e+01
1.039442423424683284e+02
7.390133254236235416e+01
8.560286652415183539e+01
9.532602858901411480e+01
6.239063683775846414e+01
1.074130136559292055e+02
5.069414524330089478e+01
1.062517209398496192e+02
6.400134623666887990e+01
9.220889950415939040e+01
8.631991646206824953e+01
6.992376960383718654e+01
1.024987552255555272e+02
5.143996239207285726e+01
1.065572750161147439e+02
5.557653757158171715e+01
9.733597510402698560e+01
7.659547455805073923e+01
7.763575883900109886e+01
9.591438417771699676e+01
5.586099562163225585e+01
1.048661549799245734e+02
4.993082963152095743e+01
1.007206682383477983e+02
6.677996539318628777e+01
8.469369156821939271e+01
8.795127928319305965e+01
6.251377298600461785e+01
1.012738581414149195e+02
4.820141851123182164e+01
1.022215468550179480e+02
5.772668133091614351e+01
9.056694811800994671e+01
7.900705701511606094e+01
6.998946974585881264e+01
9.592988053205644405e+01
5.052156137762210619e+01
1.017925733565550388e+02
5.056407074877669316e+01
9.489661855936331847e+01
6.957767069846583752e+01
7.727813700349257431e+01
8.907766486225985147e+01
5.586709012081526282e+01
9.947126132636799412e+01
4.657218574607745154e+01
9.748584518316221192e+01
6.034568611427604878e+01
8.370479298525157219e+01
8.103091513460914541e+01
6.277876584817038719e+01
9.536587097367427646e+01
4.656063075261273809e+01
9.823625634552891484e+01
5.223534006435475163e+01
8.883430151702911814e+01
7.220251893718281622e+01
7.004588208869294874e+01
8.965766769891011734e+01
5.017401427865033270e+01
9.713189143820964944e+01
4.643604098737142039e+01
9.239537210376521159e+01
6.313634524504996648e+01
7.683606946214008815e+01
8.259988346996854602e+01
5.613692435216551502e+01
9.423478362900623040e+01
4.411061739872770460e+01
9.423128364982724747e+01
5.456969242917070773e+01
8.260809203610540408e+01
7.452718798176574921e+01
6.309650770721265189e+01
8.967821736763154661e+01
4.564227603415115198e+01
9.428018384153550357e+01
4.750838151593114134e+01
8.701020561115095120e+01
6.587958752824381747e+01
7.003869061093611492e+01
8.366133508779277861e+01
5.024130153390161269e+01
9.255499516727169862e+01
4.315923696408064103e+01
8.982832236025289774e+01
5.724725001055021778e+01
7.628574728255912873e+01
7.645192683079444862e+01
5.656204264110975544e+01
8.914441634819208105e+01
4.244978758590412582e+01
9.095463609388102100e+01
4.944351220399453695e+01
8.139343996431459516e+01
6.840930928378847398e+01
6.340643283777241379e+01
8.419332439255971678e+01
4.528757054408808358e+01
9.035018437456587037e+01
4.353594447406585743e+01
8.508963018190073058e+01
6.001289780860410872e+01
6.993842567102156238e+01
7.792146858764823492e+01
5.059135651740538009e+01
8.806026411644802465e+01
4.068476833081631128e+01
8.720315933254290997e+01
5.189984797819471396e+01
7.560838663814968186e+01
7.062050329688104000e+01
5.705458685077159231e+01
8.418611214409236254e+01
4.147073523285497743e+01
8.766022980069570281e+01
4.495463416110227683e+01
8.006169138782958328e+01
6.267773516478203533e+01
6.365494238055752874e+01
7.890066614334639894e+01
