3.024208163595665155e+02
2.009355504266079322e+02
3.419708066587846247e+02
1.757876030744017726e+02
3.422252652198426404e+02
2.220038810782081669e+02
3.028656935536866399e+02
2.953614626530537066e+02
2.380744269947986993e+02
3.513746539655025458e+02
1.877457069714113516e+02
3.694471568458175739e+02
2.090612443569870607e+02
3.437071959187600214e+02
2.838000648770099019e+02
2.823207954220405327e+02
3.552684562988272319e+02
2.148564894231001574e+02
3.926956393642199146e+02
2.030955975806261051e+02
3.840945867330535179e+02
2.691346944421800345e+02
3.315461438742806877e+02
3.533770857036928419e+02
2.557263657985191401e+02
4.111990340079284465e+02
2.104928342345261001e+02
4.227765139779485821e+02
2.543092111181030646e+02
3.841055118163774296e+02
3.459077841085906471e+02
3.080794774607739441e+02
4.241830665971472740e+02
2.362085200721230649e+02
4.588253101869889861e+02
2.443863828568925953e+02
4.387606028161569611e+02
3.338373461899335553e+02
3.696778024445061988e+02
4.312329106689971354e+02
2.814554166839122331e+02
4.912487079814172262e+02
2.471130333171453231e+02
4.944088009830340980e+02
3.189503017636520781e+02
4.388218356013547350e+02
4.319434980972966969e+02
3.443915328935533466e+02
5.193914221663129638e+02
2.707462957644153789e+02
5.504937336615656704e+02
3.076040342862173134e+02
5.152956007852474158e+02
4.273195372637669607e+02
4.241900353945300708e+02
5.425804997902345121e+02
3.215389100525504205e+02
6.064098882135862141e+02
3.069630588299033320e+02
5.986679438676767404e+02
4.189168964813714524e+02
5.198845740472912667e+02
5.606391763152317935e+02
4.013402492618877204e+02
6.623398607361421000e+02
3.304874145440245456e+02
6.897255629159036516e+02
4.109303798289097358e+02
6.334514734141829422e+02
5.746836780506931746e+02
5.104585511155771087e+02
7.179482115639737003e+02
3.915538093582659940e+02
7.907151290571924847e+02
4.134979091819934069e+02
7.681461085314275579e+02
5.853122075482882565e+02
6.556435772623682396e+02
7.771363288539798759e+02
5.013889074900516221e+02
9.060266171635150840e+02
4.443552055307719115e+02
9.325340827558004548e+02
5.992136267561506884e+02
8.459518805799696111e+02
8.423692719291464073e+02
6.746641192870495161e+02
1.046662596719433623e+03
5.351221965426208271e+02
1.144366151272923616e+03
6.325241775794855812e+02
1.106600236415640438e+03
9.249451253845019210e+02
9.364261996093584912e+02
1.229131741548125319e+03
7.253142337638129220e+02
1.438784182335364449e+03
7.155666691749577240e+02
1.487456373083277867e+03
1.048307654822246150e+03
1.356981175799824086e+03
1.504252090776952627e+03
1.095307087696762437e+03
1.900495224534592808e+03
9.480179178571949024e+02
2.141688033527221251e+03
1.287771083780336085e+03
2.141570030493372087e+03
2.020884255121945216e+03
1.898265636349856322e+03
2.839445800099892494e+03
1.603209287664571093e+03
3.594943062554287735e+03
1.956427487475001044e+03
4.164106361321567420e+03
3.452883546551983272e+03
4.447992751623416552e+03
6.092596026119058479e+03
4.687438429099736823e+03
1.093068835824109374e+04
7.106963434866308489e+03
2.615941545871203562e+04
4.527940144147011597e+04
4.068823395277426607e+04
1.738758598513713514e+04
8.616616575148822449e+03
9.551904679407014555e+03
3.615018649810362149e+03
6.410547721172051752e+03
2.820025222622535694e+03
4.295166020161569577e+03
3.029089257240099869e+03
2.692633930430427426e+03
3.091514139085623810e+03
1.564825719533539086e+03
2.837288505315127622e+03
1.197956261646101893e+03
2.337645908183616029e+03
1.448602271609099716e+03
1.717047870530382397e+03
1.698857044477537329e+03
1.112027162415620751e+03
1.770656503880978335e+03
7.527417960472071172e+02
1.617881390952658194e+03
8.462714617272963551e+02
1.303055590043323718e+03
1.087166337355834912e+03
9.111811392595840289e+02
1.229417264601028592e+03
5.865932747607778310e+02
1.214641447039429750e+03
5.429389071432682385e+02
1.055038484752255272e+03
7.294482147420275169e+02
7.953272616817801008e+02
8.917115814487451644e+02
5.216545353592269976e+02
9.480833261178420344e+02
3.877336573073911268e+02
8.804503186269587331e+02
4.981453725822433967e+02
7.150772597162866759e+02
6.614598630356988451e+02
4.947436188730272306e+02
7.500585771460876003e+02
3.222289911515657650e+02
7.444347944235654495e+02
3.441075550823293838e+02
6.432194107345871998e+02
4.849502798122948093e+02
4.774813750788105722e+02
5.955318936878126124e+02
3.048101324341045597e+02
6.293852444689854337e+02
2.492103318271186936e+02
5.771527085125262602e+02
3.504945091620909920e+02
4.596206248123299360e+02
4.665770688149831926e+02
3.079224287128147921e+02
5.263989142748472432e+02
2.016514095383763276e+02
5.156321417246919054e+02
2.484852899184625983e+02
4.384825431943687022e+02
3.582106011174923879e+02
3.154555722191415725e+02
4.358689529994398413e+02
1.930095054465128896e+02
4.544222652301457970e+02
1.751862958106273140e+02
4.121193255214162150e+02
2.663546371794210472e+02
3.190733893277105153e+02
3.542546179251132230e+02
2.023578436222923642e+02
3.936512288219628886e+02
1.336905338137646311e+02
3.800061614000672989e+02
1.911231232241248676e+02
3.157415652629313740e+02
2.776192451146844746e+02
2.172409065683579854e+02
3.347120547184609904e+02
1.233876390967386669e+02
3.440294064237463090e+02
1.294922605981290928e+02
3.046034357186803732e+02
2.100979285602984987e+02
2.274348556383972380e+02
2.760479229797144853e+02
1.343934615300894961e+02
3.037977554635883735e+02
8.857388867033108681e+01
2.876534158283689067e+02
1.493268674639771234e+02
2.315091798038927493e+02
2.197145353988024681e+02
1.503626741337832868e+02
2.609656202875054873e+02
7.465948269716459151e+01
2.641407033997431881e+02
9.617894942172398487e+01
2.286483745125780445e+02
1.659704677858353818e+02
1.633170705080746359e+02
2.169363928569616746e+02
8.548790151904668733e+01
2.358272341601314963e+02
5.367438556955431039e+01
2.183005666138456036e+02
1.160474366134119890e+02
1.703914552104413076e+02
1.721216929588499056e+02
1.018009985731613654e+02
2.024610160763383249e+02
3.656612417170809692e+01
1.998894353006154461e+02
6.628437146979401007e+01
1.732900090744936392e+02
1.287997995385183003e+02
1.177005715657391249e+02
1.681028833878239084e+02
5.046311932018221569e+01
1.800867938370719799e+02
2.833071794542745891e+01
1.637141876635471931e+02
8.525694074720044568e+01
1.258220947926141378e+02
1.290506641584923671e+02
7.244616638344552939e+01
1.507455585606147395e+02
1.512647076291134418e+01
1.532871567707091742e+02
4.505708127928359374e+01
1.299135251790880261e+02
9.122406915497651880e+01
9.326465059770094967e+01
1.245608115211787776e+02
4.293261641592574307e+01
1.345641948339145983e+02
1.453370125232448018e+01
1.272586751746978280e+02
5.677821929510052712e+01
1.033794345279111013e+02
9.133925763355398431e+01
7.025155437726080265e+01
1.143760149132217947e+02
3.234301564631766723e+01
1.200796818427950683e+02
3.156769771703889660e+01
1.080616407190488673e+02
6.241404679580647752e+01
8.556515676359590827e+01
8.688716147179552252e+01
5.858182501000591458e+01
1.058168509079964110e+02
3.209671766181112673e+01
1.067289978482230737e+02
3.895089774632315027e+01
9.315775065934886356e+01
5.783707266770092303e+01
7.984926613879733281e+01
8.400151231275116004e+01
5.268530643136908509e+01
9.772604589968695166e+01
3.314986005094264243e+01
9.930480242850116213e+01
3.922065799359063476e+01
9.157386218701550717e+01
6.094497154374291625e+01
7.675877858086629146e+01
8.067114540040412862e+01
5.347082303597641584e+01
9.391957084990555416e+01
3.680620110500923658e+01
1.024573457604111439e+02
3.914504541107200453e+01
9.432827346609995800e+01
6.129587328970919913e+01
7.668901534221960503e+01
8.316962365679448510e+01
5.556905807654507612e+01
9.784907081449996724e+01
3.394249523738285745e+01
1.068554588405952472e+02
3.809603347384883421e+01
9.973577633507292717e+01
6.342294176871566691e+01
8.173315862519828556e+01
8.916409797843714102e+01
5.536344323815831814e+01
1.093585323297630367e+02
2.725702829522349901e+01
1.146147007552220600e+02
3.313314205679245106e+01
1.105395161657344687e+02
7.202115145689992914e+01
8.680417264540898259e+01
1.012479881580917720e+02
5.600362593748079831e+01
1.278055188384125245e+02
1.467147889508249925e+01
1.344228365237443370e+02
4.170159299543183096e+01
1.253694797184837455e+02
8.830155052294392704e+01
1.001312768959304833e+02
1.325565113954745584e+02
5.315073637950077767e+01
1.590465588482861392e+02
9.292289425059196972e+00
1.639992560529233572e+02
6.892606513457711515e+01
1.468675150666091440e+02
1.296446909338235116e+02
1.048012135223616212e+02
1.740807887180428679e+02
5.108918072605974459e+01
2.030352683486101455e+02
4.739451477066420182e+01
2.011232964510467127e+02
1.192444356623641681e+02
1.702163982549668617e+02
1.898559799343080385e+02
1.142949567387183265e+02
2.393546090503064079e+02
6.519470048137696949e+01
2.615287986990203990e+02
1.095811823021997355e+02
2.455796362210586778e+02
1.970433098717957989e+02
1.965825980050260284e+02
2.770045185476058123e+02
1.262458105854181127e+02
3.289677231193402349e+02
1.152221670796713937e+02
3.370190101727519050e+02
2.057767601315048012e+02
2.991744802986963236e+02
3.177617435912067663e+02
2.252102279748239653e+02
4.042844499970332777e+02
1.640514287269573401e+02
4.482792066296096323e+02
2.245519007898736277e+02
4.355471675912469891e+02
3.588344472720315252e+02
3.685279120780548396e+02
4.991687549020907113e+02
2.716226998128565242e+02
5.943787203388212674e+02
2.682248985075108862e+02
6.239728593677239132e+02
4.178486485510540547e+02
5.793257148874317863e+02
6.227715941689911006e+02
4.691220439729047484e+02
8.072532356604465349e+02
3.907161872360760526e+02
9.204435282913311767e+02
5.201221718888949681e+02
9.432990383804996100e+02
8.291992556509929955e+02
8.560398834931559122e+02
1.193741513609200638e+03
7.302521460855507485e+02
1.517400087196596587e+03
8.004718330667087685e+02
1.751479706877858689e+03
1.319319762207712301e+03
1.863233803035189567e+03
2.217896378316194387e+03
1.833472852315301225e+03
3.501900743821448032e+03
2.148012997965684463e+03
5.623920658172866752e+03
4.546833386404530756e+03
1.144790155982295255e+04
2.355743120824529615e+04
2.432179418491444085e+04
1.289645175136329635e+04
4.596306955768853186e+03
6.081184655643256519e+03
2.514986051317984675e+03
3.689133369642913294e+03
2.275942872517428896e+03
2.305631642431221280e+03
2.216153353071446418e+03
1.401889612720391824e+03
2.042742548634968216e+03
9.639521210329586438e+02
1.733240767544466053e+03
9.959520424630428579e+02
1.344249778049571205e+03
1.150066961491389975e+03
9.504866810370640451e+02
1.217039482053738539e+03
6.566127120452855479e+02
1.159932135420571740e+03
6.150922745643696317e+02
9.973406006027458943e+02
7.344637085112181012e+02
7.688093068016236202e+02
8.424032559931238211e+02
5.506474706144873608e+02
8.689364043142574019e+02
4.505645182190535252e+02
8.041916565254332454e+02
5.126523442105475397e+02
6.684072387449698454e+02
6.188902958262679022e+02
5.024631136424907254e+02
6.848912807977942521e+02
3.819768458026341591e+02
6.766094311893374424e+02
3.838306483509584837e+02
6.003487442800034160e+02
4.714951476366993575e+02
4.765830507629174804e+02
5.528229550265621128e+02
3.543121990285384300e+02
5.793091267241478590e+02
3.107665145828561322e+02
5.449069526455958794e+02
3.699554463625792096e+02
4.563659814930716720e+02
4.505734026688872973e+02
3.484487382095798580e+02
4.992761425328786231e+02
2.764495674274065777e+02
4.950397748667549536e+02
2.972627916886945627e+02
4.366601368031115271e+02
3.685273874846247963e+02
3.472620343778874599e+02
4.291954799031883567e+02
2.651251139224575581e+02
4.463338144775700016e+02
2.491992479076887435e+02
4.159567036045388022e+02
3.023275856982972982e+02
3.478309814172154688e+02
3.663326255696255771e+02
2.669029013984457492e+02
4.019600537931863755e+02
2.236844763397270412e+02
3.930252757092234219e+02
2.504710915744327338e+02
3.449485131575069090e+02
3.109593203389210885e+02
2.732226265907704601e+02
3.569985324931187733e+02
2.135834371065352002e+02
3.677000336148693123e+02
2.125278175710496669e+02
3.387040783665309505e+02
2.631056300158452359e+02
2.800624232421641864e+02
3.147920552565223602e+02
2.154920147184020038e+02
3.394899798271216014e+02
1.893418568176140013e+02
3.281627665326751071e+02
2.215738931952101609e+02
2.835001984002335007e+02
2.739038425625736295e+02
2.232165692650689834e+02
3.096956050200564050e+02
1.794366218063240979e+02
3.136460270503037577e+02
1.895604498185381317e+02
2.846577162510371295e+02
2.360939577004584464e+02
2.318981792484112532e+02
2.788271050430024047e+02
1.804830646168771580e+02
2.961284723813612345e+02
1.675604098189462832e+02
2.812881006566058772e+02
2.023672420484085421e+02
2.397352449273788579e+02
2.477268279612140134e+02
1.873893406364460077e+02
2.755632267865136669e+02
1.565906457508628193e+02
2.743060737892861312e+02
1.741504125687521309e+02
2.443673315539621171e+02
2.173825867092946567e+02
1.967165466891796370e+02
2.526310279373724654e+02
1.552306066821557806e+02
2.633540378012561405e+02
1.531404831572085925e+02
2.457445284727263868e+02
1.889752390975299079e+02
2.058079401468361880e+02
2.283006662236168154e+02
1.605905685026816059e+02
2.490576105918876237e+02
1.407328855021397089e+02
2.433296639478602970e+02
1.637707215731831809e+02
2.129316926339791394e+02
2.034171026258799770e+02
1.693767838614011794e+02
2.319773196660336794e+02
1.368630744450817645e+02
2.371988686193837452e+02
1.434765033754899548e+02
2.171063594076220511e+02
1.789654985851181834e+02
1.788374314554516218e+02
2.128259283386024947e+02
1.399783991673793935e+02
2.276105155422071391e+02
1.297314468335578681e+02
2.179952988069446747e+02
1.563749344595495074e+02
1.871182702589385372e+02
1.922936797701941884e+02
1.474153739159384315e+02
2.149734486244531695e+02
1.235001893670756488e+02
2.153775414903028889e+02
1.369499530734211419e+02
1.932667884602471702e+02
1.713100293641296332e+02
1.565678622359311873e+02
1.999614066931207219e+02
1.240950642704421227e+02
2.094110368498789683e+02
1.224301834115632772e+02
1.964600307369267682e+02
1.509366008274582214e+02
1.655432840720847310e+02
1.832157543222673723e+02
1.297707541720290862e+02
2.003028731550207340e+02
1.139000264343736006e+02
1.965971191325023710e+02
1.325585119751320065e+02
1.726396778600416155e+02
1.650110647248475857e+02
1.378298288348130995e+02
1.885542129771893656e+02
1.119709046595501718e+02
1.934155891103585247e+02
1.175017435369107375e+02
1.776793530660001181e+02
1.467938872883751458e+02
1.467645088586695863e+02
1.748150964027165344e+02
1.153936087121077918e+02
1.873343144871290917e+02
1.072957017039103818e+02
1.798390555750535782e+02
1.295351440553762927e+02
1.547444732780969900e+02
1.594716009011616507e+02
1.222875997461965341e+02
1.785618239444065694e+02
1.029225520856170846e+02
1.790917048097118141e+02
1.145218108503985945e+02
1.609195068012642764e+02
1.433391084290811932e+02
1.306449574292545321e+02
1.674036744378734340e+02
1.039762150296136980e+02
1.754826078286558868e+02
1.030998791624198248e+02
1.647564282675021730e+02
1.274136877545114999e+02
1.388562685719466288e+02
1.544462650606403713e+02
1.091744369417687324e+02
1.691533593528840242e+02
9.649337979600926474e+01
1.659472906619022865e+02
1.127315896306560603e+02
1.458555885617405181e+02
1.403168686713918589e+02
1.166422268247494998e+02
1.604197500534920664e+02
9.514498405849057860e+01
1.644289076186869352e+02
1.005732835973869328e+02
1.509373729235918233e+02
1.257816120954077235e+02
1.247200236518151257e+02
1.496814811008703145e+02
9.833232149398754984e+01
1.602875523438403889e+02
9.225111327382983006e+01
1.536994534706740581e+02
1.117453538917800273e+02
1.321562016043063750e+02
1.374569691988167222e+02
1.045389015789411786e+02
1.536933791287351028e+02
8.860926682161083079e+01
1.539657267723731309e+02
9.932369004652501587e+01
1.381569151483549831e+02
1.243713776877274455e+02
1.121000086732860126e+02
1.449918804875780438e+02
8.961140108652348601e+01
1.517233405600664184e+02
8.973928339985759806e+01
1.421790102243210470e+02
1.112109688456888534e+02
1.196605689634972975e+02
1.345798439400536779e+02
9.421597289654309293e+01
1.470625821839251444e+02
8.409995639172372250e+01
1.439642832030306181e+02
9.889737300199600156e+01
1.262770952814579601e+02
1.229905202803016522e+02
1.009261717320335237e+02
1.402538564974949509e+02
8.287770890779661670e+01
1.433915024449661644e+02
8.854440607496290738e+01
1.312858424134647635e+02
1.108596477097999866e+02
1.082799515865625892e+02
1.315870216675845938e+02
8.563928796017930267e+01
1.404895861493092752e+02
8.128806625058206237e+01
1.343313261116105934e+02
9.897497474105635717e+01
1.152032159500074044e+02
1.214939900246730105e+02
9.113592495614093991e+01
1.354088539080611326e+02
7.798689790855374326e+01
1.352119020849497417e+02
8.828461504347251321e+01
1.209445524841905950e+02
1.105091734345854348e+02
9.795982976892216243e+01
1.283931407724289500e+02
7.873245555993202061e+01
1.338798293915697855e+02
7.987401037451945740e+01
1.250220206532192577e+02
9.928383412174868283e+01
1.049161607161530867e+02
1.197831064645892383e+02
8.272758570660000998e+01
1.304053499957313420e+02
7.475284322690274053e+01
1.271537020866419141e+02
8.863306959853663614e+01
1.111303062198002038e+02
1.100121147357227471e+02
8.870331943711053668e+01
1.249546640702843803e+02
7.346590880933595713e+01
1.272182129623550821e+02
7.950859572523194174e+01
1.160181863374433249e+02
9.962933621432375730e+01
9.540153058391146601e+01
1.177929611385109183e+02
7.573000662138325367e+01
1.252130607092399970e+02
7.294153008105590175e+01
1.192093338686869544e+02
8.931036574622638113e+01
1.018367357958426282e+02
1.092744824041190128e+02
8.055082540802247593e+01
1.212356387465491991e+02
6.975448836263960573e+01
1.205050912634233953e+02
7.987717723558927219e+01
1.073137276483443117e+02
9.985285745031440285e+01
8.669942925709521830e+01
1.154799546291781809e+02
7.015589251641335977e+01
1.198300376538735748e+02
7.228087395961593131e+01
1.113794692653719665e+02
9.008702396520310174e+01
9.310020998745743270e+01
1.082324922636206423e+02
7.354735900840556440e+01
1.172287828552204729e+02
6.746114565062515567e+01
1.137411658267307502e+02
8.067858982709714155e+01
9.894294030039327481e+01
9.985160629955304046e+01
7.885193716085495907e+01
1.128192282802927764e+02
6.599634337379688986e+01
1.142757015141446573e+02
7.246777863416545529e+01
1.036796239542465088e+02
9.081104051092393092e+01
8.495973299276158741e+01
1.068244924571118730e+02
6.774580606346016509e+01
1.129501059709782567e+02
6.637862410641973554e+01
1.069451982274275110e+02
8.168331598315499775e+01
9.097375163305790124e+01
9.954164508369908049e+01
7.190281528265987276e+01
1.098813423752705916e+02
6.316183360099672939e+01
1.085225180528213116e+02
7.328909648298942159e+01
9.612170669031756631e+01
9.134042635538141042e+01
7.747031674630163423e+01
1.050528707241870876e+02
6.320729378203162696e+01
1.083708700892870951e+02
6.626819049533790462e+01
1.001580196319987834e+02
8.273932400649344743e+01
8.335301370264909337e+01
9.888527840489871323e+01
6.601673503132579413e+01
1.064538431500948690e+02
6.162804172661875413e+01
1.026859762581943727e+02
7.432201426889712081e+01
8.884924392778503943e+01
9.162310313793337002e+01
7.070032073975545472e+01
1.028812276415822566e+02
5.993642863270041232e+01
1.035736359851719754e+02
6.682712172353959090e+01
9.342562799312280220e+01
8.366971874855741476e+01
7.625162017393009251e+01
9.783036041228290003e+01
6.118950086400241162e+01
1.027792121211170553e+02
6.108782279485853905e+01
9.672747271371095223e+01
7.553795527806762777e+01
8.182247928639277745e+01
9.154707912791926105e+01
6.476509139961791561e+01
1.003402576951961436e+02
5.785467703667560357e+01
9.854922516848354519e+01
6.784799328904429672e+01
8.679181910171324432e+01
8.436685351232353014e+01
6.971392733076297077e+01
9.638548908604489895e+01
5.749405110563841248e+01
9.878272571632287224e+01
6.135523932818615123e+01
9.073063446682810707e+01
7.670788959756512781e+01
7.513609669291950865e+01
9.110615850083624423e+01
5.974071292376824260e+01
9.742612057016359017e+01
5.684713373833589145e+01
9.335875057403615074e+01
6.910267049092280445e+01
8.030830080086494149e+01
8.476894678859227383e+01
6.383601612797286862e+01
9.453873688073524306e+01
5.492718125346171831e+01
9.452371125541201025e+01
6.219518886546244829e+01
8.472454280595702869e+01
7.772348659207412425e+01
6.886926609301748670e+01
9.026879436405506851e+01
5.570433435674806333e+01
9.416355894462785159e+01
5.673585909578883246e+01
8.803352005041755035e+01
7.041146556036400739e+01
7.404857477037468527e+01
8.482326335181572574e+01
5.870725381836546575e+01
9.229869875903574439e+01
5.343548484245268071e+01
9.002352836697572513e+01
6.338184206562147693e+01
7.877700721477017964e+01
7.848773722039159395e+01
6.311656463593151045e+01
8.902670542407082621e+01
5.270245800604831032e+01
9.058771122553783073e+01
5.730362212518092946e+01
8.262476682185622678e+01
7.163879964187937333e+01
6.808938069978394481e+01
8.449600785723632157e+01
5.442496888822336132e+01
8.968700963151903238e+01
5.288891649733711375e+01
8.533048564847059936e+01
6.472596377187956307e+01
7.294993613205586769e+01
7.894595627818952721e+01
5.796704622438682719e+01
8.737690909876067735e+01
5.074379260636383293e+01
8.672392817118191033e+01
5.832495287230608483e+01
7.719920611091622220e+01
7.267665806154846564e+01
6.251207408852173586e+01
8.377060534001185488e+01
5.106802997146908751e+01
8.672688888972736265e+01
5.310475813200858397e+01
8.049434039143082487e+01
6.607162578694619981e+01
6.731589533565764327e+01
7.904309269421059980e+01
5.352799009718425083e+01
8.534696008112678101e+01
4.974028805820906030e+01
8.261798693630314006e+01
5.961332181256317142e+01
7.180902157896166216e+01
7.344794409306865646e+01
5.741605734533918337e+01
8.264766968348081377e+01
4.867006655366314050e+01
8.344649642766616182e+01
5.388999490343487508e+01
7.556812257827620272e+01
6.729270297656390198e+01
6.196694936296160705e+01
7.876892608918151950e+01
4.988514667534554548e+01
8.294442657667492824e+01
4.955983986929451390e+01
7.831809398526218047e+01
6.099199777872169648e+01
6.652351618571110237e+01
7.390135521035465160e+01
5.289790905830847834e+01
8.113163204912240190e+01
4.720902594271029784e+01
7.989150602570830983e+01
5.504198235263223182e+01
7.060478031009232325e+01
6.830866875868501609e+01
5.697772666969551381e+01
7.810182706339000447e+01
4.711039293276508033e+01
8.020255064552755186e+01
5.004131705825174237e+01
7.386932550839692624e+01
6.232807944449463378e+01
6.142238071553036605e+01
7.400413827006256895e+01
4.905484197488270581e+01
7.923521233476449765e+01
4.661406820552030439e+01
7.609547828849059670e+01
5.638109858594837931e+01
6.567292558540867731e+01
6.904986825112865745e+01
5.244859865334319693e+01
7.703913959712825488e+01
4.523296944769454342e+01
7.714992861854807416e+01
5.098517739470960919e+01
6.932968796538443712e+01
6.351523955400942612e+01
5.658812828944114415e+01
7.372998001141513669e+01
4.597717984410122938e+01
7.698176716241866302e+01
4.674138293122680210e+01
7.210533128168819417e+01
5.775616995991453706e+01
6.084987321977904173e+01
6.946601726838713375e+01
4.848281071793705621e+01
7.560079524355126068e+01
4.421193342513376479e+01
7.382815718476561528e+01
5.221529413023864663e+01
6.475882146203120726e+01
6.447401780147369266e+01
5.211076356979042856e+01
7.307625649745891394e+01
4.371964782779652836e+01
7.440055642832064109e+01
4.742290212333237776e+01
6.797687447947062367e+01
5.905045870058733470e+01
5.620822823259585732e+01
6.953329920955090415e+01
4.516951423388778153e+01
7.380311062464257077e+01
4.395379261185205877e+01
7.027448794989516045e+01
5.357540434863800982e+01
6.021816491485987655e+01
6.515082107538682976e+01
4.808976118352133255e+01
7.204593440432620355e+01
4.229146850761014775e+01
7.152080420239261116e+01
4.848456465389071468e+01
6.376173449967285478e+01
6.017520740255509537e+01
5.182571125370217402e+01
6.923768744423806254e+01
4.259672595683363738e+01
7.164487664894217289e+01
4.433052499141324176e+01
6.654568174624117205e+01
5.491370731841404762e+01
5.579161924995877797e+01
6.551156660929811437e+01
4.461765573070273661e+01
7.064296991166165185e+01
4.164768221530444947e+01
6.838869893256745058e+01
4.975346210341167819e+01
5.952306617352388685e+01
6.106177787342736707e+01
4.780750495839911451e+01
6.857023715785570062e+01
4.079485687204251576e+01
6.918690623402157769e+01
4.516932255399128593e+01
6.267678524167873633e+01
5.614946277563301891e+01
5.155106820129098821e+01
6.552000220699619604e+01
4.178811085529821412e+01
6.889542007546469904e+01
4.168401908289014557e+01
6.503455606471585781e+01
5.109086339861527648e+01
5.533265234162913515e+01
6.165939754704852760e+01
4.423650193900458305e+01
6.753758329215847311e+01
3.977409568576751298e+01
6.643872258056801172e+01
4.629836534970851147e+01
5.875027862362731668e+01
5.718929481082745525e+01
4.758135407215875290e+01
6.517997616301911989e+01
3.966653343692109246e+01
6.682027460123640594e+01
4.225031135541719607e+01
6.151966917547966318e+01
5.238403973689533899e+01
5.125513830287057715e+01
6.193827065088495232e+01
4.121878049842279523e+01
6.615693167005200337e+01
3.944967897546539604e+01
6.345541278538703978e+01
4.757991967877222095e+01
