7.195227382024743656e-02 -5.110942346190825880e+00
7.195102199589931136e-02 -5.184435389902547264e+00
7.194973995702810821e-02 -5.257937575697789967e+00
7.194842674456949916e-02 -5.331335939217665576e+00
7.194708136178309954e-02 -5.404507032580355919e+00
7.194570277248857337e-02 -5.477316197701459721e+00
7.194428989920570450e-02 -5.549616803032840551e+00
7.194284162119267412e-02 -5.621249445290193769e+00
7.194135677237591120e-02 -5.692041113768525840e+00
7.193983413916510417e-02 -5.761804320414332103e+00
7.193827245814579663e-02 -5.830336196591948017e+00
7.193667041364174008e-02 -5.897417557806234889e+00
7.193502663513884343e-02 -5.962811939718204002e+00
7.193333969456151833e-02 -6.026264609639969017e+00
7.193160810339199740e-02 -6.087501556631087496e+00
7.192983030962216140e-02 -6.146228466780157440e+00
7.192800469452670376e-02 -6.202129690887459468e+00
7.192612956924598899e-02 -6.254867210954705214e+00
7.192420317116551831e-02 -6.304079618177145683e+00
7.192222366007830492e-02 -6.349381111593850768e+00
7.192018911411535154e-02 -6.390360531503006314e+00
7.191809752542829837e-02 -6.426580443533010722e+00
7.191594679560689429e-02 -6.457576291529045776e+00
7.191373473081288936e-02 -6.482855639782246548e+00
7.191145903661017025e-02 -6.501897525964998259e+00
7.190911731246987793e-02 -6.514151954269147282e+00
7.190670704592677653e-02 -6.519039555178576251e+00
7.190422560636192117e-02 -6.515951444772950296e+00
7.190167023838463234e-02 -6.504249321973952114e+00
7.189903805478373156e-02 -6.483265838999893838e+00
7.189632602901685487e-02 -6.452305290985553832e+00
7.189353098720269175e-02 -6.410644668801599444e+00
7.189064959957941481e-02 -6.357535124366201273e+00
7.188767837138823613e-02 -6.292203900357629998e+00
7.188461363313819463e-02 -6.213856781143432428e+00
7.188145153020479572e-02 -6.121681115597842116e+00
7.187818801171023952e-02 -6.014849473191734575e+00
7.187481881862886612e-02 -5.892523988406016322e+00
7.187133947105672771e-02 -5.753861446760462961e+00
7.186774525457854945e-02 -5.598019168650006705e+00
7.186403120565920677e-02 -5.424161734437684679e+00
7.186019209598044910e-02 -5.231468593546353851e+00
7.185622241563714707e-02 -5.019142588940053606e+00
7.185211635509793082e-02 -4.786419413833243652e+00
7.184786778582821776e-02 -4.532578006891241351e+00
7.184347023946277555e-02 -4.256951872114679070e+00
7.183891688540505749e-02 -3.958941287824045752e+00
7.183420050671922297e-02 -3.638026345772494174e+00
7.182931347416773860e-02 -3.293780733012726447e+00
7.182424771823324450e-02 -2.925886140181257478e+00
7.181899469894911792e-02 -2.534147144235183280e+00
7.181354537334447286e-02 -2.118506380753901297e+00
7.180789016029233418e-02 -1.679059784499515207e+00
7.180201890252778385e-02 -1.216071639502541935e+00
7.179592082558100552e-02 -7.299891486630328830e-01
7.178958449334450764e-02 -2.214561931962449881e-01
7.178299775996627163e-02 3.086740647431735485e-01
7.177614771773030422e-02 8.593281127142944342e-01
7.176902064055196151e-02 1.429202941684933448e+00
7.176160192267877491e-02 2.016759204556100471e+00
7.175387601214644473e-02 2.620217069991721104e+00
7.174582633849513336e-02 3.237555123772593468e+00
7.173743523420131329e-02 3.866512638391645496e+00
7.172868384922716223e-02 4.504595484842658593e+00
7.171955205802993394e-02 5.149085878842704744e+00
7.171001835830910498e-02 5.797056085101717215e+00
7.170005976069922238e-02 6.445386095845524466e+00
7.168965166853993876e-02 7.090785194576130657e+00
7.167876774677267582e-02 7.729817204810177422e+00
7.166737977892505274e-02 8.358929099819539132e+00
7.165545751105061034e-02 8.974482524799562100e+00
7.164296848139226070e-02 9.572787681725793973e+00
7.162987783443468259e-02 1.015013891711672755e+01
7.161614811790550927e-02 1.070285125654447356e+01
7.160173906117933695e-02 1.122729708473348254e+01
7.158660733343630289e-02 1.171994211082255788e+01
7.157070627983228017e-02 1.217737974675619839e+01
7.155398563385878541e-02 1.259636305015587610e+01
7.153639120401418527e-02 1.297383342074530255e+01
7.151786453288812295e-02 1.330694531607109354e+01
7.149834252679278246e-02 1.359308636055725650e+01
7.147775705417915015e-02 1.382989233388686046e+01
7.145603451128154648e-02 1.401525668394586965e+01
7.143309535377521946e-02 1.414733436786409904e+01
7.140885359375552521e-02 1.422453998911129069e+01
7.138321626211077686e-02 1.424554038471434758e+01
7.135608283744095115e-02 1.420924199471744132e+01
7.132734464416003173e-02 1.411477352711615296e+01
7.129688422442873041e-02 1.396146461343254863e+01
7.126457469123377575e-02 1.374882133532206829e+01
7.123027907342766030e-02 1.347649968916939933e+01
7.119384966806385773e-02 1.314427825159466856e+01
7.115512742112756195e-02 1.275203152620835212e+01
7.111394136501007768e-02 1.229970568892077409e+01
7.107010815004928539e-02 1.178729871675664853e+01
7.102343171837476044e-02 1.121484718574751227e+01
7.097370318130104272e-02 1.058242236312884366e+01
7.092070097660975458e-02 9.890138569479459463e+00
7.086419139901473097e-02 9.138177127743432493e+00
7.080392961529963225e-02 8.326829500192806321e+00
7.073966129388632729e-02 7.456563338087946136e+00
7.067112499502049838e-02 6.528115013554366186e+00
7.059805547947733961e-02 5.542611593958776339e+00
7.052018809672107313e-02 4.501723931344651319e+00
7.043726440271379230e-02 3.407850334910413448e+00
7.034903912710671614e-02 2.264326964032238099e+00
7.025528855320757604e-02 1.075656501306734070e+00
7.015582028674986759e-02 -1.522590490528678842e-01
7.005048426875230827e-02 -1.411901976675031811e+00
6.993918473637356081e-02 -2.693965571323801544e+00
6.982189266368916958e-02 -3.987255074888989004e+00
6.969865804058521241e-02 -5.278695061081827511e+00
6.956962119971182856e-02 -6.553471288336653267e+00
6.943502231110063039e-02 -7.795324643611627913e+00
6.929520816290656027e-02 -8.986998236904986115e+00
6.915063545635785625e-02 -1.011081797687105954e+01
6.900187006676032631e-02 -1.114936570771554969e+01
6.884958204030276752e-02 -1.208618686408651577e+01
6.869453646605713781e-02 -1.290646594056283902e+01
6.853758072722669625e-02 -1.359760540824584218e+01
6.837962893751051152e-02 -1.414965685104102810e+01
6.822164456254789511e-02 -1.455557409464791974e+01
6.806462229105567086e-02 -1.481128221073072204e+01
6.790957015991869183e-02 -1.491557848068466896e+01
6.775749277836985718e-02 -1.486989787322072232e+01
6.760937627718698051e-02 -1.467798434349469083e+01
6.746617537016061372e-02 -1.434551064693473599e+01
6.732880269104565829e-02 -1.387968503379015139e+01
6.719812038273224875e-02 -1.328887472913707946e+01
6.707493377741993723e-02 -1.258226693656694373e+01
6.695998691808670300e-02 -1.176958042714753461e+01
6.685395962665854896e-02 -1.086083138806919912e+01
6.675746581368097177e-02 -9.866151867148415633e+00
6.667105273783079100e-02 -8.795658830686692298e+00
6.659520095206265811e-02 -7.659366857940682394e+00
6.653032470913493313e-02 -6.467135446205425353e+00
6.647677263731475994e-02 -5.228648203587757060e+00
6.643482853371776575e-02 -3.953410565549619449e+00
6.640471215603512001e-02 -2.650762735972418405e+00
6.638657992253936546e-02 -1.329918585214341809e+00
6.638052545525208181e-02 0.000000000000000000e+00
6.638657992253936546e-02 1.329918585214341809e+00
6.640471215603512001e-02 2.650762735972418405e+00
6.643482853371776575e-02 3.953410565549619449e+00
6.647677263731475994e-02 5.228648203587757060e+00
6.653032470913493313e-02 6.467135446205425353e+00
6.659520095206265811e-02 7.659366857940682394e+00
6.667105273783079100e-02 8.795658830686692298e+00
6.675746581368097177e-02 9.866151867148415633e+00
6.685395962665854896e-02 1.086083138806919912e+01
6.695998691808670300e-02 1.176958042714753461e+01
6.707493377741993723e-02 1.258226693656777861e+01
6.719812038273226262e-02 1.328887472913707946e+01
6.732880269104565829e-02 1.387968503379015139e+01
6.746617537016062760e-02 1.434551064693557088e+01
6.760937627718699439e-02 1.467798434349385595e+01
6.775749277836985718e-02 1.486989787321988743e+01
6.790957015991869183e-02 1.491557848068466896e+01
6.806462229105567086e-02 1.481128221073155693e+01
6.822164456254790899e-02 1.455557409464791974e+01
6.837962893751051152e-02 1.414965685104019322e+01
6.853758072722669625e-02 1.359760540824584218e+01
6.869453646605713781e-02 1.290646594056367391e+01
6.884958204030278139e-02 1.208618686408651577e+01
6.900187006676034018e-02 1.114936570771471480e+01
6.915063545635785625e-02 1.011081797687105954e+01
6.929520816290656027e-02 8.986998236904151227e+00
6.943502231110063039e-02 7.795324643611627913e+00
6.956962119971182856e-02 6.553471288337488154e+00
6.969865804058521241e-02 5.278695061081827511e+00
6.982189266368918346e-02 3.987255074888989004e+00
6.993918473637356081e-02 2.693965571324636432e+00
7.005048426875232215e-02 1.411901976674196924e+00
7.015582028674986759e-02 1.522590490511983308e-01
7.025528855320757604e-02 -1.075656501305899404e+00
7.034903912710671614e-02 -2.264326964032238099e+00
7.043726440271377842e-02 -3.407850334910413448e+00
7.052018809672107313e-02 -4.501723931344651319e+00
7.059805547947733961e-02 -5.542611593958776339e+00
7.067112499502049838e-02 -6.528115013551862411e+00
7.073966129388631341e-02 -7.456563338087946136e+00
7.080392961529964613e-02 -8.326829500194476097e+00
7.086419139901473097e-02 -9.138177127743432493e+00
7.092070097660975458e-02 -9.890138569478626351e+00
7.097370318130105660e-02 -1.058242236312884366e+01
7.102343171837476044e-02 -1.121484718574834716e+01
7.107010815004928539e-02 -1.178729871675664853e+01
7.111394136501007768e-02 -1.229970568892077409e+01
7.115512742112756195e-02 -1.275203152620835212e+01
7.119384966806385773e-02 -1.314427825159466856e+01
7.123027907342766030e-02 -1.347649968916939933e+01
7.126457469123377575e-02 -1.374882133532206829e+01
7.129688422442873041e-02 -1.396146461343254863e+01
7.132734464416003173e-02 -1.411477352711615296e+01
7.135608283744096503e-02 -1.420924199471660643e+01
7.138321626211079074e-02 -1.424554038471351269e+01
7.140885359375551134e-02 -1.422453998911212558e+01
7.143309535377521946e-02 -1.414733436786576881e+01
7.145603451128153261e-02 -1.401525668394670454e+01
7.147775705417916403e-02 -1.382989233388519068e+01
7.149834252679279634e-02 -1.359308636055642161e+01
7.151786453288812295e-02 -1.330694531607192665e+01
7.153639120401418527e-02 -1.297383342074446766e+01
7.155398563385879929e-02 -1.259636305015587610e+01
7.157070627983228017e-02 -1.217737974675786816e+01
7.158660733343628901e-02 -1.171994211082255788e+01
7.160173906117933695e-02 -1.122729708473264942e+01
7.161614811790550927e-02 -1.070285125654363867e+01
7.162987783443469647e-02 -1.015013891711672755e+01
7.164296848139226070e-02 -9.572787681726628861e+00
7.165545751105061034e-02 -8.974482524799562100e+00
7.166737977892505274e-02 -8.358929099818704245e+00
7.167876774677268970e-02 -7.729817204810177422e+00
7.168965166853993876e-02 -7.090785194572791106e+00
7.170005976069920850e-02 -6.445386095842184915e+00
7.171001835830909110e-02 -5.797056085105891654e+00
7.171955205802993394e-02 -5.149085878846043407e+00
7.172868384922716223e-02 -4.504595484842658593e+00
7.173743523420131329e-02 -3.866512638391645496e+00
7.174582633849513336e-02 -3.237555123772593468e+00
7.175387601214643085e-02 -2.620217069992555992e+00
7.176160192267874716e-02 -2.016759204556100471e+00
7.176902064055196151e-02 -1.429202941683263894e+00
7.177614771773031810e-02 -8.593281127142944342e-01
7.178299775996627163e-02 -3.086740647448431019e-01
7.178958449334449377e-02 2.214561931962449881e-01
7.179592082558100552e-02 7.299891486630328830e-01
7.180201890252776997e-02 1.216071639502541935e+00
7.180789016029233418e-02 1.679059784500349872e+00
7.181354537334447286e-02 2.118506380753901297e+00
7.181899469894911792e-02 2.534147144235183280e+00
7.182424771823324450e-02 2.925886140179587702e+00
7.182931347416772472e-02 3.293780733086186796e+00
7.183420050671923685e-02 3.638026345772494174e+00
7.183891688540504361e-02 3.958941287750585403e+00
7.184347023946277555e-02 4.256951872116348845e+00
7.184786778582821776e-02 4.532578006889571576e+00
7.185211635509791694e-02 4.786419413831573877e+00
7.185622241563713319e-02 5.019142588941723382e+00
7.186019209598044910e-02 5.231468593548023627e+00
7.186403120565920677e-02 5.424161734437684679e+00
7.186774525457854945e-02 5.598019168646668042e+00
7.187133947105669995e-02 5.753861446737923657e+00
7.187481881862883837e-02 5.892523988415199199e+00
7.187818801171025340e-02 6.014849473216777653e+00
7.188145153020480960e-02 6.121681115583650801e+00
7.188461363313816688e-02 6.213856781134249552e+00
7.188767837138822225e-02 6.292203900375159975e+00
7.189064959957944256e-02 6.357535124372879487e+00
7.189353098720269175e-02 6.410644668792417455e+00
7.189632602901685487e-02 6.452305290985553832e+00
7.189903805478373156e-02 6.483265838999893838e+00
7.190167023838463234e-02 6.504249321973952114e+00
7.190422560636192117e-02 6.515951444762933420e+00
7.190670704592674878e-02 6.519039555187759127e+00
7.190911731246990568e-02 6.514151954375163811e+00
7.191145903661019800e-02 6.501897525980024461e+00
7.191373473081290324e-02 6.482855639686247784e+00
7.191594679560689429e-02 6.457576291512350686e+00
7.191809752542831224e-02 6.426580443533010722e+00
7.192018911411535154e-02 6.390360531495493213e+00
7.192222366007830492e-02 6.349381111593850768e+00
7.192420317116551831e-02 6.304079618177145683e+00
7.192612956924598899e-02 6.254867210963888091e+00
7.192800469452671763e-02 6.202129690887459468e+00
7.192983030962216140e-02 6.146228466770975452e+00
7.193160810339199740e-02 6.087501556621904619e+00
7.193333969456150445e-02 6.026264609626612589e+00
7.193502663513881568e-02 5.962811939727386878e+00
7.193667041364174008e-02 5.897417557819591316e+00
7.193827245814579663e-02 5.830336196591948017e+00
7.193983413916510417e-02 5.761804320414332103e+00
7.194135677237591120e-02 5.692041113768525840e+00
7.194284162119267412e-02 5.621249445405393175e+00
7.194428989920573225e-02 5.549616802932667348e+00
7.194570277248855950e-02 5.477316197546191923e+00
7.194708136178307178e-02 5.404507032680529122e+00
7.194842674456949916e-02 5.331335939297803250e+00
7.194973995702813596e-02 5.257937575697789967e+00
7.195102199589931136e-02 5.184435389862477983e+00
7.195227382024743656e-02 5.110942346190825880e+00
