1.741642126196108475e-01 -1.253797247783033839e+02
1.731226193575078898e-01 -1.252316751131176602e+02
1.720822771384295791e-01 -1.250798456991145713e+02
1.710432092358249723e-01 -1.249249068182660096e+02
1.700054394803494906e-01 -1.247644314049847765e+02
1.689689922759347596e-01 -1.246088181198752665e+02
1.679338926163934098e-01 -1.244474988030140281e+02
1.669001661025797389e-01 -1.242758027071382685e+02
1.658678389601265790e-01 -1.241062418143950623e+02
1.648369380577804355e-01 -1.239327691559360858e+02
1.638074909263577961e-01 -1.237477900078596775e+02
1.627795257783458960e-01 -1.235785722107783187e+02
1.617530715281726983e-01 -1.234030050522480479e+02
1.607281578131724564e-01 -1.232051591069651266e+02
1.597048150152728940e-01 -1.230144460561193398e+02
1.586830742834327845e-01 -1.228173916373676349e+02
1.576629675568589906e-01 -1.226240441082842807e+02
1.566445275890330224e-01 -1.224232130026902183e+02
1.556277879725802282e-01 -1.222113459938041444e+02
1.546127831650141171e-01 -1.220007351104839870e+02
1.535995485153909823e-01 -1.218023760713788874e+02
1.525881202919115720e-01 -1.215691647445581083e+02
1.515785357105076392e-01 -1.213279271702059816e+02
1.505708329644539212e-01 -1.211127958959655615e+02
1.495650512550467659e-01 -1.208743597461604509e+02
1.485612308233940360e-01 -1.206444392665007825e+02
1.475594129833618373e-01 -1.204054552872303390e+02
1.465596401557263395e-01 -1.201479591521925414e+02
1.455619559035815080e-01 -1.198910884355820770e+02
1.445664049690560671e-01 -1.196388004410019050e+02
1.435730333113953150e-01 -1.193765693381072879e+02
1.425818881464663845e-01 -1.190972510850927790e+02
1.415930179877495920e-01 -1.188271525238157693e+02
1.406064726888798522e-01 -1.185442782942667890e+02
1.396223034878079083e-01 -1.182478293884090306e+02
1.386405630526528210e-01 -1.179615144050177804e+02
1.376613055293228749e-01 -1.176569508547795522e+02
1.366845865909848412e-01 -1.173388343082727658e+02
1.357104634894679140e-01 -1.170339104262034198e+02
1.347389951086920279e-01 -1.167091001070378127e+02
1.337702420202165898e-01 -1.163672834347665628e+02
1.328042665410115730e-01 -1.160404993702382370e+02
1.318411327935584965e-01 -1.156960325167923571e+02
1.308809067683967542e-01 -1.153492480900792998e+02
1.299236563892372243e-01 -1.149775444180172457e+02
1.289694515807739694e-01 -1.145829564066915793e+02
1.280183643393330017e-01 -1.142269582769225309e+02
1.270704688065075194e-01 -1.138415122266159329e+02
1.261258413459387662e-01 -1.134401289206476804e+02
1.251845606234136543e-01 -1.130318423336602507e+02
1.242467076904628931e-01 -1.126142018197227088e+02
1.233123660716572145e-01 -1.121844566677111601e+02
1.223816218558138741e-01 -1.117469128436450774e+02
1.214545637913434090e-01 -1.112897340282055012e+02
1.205312833859839283e-01 -1.108362175208598615e+02
1.196118750111912349e-01 -1.103988895494821918e+02
1.186964360114745043e-01 -1.098781106121186468e+02
1.177850668189925898e-01 -1.093716554435652171e+02
1.168778710737521376e-01 -1.089043898820269618e+02
1.159749557497793404e-01 -1.083474976744293485e+02
1.150764312876691731e-01 -1.077994598032038311e+02
1.141824117339520495e-01 -1.072900360424826687e+02
1.132930148877578647e-01 -1.066747928395094931e+02
1.124083624553006006e-01 -1.061057276550743893e+02
1.115285802127538584e-01 -1.055617795411076969e+02
1.106537981781406804e-01 -1.049337980313001566e+02
1.097841507929165211e-01 -1.043055262189161851e+02
1.089197771139867321e-01 -1.036616002052141425e+02
1.080608210169653194e-01 -1.029983887992256655e+02
1.072074314115534638e-01 -1.023137063349860938e+02
1.063597624699911676e-01 -1.016083483230903539e+02
1.055179738696145897e-01 -1.008842539805075518e+02
1.046822310506340531e-01 -1.001400717745865450e+02
1.038527054903295443e-01 -9.936588933186092731e+01
1.030295749949432793e-01 -9.867752991975764587e+01
1.022130240106243759e-01 -9.784197286971880203e+01
1.014032439548485931e-01 -9.689168712085117363e+01
1.006004335697864294e-01 -9.614810810038174793e+01
9.980479929911824366e-02 -9.524603033958432263e+01
9.901655568978327826e-02 -9.432761061020669047e+01
9.823592582008448815e-02 -9.348932488136988184e+01
9.746314175543079050e-02 -9.238102512506624464e+01
9.669844503275773495e-02 -9.137901949843582372e+01
9.594208717428832911e-02 -9.046049585638508006e+01
9.519433023073360645e-02 -8.936482122835290909e+01
9.445544735322902730e-02 -8.822162975798916307e+01
9.372572339218356030e-02 -8.726921925667186031e+01
9.300545551969123526e-02 -8.605349523662509625e+01
9.229495387010641649e-02 -8.479601726985897869e+01
9.159454219067440783e-02 -8.346673892421655694e+01
9.090455849057138549e-02 -8.210029639865496165e+01
9.022535567214984287e-02 -8.093359410716502111e+01
8.955730212238419141e-02 -7.957196425003412799e+01
8.890078223522930589e-02 -7.822464580085993191e+01
8.825619682660178211e-02 -7.666663410237326559e+01
8.762396339275056734e-02 -7.495484719872285950e+01
8.700451614975866776e-02 -7.343259640378811071e+01
8.639830577680547574e-02 -7.201260204571597967e+01
8.580579876885735535e-02 -7.010152123619459985e+01
8.522747628626059502e-02 -6.817432071406790328e+01
8.466383237044998455e-02 -6.656428102364174038e+01
8.411537137857873214e-02 -6.464765229442187433e+01
8.358260447819115813e-02 -6.261841435315308502e+01
8.306604504007177037e-02 -6.050682103583412186e+01
8.256620277820221621e-02 -5.842476198569951862e+01
8.208357651629294427e-02 -5.629305477488807696e+01
8.161864551678597868e-02 -5.387705930370722029e+01
8.117185939570016606e-02 -5.159384171399169361e+01
8.074362676755307555e-02 -4.924976445703610040e+01
8.033430291612136953e-02 -4.680764443587655421e+01
7.994417695894230624e-02 -4.435633240845515246e+01
7.957345914737508352e-02 -4.182452102349721201e+01
7.922226909249363569e-02 -3.932322877151247553e+01
7.889062579764274941e-02 -3.682381357823101808e+01
7.857844037987167518e-02 -3.432702570036340717e+01
7.828551225309154926e-02 -3.187710392345098143e+01
7.801152932231071591e-02 -2.947969545266201763e+01
7.775607242068398317e-02 -2.714896622288359751e+01
7.751862385175714576e-02 -2.490463645587290387e+01
7.729857953492720590e-02 -2.275772560004495659e+01
7.709526395062418769e-02 -2.071840634338391141e+01
7.690794688792448874e-02 -1.879417288479818993e+01
7.673586093294881838e-02 -1.698959001975515548e+01
7.657821869703004825e-02 -1.530645997191757424e+01
7.643422894302491499e-02 -1.374408589525326363e+01
7.630311098759189059e-02 -1.229960001373040512e+01
7.618410699614305837e-02 -1.096833774242166548e+01
7.607649201139732309e-02 -9.744233727837352532e+00
7.597958174307743728e-02 -8.620197196418704522e+00
7.589273828433976132e-02 -7.588441558642415430e+00
7.581537400906183943e-02 -6.640770486437908460e+00
7.574695394899297329e-02 -5.768802540037357041e+00
7.568699696031247481e-02 -4.964142833681796319e+00
7.563507597548423111e-02 -4.218506736405418067e+00
7.559081760766007962e-02 -3.523795090048141621e+00
7.555390133869839542e-02 -2.872138544210058431e+00
7.552405848351563533e-02 -2.255906647679997601e+00
7.550107108648576593e-02 -1.667699395556956565e+00
7.548477087191053647e-02 -1.100318467875201600e+00
7.547503834100320608e-02 -5.467261945539664270e-01
7.547180208236017873e-02 0.000000000000000000e+00
7.547503834100320608e-02 5.467261945539664270e-01
7.548477087191053647e-02 1.100318467875201600e+00
7.550107108648576593e-02 1.667699395556956565e+00
7.552405848351563533e-02 2.255906647679997601e+00
7.555390133869839542e-02 2.872138544210058431e+00
7.559081760766007962e-02 3.523795090048141621e+00
7.563507597548423111e-02 4.218506736405418067e+00
7.568699696031247481e-02 4.964142833681796319e+00
7.574695394899297329e-02 5.768802540037357041e+00
7.581537400906183943e-02 6.640770486437908460e+00
7.589273828433976132e-02 7.588441558643250318e+00
7.597958174307745116e-02 8.620197196418704522e+00
7.607649201139732309e-02 9.744233727837352532e+00
7.618410699614307224e-02 1.096833774242250037e+01
7.630311098759190447e-02 1.229960001372957024e+01
7.643422894302491499e-02 1.374408589525242874e+01
7.657821869703004825e-02 1.530645997191924401e+01
7.673586093294884614e-02 1.698959001975599037e+01
7.690794688792450262e-02 1.879417288479652015e+01
7.709526395062418769e-02 2.071840634338307652e+01
7.729857953492720590e-02 2.275772560004495659e+01
7.751862385175714576e-02 2.490463645587373875e+01
7.775607242068399705e-02 2.714896622288443240e+01
7.801152932231072978e-02 2.947969545266285252e+01
7.828551225309157702e-02 3.187710392345014654e+01
7.857844037987167518e-02 3.432702570036173739e+01
7.889062579764274941e-02 3.682381357823101808e+01
7.922226909249363569e-02 3.932322877151247553e+01
7.957345914737508352e-02 4.182452102349804335e+01
7.994417695894232012e-02 4.435633240845515246e+01
8.033430291612136953e-02 4.680764443587655421e+01
8.074362676755308943e-02 4.924976445703610040e+01
8.117185939570016606e-02 5.159384171399086227e+01
8.161864551678597868e-02 5.387705930370722029e+01
8.208357651629294427e-02 5.629305477488891540e+01
8.256620277820223008e-02 5.842476198569951862e+01
8.306604504007177037e-02 6.050682103583329052e+01
8.358260447819115813e-02 6.261841435315308502e+01
8.411537137857873214e-02 6.464765229442271277e+01
8.466383237044999843e-02 6.656428102364256461e+01
8.522747628626060890e-02 6.817432071406706484e+01
8.580579876885735535e-02 7.010152123619543829e+01
8.639830577680550350e-02 7.201260204571681811e+01
8.700451614975868164e-02 7.343259640378811071e+01
8.762396339275059509e-02 7.495484719872203527e+01
8.825619682660178211e-02 7.666663410237158871e+01
8.890078223522930589e-02 7.822464580086160879e+01
8.955730212238421917e-02 7.957196425003412799e+01
9.022535567214984287e-02 8.093359410716335844e+01
9.090455849057138549e-02 8.210029639865496165e+01
9.159454219067440783e-02 8.346673892421821961e+01
9.229495387010644425e-02 8.479601726985897869e+01
9.300545551969123526e-02 8.605349523662425781e+01
9.372572339218357418e-02 8.726921925667268454e+01
9.445544735322904117e-02 8.822162975798832463e+01
9.519433023073362032e-02 8.936482122835207065e+01
9.594208717428832911e-02 9.046049585638758117e+01
9.669844503275777658e-02 9.137901949843832483e+01
9.746314175543083214e-02 9.238102512506624464e+01
9.823592582008452978e-02 9.348932488136904340e+01
9.901655568978330602e-02 9.432761061020417515e+01
9.980479929911824366e-02 9.524603033958348419e+01
1.006004335697864432e-01 9.614810810038342481e+01
1.014032439548486209e-01 9.689168712085283630e+01
1.022130240106244176e-01 9.784197286971796359e+01
1.030295749949433071e-01 9.867752991975513055e+01
1.038527054903295443e-01 9.936588933186092731e+01
1.046822310506340670e-01 1.001400717745882076e+02
1.055179738696146174e-01 1.008842539805083902e+02
1.063597624699911953e-01 1.016083483230903539e+02
1.072074314115534915e-01 1.023137063349852554e+02
1.080608210169653333e-01 1.029983887992256655e+02
1.089197771139867599e-01 1.036616002052158194e+02
1.097841507929165628e-01 1.043055262189153467e+02
1.106537981781406943e-01 1.049337980312993182e+02
1.115285802127538861e-01 1.055617795411068585e+02
1.124083624553006006e-01 1.061057276550727266e+02
1.132930148877578647e-01 1.066747928395094931e+02
1.141824117339520495e-01 1.072900360424851698e+02
1.150764312876692147e-01 1.077994598032055080e+02
1.159749557497793682e-01 1.083474976744268474e+02
1.168778710737521376e-01 1.089043898820261234e+02
1.177850668189926037e-01 1.093716554435668940e+02
1.186964360114745320e-01 1.098781106121186468e+02
1.196118750111912488e-01 1.103988895494821918e+02
1.205312833859839561e-01 1.108362175208598615e+02
1.214545637913434228e-01 1.112897340282055012e+02
1.223816218558139018e-01 1.117469128436459158e+02
1.233123660716572423e-01 1.121844566677111601e+02
1.242467076904629208e-01 1.126142018197210461e+02
1.251845606234136543e-01 1.130318423336602507e+02
1.261258413459387939e-01 1.134401289206510199e+02
1.270704688065075749e-01 1.138415122266142703e+02
1.280183643393330017e-01 1.142269582769191913e+02
1.289694515807739694e-01 1.145829564066915793e+02
1.299236563892372243e-01 1.149775444180172457e+02
1.308809067683967542e-01 1.153492480900792998e+02
1.318411327935584965e-01 1.156960325167956967e+02
1.328042665410116285e-01 1.160404993702382370e+02
1.337702420202165898e-01 1.163672834347632232e+02
1.347389951086920279e-01 1.167091001070394896e+02
1.357104634894679418e-01 1.170339104262050824e+02
1.366845865909848690e-01 1.173388343082744285e+02
1.376613055293229304e-01 1.176569508547812291e+02
1.386405630526528765e-01 1.179615144050161177e+02
1.396223034878079361e-01 1.182478293884073679e+02
1.406064726888798799e-01 1.185442782942667890e+02
1.415930179877496198e-01 1.188271525238174320e+02
1.425818881464664400e-01 1.190972510850911164e+02
1.435730333113953150e-01 1.193765693381039483e+02
1.445664049690560671e-01 1.196388004410019050e+02
1.455619559035815080e-01 1.198910884355820770e+02
1.465596401557263395e-01 1.201479591521942183e+02
1.475594129833618651e-01 1.204054552872320016e+02
1.485612308233940637e-01 1.206444392665007825e+02
1.495650512550467937e-01 1.208743597461604509e+02
1.505708329644539489e-01 1.211127958959672384e+02
1.515785357105076947e-01 1.213279271702059816e+02
1.525881202919115998e-01 1.215691647445581083e+02
1.535995485153910378e-01 1.218023760713772106e+02
1.546127831650141171e-01 1.220007351104806474e+02
1.556277879725802282e-01 1.222113459938041444e+02
1.566445275890330224e-01 1.224232130026935579e+02
1.576629675568590461e-01 1.226240441082876202e+02
1.586830742834328400e-01 1.228173916373642953e+02
1.597048150152728940e-01 1.230144460561160002e+02
1.607281578131724564e-01 1.232051591069667893e+02
1.617530715281727260e-01 1.234030050522513875e+02
1.627795257783459515e-01 1.235785722107799955e+02
1.638074909263578516e-01 1.237477900078563380e+02
1.648369380577804355e-01 1.239327691559327462e+02
1.658678389601265790e-01 1.241062418143950623e+02
1.669001661025797389e-01 1.242758027071399312e+02
1.679338926163934376e-01 1.244474988030140281e+02
1.689689922759347596e-01 1.246088181198752665e+02
1.700054394803495184e-01 1.247644314049847765e+02
1.710432092358249723e-01 1.249249068182660096e+02
1.720822771384296068e-01 1.250798456991179108e+02
1.731226193575079453e-01 1.252316751131193371e+02
1.741642126196109031e-01 1.253797247783000444e+02
