-1.172033762274011116e-03 7.156066241044004017e-02 1.752070342004634074e-01
-1.163721466087670568e-03 7.155592749992016610e-02 1.741642145313747614e-01
-1.155409169901330021e-03 7.155111344178598232e-02 1.731226217638115461e-01
-1.147096873714989690e-03 7.154621934715361953e-02 1.720822799013371207e-01
-1.138784577528649143e-03 7.154124437114189883e-02 1.710432123850641750e-01
-1.130472281342308595e-03 7.153618771856311287e-02 1.700054432711332886e-01
-1.122159985155968048e-03 7.153104865003659385e-02 1.689690004924441213e-01
-1.113847688969627501e-03 7.152582648854489966e-02 1.679338943579097299e-01
-1.105535392783287170e-03 7.152052062645422592e-02 1.669001689428032953e-01
-1.097223096596946623e-03 7.151513053301755685e-02 1.658678423368122601e-01
-1.088910800410606075e-03 7.150965576238151045e-02 1.648369419571086569e-01
-1.080598504224265528e-03 7.150409596211342034e-02 1.638074956956157013e-01
-1.072286208037924980e-03 7.149845088226490508e-02 1.627795430236861352e-01
-1.063973911851584650e-03 7.149272038498663551e-02 1.617530742446606495e-01
-1.055661615665244102e-03 7.148690445470455568e-02 1.607281616312862260e-01
-1.047349319478903555e-03 7.148100320886610626e-02 1.597048195269635262e-01
-1.039037023292563007e-03 7.147501690925943396e-02 1.586830796858125781e-01
-1.030724727106222460e-03 7.146894597390357484e-02 1.576629770709548906e-01
-1.022412430919882129e-03 7.146279098950296393e-02 1.566445305908035213e-01
-1.014100134733541582e-03 7.145655272445020079e-02 1.556277926539845480e-01
-1.005787838547201034e-03 7.145023214235403375e-02 1.546127887886470098e-01
-9.974755423608604871e-04 7.144383041605927021e-02 1.535995555063509876e-01
-9.891632461745199396e-04 7.143734894211417608e-02 1.525881042882301641e-01
-9.808509499881793922e-04 7.143078935562689746e-02 1.515785405628873594e-01
-9.725386538018390616e-04 7.142415354543918404e-02 1.505708392763055459e-01
-9.642263576154985142e-04 7.141744366952686163e-02 1.495650589838501410e-01
-9.559140614291579668e-04 7.141066217051994514e-02 1.485612470058315648e-01
-9.476017652428174193e-04 7.140381179121098321e-02 1.475594184570759582e-01
-9.392894690564769803e-04 7.139689558989908980e-02 1.465596476895828504e-01
-9.309771728701364329e-04 7.138991695539027849e-02 1.455619653373008970e-01
-9.226648766837959939e-04 7.138287962144430898e-02 1.445664206110670591e-01
-9.143525804974554465e-04 7.137578768042952826e-02 1.435730407174112266e-01
-9.060402843111148991e-04 7.136864559591055146e-02 1.425818978011940130e-01
-8.977279881247744600e-04 7.136145821385962706e-02 1.415930315688337104e-01
-8.894156919384340210e-04 7.135423077214121668e-02 1.406064791314895202e-01
-8.811033957520934736e-04 7.134696890787943502e-02 1.396223140030261878e-01
-8.727910995657529262e-04 7.133967866227618193e-02 1.386405770073202426e-01
-8.644788033794123788e-04 7.133236648240140476e-02 1.376613105510086088e-01
-8.561665071930719398e-04 7.132503921943378344e-02 1.366845986292255510e-01
-8.478542110067313923e-04 7.131770412278531923e-02 1.357104798018770875e-01
-8.395419148203909533e-04 7.131036882949977340e-02 1.347390029021483804e-01
-8.312296186340504059e-04 7.130304134827300522e-02 1.337702566419994021e-01
-8.229173224477098585e-04 7.129573003740587167e-02 1.328042888950118350e-01
-8.146050262613694195e-04 7.128844357596919590e-02 1.318411459812652564e-01
-8.062927300750288720e-04 7.128119092743194496e-02 1.308809257305842688e-01
-7.979804338886884330e-04 7.127398129498985213e-02 1.299236560354600778e-01
-7.896681377023478856e-04 7.126682406782376689e-02 1.289694705789546092e-01
-7.813558415160073382e-04 7.125972875752502322e-02 1.280183980376856101e-01
-7.730435453296668992e-04 7.125270492394776556e-02 1.270704883349290104e-01
-7.647312491433263517e-04 7.124576208978786185e-02 1.261258711249874653e-01
-7.564189529569859127e-04 7.123890964324698649e-02 1.251845812076174402e-01
-7.481066567706453653e-04 7.123215672822361122e-02 1.242467396460644469e-01
-7.397943605843048179e-04 7.122551212157360312e-02 1.233123891738501787e-01
-7.314820643979642704e-04 7.121898409711406586e-02 1.223816593833442490e-01
-7.231697682116238314e-04 7.121258027619374598e-02 1.214545916455952446e-01
-7.148574720252833924e-04 7.120630746483061491e-02 1.205313373773630459e-01
-7.065451758389428450e-04 7.120017147761414922e-02 1.196119098824204585e-01
-6.982328796526022976e-04 7.119417694878679703e-02 1.186964480583162229e-01
-6.899205834662617502e-04 7.118832713115186284e-02 1.177851127856136548e-01
-6.816082872799213111e-04 7.118262368369633608e-02 1.168779093528673624e-01
-6.732959910935807637e-04 7.117706644906268698e-02 1.159749691093188151e-01
-6.649836949072403247e-04 7.117165322224308643e-02 1.150764872951639817e-01
-6.566713987208997773e-04 7.116637951209460466e-02 1.141824613048353643e-01
-6.483591025345593383e-04 7.116123829747364460e-02 1.132930506042569702e-01
-6.400468063482187909e-04 7.115621977995174874e-02 1.124084655564941138e-01
-6.317345101618782434e-04 7.115131113518990968e-02 1.115286562490921118e-01
-6.234222139755378044e-04 7.114649626510553826e-02 1.106538706534565542e-01
-6.151099177891972570e-04 7.114175555295246256e-02 1.097842223627421010e-01
-6.067976216028568180e-04 7.113706562334246031e-02 1.089198482441898069e-01
-5.984853254165162706e-04 7.113239910905889973e-02 1.080608924136666205e-01
-5.901730292301757231e-04 7.112772442624440417e-02 1.072075059287928706e-01
-5.818607330438352841e-04 7.112300555918539546e-02 1.063598454385817765e-01
-5.735484368574947367e-04 7.111820185546793849e-02 1.055180707055941580e-01
-5.652361406711542977e-04 7.111326783174873323e-02 1.046823459079420232e-01
-5.569238444848137503e-04 7.110815298978477583e-02 1.038528435334829386e-01
-5.486115482984732028e-04 7.110280164170765249e-02 1.030297531938074301e-01
-5.402992521121327638e-04 7.109715274283601172e-02 1.022130940907597235e-01
-5.319869559257922164e-04 7.109113972961358940e-02 1.014034005700480690e-01
-5.236746597394516690e-04 7.108469035956790916e-02 1.006006585264998532e-01
-5.153623635531112300e-04 7.107772654953592451e-02 9.980495775713255080e-02
-5.070500673667706825e-04 7.107016420783009159e-02 9.901681937288239754e-02
-4.987377711804302435e-04 7.106191305555616122e-02 9.823614564866187115e-02
-4.904254749940896961e-04 7.105287643198038294e-02 9.746333613769415927e-02
-4.821131788077491487e-04 7.104295107872007908e-02 9.669880927471126431e-02
-4.738008826214087097e-04 7.103202689764200051e-02 9.594244587270198132e-02
-4.654885864350681622e-04 7.101998667775014096e-02 9.519471558223298324e-02
-4.571762902487277232e-04 7.100670578708630221e-02 9.445589062853496087e-02
-4.488639940623871758e-04 7.099205182682578885e-02 9.372627668612662499e-02
-4.405516978760466284e-04 7.097588424641089466e-02 9.300582817517097367e-02
-4.322394016897061894e-04 7.095805392083232022e-02 9.229552135848140271e-02
-4.239271055033656420e-04 7.093840269416985811e-02 9.159501898927401020e-02
-4.156148093170252029e-04 7.091676289739433370e-02 9.090536568085984259e-02
-4.073025131306846555e-04 7.089295685339455644e-02 9.022620149767510145e-02
-3.989902169443441081e-04 7.086679638843822182e-02 8.955826099209861224e-02
-3.906779207580036691e-04 7.083808237703652366e-02 8.890177575873400850e-02
-3.823656245716631217e-04 7.080660435670034503e-02 8.825721165802473400e-02
-3.740533283853226827e-04 7.077214026057276897e-02 8.762515139018607624e-02
-3.657410321989821352e-04 7.073445632955702167e-02 8.700601016332272508e-02
-3.574287360126415878e-04 7.069330728135546360e-02 8.639991151839285233e-02
-3.491164398263011488e-04 7.064843683158381071e-02 8.580742464926970070e-02
-3.408041436399606014e-04 7.059957868124329405e-02 8.522954691412402972e-02
-3.324918474536200539e-04 7.054645810418209984e-02 8.466619550295327590e-02
-3.241795512672796149e-04 7.048879428586159179e-02 8.411791381491692809e-02
-3.158672550809390675e-04 7.042630357788033646e-02 8.358552400222563072e-02
-3.075549588945986285e-04 7.035870383727269028e-02 8.306930113052074516e-02
-2.992426627082580811e-04 7.028572001037274031e-02 8.257002289549850160e-02
-2.909303665219175336e-04 7.020709109183626007e-02 8.208779154300567538e-02
-2.826180703355770946e-04 7.012257853374455341e-02 8.162346981667008283e-02
-2.743057741492365472e-04 7.003197609196502860e-02 8.117744950796730585e-02
-2.659934779628961082e-04 6.993512097425599872e-02 8.074993415218827131e-02
-2.576811817765555608e-04 6.983190599922095565e-02 8.034150536368397932e-02
-2.493688855902150133e-04 6.972229229693240049e-02 7.995231044982294144e-02
-2.410565894038745743e-04 6.960632189985682672e-02 7.958267175545770400e-02
-2.327442932175340269e-04 6.948412941464306158e-02 7.923268327510667175e-02
-2.244319970311935879e-04 6.935595186529133760e-02 7.890233422612505376e-02
-2.161197008448530405e-04 6.922213578951641466e-02 7.859156883162668472e-02
-2.078074046585124931e-04 6.908314077648518292e-02 7.830017447597885372e-02
-1.994951084721720540e-04 6.893953886058257208e-02 7.802782824277057494e-02
-1.911828122858315066e-04 6.879200951294135724e-02 7.777410962939587669e-02
-1.828705160994909592e-04 6.864133035672394245e-02 7.753848755191188047e-02
-1.745582199131504118e-04 6.848836411432633609e-02 7.732034433611520430e-02
-1.662459237268100812e-04 6.833404261358076714e-02 7.711898890285047437e-02
-1.579336275404695338e-04 6.817934888754118017e-02 7.693367375877585568e-02
-1.496213313541289863e-04 6.802529847457768064e-02 7.676361312712613738e-02
-1.413090351677884389e-04 6.787292096601138525e-02 7.660800073168526347e-02
-1.329967389814478915e-04 6.772324268442696249e-02 7.646602644552075168e-02
-1.246844427951075609e-04 6.757727114759480569e-02 7.633689111952093875e-02
-1.163721466087670135e-04 6.743598172362960663e-02 7.621981925103667177e-02
-1.080598504224264660e-04 6.730030664841693544e-02 7.611406928852461340e-02
-9.974755423608591860e-05 6.717112638092222199e-02 7.601894161365192748e-02
-9.143525804974537118e-05 6.704926312817054146e-02 7.593378437112438539e-02
-8.312296186340504059e-05 6.693547627891892338e-02 7.585799741601799429e-02
-7.481066567706449316e-05 6.683045943724431892e-02 7.579103468939814292e-02
-6.649836949072394574e-05 6.673483873910082687e-02 7.573240534608022267e-02
-5.818607330438339831e-05 6.664917214814604363e-02 7.568167394258017155e-02
-4.987377711804285088e-05 6.657394945518642360e-02 7.563845996318198373e-02
-4.156148093170252029e-05 6.650959274648168829e-02 7.560243692386545145e-02
-3.324918474536197287e-05 6.645645714568759743e-02 7.557333125361392900e-02
-2.493688855902142544e-05 6.641483166631755031e-02 7.555092111397172794e-02
-1.662459237268087801e-05 6.638494006219222698e-02 7.553503528263370848e-02
-8.312296186340330587e-06 6.636694157530560745e-02 7.552555219616237381e-02
0.000000000000000000e+00 6.636093150380679984e-02 7.552239922059614252e-02
8.312296186340547427e-06 6.636694157530560745e-02 7.552555219616237381e-02
1.662459237268109485e-05 6.638494006219222698e-02 7.553503528263370848e-02
2.493688855902164228e-05 6.641483166631755031e-02 7.555092111397172794e-02
3.324918474536218971e-05 6.645645714568759743e-02 7.557333125361392900e-02
4.156148093170252029e-05 6.650959274648168829e-02 7.560243692386545145e-02
4.987377711804306772e-05 6.657394945518642360e-02 7.563845996318198373e-02
5.818607330438361515e-05 6.664917214814604363e-02 7.568167394258017155e-02
6.649836949072416258e-05 6.673483873910082687e-02 7.573240534608022267e-02
7.481066567706471000e-05 6.683045943724431892e-02 7.579103468939814292e-02
8.312296186340525743e-05 6.693547627891892338e-02 7.585799741601799429e-02
9.143525804974558802e-05 6.704926312817054146e-02 7.593378437112438539e-02
9.974755423608613544e-05 6.717112638092223587e-02 7.601894161365194136e-02
1.080598504224266829e-04 6.730030664841693544e-02 7.611406928852461340e-02
1.163721466087672303e-04 6.743598172362962051e-02 7.621981925103668565e-02
1.246844427951077777e-04 6.757727114759481957e-02 7.633689111952095263e-02
1.329967389814481083e-04 6.772324268442696249e-02 7.646602644552075168e-02
1.413090351677886557e-04 6.787292096601138525e-02 7.660800073168526347e-02
1.496213313541292032e-04 6.802529847457768064e-02 7.676361312712616514e-02
1.579336275404697506e-04 6.817934888754119405e-02 7.693367375877586956e-02
1.662459237268102980e-04 6.833404261358076714e-02 7.711898890285047437e-02
1.745582199131506286e-04 6.848836411432633609e-02 7.732034433611520430e-02
1.828705160994911760e-04 6.864133035672394245e-02 7.753848755191188047e-02
1.911828122858317235e-04 6.879200951294137112e-02 7.777410962939589056e-02
1.994951084721722709e-04 6.893953886058258596e-02 7.802782824277058882e-02
2.078074046585128183e-04 6.908314077648518292e-02 7.830017447597888147e-02
2.161197008448531489e-04 6.922213578951641466e-02 7.859156883162668472e-02
2.244319970311936963e-04 6.935595186529133760e-02 7.890233422612505376e-02
2.327442932175342438e-04 6.948412941464306158e-02 7.923268327510667175e-02
2.410565894038747912e-04 6.960632189985682672e-02 7.958267175545770400e-02
2.493688855902153386e-04 6.972229229693241437e-02 7.995231044982295532e-02
2.576811817765556692e-04 6.983190599922095565e-02 8.034150536368397932e-02
2.659934779628962166e-04 6.993512097425601259e-02 8.074993415218828519e-02
2.743057741492367640e-04 7.003197609196502860e-02 8.117744950796730585e-02
2.826180703355773115e-04 7.012257853374455341e-02 8.162346981667008283e-02
2.909303665219178589e-04 7.020709109183626007e-02 8.208779154300567538e-02
2.992426627082581895e-04 7.028572001037272643e-02 8.257002289549851548e-02
3.075549588945987369e-04 7.035870383727269028e-02 8.306930113052074516e-02
3.158672550809392843e-04 7.042630357788033646e-02 8.358552400222563072e-02
3.241795512672798318e-04 7.048879428586159179e-02 8.411791381491692809e-02
3.324918474536203792e-04 7.054645810418208596e-02 8.466619550295328978e-02
3.408041436399607098e-04 7.059957868124330793e-02 8.522954691412404360e-02
3.491164398263012572e-04 7.064843683158381071e-02 8.580742464926970070e-02
3.574287360126418046e-04 7.069330728135546360e-02 8.639991151839288008e-02
3.657410321989823521e-04 7.073445632955703555e-02 8.700601016332273896e-02
3.740533283853228995e-04 7.077214026057276897e-02 8.762515139018610399e-02
3.823656245716632301e-04 7.080660435670034503e-02 8.825721165802473400e-02
3.906779207580037775e-04 7.083808237703652366e-02 8.890177575873400850e-02
3.989902169443443249e-04 7.086679638843822182e-02 8.955826099209864000e-02
4.073025131306848724e-04 7.089295685339455644e-02 9.022620149767510145e-02
4.156148093170254198e-04 7.091676289739433370e-02 9.090536568085984259e-02
4.239271055033657504e-04 7.093840269416985811e-02 9.159501898927401020e-02
4.322394016897062978e-04 7.095805392083232022e-02 9.229552135848143046e-02
4.405516978760468452e-04 7.097588424641089466e-02 9.300582817517097367e-02
4.488639940623873927e-04 7.099205182682578885e-02 9.372627668612663887e-02
4.571762902487279401e-04 7.100670578708631608e-02 9.445589062853497475e-02
4.654885864350684875e-04 7.101998667775014096e-02 9.519471558223299712e-02
4.738008826214088181e-04 7.103202689764200051e-02 9.594244587270198132e-02
4.821131788077493655e-04 7.104295107872006521e-02 9.669880927471130594e-02
4.904254749940899129e-04 7.105287643198039682e-02 9.746333613769420090e-02
4.987377711804304604e-04 7.106191305555616122e-02 9.823614564866191279e-02
5.070500673667710078e-04 7.107016420783009159e-02 9.901681937288242530e-02
5.153623635531113384e-04 7.107772654953592451e-02 9.980495775713255080e-02
5.236746597394518858e-04 7.108469035956790916e-02 1.006006585264998671e-01
5.319869559257924332e-04 7.109113972961358940e-02 1.014034005700480967e-01
5.402992521121329807e-04 7.109715274283599784e-02 1.022130940907597652e-01
5.486115482984735281e-04 7.110280164170765249e-02 1.030297531938074579e-01
5.569238444848138587e-04 7.110815298978477583e-02 1.038528435334829386e-01
5.652361406711544061e-04 7.111326783174873323e-02 1.046823459079420371e-01
5.735484368574949535e-04 7.111820185546793849e-02 1.055180707055941858e-01
5.818607330438355010e-04 7.112300555918539546e-02 1.063598454385818043e-01
5.901730292301760484e-04 7.112772442624440417e-02 1.072075059287928983e-01
5.984853254165163790e-04 7.113239910905891361e-02 1.080608924136666343e-01
6.067976216028569264e-04 7.113706562334246031e-02 1.089198482441898347e-01
6.151099177891974738e-04 7.114175555295244868e-02 1.097842223627421426e-01
6.234222139755380213e-04 7.114649626510553826e-02 1.106538706534565680e-01
6.317345101618785687e-04 7.115131113518990968e-02 1.115286562490921396e-01
6.400468063482188993e-04 7.115621977995174874e-02 1.124084655564941138e-01
6.483591025345594467e-04 7.116123829747364460e-02 1.132930506042569702e-01
6.566713987208999941e-04 7.116637951209460466e-02 1.141824613048353643e-01
6.649836949072405416e-04 7.117165322224307256e-02 1.150764872951640233e-01
6.732959910935810890e-04 7.117706644906267310e-02 1.159749691093188428e-01
6.816082872799214196e-04 7.118262368369633608e-02 1.168779093528673624e-01
6.899205834662619670e-04 7.118832713115187671e-02 1.177851127856136687e-01
6.982328796526025144e-04 7.119417694878679703e-02 1.186964480583162507e-01
7.065451758389430618e-04 7.120017147761413534e-02 1.196119098824204724e-01
7.148574720252836093e-04 7.120630746483061491e-02 1.205313373773630736e-01
7.231697682116239399e-04 7.121258027619373210e-02 1.214545916455952584e-01
7.314820643979644873e-04 7.121898409711406586e-02 1.223816593833442767e-01
7.397943605843050347e-04 7.122551212157360312e-02 1.233123891738502065e-01
7.481066567706455821e-04 7.123215672822361122e-02 1.242467396460644746e-01
7.564189529569861296e-04 7.123890964324698649e-02 1.251845812076174402e-01
7.647312491433264602e-04 7.124576208978783409e-02 1.261258711249874931e-01
7.730435453296670076e-04 7.125270492394779331e-02 1.270704883349290659e-01
7.813558415160075550e-04 7.125972875752499547e-02 1.280183980376856101e-01
7.896681377023481024e-04 7.126682406782376689e-02 1.289694705789546092e-01
7.979804338886886499e-04 7.127398129498985213e-02 1.299236560354600778e-01
8.062927300750291973e-04 7.128119092743193108e-02 1.308809257305842688e-01
8.146050262613697447e-04 7.128844357596916814e-02 1.318411459812652564e-01
8.229173224477102921e-04 7.129573003740587167e-02 1.328042888950118905e-01
8.312296186340504059e-04 7.130304134827300522e-02 1.337702566419994021e-01
8.395419148203909533e-04 7.131036882949977340e-02 1.347390029021483804e-01
8.478542110067315007e-04 7.131770412278526372e-02 1.357104798018771152e-01
8.561665071930720482e-04 7.132503921943372793e-02 1.366845986292255788e-01
8.644788033794125956e-04 7.133236648240144639e-02 1.376613105510086643e-01
8.727910995657531430e-04 7.133967866227620969e-02 1.386405770073202981e-01
8.811033957520936905e-04 7.134696890787937951e-02 1.396223140030262155e-01
8.894156919384342379e-04 7.135423077214118892e-02 1.406064791314895479e-01
8.977279881247747853e-04 7.136145821385969645e-02 1.415930315688337382e-01
9.060402843111153327e-04 7.136864559591055146e-02 1.425818978011940685e-01
9.143525804974554465e-04 7.137578768042952826e-02 1.435730407174112266e-01
9.226648766837959939e-04 7.138287962144430898e-02 1.445664206110670591e-01
9.309771728701365413e-04 7.138991695539027849e-02 1.455619653373008970e-01
9.392894690564770888e-04 7.139689558989908980e-02 1.465596476895828504e-01
9.476017652428176362e-04 7.140381179121091382e-02 1.475594184570759859e-01
9.559140614291581836e-04 7.141066217052002840e-02 1.485612470058315926e-01
9.642263576154987310e-04 7.141744366952694489e-02 1.495650589838501687e-01
9.725386538018392785e-04 7.142415354543922568e-02 1.505708392763055736e-01
9.808509499881798259e-04 7.143078935562689746e-02 1.515785405628874150e-01
9.891632461745203733e-04 7.143734894211421771e-02 1.525881042882301919e-01
9.974755423608609207e-04 7.144383041605927021e-02 1.535995555063510432e-01
1.005787838547201034e-03 7.145023214235403375e-02 1.546127887886470098e-01
1.014100134733541582e-03 7.145655272445020079e-02 1.556277926539845480e-01
1.022412430919882129e-03 7.146279098950296393e-02 1.566445305908035213e-01
1.030724727106222677e-03 7.146894597390361648e-02 1.576629770709549461e-01
1.039037023292563224e-03 7.147501690925943396e-02 1.586830796858126336e-01
1.047349319478903772e-03 7.148100320886610626e-02 1.597048195269635262e-01
1.055661615665244319e-03 7.148690445470450017e-02 1.607281616312862260e-01
1.063973911851584866e-03 7.149272038498653836e-02 1.617530742446606773e-01
1.072286208037925414e-03 7.149845088226490508e-02 1.627795430236861907e-01
1.080598504224265961e-03 7.150409596211342034e-02 1.638074956956157568e-01
1.088910800410606075e-03 7.150965576238151045e-02 1.648369419571086569e-01
1.097223096596946623e-03 7.151513053301755685e-02 1.658678423368122601e-01
1.105535392783287170e-03 7.152052062645422592e-02 1.669001689428032953e-01
1.113847688969627717e-03 7.152582648854499681e-02 1.679338943579097576e-01
1.122159985155968265e-03 7.153104865003653834e-02 1.689690004924441213e-01
1.130472281342308812e-03 7.153618771856301572e-02 1.700054432711333163e-01
1.138784577528649360e-03 7.154124437114189883e-02 1.710432123850641750e-01
1.147096873714989907e-03 7.154621934715371667e-02 1.720822799013371485e-01
1.155409169901330454e-03 7.155111344178598232e-02 1.731226217638116016e-01
1.163721466087671002e-03 7.155592749992016610e-02 1.741642145313748169e-01
1.172033762274011116e-03 7.156066241044004017e-02 1.752070342004634074e-01
