1.741642126196108475e-01 0.000000000000000000e+00
1.731226193575078898e-01 -1.253812658936011104e+02
1.720822771384295791e-01 -1.252322212398330947e+02
1.710432092358249723e-01 -1.250803227009901661e+02
1.700054394803494906e-01 -1.249255671144552053e+02
1.689689922759347596e-01 -1.247676842909285568e+02
1.679338926163934098e-01 -1.246075011515890907e+02
1.669001661025797389e-01 -1.244440467027932158e+02
1.658678389601265790e-01 -1.242768529165609692e+02
1.648369380577804355e-01 -1.241069218085072379e+02
1.638074909263577961e-01 -1.239336637560082863e+02
1.627795257783458960e-01 -1.237563536777846025e+02
1.617530715281726983e-01 -1.235772525966439304e+02
1.607281578131724564e-01 -1.233943874480139868e+02
1.597048150152728940e-01 -1.232063121777942030e+02
1.586830742834327845e-01 -1.230154640563876711e+02
1.576629675568589906e-01 -1.228206027694224929e+02
1.566445275890330224e-01 -1.226225010099477259e+02
1.556277879725802282e-01 -1.224201093985754483e+02
1.546127831650141171e-01 -1.222130297459345627e+02
1.535995485153909823e-01 -1.220022182899670611e+02
1.525881202919115720e-01 -1.217885199846448359e+02
1.515785357105076392e-01 -1.215677893422955265e+02
1.505708329644539212e-01 -1.213422240198535604e+02
1.495650512550467659e-01 -1.211146435293016879e+02
1.485612308233940360e-01 -1.208806944208935477e+02
1.475594129833618373e-01 -1.206429897234663713e+02
1.465596401557263395e-01 -1.203999034308900065e+02
1.455619559035815080e-01 -1.201505020392224026e+02
1.445664049690560671e-01 -1.198962978359232920e+02
1.435730333113953150e-01 -1.196374969865748881e+02
1.425818881464663845e-01 -1.193727199672082264e+02
1.415930179877495920e-01 -1.191012148864011237e+02
1.406064726888798522e-01 -1.188250890861338718e+02
1.396223034878079083e-01 -1.185423089859315127e+02
1.386405630526528210e-01 -1.182526512589752627e+02
1.376613055293228749e-01 -1.179579870625917977e+02
1.366845865909848412e-01 -1.176557195657270398e+02
1.357104634894679140e-01 -1.173460801563644793e+02
1.347389951086920279e-01 -1.170311838908203583e+02
1.337702420202165898e-01 -1.167080140302279290e+02
1.328042665410115730e-01 -1.163766282965125498e+02
1.318411327935584965e-01 -1.160395766397388400e+02
1.308809067683967542e-01 -1.156938540994361801e+02
1.299236563892372243e-01 -1.153405691291509072e+02
1.289694515807739694e-01 -1.149775650903008426e+02
1.280183643393330017e-01 -1.146047948162232899e+02
1.270704688065075194e-01 -1.142272966130684466e+02
1.261258413459387662e-01 -1.138389964861996617e+02
1.251845606234136543e-01 -1.134408041433033105e+02
1.242467076904628931e-01 -1.130332363523669130e+02
1.233123660716572145e-01 -1.126158158827281852e+02
1.223816218558138741e-01 -1.121880296917867241e+02
1.214545637913434090e-01 -1.117499597348215730e+02
1.205312833859839283e-01 -1.113002932343655687e+02
1.196118750111912349e-01 -1.108407184890038621e+02
1.186964360114745043e-01 -1.103719885524570685e+02
1.177850668189925898e-01 -1.098852264076409995e+02
1.168778710737521376e-01 -1.093884688828361078e+02
1.159749557497793404e-01 -1.088834923417080347e+02
1.150764312876691731e-01 -1.083588708414665547e+02
1.141824117339520495e-01 -1.078226620117945203e+02
1.132930148877578647e-01 -1.072770177413614192e+02
1.124083624553006006e-01 -1.067091275727413944e+02
1.115285802127538584e-01 -1.061315860029300353e+02
1.106537981781406804e-01 -1.055421308206542932e+02
1.097841507929165211e-01 -1.049309268608960792e+02
1.089197771139867321e-01 -1.043046572447837121e+02
1.080608210169653194e-01 -1.036614859746816251e+02
1.072074314115534638e-01 -1.030005594730129417e+02
1.063597624699911676e-01 -1.023211238478331069e+02
1.055179738696145897e-01 -1.016226554808605300e+02
1.046822310506340531e-01 -1.009047014828681910e+02
1.038527054903295443e-01 -1.001664964037048122e+02
1.030295749949432793e-01 -9.940651037256529321e+01
1.022130240106243759e-01 -9.863396382685370156e+01
1.014032439548485931e-01 -9.782812037135528271e+01
1.006004335697864294e-01 -9.699098348477751586e+01
9.980479929911824366e-02 -9.614929359364091965e+01
9.901655568978327826e-02 -9.527085645842066697e+01
9.823592582008448815e-02 -9.436695188079808361e+01
9.746314175543079050e-02 -9.344489178219193093e+01
9.669844503275773495e-02 -9.247362819414959745e+01
9.594208717428832911e-02 -9.148436430185384438e+01
9.519433023073360645e-02 -9.047401937805898342e+01
9.445544735322902730e-02 -8.941904925198953435e+01
9.372572339218356030e-02 -8.832931738641715924e+01
9.300545551969123526e-02 -8.722394034435693300e+01
9.229495387010641649e-02 -8.606258099875927314e+01
9.159454219067440783e-02 -8.486278365629715381e+01
9.090455849057138549e-02 -8.362043690803383811e+01
9.022535567214984287e-02 -8.233690552607249913e+01
8.955730212238419141e-02 -8.103084024934675256e+01
8.890078223522930589e-02 -7.966665944348198991e+01
8.825619682660178211e-02 -7.826052542568623949e+01
8.762396339275056734e-02 -7.679131854359251008e+01
8.700451614975866776e-02 -7.526208562912415800e+01
8.639830577680547574e-02 -7.370044596140832027e+01
8.580579876885735535e-02 -7.209713701146978337e+01
8.522747628626059502e-02 -7.039959705671114421e+01
8.466383237044998455e-02 -6.864704533699045896e+01
8.411537137857873214e-02 -6.686678832702263264e+01
8.358260447819115813e-02 -6.500439087477981559e+01
8.306604504007177037e-02 -6.307599373800888287e+01
8.256620277820221621e-02 -6.108427105833190751e+01
8.208357651629294427e-02 -5.903961826624799158e+01
8.161864551678597868e-02 -5.693691957126558378e+01
8.117185939570016606e-02 -5.475875826792113088e+01
8.074362676755307555e-02 -5.254478695774084684e+01
8.033430291612136953e-02 -5.028358744344427578e+01
7.994417695894230624e-02 -4.797854193863129524e+01
7.957345914737508352e-02 -4.564524598348970130e+01
7.922226909249363569e-02 -4.328690644462480464e+01
7.889062579764274941e-02 -4.092356155755356184e+01
7.857844037987167518e-02 -3.856422034945767052e+01
7.828551225309154926e-02 -3.622102344811285235e+01
7.801152932231071591e-02 -3.391003979035870941e+01
7.775607242068398317e-02 -3.164377416239391749e+01
7.751862385175714576e-02 -2.943474822653814726e+01
7.729857953492720590e-02 -2.729482221930066999e+01
7.709526395062418769e-02 -2.523362014883209881e+01
7.690794688792448874e-02 -2.325895087657954718e+01
7.673586093294881838e-02 -2.137651063904098336e+01
7.657821869703004825e-02 -1.958983533489609385e+01
7.643422894302491499e-02 -1.790038967177353157e+01
7.630311098759189059e-02 -1.630774494115323137e+01
7.618410699614305837e-02 -1.480981842831033468e+01
7.607649201139732309e-02 -1.340314553290850164e+01
7.597958174307743728e-02 -1.208316167287464005e+01
7.589273828433976132e-02 -1.084447145281511382e+01
7.581537400906183943e-02 -9.681091363082682477e+00
7.574695394899297329e-02 -8.586657556838540373e+00
7.568699696031247481e-02 -7.554595452466846162e+00
7.563507597548423111e-02 -6.578251325890070333e+00
7.559081760766007962e-02 -5.650988655374057146e+00
7.555390133869839542e-02 -4.766253327505878268e+00
7.552405848351563533e-02 -3.917612420685851138e+00
7.550107108648576593e-02 -3.098771310530208822e+00
7.548477087191053647e-02 -2.303573532614949126e+00
7.547503834100320608e-02 -1.525987359006915289e+00
7.547180208236017873e-02 -7.600825183738385560e-01
7.547503834100320608e-02 0.000000000000000000e+00
7.548477087191053647e-02 7.600825183738385560e-01
7.550107108648576593e-02 1.525987359006915289e+00
7.552405848351563533e-02 2.303573532614949126e+00
7.555390133869839542e-02 3.098771310530208822e+00
7.559081760766007962e-02 3.917612420685851138e+00
7.563507597548423111e-02 4.766253327505878268e+00
7.568699696031247481e-02 5.650988655374057146e+00
7.574695394899297329e-02 6.578251325890070333e+00
7.581537400906183943e-02 7.554595452466846162e+00
7.589273828433976132e-02 8.586657556838540373e+00
7.597958174307745116e-02 9.681091363083517365e+00
7.607649201139732309e-02 1.084447145281511382e+01
7.618410699614307224e-02 1.208316167287464005e+01
7.630311098759190447e-02 1.340314553290933652e+01
7.643422894302491499e-02 1.480981842830949979e+01
7.657821869703004825e-02 1.630774494115239648e+01
7.673586093294884614e-02 1.790038967177520135e+01
7.690794688792450262e-02 1.958983533489692874e+01
7.709526395062418769e-02 2.137651063903931359e+01
7.729857953492720590e-02 2.325895087657871230e+01
7.751862385175714576e-02 2.523362014883209881e+01
7.775607242068399705e-02 2.729482221930150487e+01
7.801152932231072978e-02 2.943474822653898215e+01
7.828551225309157702e-02 3.164377416239475238e+01
7.857844037987167518e-02 3.391003979035787097e+01
7.889062579764274941e-02 3.622102344811118257e+01
7.922226909249363569e-02 3.856422034945767052e+01
7.957345914737508352e-02 4.092356155755356184e+01
7.994417695894232012e-02 4.328690644462564308e+01
8.033430291612136953e-02 4.564524598348970130e+01
8.074362676755308943e-02 4.797854193863129524e+01
8.117185939570016606e-02 5.028358744344427578e+01
8.161864551678597868e-02 5.254478695774000840e+01
8.208357651629294427e-02 5.475875826792113088e+01
8.256620277820223008e-02 5.693691957126641512e+01
8.306604504007177037e-02 5.903961826624799158e+01
8.358260447819115813e-02 6.108427105833106907e+01
8.411537137857873214e-02 6.307599373800888287e+01
8.466383237044999843e-02 6.500439087478065403e+01
8.522747628626060890e-02 6.686678832702345687e+01
8.580579876885735535e-02 6.864704533698962052e+01
8.639830577680550350e-02 7.039959705671198265e+01
8.700451614975868164e-02 7.209713701147062181e+01
8.762396339275059509e-02 7.370044596140832027e+01
8.825619682660178211e-02 7.526208562912331956e+01
8.890078223522930589e-02 7.679131854359083320e+01
8.955730212238421917e-02 7.826052542568790216e+01
9.022535567214984287e-02 7.966665944348198991e+01
9.090455849057138549e-02 8.103084024934508989e+01
9.159454219067440783e-02 8.233690552607249913e+01
9.229495387010644425e-02 8.362043690803551499e+01
9.300545551969123526e-02 8.486278365629715381e+01
9.372572339218357418e-02 8.606258099875843470e+01
9.445544735322904117e-02 8.722394034435777144e+01
9.519433023073362032e-02 8.832931738641715924e+01
9.594208717428832911e-02 8.941904925198871013e+01
9.669844503275777658e-02 9.047401937806066030e+01
9.746314175543083214e-02 9.148436430185634549e+01
9.823592582008452978e-02 9.247362819414959745e+01
9.901655568978330602e-02 9.344489178219109249e+01
9.980479929911824366e-02 9.436695188079556829e+01
1.006004335697864432e-01 9.527085645841982853e+01
1.014032439548486209e-01 9.614929359364259653e+01
1.022130240106244176e-01 9.699098348477919274e+01
1.030295749949433071e-01 9.782812037135528271e+01
1.038527054903295443e-01 9.863396382685120045e+01
1.046822310506340670e-01 9.940651037256445477e+01
1.055179738696146174e-01 1.001664964037064891e+02
1.063597624699911953e-01 1.009047014828690294e+02
1.072074314115534915e-01 1.016226554808605300e+02
1.080608210169653333e-01 1.023211238478322684e+02
1.089197771139867599e-01 1.030005594730129417e+02
1.097841507929165628e-01 1.036614859746833019e+02
1.106537981781406943e-01 1.043046572447828737e+02
1.115285802127538861e-01 1.049309268608952550e+02
1.124083624553006006e-01 1.055421308206534547e+02
1.132930148877578647e-01 1.061315860029283726e+02
1.141824117339520495e-01 1.067091275727413944e+02
1.150764312876692147e-01 1.072770177413639203e+02
1.159749557497793682e-01 1.078226620117961829e+02
1.168778710737521376e-01 1.083588708414640394e+02
1.177850668189926037e-01 1.088834923417071963e+02
1.186964360114745320e-01 1.093884688828377847e+02
1.196118750111912488e-01 1.098852264076409995e+02
1.205312833859839561e-01 1.103719885524570685e+02
1.214545637913434228e-01 1.108407184890038621e+02
1.223816218558139018e-01 1.113002932343655687e+02
1.233123660716572423e-01 1.117499597348224114e+02
1.242467076904629208e-01 1.121880296917867241e+02
1.251845606234136543e-01 1.126158158827265225e+02
1.261258413459387939e-01 1.130332363523669130e+02
1.270704688065075749e-01 1.134408041433066501e+02
1.280183643393330017e-01 1.138389964861979848e+02
1.289694515807739694e-01 1.142272966130651071e+02
1.299236563892372243e-01 1.146047948162232899e+02
1.308809067683967542e-01 1.149775650903008426e+02
1.318411327935584965e-01 1.153405691291509072e+02
1.328042665410116285e-01 1.156938540994395197e+02
1.337702420202165898e-01 1.160395766397388400e+02
1.347389951086920279e-01 1.163766282965092103e+02
1.357104634894679418e-01 1.167080140302295916e+02
1.366845865909848690e-01 1.170311838908220210e+02
1.376613055293229304e-01 1.173460801563661562e+02
1.386405630526528765e-01 1.176557195657287025e+02
1.396223034878079361e-01 1.179579870625901350e+02
1.406064726888798799e-01 1.182526512589735859e+02
1.415930179877496198e-01 1.185423089859315127e+02
1.425818881464664400e-01 1.188250890861355487e+02
1.435730333113953150e-01 1.191012148863994611e+02
1.445664049690560671e-01 1.193727199672048869e+02
1.455619559035815080e-01 1.196374969865748881e+02
1.465596401557263395e-01 1.198962978359232920e+02
1.475594129833618651e-01 1.201505020392240795e+02
1.485612308233940637e-01 1.203999034308916833e+02
1.495650512550467937e-01 1.206429897234663713e+02
1.505708329644539489e-01 1.208806944208935477e+02
1.515785357105076947e-01 1.211146435293033505e+02
1.525881202919115998e-01 1.213422240198535604e+02
1.535995485153910378e-01 1.215677893422955265e+02
1.546127831650141171e-01 1.217885199846431732e+02
1.556277879725802282e-01 1.220022182899637215e+02
1.566445275890330224e-01 1.222130297459345627e+02
1.576629675568590461e-01 1.224201093985787878e+02
1.586830742834328400e-01 1.226225010099510655e+02
1.597048150152728940e-01 1.228206027694191533e+02
1.607281578131724564e-01 1.230154640563843458e+02
1.617530715281727260e-01 1.232063121777958656e+02
1.627795257783459515e-01 1.233943874480173264e+02
1.638074909263578516e-01 1.235772525966456072e+02
1.648369380577804355e-01 1.237563536777812629e+02
1.658678389601265790e-01 1.239336637560049468e+02
1.669001661025797389e-01 1.241069218085072379e+02
1.679338926163934376e-01 1.242768529165626461e+02
1.689689922759347596e-01 1.244440467027932158e+02
1.700054394803495184e-01 1.246075011515890907e+02
1.710432092358249723e-01 1.247676842909285568e+02
1.720822771384296068e-01 1.249255671144552053e+02
1.731226193575079453e-01 1.250803227009935057e+02
1.741642126196109031e-01 1.252322212398347716e+02
