7.195227382024743656e-02 0.000000000000000000e+00
7.195102199589931136e-02 -5.743881377656819831e-01
7.194973995702810821e-02 -5.839633567497157784e-01
7.194842674456949916e-02 -5.936428649102495347e-01
7.194708136178309954e-02 -6.034210262497299304e-01
7.194570277248857337e-02 -6.132914947171534958e-01
7.194428989920570450e-02 -6.232471621523567595e-01
7.194284162119267412e-02 -6.332801037376680764e-01
7.194135677237591120e-02 -6.433815210362267001e-01
7.193983413916510417e-02 -6.535416826562026049e-01
7.193827245814579663e-02 -6.637498626594555695e-01
7.193667041364174008e-02 -6.739942769976213777e-01
7.193502663513884343e-02 -6.842620180858159928e-01
7.193333969456151833e-02 -6.945389878745807932e-01
7.193160810339199740e-02 -7.048098297907070542e-01
7.192983030962216140e-02 -7.150578599843635530e-01
7.192800469452670376e-02 -7.252649985177899161e-01
7.192612956924598899e-02 -7.354117010748888461e-01
7.192420317116551831e-02 -7.454768920373451291e-01
7.192222366007830492e-02 -7.554378999131384775e-01
7.192018911411535154e-02 -7.652703961534076393e-01
7.191809752542829837e-02 -7.749483386448868805e-01
7.191594679560689429e-02 -7.844439213921955423e-01
7.191373473081288936e-02 -7.937275320311492077e-01
7.191145903661017025e-02 -8.027677191030904158e-01
7.190911731246987793e-02 -8.115311712189136051e-01
7.190670704592677653e-02 -8.199827105703626495e-01
7.190422560636192117e-02 -8.280853035216504399e-01
7.190167023838463234e-02 -8.358000911672194277e-01
7.189903805478373156e-02 -8.430864432990857749e-01
7.189632602901685487e-02 -8.499020393407431540e-01
7.189353098720269175e-02 -8.562029801794147632e-01
7.189064959957941481e-02 -8.619439351456555931e-01
7.188767837138823613e-02 -8.670783286706273962e-01
7.188461363313819463e-02 -8.715585715053123517e-01
7.188145153020479572e-02 -8.753363414159841538e-01
7.187818801171023952e-02 -8.783629186617634144e-01
7.187481881862886612e-02 -8.805895816402229404e-01
7.187133947105672771e-02 -8.819680679918463495e-01
7.186774525457854945e-02 -8.824511064775122371e-01
7.186403120565920677e-02 -8.819930247678793300e-01
7.186019209598044910e-02 -8.805504379137383264e-01
7.185622241563714707e-02 -8.780830216202826222e-01
7.185211635509793082e-02 -8.745543739056471644e-01
7.184786778582821776e-02 -8.699329676864367977e-01
7.184347023946277555e-02 -8.641931956050173946e-01
7.183891688540505749e-02 -8.573165070952268874e-01
7.183420050671922297e-02 -8.492926358424927047e-01
7.182931347416773860e-02 -8.401209138885449290e-01
7.182424771823324450e-02 -8.298116664471493209e-01
7.181899469894911792e-02 -8.183876788827667559e-01
7.181354537334447286e-02 -8.058857247771854526e-01
7.180789016029233418e-02 -7.923581411350404391e-01
7.180201890252778385e-02 -7.778744338482440623e-01
7.179592082558100552e-02 -7.625228937512020799e-01
7.178958449334450764e-02 -7.464122007579520046e-01
7.178299775996627163e-02 -7.296729911857412487e-01
7.177614771773030422e-02 -7.124593612141727483e-01
7.176902064055196151e-02 -6.949502779656860918e-01
7.176160192267877491e-02 -6.773508689259857274e-01
7.175387601214644473e-02 -6.598935605348866806e-01
7.174582633849513336e-02 -6.428390380051648423e-01
7.173743523420131329e-02 -6.264770008169644466e-01
7.172868384922716223e-02 -6.111266920174980299e-01
7.171955205802993394e-02 -5.971371845512464249e-01
7.171001835830910498e-02 -5.848874142736253390e-01
7.170005976069922238e-02 -5.747859570469617818e-01
7.168965166853993876e-02 -5.672705562739187579e-01
7.167876774677267582e-02 -5.628074170972221513e-01
7.166737977892505274e-02 -5.618902941287372554e-01
7.165545751105061034e-02 -5.650394104664201445e-01
7.164296848139226070e-02 -5.728002565713402605e-01
7.162987783443468259e-02 -5.857423278939503097e-01
7.161614811790550927e-02 -6.044578692753864724e-01
7.160173906117933695e-02 -6.295607017877710154e-01
7.158660733343630289e-02 -6.616852132170548684e-01
7.157070627983228017e-02 -7.014855963161482633e-01
7.155398563385878541e-02 -7.496354189460777695e-01
7.153639120401418527e-02 -8.068276067752822023e-01
7.151786453288812295e-02 -8.737749120205886566e-01
7.149834252679278246e-02 -9.512109304856896097e-01
7.147775705417915015e-02 -1.039891713562694386e+00
7.145603451128154648e-02 -1.140598001503003944e+00
7.143309535377521946e-02 -1.254138078756392050e+00
7.140885359375552521e-02 -1.381351220838059612e+00
7.138321626211077686e-02 -1.523111664217887462e+00
7.135608283744095115e-02 -1.680332984901149462e+00
7.132734464416003173e-02 -1.853972716110384056e+00
7.129688422442873041e-02 -2.045036968806333455e+00
7.126457469123377575e-02 -2.254584738127434651e+00
7.123027907342766030e-02 -2.483731481190440515e+00
7.119384966806385773e-02 -2.733651433762793292e+00
7.115512742112756195e-02 -3.005577991687843120e+00
7.111394136501007768e-02 -3.300801314575811940e+00
7.107010815004928539e-02 -3.620662112400982569e+00
7.102343171837476044e-02 -3.966540350915083835e+00
7.097370318130104272e-02 -4.339837364186021063e+00
7.092070097660975458e-02 -4.741949603940379454e+00
7.086419139901473097e-02 -5.174232007911683695e+00
7.080392961529963225e-02 -5.637948769570563456e+00
7.073966129388632729e-02 -6.134209195365942335e+00
7.067112499502049838e-02 -6.663886421886189737e+00
7.059805547947733961e-02 -7.227517138959222542e+00
7.052018809672107313e-02 -7.825181253928180425e+00
7.043726440271379230e-02 -8.456361777544374903e+00
7.034903912710671614e-02 -9.119787242758073731e+00
7.025528855320757604e-02 -9.813261761309375331e+00
7.015582028674986759e-02 -1.053349134496644446e+01
7.005048426875230827e-02 -1.127591914954862062e+01
6.993918473637356081e-02 -1.203458636813523697e+01
6.982189266368916958e-02 -1.280203884417255900e+01
6.969865804058521241e-02 -1.356930108763613241e+01
6.956962119971182856e-02 -1.432593816138962062e+01
6.943502231110063039e-02 -1.506022096378843322e+01
6.929520816290656027e-02 -1.575940144897486483e+01
6.915063545635785625e-02 -1.641009191025100833e+01
6.900187006676032631e-02 -1.699872830555708703e+01
6.884958204030276752e-02 -1.751208432768773804e+01
6.869453646605713781e-02 -1.793779343117432035e+01
6.853758072722669625e-02 -1.826483271337205139e+01
6.837962893751051152e-02 -1.848392647798907618e+01
6.822164456254789511e-02 -1.858783781627965226e+01
6.806462229105567086e-02 -1.857153138445911011e+01
6.790957015991869183e-02 -1.843220661658704174e+01
6.775749277836985718e-02 -1.816921482219806094e+01
6.760937627718698051e-02 -1.778388376622188716e+01
6.746617537016061372e-02 -1.727927845433412557e+01
6.732880269104565829e-02 -1.665992723123853736e+01
6.719812038273224875e-02 -1.593153905792101455e+01
6.707493377741993723e-02 -1.510073237398165880e+01
6.695998691808670300e-02 -1.417478977653240690e+01
6.685395962665854896e-02 -1.316144697092115479e+01
6.675746581368097177e-02 -1.206871935986837840e+01
6.667105273783079100e-02 -1.090476596564145240e+01
6.659520095206265811e-02 -9.677788201218685771e+00
6.653032470913493313e-02 -8.395959343564042499e+00
6.647677263731475994e-02 -7.067379871033664607e+00
6.643482853371776575e-02 -5.700054355609778689e+00
6.640471215603512001e-02 -4.301884936011617810e+00
6.638657992253936546e-02 -2.880677609313285537e+00
6.638052545525208181e-02 -1.444159221905494395e+00
6.638657992253936546e-02 0.000000000000000000e+00
6.640471215603512001e-02 1.444159221905494395e+00
6.643482853371776575e-02 2.880677609313285537e+00
6.647677263731475994e-02 4.301884936011617810e+00
6.653032470913493313e-02 5.700054355609778689e+00
6.659520095206265811e-02 7.067379871033664607e+00
6.667105273783079100e-02 8.395959343564042499e+00
6.675746581368097177e-02 9.677788201218685771e+00
6.685395962665854896e-02 1.090476596564145240e+01
6.695998691808670300e-02 1.206871935986837840e+01
6.707493377741993723e-02 1.316144697092115479e+01
6.719812038273226262e-02 1.417478977653324179e+01
6.732880269104565829e-02 1.510073237398165880e+01
6.746617537016062760e-02 1.593153905792101455e+01
6.760937627718699439e-02 1.665992723123937225e+01
6.775749277836985718e-02 1.727927845433329068e+01
6.790957015991869183e-02 1.778388376622105582e+01
6.806462229105567086e-02 1.816921482219806094e+01
6.822164456254790899e-02 1.843220661658787662e+01
6.837962893751051152e-02 1.857153138445911011e+01
6.853758072722669625e-02 1.858783781627881737e+01
6.869453646605713781e-02 1.848392647798907618e+01
6.884958204030278139e-02 1.826483271337288627e+01
6.900187006676034018e-02 1.793779343117515523e+01
6.915063545635785625e-02 1.751208432768690315e+01
6.929520816290656027e-02 1.699872830555625214e+01
6.943502231110063039e-02 1.641009191025100833e+01
6.956962119971182856e-02 1.575940144897486483e+01
6.969865804058521241e-02 1.506022096378843322e+01
6.982189266368918346e-02 1.432593816139045551e+01
6.993918473637356081e-02 1.356930108763613241e+01
7.005048426875232215e-02 1.280203884417255900e+01
7.015582028674986759e-02 1.203458636813523697e+01
7.025528855320757604e-02 1.127591914954778574e+01
7.034903912710671614e-02 1.053349134496644446e+01
7.043726440271377842e-02 9.813261761308540443e+00
7.052018809672107313e-02 9.119787242758073731e+00
7.059805547947733961e-02 8.456361777545209790e+00
7.067112499502049838e-02 7.825181253928180425e+00
7.073966129388631341e-02 7.227517138958387655e+00
7.080392961529964613e-02 6.663886421887024625e+00
7.086419139901473097e-02 6.134209195366777223e+00
7.092070097660975458e-02 5.637948769569728569e+00
7.097370318130105660e-02 5.174232007912517695e+00
7.102343171837476044e-02 4.741949603940379454e+00
7.107010815004928539e-02 4.339837364185186175e+00
7.111394136501007768e-02 3.966540350915083835e+00
7.115512742112756195e-02 3.620662112400982569e+00
7.119384966806385773e-02 3.300801314575811940e+00
7.123027907342766030e-02 3.005577991687843120e+00
7.126457469123377575e-02 2.733651433762793292e+00
7.129688422442873041e-02 2.483731481190440515e+00
7.132734464416003173e-02 2.254584738127434651e+00
7.135608283744096503e-02 2.045036968806333455e+00
7.138321626211079074e-02 1.853972716111218944e+00
7.140885359375551134e-02 1.680332984901149462e+00
7.143309535377521946e-02 1.523111664217052574e+00
7.145603451128153261e-02 1.381351220837224947e+00
7.147775705417916403e-02 1.254138078757226715e+00
7.149834252679279634e-02 1.140598001503838832e+00
7.151786453288812295e-02 1.039891713561859499e+00
7.153639120401418527e-02 9.512109304856896097e-01
7.155398563385879929e-02 8.737749120205886566e-01
7.157070627983228017e-02 8.068276067752822023e-01
7.158660733343628901e-02 7.496354189452429928e-01
7.160173906117933695e-02 7.014855963161482633e-01
7.161614811790550927e-02 6.616852132178896451e-01
7.162987783443469647e-02 6.295607017877710154e-01
7.164296848139226070e-02 6.044578692753864724e-01
7.165545751105061034e-02 5.857423278939503097e-01
7.166737977892505274e-02 5.728002565713402605e-01
7.167876774677268970e-02 5.650394104672549211e-01
7.168965166853993876e-02 5.618902941287372554e-01
7.170005976069920850e-02 5.628074170955525979e-01
7.171001835830909110e-02 5.672705562739187579e-01
7.171955205802993394e-02 5.747859570477965585e-01
7.172868384922716223e-02 5.848874142736253390e-01
7.173743523420131329e-02 5.971371845512464249e-01
7.174582633849513336e-02 6.111266920174980299e-01
7.175387601214643085e-02 6.264770008161296699e-01
7.176160192267874716e-02 6.428390380043300656e-01
7.176902064055196151e-02 6.598935605357214573e-01
7.177614771773031810e-02 6.773508689276552808e-01
7.178299775996627163e-02 6.949502779656860918e-01
7.178958449334449377e-02 7.124593612125031949e-01
7.179592082558100552e-02 7.296729911857412487e-01
7.180201890252776997e-02 7.464122007579520046e-01
7.180789016029233418e-02 7.625228937512020799e-01
7.181354537334447286e-02 7.778744338490788390e-01
7.181899469894911792e-02 7.923581411350404391e-01
7.182424771823324450e-02 8.058857247771854526e-01
7.182931347416772472e-02 8.183876788810972025e-01
7.183420050671923685e-02 8.298116664488188743e-01
7.183891688540504361e-02 8.401209138885449290e-01
7.184347023946277555e-02 8.492926358408231513e-01
7.184786778582821776e-02 8.573165070968964407e-01
7.185211635509791694e-02 8.641931956041826179e-01
7.185622241563713319e-02 8.699329676847672443e-01
7.186019209598044910e-02 8.745543739064819411e-01
7.186403120565920677e-02 8.780830216219521756e-01
7.186774525457854945e-02 8.805504379137383264e-01
7.187133947105669995e-02 8.819930247645402233e-01
7.187481881862883837e-02 8.824511064741731303e-01
7.187818801171025340e-02 8.819680679976897864e-01
7.188145153020480960e-02 8.805895816452316005e-01
7.188461363313816688e-02 8.783629186559199775e-01
7.188767837138822225e-02 8.753363414126451580e-01
7.189064959957944256e-02 8.715585715128253419e-01
7.189353098720269175e-02 8.670783286722969496e-01
7.189632602901685487e-02 8.619439351414817096e-01
7.189903805478373156e-02 8.562029801794147632e-01
7.190167023838463234e-02 8.499020393407431540e-01
7.190422560636192117e-02 8.430864432990857749e-01
7.190670704592674878e-02 8.358000911630456553e-01
7.190911731246990568e-02 8.280853035266591000e-01
7.191145903661019800e-02 8.199827105795451931e-01
7.191373473081290324e-02 8.115311712164093860e-01
7.191594679560689429e-02 8.027677190980817556e-01
7.191809752542831224e-02 7.937275320311492077e-01
7.192018911411535154e-02 7.844439213921955423e-01
7.192222366007830492e-02 7.749483386423825504e-01
7.192420317116551831e-02 7.652703961534076393e-01
7.192612956924598899e-02 7.554378999131384775e-01
7.192800469452671763e-02 7.454768920398494592e-01
7.192983030962216140e-02 7.354117010748888461e-01
7.193160810339199740e-02 7.252649985152855860e-01
7.193333969456150445e-02 7.150578599810244462e-01
7.193502663513881568e-02 7.048098297848636173e-01
7.193667041364174008e-02 6.945389878779199000e-01
7.193827245814579663e-02 6.842620180916594297e-01
7.193983413916510417e-02 6.739942769976213777e-01
7.194135677237591120e-02 6.637498626594555695e-01
7.194284162119267412e-02 6.535416826562026049e-01
7.194428989920573225e-02 6.433815210420701369e-01
7.194570277248855950e-02 6.332801037343289696e-01
7.194708136178307178e-02 6.232471621406698858e-01
7.194842674456949916e-02 6.132914947204926026e-01
7.194973995702813596e-02 6.034210262614166931e-01
7.195102199589931136e-02 5.936428649102495347e-01
7.195227382024743656e-02 5.839633567438723416e-01
