7.195227382024743656e-02 -5.255448813665473118e+00
7.195102199589931136e-02 -5.330978095539989248e+00
7.194973995702810821e-02 -5.406513500377833736e+00
7.194842674456949916e-02 -5.481938645343749528e+00
7.194708136178309954e-02 -5.557126352483225062e+00
7.194570277248857337e-02 -5.631937900695984212e+00
7.194428989920570450e-02 -5.706222240335780960e+00
7.194284162119267412e-02 -5.779815170581744432e+00
7.194135677237591120e-02 -5.852538479628034196e+00
7.193983413916510417e-02 -5.924199048646777932e+00
7.193827245814579663e-02 -5.994587921804066966e+00
7.193667041364174008e-02 -6.063479343440085323e+00
7.193502663513884343e-02 -6.130629765654819430e+00
7.193333969456151833e-02 -6.195776830016581194e+00
7.193160810339199740e-02 -6.258638327853554451e+00
7.192983030962216140e-02 -6.318911145442602795e+00
7.192800469452670376e-02 -6.376270200397879506e+00
7.192612956924598899e-02 -6.430367378094500097e+00
7.192420317116551831e-02 -6.480830478568634589e+00
7.192222366007830492e-02 -6.527262185240280346e+00
7.192018911411535154e-02 -6.569239069447030843e+00
7.191809752542829837e-02 -6.606310647111183876e+00
7.191594679560689429e-02 -6.637998505860168486e+00
7.191373473081288936e-02 -6.663795523705044133e+00
7.191145903661017025e-02 -6.683165202912889846e+00
7.190911731246987793e-02 -6.695541146382739228e+00
7.190670704592677653e-02 -6.700326706707162572e+00
7.190422560636192117e-02 -6.696894840431469653e+00
7.190167023838463234e-02 -6.684588205595454191e+00
7.189903805478373156e-02 -6.662719542254555982e+00
7.189632602901685487e-02 -6.630572379912116787e+00
7.189353098720269175e-02 -6.587402119219496477e+00
7.189064959957941481e-02 -6.532437538225877027e+00
7.188767837138823613e-02 -6.464882777244414847e+00
7.188461363313819463e-02 -6.383919857006651988e+00
7.188145153020479572e-02 -6.288711788244729206e+00
7.187818801171023952e-02 -6.178406331467866330e+00
7.187481881862886612e-02 -6.052140464498329209e+00
7.187133947105672771e-02 -5.909045614629230059e+00
7.186774525457854945e-02 -5.748253709488371221e+00
7.186403120565920677e-02 -5.568904095348123029e+00
7.186019209598044910e-02 -5.370151363815335976e+00
7.185622241563714707e-02 -5.151174119612776714e+00
7.185211635509793082e-02 -4.911184708991643610e+00
7.184786778582821776e-02 -4.649439912794614216e+00
7.184347023946277555e-02 -4.365252590641897967e+00
7.183891688540505749e-02 -4.058004239779000599e+00
7.183420050671922297e-02 -3.727158407641821380e+00
7.182931347416773860e-02 -3.372274868871619535e+00
7.182424771823324450e-02 -2.993024445397769906e+00
7.181899469894911792e-02 -2.589204314856164313e+00
7.181354537334447286e-02 -2.160753616360176821e+00
7.180789016029233418e-02 -1.707769125300806268e+00
7.180201890252778385e-02 -1.230520732076633594e+00
7.179592082558100552e-02 -7.294664234316604601e-01
7.178958449334450764e-02 -2.052664322340847503e-01
7.178299775996627163e-02 3.412038070870319628e-01
7.177614771773030422e-02 9.088422821497421644e-01
7.176902064055196151e-02 1.496311003546150875e+00
7.176160192267877491e-02 2.102028984432091185e+00
7.175387601214644473e-02 2.724167990874009515e+00
7.174582633849513336e-02 3.360651431973534553e+00
7.173743523420131329e-02 4.009156720318769018e+00
7.172868384922716223e-02 4.667121379035980233e+00
7.171955205802993394e-02 5.331753101494951075e+00
7.171001835830910498e-02 6.000043883919774501e+00
7.170005976069922238e-02 6.668788251677634449e+00
7.168965166853993876e-02 7.334605489018946045e+00
7.167876774677267582e-02 7.993965662906554748e+00
7.166737977892505274e-02 8.643219108146075413e+00
7.165545751105061034e-02 9.278628918239963497e+00
7.164296848139226070e-02 9.896405869506926578e+00
7.162987783443468259e-02 1.049274509990510751e+01
7.161614811790550927e-02 1.106386377437104684e+01
7.160173906117933695e-02 1.160603890012506234e+01
7.158660733343630289e-02 1.211564441242953905e+01
7.157070627983228017e-02 1.258918663650520564e+01
7.155398563385878541e-02 1.302333724721800579e+01
7.153639120401418527e-02 1.341496289496580374e+01
7.151786453288812295e-02 1.376115074281393547e+01
7.149834252679278246e-02 1.405922926485398960e+01
7.147775705417915015e-02 1.430678378505589521e+01
7.145603451128154648e-02 1.450166638544081010e+01
7.143309535377521946e-02 1.464199997751736682e+01
7.140885359375552521e-02 1.472617650721404381e+01
7.138321626211077686e-02 1.475284944556138278e+01
7.135608283744095115e-02 1.472092090242140294e+01
7.132734464416003173e-02 1.462952388609942922e+01
7.129688422442873041e-02 1.447800041652936187e+01
7.126457469123377575e-02 1.426587638597918151e+01
7.123027907342766030e-02 1.399283425125156732e+01
7.119384966806385773e-02 1.365868484095079260e+01
7.115512742112756195e-02 1.326333977712787515e+01
7.111394136501007768e-02 1.280678624977307045e+01
7.107010815004928539e-02 1.228906615233458410e+01
7.102343171837476044e-02 1.171026189073450574e+01
7.097370318130104272e-02 1.107049151531798081e+01
7.092070097660975458e-02 1.036991618238266355e+01
7.086419139901473097e-02 9.608763299834400584e+00
7.080392961529963225e-02 8.787368996297697521e+00
7.073966129388632729e-02 7.906243686671902360e+00
7.067112499502049838e-02 6.966164359494191771e+00
7.059805547947733961e-02 5.968296605576806968e+00
7.052018809672107313e-02 4.914348122131109164e+00
7.043726440271379230e-02 3.806753218488571289e+00
7.034903912710671614e-02 2.648884498516460351e+00
7.025528855320757604e-02 1.445283284664570012e+00
7.015582028674986759e-02 2.018945830389701490e-01
7.005048426875230827e-02 -1.073714073064043983e+00
6.993918473637356081e-02 -2.372176791133445484e+00
6.982189266368916958e-02 -3.682227950340325240e+00
6.969865804058521241e-02 -4.990707853851947817e+00
6.956962119971182856e-02 -6.282703847057478086e+00
6.943502231110063039e-02 -7.541844867597882640e+00
6.929520816290656027e-02 -8.750750709675969574e+00
6.915063545635785625e-02 -9.891616342293431785e+00
6.900187006676032631e-02 -1.094689011557461988e+01
6.884958204030276752e-02 -1.189998732801724657e+01
6.869453646605713781e-02 -1.273597179389008716e+01
6.853758072722669625e-02 -1.344214033617500448e+01
6.837962893751051152e-02 -1.400845835701954023e+01
6.822164456254789511e-02 -1.442781583191868755e+01
6.806462229105567086e-02 -1.469609744163100373e+01
6.790957015991869183e-02 -1.481208301199031929e+01
6.775749277836985718e-02 -1.477721110045211184e+01
6.760937627718698051e-02 -1.459524743989356210e+01
6.746617537016061372e-02 -1.427190136521864794e+01
6.732880269104565829e-02 -1.381442898738103331e+01
6.719812038273224875e-02 -1.323125332295505352e+01
6.707493377741993723e-02 -1.253162232602983117e+01
6.695998691808670300e-02 -1.172531803304543807e+01
6.685395962665854896e-02 -1.082242050335633188e+01
6.675746581368097177e-02 -9.833124831535487331e+00
6.667105273783079100e-02 -8.767609208323737136e+00
6.659520095206265811e-02 -7.635946883509247662e+00
6.653032470913493313e-02 -6.448052942054990133e+00
6.647677263731475994e-02 -5.213663615794144945e+00
6.643482853371776575e-02 -3.942334729126502957e+00
6.640471215603512001e-02 -2.643455442140120848e+00
6.638657992253936546e-02 -1.326287677762153949e+00
6.638052545525208181e-02 0.000000000000000000e+00
6.638657992253936546e-02 1.326287677762153949e+00
6.640471215603512001e-02 2.643455442140120848e+00
6.643482853371776575e-02 3.942334729126502957e+00
6.647677263731475994e-02 5.213663615794144945e+00
6.653032470913493313e-02 6.448052942054990133e+00
6.659520095206265811e-02 7.635946883509247662e+00
6.667105273783079100e-02 8.767609208323737136e+00
6.675746581368097177e-02 9.833124831535487331e+00
6.685395962665854896e-02 1.082242050335633188e+01
6.695998691808670300e-02 1.172531803304543807e+01
6.707493377741993723e-02 1.253162232603066606e+01
6.719812038273226262e-02 1.323125332295505352e+01
6.732880269104565829e-02 1.381442898738103331e+01
6.746617537016062760e-02 1.427190136521948283e+01
6.760937627718699439e-02 1.459524743989272721e+01
6.775749277836985718e-02 1.477721110045127695e+01
6.790957015991869183e-02 1.481208301198948440e+01
6.806462229105567086e-02 1.469609744163100373e+01
6.822164456254790899e-02 1.442781583191952244e+01
6.837962893751051152e-02 1.400845835701954023e+01
6.853758072722669625e-02 1.344214033617500448e+01
6.869453646605713781e-02 1.273597179389092204e+01
6.884958204030278139e-02 1.189998732801808146e+01
6.900187006676034018e-02 1.094689011557378500e+01
6.915063545635785625e-02 9.891616342292596897e+00
6.929520816290656027e-02 8.750750709675969574e+00
6.943502231110063039e-02 7.541844867597882640e+00
6.956962119971182856e-02 6.282703847057478086e+00
6.969865804058521241e-02 4.990707853851947817e+00
6.982189266368918346e-02 3.682227950340325240e+00
6.993918473637356081e-02 2.372176791133445484e+00
7.005048426875232215e-02 1.073714073064043983e+00
7.015582028674986759e-02 -2.018945830389701490e-01
7.025528855320757604e-02 -1.445283284664570012e+00
7.034903912710671614e-02 -2.648884498516460351e+00
7.043726440271377842e-02 -3.806753218488571289e+00
7.052018809672107313e-02 -4.914348122131109164e+00
7.059805547947733961e-02 -5.968296605576806968e+00
7.067112499502049838e-02 -6.966164359493356883e+00
7.073966129388631341e-02 -7.906243686671902360e+00
7.080392961529964613e-02 -8.787368996298532409e+00
7.086419139901473097e-02 -9.608763299834400584e+00
7.092070097660975458e-02 -1.036991618238433333e+01
7.097370318130105660e-02 -1.107049151531798081e+01
7.102343171837476044e-02 -1.171026189073283597e+01
7.107010815004928539e-02 -1.228906615233458410e+01
7.111394136501007768e-02 -1.280678624977307045e+01
7.115512742112756195e-02 -1.326333977712787515e+01
7.119384966806385773e-02 -1.365868484095079260e+01
7.123027907342766030e-02 -1.399283425125156732e+01
7.126457469123377575e-02 -1.426587638598001462e+01
7.129688422442873041e-02 -1.447800041652936187e+01
7.132734464416003173e-02 -1.462952388610193388e+01
7.135608283744096503e-02 -1.472092090242474249e+01
7.138321626211079074e-02 -1.475284944555386879e+01
7.140885359375551134e-02 -1.472617650721070426e+01
7.143309535377521946e-02 -1.464199997751736682e+01
7.145603451128153261e-02 -1.450166638544581943e+01
7.147775705417916403e-02 -1.430678378506424231e+01
7.149834252679279634e-02 -1.405922926484898028e+01
7.151786453288812295e-02 -1.376115074280976280e+01
7.153639120401418527e-02 -1.341496289497081307e+01
7.155398563385879929e-02 -1.302333724721800579e+01
7.157070627983228017e-02 -1.258918663649518699e+01
7.158660733343628901e-02 -1.211564441242953905e+01
7.160173906117933695e-02 -1.160603890013007167e+01
7.161614811790550927e-02 -1.106386377437605439e+01
7.162987783443469647e-02 -1.049274509990510751e+01
7.164296848139226070e-02 -9.896405869501917252e+00
7.165545751105061034e-02 -9.278628918239963497e+00
7.166737977892505274e-02 -8.643219108151084740e+00
7.167876774677268970e-02 -7.993965662906554748e+00
7.168965166853993876e-02 -7.334605489008929169e+00
7.170005976069920850e-02 -6.668788251673460010e+00
7.171001835830909110e-02 -6.000043883924782939e+00
7.171955205802993394e-02 -5.331753101499124625e+00
7.172868384922716223e-02 -4.667121379035980233e+00
7.173743523420131329e-02 -4.009156720318769018e+00
7.174582633849513336e-02 -3.360651431971865222e+00
7.175387601214643085e-02 -2.724167990870670408e+00
7.176160192267874716e-02 -2.102028984433760517e+00
7.176902064055196151e-02 -1.496311003550324648e+00
7.177614771773031810e-02 -9.088422821497421644e-01
7.178299775996627163e-02 -3.412038070870319628e-01
7.178958449334449377e-02 2.052664322340847503e-01
7.179592082558100552e-02 7.294664234308257944e-01
7.180201890252776997e-02 1.230520732076633594e+00
7.180789016029233418e-02 1.707769125302475821e+00
7.181354537334447286e-02 2.160753616360176821e+00
7.181899469894911792e-02 2.589204314856164313e+00
7.182424771823324450e-02 2.993024445392761024e+00
7.182931347416772472e-02 3.372274868877462861e+00
7.183420050671923685e-02 3.727158407640986937e+00
7.183891688540504361e-02 4.058004239773157273e+00
7.184347023946277555e-02 4.365252590647741293e+00
7.184786778582821776e-02 4.649439912786266227e+00
7.185211635509791694e-02 4.911184708982460734e+00
7.185622241563713319e-02 5.151174119621124703e+00
7.186019209598044910e-02 5.370151363824518853e+00
7.186403120565920677e-02 5.568904095348123029e+00
7.186774525457854945e-02 5.748253709464163030e+00
7.187133947105669995e-02 5.909045614604186980e+00
7.187481881862883837e-02 6.052140464535058939e+00
7.187818801171025340e-02 6.178406331506265836e+00
7.188145153020480960e-02 6.288711788203825037e+00
7.188461363313816688e-02 6.383919856978269358e+00
7.188767837138822225e-02 6.464882777304518768e+00
7.189064959957944256e-02 6.532437538240903230e+00
7.189353098720269175e-02 6.587402119187775185e+00
7.189632602901685487e-02 6.630572379912116787e+00
7.189903805478373156e-02 6.662719542254555982e+00
7.190167023838463234e-02 6.684588205595454191e+00
7.190422560636192117e-02 6.696894840393069259e+00
7.190670704592674878e-02 6.700326706746396965e+00
7.190911731246990568e-02 6.695541146462042903e+00
7.191145903661019800e-02 6.683165202893690093e+00
7.191373473081290324e-02 6.663795523664139964e+00
7.191594679560689429e-02 6.637998505861838261e+00
7.191809752542831224e-02 6.606310647111183876e+00
7.192018911411535154e-02 6.569239069425326427e+00
7.192222366007830492e-02 6.527262185240280346e+00
7.192420317116551831e-02 6.480830478568634589e+00
7.192612956924598899e-02 6.430367378118708288e+00
7.192800469452671763e-02 6.376270200397879506e+00
7.192983030962216140e-02 6.318911145418394604e+00
7.193160810339199740e-02 6.258638327827676484e+00
7.193333969456150445e-02 6.195776829965660149e+00
7.193502663513881568e-02 6.130629765680697396e+00
7.193667041364174008e-02 6.063479343491006368e+00
7.193827245814579663e-02 5.994587921804066966e+00
7.193983413916510417e-02 5.924199048646777932e+00
7.194135677237591120e-02 5.852538479628034196e+00
7.194284162119267412e-02 5.779815170637674804e+00
7.194428989920573225e-02 5.706222240307399218e+00
7.194570277248855950e-02 5.631937900583290357e+00
7.194708136178307178e-02 5.557126352511606804e+00
7.194842674456949916e-02 5.481938645458948045e+00
7.194973995702813596e-02 5.406513500377833736e+00
7.195102199589931136e-02 5.330978095481555101e+00
7.195227382024743656e-02 5.255448813665473118e+00
