1.741642126196108475e-01 -1.253796786902479283e+02
1.731226193575078898e-01 -1.252316580633134890e+02
1.720822771384295791e-01 -1.250798311225656221e+02
1.710432092358249723e-01 -1.249248869992005382e+02
1.700054394803494906e-01 -1.247643314284676705e+02
1.689689922759347596e-01 -1.246088570911331317e+02
1.679338926163934098e-01 -1.244476040317443903e+02
1.669001661025797389e-01 -1.242757709734681839e+02
1.658678389601265790e-01 -1.241062210303501701e+02
1.648369380577804355e-01 -1.239327423322400392e+02
1.638074909263577961e-01 -1.237475230172277207e+02
1.627795257783458960e-01 -1.235786108536909609e+02
1.617530715281726983e-01 -1.234032718457613385e+02
1.607281578131724564e-01 -1.232051243453871763e+02
1.597048150152728940e-01 -1.230144157945242114e+02
1.586830742834327845e-01 -1.228172928261291190e+02
1.576629675568589906e-01 -1.226240894219543804e+02
1.566445275890330224e-01 -1.224233070473556211e+02
1.556277879725802282e-01 -1.222112949373020427e+02
1.546127831650141171e-01 -1.220006901254262601e+02
1.535995485153909823e-01 -1.218028301374611289e+02
1.525881202919115720e-01 -1.215692043774867273e+02
1.515785357105076392e-01 -1.213274584930986038e+02
1.505708329644539212e-01 -1.211127402850099202e+02
1.495650512550467659e-01 -1.208741633467901977e+02
1.485612308233940360e-01 -1.206444818491990247e+02
1.475594129833618373e-01 -1.204056259405868872e+02
1.465596401557263395e-01 -1.201478818211158170e+02
1.455619559035815080e-01 -1.198909329104503030e+02
1.445664049690560671e-01 -1.196388386578505845e+02
1.435730333113953150e-01 -1.193766815751228734e+02
1.425818881464663845e-01 -1.190971290268185356e+02
1.415930179877495920e-01 -1.188272144493856359e+02
1.406064726888798522e-01 -1.185443375784695093e+02
1.396223034878079083e-01 -1.182476807530328387e+02
1.386405630526528210e-01 -1.179616219702439111e+02
1.376613055293228749e-01 -1.176569876084703310e+02
1.366845865909848412e-01 -1.173386094193285487e+02
1.357104634894679140e-01 -1.170339925388140756e+02
1.347389951086920279e-01 -1.167091326675872267e+02
1.337702420202165898e-01 -1.163669940161847336e+02
1.328042665410115730e-01 -1.160405255253649557e+02
1.318411327935584965e-01 -1.156960983613953289e+02
1.308809067683967542e-01 -1.153495291276608299e+02
1.299236563892372243e-01 -1.149775412747251693e+02
1.289694515807739694e-01 -1.145822635313007822e+02
1.280183643393330017e-01 -1.142269457684091662e+02
1.270704688065075194e-01 -1.138415897734368230e+02
1.261258413459387662e-01 -1.134401055634601079e+02
1.251845606234136543e-01 -1.130317961918553351e+02
1.242467076904628931e-01 -1.126141498039218192e+02
1.233123660716572145e-01 -1.121843429116386659e+02
1.223816218558138741e-01 -1.117468154383256405e+02
1.214545637913434090e-01 -1.112893995936667721e+02
1.205312833859839283e-01 -1.108360755630562267e+02
1.196118750111912349e-01 -1.103997420095638375e+02
1.186964360114745043e-01 -1.098778849157370132e+02
1.177850668189925898e-01 -1.093711117650083509e+02
1.168778710737521376e-01 -1.089050674810847568e+02
1.159749557497793404e-01 -1.083471404981940509e+02
1.150764312876691731e-01 -1.077987020389251569e+02
1.141824117339520495e-01 -1.072904436917618654e+02
1.132930148877578647e-01 -1.066737081531828437e+02
1.124083624553006006e-01 -1.061049075604920517e+02
1.115285802127538584e-01 -1.055623950561053164e+02
1.106537981781406804e-01 -1.049338822199460566e+02
1.097841507929165211e-01 -1.043055472660544893e+02
1.089197771139867321e-01 -1.036616005258853050e+02
1.080608210169653194e-01 -1.029983183714687698e+02
1.072074314115534638e-01 -1.023134670716820125e+02
1.063597624699911676e-01 -1.016078878320450372e+02
1.055179738696145897e-01 -1.008836016638070845e+02
1.046822310506340531e-01 -1.001392308382137770e+02
1.038527054903295443e-01 -9.936459914236159818e+01
1.030295749949432793e-01 -9.867893294138588089e+01
1.022130240106243759e-01 -9.784240164250566352e+01
1.014032439548485931e-01 -9.688850624380087595e+01
1.006004335697864294e-01 -9.614807425768614735e+01
9.980479929911824366e-02 -9.524523235689532896e+01
9.901655568978327826e-02 -9.432634479831759222e+01
9.823592582008448815e-02 -9.349074609105005607e+01
9.746314175543079050e-02 -9.237807414374050552e+01
9.669844503275773495e-02 -9.137564117574132183e+01
9.594208717428832911e-02 -9.046005181728502009e+01
9.519433023073360645e-02 -8.936308722932739101e+01
9.445544735322902730e-02 -8.821819484944163037e+01
9.372572339218356030e-02 -8.727066739009164564e+01
9.300545551969123526e-02 -8.605318896390025429e+01
9.229495387010641649e-02 -8.479387524081190008e+01
9.159454219067440783e-02 -8.346183325694279631e+01
9.090455849057138549e-02 -8.209273134777220093e+01
9.022535567214984287e-02 -8.093047846914799948e+01
8.955730212238419141e-02 -7.956893206843292887e+01
8.890078223522930589e-02 -7.822349722191637511e+01
8.825619682660178211e-02 -7.666264090801857378e+01
8.762396339275056734e-02 -7.494502500990147098e+01
8.700451614975866776e-02 -7.342403703856049901e+01
8.639830577680547574e-02 -7.200988462664277279e+01
8.580579876885735535e-02 -7.009199558763687321e+01
8.522747628626059502e-02 -6.815922748145501942e+01
8.466383237044998455e-02 -6.655460664423880246e+01
8.411537137857873214e-02 -6.463624309071688856e+01
8.358260447819115813e-02 -6.260378996647657601e+01
8.306604504007177037e-02 -6.048837519165854104e+01
8.256620277820221621e-02 -5.840511856455150763e+01
8.208357651629294427e-02 -5.627248171809937105e+01
8.161864551678597868e-02 -5.384890491576356197e+01
8.117185939570016606e-02 -5.156347373836485559e+01
8.074362676755307555e-02 -4.921675296999872273e+01
8.033430291612136953e-02 -4.677026156402019552e+01
7.994417695894230624e-02 -4.431518235098587866e+01
7.957345914737508352e-02 -4.177784032775103640e+01
7.922226909249363569e-02 -3.927215117821891255e+01
7.889062579764274941e-02 -3.676826891243212714e+01
7.857844037987167518e-02 -3.426658524435660524e+01
7.828551225309154926e-02 -3.181223462488347309e+01
7.801152932231071591e-02 -2.941064608092570509e+01
7.775607242068398317e-02 -2.707603916681004819e+01
7.751862385175714576e-02 -2.482838476820158036e+01
7.729857953492720590e-02 -2.267874410526757956e+01
7.709526395062418769e-02 -2.063736682086355856e+01
7.690794688792448874e-02 -1.871180401235653079e+01
7.673586093294881838e-02 -1.690665364584076968e+01
7.657821869703004825e-02 -1.522372906524049263e+01
7.643422894302491499e-02 -1.366232248348817357e+01
7.630311098759189059e-02 -1.221954280468634835e+01
7.618410699614305837e-02 -1.089068710721125122e+01
7.607649201139732309e-02 -9.669642496579157864e+00
7.597958174307743728e-02 -8.549262922258133557e+00
7.589273828433976132e-02 -7.521706074495569716e+00
7.581537400906183943e-02 -6.578717206929045602e+00
7.574695394899297329e-02 -5.711857522972425549e+00
7.568699696031247481e-02 -4.912677038246513916e+00
7.563507597548423111e-02 -4.172837086614716640e+00
7.559081760766007962e-02 -3.484188883193446440e+00
7.555390133869839542e-02 -2.838815422940872857e+00
7.552405848351563533e-02 -2.229043789761828709e+00
7.550107108648576593e-02 -1.647434324559972962e+00
7.548477087191053647e-02 -1.086752264301768856e+00
7.547503834100320608e-02 -5.399265856066500779e-01
7.547180208236017873e-02 0.000000000000000000e+00
7.547503834100320608e-02 5.399265856066500779e-01
7.548477087191053647e-02 1.086752264301768856e+00
7.550107108648576593e-02 1.647434324559972962e+00
7.552405848351563533e-02 2.229043789761828709e+00
7.555390133869839542e-02 2.838815422940872857e+00
7.559081760766007962e-02 3.484188883193446440e+00
7.563507597548423111e-02 4.172837086614716640e+00
7.568699696031247481e-02 4.912677038246513916e+00
7.574695394899297329e-02 5.711857522972425549e+00
7.581537400906183943e-02 6.578717206929045602e+00
7.589273828433976132e-02 7.521706074496404604e+00
7.597958174307745116e-02 8.549262922258133557e+00
7.607649201139732309e-02 9.669642496579157864e+00
7.618410699614307224e-02 1.089068710721208610e+01
7.630311098759190447e-02 1.221954280468551346e+01
7.643422894302491499e-02 1.366232248348733869e+01
7.657821869703004825e-02 1.522372906524216241e+01
7.673586093294884614e-02 1.690665364584160457e+01
7.690794688792450262e-02 1.871180401235486457e+01
7.709526395062418769e-02 2.063736682086272367e+01
7.729857953492720590e-02 2.267874410526757956e+01
7.751862385175714576e-02 2.482838476820241524e+01
7.775607242068399705e-02 2.707603916681088307e+01
7.801152932231072978e-02 2.941064608092653998e+01
7.828551225309157702e-02 3.181223462488263820e+01
7.857844037987167518e-02 3.426658524435493547e+01
7.889062579764274941e-02 3.676826891243212714e+01
7.922226909249363569e-02 3.927215117821891255e+01
7.957345914737508352e-02 4.177784032775187484e+01
7.994417695894232012e-02 4.431518235098587866e+01
8.033430291612136953e-02 4.677026156402019552e+01
8.074362676755308943e-02 4.921675296999872273e+01
8.117185939570016606e-02 5.156347373836318582e+01
8.161864551678597868e-02 5.384890491576356197e+01
8.208357651629294427e-02 5.627248171810104083e+01
8.256620277820223008e-02 5.840511856455150763e+01
8.306604504007177037e-02 6.048837519165770971e+01
8.358260447819115813e-02 6.260378996647657601e+01
8.411537137857873214e-02 6.463624309071771279e+01
8.466383237044999843e-02 6.655460664423964090e+01
8.522747628626060890e-02 6.815922748145418097e+01
8.580579876885735535e-02 7.009199558763771165e+01
8.639830577680550350e-02 7.200988462664361123e+01
8.700451614975868164e-02 7.342403703856049901e+01
8.762396339275059509e-02 7.494502500990063254e+01
8.825619682660178211e-02 7.666264090801691111e+01
8.890078223522930589e-02 7.822349722191803778e+01
8.955730212238421917e-02 7.956893206843292887e+01
9.022535567214984287e-02 8.093047846914632260e+01
9.090455849057138549e-02 8.209273134777220093e+01
9.159454219067440783e-02 8.346183325694447319e+01
9.229495387010644425e-02 8.479387524081190008e+01
9.300545551969123526e-02 8.605318896389941585e+01
9.372572339218357418e-02 8.727066739009246987e+01
9.445544735322904117e-02 8.821819484944163037e+01
9.519433023073362032e-02 8.936308722932656678e+01
9.594208717428832911e-02 9.046005181728668276e+01
9.669844503275777658e-02 9.137564117574383715e+01
9.746314175543083214e-02 9.237807414374050552e+01
9.823592582008452978e-02 9.349074609104921763e+01
9.901655568978330602e-02 9.432634479831509111e+01
9.980479929911824366e-02 9.524523235689449052e+01
1.006004335697864432e-01 9.614807425768781002e+01
1.014032439548486209e-01 9.688850624380255283e+01
1.022130240106244176e-01 9.784240164250566352e+01
1.030295749949433071e-01 9.867893294138337978e+01
1.038527054903295443e-01 9.936459914236077395e+01
1.046822310506340670e-01 1.001392308382154397e+02
1.055179738696146174e-01 1.008836016638079229e+02
1.063597624699911953e-01 1.016078878320450372e+02
1.072074314115534915e-01 1.023134670716811883e+02
1.080608210169653333e-01 1.029983183714687698e+02
1.089197771139867599e-01 1.036616005258869677e+02
1.097841507929165628e-01 1.043055472660536651e+02
1.106537981781406943e-01 1.049338822199452181e+02
1.115285802127538861e-01 1.055623950561044779e+02
1.124083624553006006e-01 1.061049075604903891e+02
1.132930148877578647e-01 1.066737081531828437e+02
1.141824117339520495e-01 1.072904436917643665e+02
1.150764312876692147e-01 1.077987020389268196e+02
1.159749557497793682e-01 1.083471404981915498e+02
1.168778710737521376e-01 1.089050674810839183e+02
1.177850668189926037e-01 1.093711117650100135e+02
1.186964360114745320e-01 1.098778849157370132e+02
1.196118750111912488e-01 1.103997420095638375e+02
1.205312833859839561e-01 1.108360755630562267e+02
1.214545637913434228e-01 1.112893995936667721e+02
1.223816218558139018e-01 1.117468154383264647e+02
1.233123660716572423e-01 1.121843429116386659e+02
1.242467076904629208e-01 1.126141498039201565e+02
1.251845606234136543e-01 1.130317961918553351e+02
1.261258413459387939e-01 1.134401055634634474e+02
1.270704688065075749e-01 1.138415897734351603e+02
1.280183643393330017e-01 1.142269457684058267e+02
1.289694515807739694e-01 1.145822635313007822e+02
1.299236563892372243e-01 1.149775412747251693e+02
1.308809067683967542e-01 1.153495291276608299e+02
1.318411327935584965e-01 1.156960983613986684e+02
1.328042665410116285e-01 1.160405255253649557e+02
1.337702420202165898e-01 1.163669940161813940e+02
1.347389951086920279e-01 1.167091326675888894e+02
1.357104634894679418e-01 1.170339925388157525e+02
1.366845865909848690e-01 1.173386094193302256e+02
1.376613055293229304e-01 1.176569876084720079e+02
1.386405630526528765e-01 1.179616219702422342e+02
1.396223034878079361e-01 1.182476807530311618e+02
1.406064726888798799e-01 1.185443375784695093e+02
1.415930179877496198e-01 1.188272144493872986e+02
1.425818881464664400e-01 1.190971290268168730e+02
1.435730333113953150e-01 1.193766815751195338e+02
1.445664049690560671e-01 1.196388386578505845e+02
1.455619559035815080e-01 1.198909329104503030e+02
1.465596401557263395e-01 1.201478818211174797e+02
1.475594129833618651e-01 1.204056259405885640e+02
1.485612308233940637e-01 1.206444818491990247e+02
1.495650512550467937e-01 1.208741633467901977e+02
1.505708329644539489e-01 1.211127402850115971e+02
1.515785357105076947e-01 1.213274584930986038e+02
1.525881202919115998e-01 1.215692043774867273e+02
1.535995485153910378e-01 1.218028301374594662e+02
1.546127831650141171e-01 1.220006901254229206e+02
1.556277879725802282e-01 1.222112949373020427e+02
1.566445275890330224e-01 1.224233070473589606e+02
1.576629675568590461e-01 1.226240894219577200e+02
1.586830742834328400e-01 1.228172928261257795e+02
1.597048150152728940e-01 1.230144157945208718e+02
1.607281578131724564e-01 1.232051243453888532e+02
1.617530715281727260e-01 1.234032718457646780e+02
1.627795257783459515e-01 1.235786108536926236e+02
1.638074909263578516e-01 1.237475230172243812e+02
1.648369380577804355e-01 1.239327423322366997e+02
1.658678389601265790e-01 1.241062210303501701e+02
1.669001661025797389e-01 1.242757709734698466e+02
1.679338926163934376e-01 1.244476040317443903e+02
1.689689922759347596e-01 1.246088570911331317e+02
1.700054394803495184e-01 1.247643314284676705e+02
1.710432092358249723e-01 1.249248869992005382e+02
1.720822771384296068e-01 1.250798311225689616e+02
1.731226193575079453e-01 1.252316580633151517e+02
1.741642126196109031e-01 1.253796786902445888e+02
