7.195349635313440240e-02 0.000000000000000000e+00
7.195227382024743656e-02 -2.610643414505493087e+00
7.195102199589931136e-02 -2.649136098915429116e+00
7.194973995702810821e-02 -2.687715853301886337e+00
7.194842674456949916e-02 -2.726330893174178538e+00
7.194708136178309954e-02 -2.764924470556865632e+00
7.194570277248857337e-02 -2.803434524215848711e+00
7.194428989920570450e-02 -2.841793313951956002e+00
7.194284162119267412e-02 -2.879927034945085840e+00
7.194135677237591120e-02 -2.917755417785301120e+00
7.193983413916510417e-02 -2.955191306187062938e+00
7.193827245814579663e-02 -2.992140223615984418e+00
7.193667041364174008e-02 -3.028499918627165055e+00
7.193502663513884343e-02 -3.064159900414953341e+00
7.193333969456151833e-02 -3.099000956471826829e+00
7.193160810339199740e-02 -3.132894664756117109e+00
7.192983030962216140e-02 -3.165702891144332121e+00
7.192800469452670376e-02 -3.197277288068858692e+00
7.192612956924598899e-02 -3.227458785772914673e+00
7.192420317116551831e-02 -3.256077091213712027e+00
7.192222366007830492e-02 -3.282950192453421234e+00
7.192018911411535154e-02 -3.307883879922606685e+00
7.191809752542829837e-02 -3.330671287426078209e+00
7.191594679560689429e-02 -3.351092466070583864e+00
7.191373473081288936e-02 -3.368913996231516883e+00
7.191145903661017025e-02 -3.383888653143868552e+00
7.190911731246987793e-02 -3.395755132067712179e+00
7.190670704592677653e-02 -3.404237856789234407e+00
7.190422560636192117e-02 -3.409046874348976797e+00
7.190167023838463234e-02 -3.409877866202774666e+00
7.189903805478373156e-02 -3.406412284316730599e+00
7.189632602901685487e-02 -3.398317639214546215e+00
7.189353098720269175e-02 -3.385247959247146277e+00
7.189064959957941481e-02 -3.366844446147866154e+00
7.188767837138823613e-02 -3.342736351474014267e+00
7.188461363313819463e-02 -3.312542101684386342e+00
7.188145153020479572e-02 -3.275870701276865304e+00
7.187818801171023952e-02 -3.232323435748684304e+00
7.187481881862886612e-02 -3.181495914552045168e+00
7.187133947105672771e-02 -3.122980469436668738e+00
7.186774525457854945e-02 -3.056368946697439526e+00
7.186403120565920677e-02 -2.981255911745628318e+00
7.186019209598044910e-02 -2.897242291748123311e+00
7.185622241563714707e-02 -2.803939474128737341e+00
7.185211635509793082e-02 -2.700973875470026098e+00
7.184786778582821776e-02 -2.587991984112969046e+00
7.184347023946277555e-02 -2.464665880456430980e+00
7.183891688540505749e-02 -2.330699218429532316e+00
7.183420050671922297e-02 -2.185833650334521927e+00
7.182931347416773860e-02 -2.029855655349932952e+00
7.182424771823324450e-02 -1.862603725707945745e+00
7.181899469894911792e-02 -1.683975841854031374e+00
7.181354537334447286e-02 -1.493937155333582512e+00
7.180789016029233418e-02 -1.292527777898604402e+00
7.180201890252778385e-02 -1.079870559406722608e+00
7.179592082558100552e-02 -8.561787158180438340e-01
7.178958449334450764e-02 -6.217631588151809607e-01
7.178299775996627163e-02 -3.770393491075614278e-01
7.177614771773030422e-02 -1.225335081179409896e-01
7.176902064055196151e-02 1.411120192184021904e-01
7.176160192267877491e-02 4.131344287711860574e-01
7.175387601214644473e-02 6.926473475277300507e-01
7.174582633849513336e-02 9.786391363776111296e-01
7.173743523420131329e-02 1.269972765414030924e+00
7.172868384922716223e-02 1.565387416203564142e+00
7.171955205802993394e-02 1.863501923762267865e+00
7.171001835830910498e-02 2.162820130280877162e+00
7.170005976069922238e-02 2.461738194049098549e+00
7.168965166853993876e-02 2.758553817528429430e+00
7.167876774677267582e-02 3.051477332122343622e+00
7.166737977892505274e-02 3.338644491554826121e+00
7.165545751105061034e-02 3.618130787016325733e+00
7.164296848139226070e-02 3.887967010773593746e+00
7.162987783443468259e-02 4.146155779656805151e+00
7.161614811790550927e-02 4.390688634622977204e+00
7.160173906117933695e-02 4.619563331392622096e+00
7.158660733343630289e-02 4.830800893456113521e+00
7.157070627983228017e-02 5.022461983890611492e+00
7.155398563385878541e-02 5.192662157061364248e+00
7.153639120401418527e-02 5.339585572320902251e+00
7.151786453288812295e-02 5.461496772133004107e+00
7.149834252679278246e-02 5.556750188606295993e+00
7.147775705417915015e-02 5.623797096714401533e+00
7.145603451128154648e-02 5.661189800527053784e+00
7.143309535377521946e-02 5.667582944280405322e+00
7.140885359375552521e-02 5.641731911987188042e+00
7.138321626211077686e-02 5.582488397321191620e+00
7.135608283744095115e-02 5.488793326994047206e+00
7.132734464416003173e-02 5.359667440836178187e+00
7.129688422442873041e-02 5.194199948847513681e+00
7.126457469123377575e-02 4.991535821490090008e+00
7.123027907342766030e-02 4.750862408352706900e+00
7.119384966806385773e-02 4.471396239324031185e+00
7.115512742112756195e-02 4.152371035796552867e+00
7.111394136501007768e-02 3.793028167499743031e+00
7.107010815004928539e-02 3.392611012458846886e+00
7.102343171837476044e-02 2.950364943995776645e+00
7.097370318130104272e-02 2.465544945301122670e+00
7.092070097660975458e-02 1.937433166682795971e+00
7.086419139901473097e-02 1.365369013948751764e+00
7.080392961529963225e-02 7.487946106419246517e-01
7.073966129388632729e-02 8.731858585203267076e-02
7.067112499502049838e-02 -6.191989522458590800e-01
7.059805547947733961e-02 -1.370537854836655800e+00
7.052018809672107313e-02 -2.165984337814412353e+00
7.043726440271379230e-02 -3.004172590173080692e+00
7.034903912710671614e-02 -3.882904359606927258e+00
7.025528855320757604e-02 -4.798952824927863681e+00
7.015582028674986759e-02 -5.747861530517090145e+00
7.005048426875230827e-02 -6.723754280137056227e+00
6.993918473637356081e-02 -7.719177000587941428e+00
6.982189266368916958e-02 -8.724996692458416803e+00
6.969865804058521241e-02 -9.730384300730719360e+00
6.956962119971182856e-02 -1.072290622242574365e+01
6.943502231110063039e-02 -1.168874213122026440e+01
6.929520816290656027e-02 -1.261303455967322584e+01
6.915063545635785625e-02 -1.348035933298943867e+01
6.900187006676032631e-02 -1.427528803700752391e+01
6.884958204030276752e-02 -1.498299783585990852e+01
6.869453646605713781e-02 -1.558987392332444877e+01
6.853758072722669625e-02 -1.608404845056372778e+01
6.837962893751051152e-02 -1.645582763038110485e+01
6.822164456254789511e-02 -1.669797426050905642e+01
6.806462229105567086e-02 -1.680583263246513326e+01
6.790957015991869183e-02 -1.677730248348506947e+01
6.775749277836985718e-02 -1.661268462032639093e+01
6.760937627718698051e-02 -1.631443089782309386e+01
6.746617537016061372e-02 -1.588683471950145609e+01
6.732880269104565829e-02 -1.533569641921809179e+01
6.719812038273224875e-02 -1.466799222436011618e+01
6.707493377741993723e-02 -1.389156751976195281e+01
6.695998691808670300e-02 -1.301486805247430034e+01
6.685395962665854896e-02 -1.204671652176506313e+01
6.675746581368097177e-02 -1.099613412221784969e+01
6.667105273783079100e-02 -9.872205631853542940e+00
6.659520095206265811e-02 -8.683984944860238642e+00
6.653032470913493313e-02 -7.440433298466586187e+00
6.647677263731475994e-02 -6.150384466862005794e+00
6.643482853371776575e-02 -4.822535432319830839e+00
6.640471215603512001e-02 -3.465446451685432194e+00
6.638657992253936546e-02 -2.087559545161544960e+00
6.638052545525208181e-02 -6.972338568804132830e-01
6.638657992253936546e-02 6.972338568804132830e-01
6.640471215603512001e-02 2.087559545161544960e+00
6.643482853371776575e-02 3.465446451685432194e+00
6.647677263731475994e-02 4.822535432319830839e+00
6.653032470913493313e-02 6.150384466862005794e+00
6.659520095206265811e-02 7.440433298466586187e+00
6.667105273783079100e-02 8.683984944860238642e+00
6.675746581368097177e-02 9.872205631853542940e+00
6.685395962665854896e-02 1.099613412221784969e+01
6.695998691808670300e-02 1.204671652176506313e+01
6.707493377741993723e-02 1.301486805247430034e+01
6.719812038273226262e-02 1.389156751976362258e+01
6.732880269104565829e-02 1.466799222435844641e+01
6.746617537016062760e-02 1.533569641921976157e+01
6.760937627718699439e-02 1.588683471950145609e+01
6.775749277836985718e-02 1.631443089782142408e+01
6.790957015991869183e-02 1.661268462032639093e+01
6.806462229105567086e-02 1.677730248348506947e+01
6.822164456254790899e-02 1.680583263246680303e+01
6.837962893751051152e-02 1.669797426050738665e+01
6.853758072722669625e-02 1.645582763038110485e+01
6.869453646605713781e-02 1.608404845056372778e+01
6.884958204030278139e-02 1.558987392332611854e+01
6.900187006676034018e-02 1.498299783585823874e+01
6.915063545635785625e-02 1.427528803700752391e+01
6.929520816290656027e-02 1.348035933298943867e+01
6.943502231110063039e-02 1.261303455967322584e+01
6.956962119971182856e-02 1.168874213122026440e+01
6.969865804058521241e-02 1.072290622242574365e+01
6.982189266368918346e-02 9.730384300732389136e+00
6.993918473637356081e-02 8.724996692456747027e+00
7.005048426875232215e-02 7.719177000589610316e+00
7.015582028674986759e-02 6.723754280135386452e+00
7.025528855320757604e-02 5.747861530517090145e+00
7.034903912710671614e-02 4.798952824927863681e+00
7.043726440271377842e-02 3.882904359605257483e+00
7.052018809672107313e-02 3.004172590174750468e+00
7.059805547947733961e-02 2.165984337814412353e+00
7.067112499502049838e-02 1.370537854836655800e+00
7.073966129388631341e-02 6.191989522475286334e-01
7.080392961529964613e-02 -8.731858585203267076e-02
7.086419139901473097e-02 -7.487946106435942051e-01
7.092070097660975458e-02 -1.365369013948751764e+00
7.097370318130105660e-02 -1.937433166681126417e+00
7.102343171837476044e-02 -2.465544945302792446e+00
7.107010815004928539e-02 -2.950364943995776645e+00
7.111394136501007768e-02 -3.392611012458846886e+00
7.115512742112756195e-02 -3.793028167499743031e+00
7.119384966806385773e-02 -4.152371035796552867e+00
7.123027907342766030e-02 -4.471396239324031185e+00
7.126457469123377575e-02 -4.750862408352706900e+00
7.129688422442873041e-02 -4.991535821490090008e+00
7.132734464416003173e-02 -5.194199948847513681e+00
7.135608283744096503e-02 -5.359667440834508412e+00
7.138321626211079074e-02 -5.488793326994047206e+00
7.140885359375551134e-02 -5.582488397322860507e+00
7.143309535377521946e-02 -5.641731911987188042e+00
7.145603451128153261e-02 -5.667582944280405322e+00
7.147775705417916403e-02 -5.661189800527053784e+00
7.149834252679279634e-02 -5.623797096712731758e+00
7.151786453288812295e-02 -5.556750188607964880e+00
7.153639120401418527e-02 -5.461496772133004107e+00
7.155398563385879929e-02 -5.339585572319232476e+00
7.157070627983228017e-02 -5.192662157063033135e+00
7.158660733343628901e-02 -5.022461983890611492e+00
7.160173906117933695e-02 -4.830800893456113521e+00
7.161614811790550927e-02 -4.619563331392622096e+00
7.162987783443469647e-02 -4.390688634621307429e+00
7.164296848139226070e-02 -4.146155779658474039e+00
7.165545751105061034e-02 -3.887967010773593746e+00
7.166737977892505274e-02 -3.618130787016325733e+00
7.167876774677268970e-02 -3.338644491553156346e+00
7.168965166853993876e-02 -3.051477332124013397e+00
7.170005976069920850e-02 -2.758553817525090324e+00
7.171001835830909110e-02 -2.461738194049098549e+00
7.171955205802993394e-02 -2.162820130284216269e+00
7.172868384922716223e-02 -1.863501923762267865e+00
7.173743523420131329e-02 -1.565387416203564142e+00
7.174582633849513336e-02 -1.269972765414030924e+00
7.175387601214643085e-02 -9.786391363792806830e-01
7.176160192267874716e-02 -6.926473475293996040e-01
7.176902064055196151e-02 -4.131344287678469507e-01
7.177614771773031810e-02 -1.411120192167326370e-01
7.178299775996627163e-02 1.225335081162714362e-01
7.178958449334449377e-02 3.770393491058918745e-01
7.179592082558100552e-02 6.217631588168505141e-01
7.180201890252776997e-02 8.561787158163742806e-01
7.180789016029233418e-02 1.079870559408392161e+00
7.181354537334447286e-02 1.292527777898604402e+00
7.181899469894911792e-02 1.493937155333582512e+00
7.182424771823324450e-02 1.683975841854031374e+00
7.182931347416772472e-02 1.862603725706276192e+00
7.183420050671923685e-02 2.029855655425062633e+00
7.183891688540504361e-02 2.185833650257722915e+00
7.184347023946277555e-02 2.330699218432871422e+00
7.184786778582821776e-02 2.464665880456430980e+00
7.185211635509791694e-02 2.587991984109629939e+00
7.185622241563713319e-02 2.700973875471695429e+00
7.186019209598044910e-02 2.803939474130406673e+00
7.186403120565920677e-02 2.897242291748123311e+00
7.186774525457854945e-02 2.981255911745628318e+00
7.187133947105669995e-02 3.056368946692431088e+00
7.187481881862883837e-02 3.122980469418303429e+00
7.187818801171025340e-02 3.181495914582097129e+00
7.188145153020480960e-02 3.232323435745345197e+00
7.188461363313816688e-02 3.275870701263508877e+00
7.188767837138822225e-02 3.312542101687725449e+00
7.189064959957944256e-02 3.342736351492379576e+00
7.189353098720269175e-02 3.366844446136179059e+00
7.189632602901685487e-02 3.385247959247146277e+00
7.189903805478373156e-02 3.398317639214546215e+00
7.190167023838463234e-02 3.406412284316730599e+00
7.190422560636192117e-02 3.409877866202774666e+00
7.190670704592674878e-02 3.409046874337290145e+00
7.190911731246990568e-02 3.404237856812607710e+00
7.191145903661019800e-02 3.395755132152859179e+00
7.191373473081290324e-02 3.383888653072077979e+00
7.191594679560689429e-02 3.368913996206473804e+00
7.191809752542831224e-02 3.351092466078931853e+00
7.192018911411535154e-02 3.330671287417730220e+00
7.192222366007830492e-02 3.307883879922606685e+00
7.192420317116551831e-02 3.282950192453421234e+00
7.192612956924598899e-02 3.256077091213712027e+00
7.192800469452671763e-02 3.227458785781262662e+00
7.192983030962216140e-02 3.197277288060510703e+00
7.193160810339199740e-02 3.165702891144332121e+00
7.193333969456150445e-02 3.132894664746099789e+00
7.193502663513881568e-02 3.099000956468487722e+00
7.193667041364174008e-02 3.064159900428309768e+00
7.193827245814579663e-02 3.028499918627165055e+00
7.193983413916510417e-02 2.992140223615984418e+00
7.194135677237591120e-02 2.955191306187062938e+00
7.194284162119267412e-02 2.917755417785301120e+00
7.194428989920573225e-02 2.879927035061954133e+00
7.194570277248855950e-02 2.841793313734914506e+00
7.194708136178307178e-02 2.803434524275952189e+00
7.194842674456949916e-02 2.764924470596934469e+00
7.194973995702813596e-02 2.726330893215917150e+00
7.195102199589931136e-02 2.687715853260147725e+00
7.195227382024743656e-02 2.649136098915429116e+00
