0.000000000000000000e+00
4.156148093170252538e-06
8.312296186340505075e-06
1.246844427951075677e-05
1.662459237268101015e-05
2.078074046585126354e-05
2.493688855902151353e-05
2.909303665219176692e-05
3.324918474536202030e-05
3.740533283853227369e-05
4.156148093170252707e-05
4.571762902487278046e-05
4.987377711804302706e-05
5.402992521121328045e-05
5.818607330438353383e-05
6.234222139755379399e-05
6.649836949072404060e-05
7.065451758389428721e-05
7.481066567706454737e-05
7.896681377023479398e-05
8.312296186340505414e-05
8.727910995657530075e-05
9.143525804974556091e-05
9.559140614291580752e-05
9.974755423608605413e-05
1.039037023292563143e-04
1.080598504224265609e-04
1.122159985155968211e-04
1.163721466087670677e-04
1.205282947019373278e-04
1.246844427951075880e-04
1.288405908882778346e-04
1.329967389814480812e-04
1.371528870746183278e-04
1.413090351677885744e-04
1.454651832609588481e-04
1.496213313541290947e-04
1.537774794472993414e-04
1.579336275404695880e-04
1.620897756336398617e-04
1.662459237268101083e-04
1.704020718199803549e-04
1.745582199131506015e-04
1.787143680063208481e-04
1.828705160994911218e-04
1.870266641926613684e-04
1.911828122858316150e-04
1.953389603790018616e-04
1.994951084721721083e-04
2.036512565653423820e-04
2.078074046585126286e-04
2.119635527516828752e-04
2.161197008448531218e-04
2.202758489380233955e-04
2.244319970311936421e-04
2.285881451243638887e-04
2.327442932175341353e-04
2.369004413107043819e-04
2.410565894038746557e-04
2.452127374970449023e-04
2.493688855902151760e-04
2.535250336833853955e-04
2.576811817765556692e-04
2.618373298697258887e-04
2.659934779628961624e-04
2.701496260560664361e-04
2.743057741492366556e-04
2.784619222424069293e-04
2.826180703355771488e-04
2.867742184287474226e-04
2.909303665219176963e-04
2.950865146150879158e-04
2.992426627082581895e-04
3.033988108014284090e-04
3.075549588945986827e-04
3.117111069877689564e-04
3.158672550809391759e-04
3.200234031741094496e-04
3.241795512672797233e-04
3.283356993604499429e-04
3.324918474536202166e-04
3.366479955467904361e-04
