5.696142686095829327e-02
5.716558968124846318e-02
5.736975250153864003e-02
5.757391532182880994e-02
5.777807814211898679e-02
5.798224096240915670e-02
5.818640378269933355e-02
5.839056660298950346e-02
5.859472942327968031e-02
5.879889224356985022e-02
5.900305506386002707e-02
5.920721788415019698e-02
5.941138070444037383e-02
5.961554352473054375e-02
5.981970634502072059e-02
6.002386916531089051e-02
6.022803198560106042e-02
6.043219480589123727e-02
6.063635762618140718e-02
6.084052044647158403e-02
6.104468326676175394e-02
6.124884608705193079e-02
6.145300890734210070e-02
6.165717172763227755e-02
6.186133454792244746e-02
6.206549736821262431e-02
6.226966018850279422e-02
6.247382300879296413e-02
6.267798582908314098e-02
6.288214864937331783e-02
6.308631146966348080e-02
6.329047428995365765e-02
6.349463711024383450e-02
6.369879993053401135e-02
6.390296275082417432e-02
6.410712557111435117e-02
6.431128839140452802e-02
6.451545121169470487e-02
6.471961403198486784e-02
6.492377685227504469e-02
6.512793967256522154e-02
6.533210249285539839e-02
6.553626531314556136e-02
6.574042813343573821e-02
6.594459095372591506e-02
6.614875377401607803e-02
6.635291659430625488e-02
6.655707941459643173e-02
6.676124223488660858e-02
6.696540505517677155e-02
6.716956787546694840e-02
6.737373069575712525e-02
6.757789351604730210e-02
6.778205633633746507e-02
6.798621915662764192e-02
6.819038197691781877e-02
6.839454479720799562e-02
6.859870761749815860e-02
6.880287043778833544e-02
6.900703325807851229e-02
6.921119607836867527e-02
6.941535889865885212e-02
6.961952171894902897e-02
6.982368453923920582e-02
7.002784735952936879e-02
7.023201017981954564e-02
7.043617300010972249e-02
7.064033582039989934e-02
7.084449864069006231e-02
7.104866146098023916e-02
7.125282428127041601e-02
7.145698710156059286e-02
7.166114992185075583e-02
7.186531274214093268e-02
7.206947556243110953e-02
7.227363838272127250e-02
7.247780120301144935e-02
7.268196402330162620e-02
7.288612684359180305e-02
7.309028966388196602e-02
7.329445248417214287e-02
7.349861530446231972e-02
7.370277812475248269e-02
7.390694094504265954e-02
7.411110376533283639e-02
7.431526658562301324e-02
7.451942940591319009e-02
7.472359222620335306e-02
7.492775504649352991e-02
7.513191786678370676e-02
7.533608068707386973e-02
7.554024350736404658e-02
7.574440632765422343e-02
7.594856914794440028e-02
7.615273196823456325e-02
7.635689478852474010e-02
7.656105760881491695e-02
7.676522042910507992e-02
7.696938324939525677e-02
7.717354606968543362e-02
