-1.172033762274011116e-03 6.966318923078437808e-02 1.752070342367917088e-01
-1.163721466087670568e-03 6.964148877418782635e-02 1.741642237656092218e-01
-1.155409169901330021e-03 6.961946835393954813e-02 1.731226333867803557e-01
-1.147096873714989690e-03 6.959712724624300684e-02 1.720822932467800381e-01
-1.138784577528649143e-03 6.957446515774651230e-02 1.710432275965728388e-01
-1.130472281342308595e-03 6.955148226680553381e-02 1.700054615814415859e-01
-1.122159985155968048e-03 6.952817926764601197e-02 1.689690401799671116e-01
-1.113847688969627501e-03 6.950455741757283201e-02 1.679339027698114883e-01
-1.105535392783287170e-03 6.948061858737508700e-02 1.669001826616993700e-01
-1.097223096596946623e-03 6.945636531507094757e-02 1.658678586469367888e-01
-1.088910800410606075e-03 6.943180086314293398e-02 1.648369607917100077e-01
-1.080598504224265528e-03 6.940692927939808021e-02 1.638075187321662851e-01
-1.072286208037924980e-03 6.938175546158492635e-02 1.627796263224212947e-01
-1.063973911851584650e-03 6.935628522589230849e-02 1.617530873658868384e-01
-1.055661615665244102e-03 6.933052537943504290e-02 1.607281800736041766e-01
-1.047349319478903555e-03 6.930448379682108140e-02 1.597048413194082084e-01
-1.039037023292563007e-03 6.927816950086801429e-02 1.586831057804791445e-01
-1.030724727106222460e-03 6.925159274751203908e-02 1.576630230261024668e-01
-1.022412430919882129e-03 6.922476511492577089e-02 1.566445450900063874e-01
-1.014100134733541582e-03 6.919769959681526528e-02 1.556278152661831338e-01
-1.005787838547201034e-03 6.917041069982762802e-02 1.546128159520141210e-01
-9.974755423608604871e-04 6.914291454494690681e-02 1.535995892742046676e-01
-9.891632461745199396e-04 6.911522897269554988e-02 1.525880269869765160e-01
-9.808509499881793922e-04 6.908737365188589996e-02 1.515785640009341961e-01
-9.725386538018390616e-04 6.905937019158978063e-02 1.505708697639185079e-01
-9.642263576154985142e-04 6.903124225589887808e-02 1.495650963156474889e-01
-9.559140614291579668e-04 6.900301568095133786e-02 1.485613251705160121e-01
-9.476017652428174193e-04 6.897471859357519330e-02 1.475594448963027938e-01
-9.392894690564769803e-04 6.894638153077796427e-02 1.465596840797445122e-01
-9.309771728701364329e-04 6.891803755916908747e-02 1.455620109042124188e-01
-9.226648766837959939e-04 6.888972239323436220e-02 1.445664961653740643e-01
-9.143525804974554465e-04 6.886147451122565100e-02 1.435730764900750855e-01
-9.060402843111148991e-04 6.883333526722847096e-02 1.425819444356233867e-01
-8.977279881247744600e-04 6.880534899778467661e-02 1.415930971684167261e-01
-8.894156919384340210e-04 6.877756312122372540e-02 1.406065102506921238e-01
-8.811033957520934736e-04 6.875002822763999488e-02 1.396223647938120704e-01
-8.727910995657529262e-04 6.872279815722391605e-02 1.386406444113916780e-01
-8.644788033794123788e-04 6.869593006441104821e-02 1.376613348068403131e-01
-8.561665071930719398e-04 6.866948446507757653e-02 1.366846567765402087e-01
-8.478542110067313923e-04 6.864352526377651142e-02 1.357105585943529091e-01
-8.395419148203909533e-04 6.861811975777887262e-02 1.347390405462335350e-01
-8.312296186340504059e-04 6.859333861447086678e-02 1.337703272683830047e-01
-8.229173224477098585e-04 6.856925581847152229e-02 1.328043968696835109e-01
-8.146050262613694195e-04 6.854594858468437968e-02 1.318412096807502765e-01
-8.062927300750288720e-04 6.852349723337530785e-02 1.308810173220644191e-01
-7.979804338886884330e-04 6.850198502332413564e-02 1.299236543266396593e-01
-7.896681377023478856e-04 6.848149793910009164e-02 1.289695623442893013e-01
-7.813558415160073382e-04 6.846212442860782899e-02 1.280185608080405546e-01
-7.730435453296668992e-04 6.844395508723737087e-02 1.270705826614420830e-01
-7.647312491433263517e-04 6.842708228524442549e-02 1.261260149642540185e-01
-7.564189529569859127e-04 6.841159973540164585e-02 1.251846806337880424e-01
-7.481066567706453653e-04 6.839760199851284417e-02 1.242468939985535842e-01
-7.397943605843048179e-04 6.838518392506373611e-02 1.233125007624548825e-01
-7.314820643979642704e-04 6.837444003212533872e-02 1.223818406494586314e-01
-7.231697682116238314e-04 6.836546381560794361e-02 1.214547261876753742e-01
-7.148574720252833924e-04 6.835834699910024737e-02 1.205315981674391079e-01
-7.065451758389428450e-04 6.835317872180107779e-02 1.196120783180239233e-01
-6.982328796526022976e-04 6.835004466945004964e-02 1.186965062471756205e-01
-6.899205834662617502e-04 6.834902615366512946e-02 1.177853348143671902e-01
-6.816082872799213111e-04 6.835019914666753960e-02 1.168780942492996661e-01
-6.732959910935807637e-04 6.835363327998236760e-02 1.159750336387932318e-01
-6.649836949072403247e-04 6.835939081729741629e-02 1.150767578235162847e-01
-6.566713987208997773e-04 6.836752561319142663e-02 1.141827007429575963e-01
-6.483591025345593383e-04 6.837808207084598855e-02 1.132932231226973785e-01
-6.400468063482187909e-04 6.839109411306969200e-02 1.124089635576295404e-01
-6.317345101618782434e-04 6.840658418192194223e-02 1.115290235211041509e-01
-6.234222139755378044e-04 6.842456228286530884e-02 1.106542207249577858e-01
-6.151099177891972570e-04 6.844502508963648535e-02 1.097845680605287338e-01
-6.067976216028568180e-04 6.846795512585675259e-02 1.089201918185043333e-01
-5.984853254165162706e-04 6.849332003876200392e-02 1.080612372752254302e-01
-5.901730292301757231e-04 6.852107197929467597e-02 1.072078658632277942e-01
-5.818607330438352841e-04 6.855114710115593757e-02 1.063602461948767869e-01
-5.735484368574947367e-04 6.858346518928190583e-02 1.055185384443867863e-01
-5.652361406711542977e-04 6.861792942561431574e-02 1.046829006936610823e-01
-5.569238444848137503e-04 6.865442629704122945e-02 1.038535103118662234e-01
-5.486115482984732028e-04 6.869282564706520600e-02 1.030306139329865700e-01
-5.402992521121327638e-04 6.873298086921052208e-02 1.022134325930193627e-01
-5.319869559257922164e-04 6.877472923652148962e-02 1.014041570554436444e-01
-5.236746597394516690e-04 6.881789235785114311e-02 1.006017451162363879e-01
-5.153623635531112300e-04 6.886227674812789301e-02 9.980572314372364306e-02
-5.070500673667706825e-04 6.890767449654337795e-02 9.901809301946469521e-02
-4.987377711804302435e-04 6.895386401375758201e-02 9.823720746838862650e-02
-4.904254749940896961e-04 6.900061083688432961e-02 9.746427504620297499e-02
-4.821131788077491487e-04 6.904766846930633639e-02 9.670056864237937255e-02
-4.738008826214087097e-04 6.909477923136586597e-02 9.594417846386971149e-02
-4.654885864350681622e-04 6.914167509776095177e-02 9.519657691358784923e-02
-4.571762902487277232e-04 6.918807849811449417e-02 9.445803174444375450e-02
-4.488639940623871758e-04 6.923370305872390829e-02 9.372894921592439532e-02
-4.405516978760466284e-04 6.927825426600217606e-02 9.300762818199630189e-02
-4.322394016897061894e-04 6.932143003563763506e-02 9.229826245046521271e-02
-4.239271055033656420e-04 6.936292117610495800e-02 9.159732202996506700e-02
-4.156148093170252029e-04 6.940241174094577414e-02 9.090926458509585029e-02
-4.073025131306846555e-04 6.943957927132976549e-02 9.023028701848789801e-02
-3.989902169443441081e-04 6.947409493897074850e-02 8.956289254087317075e-02
-3.906779207580036691e-04 6.950562360970936882e-02 8.890657469283475001e-02
-3.823656245716631217e-04 6.953382386021925154e-02 8.826211351399403104e-02
-3.740533283853226827e-04 6.955834799459525986e-02 8.763088967556924291e-02
-3.657410321989821352e-04 6.957884212425770321e-02 8.701322657300561425e-02
-3.574287360126415878e-04 6.959494639377929170e-02 8.640766759867095359e-02
-3.491164398263011488e-04 6.960629545683277852e-02 8.581527800444213594e-02
-3.408041436399606014e-04 6.961251933003244352e-02 8.523954849598570915e-02
-3.324918474536200539e-04 6.961324477701058555e-02 8.467760994569267785e-02
-3.241795512672796149e-04 6.960809739881632097e-02 8.413019433408396031e-02
-3.158672550809390675e-04 6.959670462673077374e-02 8.359962593678549325e-02
-3.075549588945986285e-04 6.957869982555657529e-02 8.308502875389030262e-02
-2.992426627082580811e-04 6.955372771352047456e-02 8.258847489092216443e-02
-2.909303665219175336e-04 6.952145128183628842e-02 8.210815103659752090e-02
-2.826180703355770946e-04 6.948156034454343322e-02 8.164677223187866151e-02
-2.743057741492365472e-04 6.943378175965117527e-02 8.120445096315069555e-02
-2.659934779628961082e-04 6.937789123050702722e-02 8.078040018854186488e-02
-2.576811817765555608e-04 6.931372642161566511e-02 8.037629474818624997e-02
-2.493688855902150133e-04 6.924120091437875602e-02 7.999159697556743054e-02
-2.410565894038745743e-04 6.916031830519971113e-02 7.962717065143284922e-02
-2.327442932175340269e-04 6.907118554289852497e-02 7.928298603677930156e-02
-2.244319970311935879e-04 6.897402445546134409e-02 7.895888847616951145e-02
-2.161197008448530405e-04 6.886918037092247535e-02 7.865498210219254438e-02
-2.078074046585124931e-04 6.875712682781910667e-02 7.837099619390876237e-02
-1.994951084721720540e-04 6.863846561022469983e-02 7.810655556510376352e-02
-1.911828122858315066e-04 6.851392171379648566e-02 7.786123326115720888e-02
-1.828705160994909592e-04 6.838433330407336919e-02 7.763443353365120925e-02
-1.745582199131504118e-04 6.825063719508051019e-02 7.742547304834285216e-02
-1.662459237268100812e-04 6.811385077775691799e-02 7.723358556990328472e-02
-1.579336275404695338e-04 6.797505160001497682e-02 7.705794012716069008e-02
-1.496213313541289863e-04 6.783535590857404929e-02 7.689766224662657190e-02
-1.413090351677884389e-04 6.769589740735920680e-02 7.675185442112526790e-02
-1.329967389814478915e-04 6.755780729915555893e-02 7.661961528194373428e-02
-1.246844427951075609e-04 6.742219640554809879e-02 7.650005648629394639e-02
-1.163721466087670135e-04 6.729013985951866339e-02 7.639231719095729289e-02
-1.080598504224264660e-04 6.716266457949726654e-02 7.629557569050318677e-02
-9.974755423608591860e-05 6.704073949506711427e-02 7.620905832876459507e-02
-9.143525804974537118e-05 6.692526832232208178e-02 7.613204587640437504e-02
-8.312296186340504059e-05 6.681708457346165198e-02 7.606387771997069613e-02
-7.481066567706449316e-05 6.671694842334237319e-02 7.600395423011931106e-02
-6.649836949072394574e-05 6.662554505929450810e-02 7.595173770197288787e-02
-5.818607330438339831e-05 6.654348415235550318e-02 7.590675223440133956e-02
-4.987377711804285088e-05 6.647130011416052531e-02 7.586858287771015841e-02
-4.156148093170252029e-05 6.640945286848047580e-02 7.583687433139116307e-02
-3.324918474536197287e-05 6.635832891310750048e-02 7.581132942431069444e-02
-2.493688855902142544e-05 6.631824245788815742e-02 7.579170756310325829e-02
-1.662459237268087801e-05 6.628943655881568142e-02 7.577782329271312567e-02
-8.312296186340330587e-06 6.627208409707130432e-02 7.576954507699168451e-02
0.000000000000000000e+00 6.626628846686376251e-02 7.576679437675698514e-02
8.312296186340547427e-06 6.627208409707130432e-02 7.576954507699168451e-02
1.662459237268109485e-05 6.628943655881568142e-02 7.577782329271312567e-02
2.493688855902164228e-05 6.631824245788815742e-02 7.579170756310325829e-02
3.324918474536218971e-05 6.635832891310750048e-02 7.581132942431069444e-02
4.156148093170252029e-05 6.640945286848047580e-02 7.583687433139116307e-02
4.987377711804306772e-05 6.647130011416052531e-02 7.586858287771015841e-02
5.818607330438361515e-05 6.654348415235550318e-02 7.590675223440133956e-02
6.649836949072416258e-05 6.662554505929450810e-02 7.595173770197288787e-02
7.481066567706471000e-05 6.671694842334237319e-02 7.600395423011931106e-02
8.312296186340525743e-05 6.681708457346165198e-02 7.606387771997069613e-02
9.143525804974558802e-05 6.692526832232208178e-02 7.613204587640437504e-02
9.974755423608613544e-05 6.704073949506712815e-02 7.620905832876460895e-02
1.080598504224266829e-04 6.716266457949726654e-02 7.629557569050318677e-02
1.163721466087672303e-04 6.729013985951867727e-02 7.639231719095729289e-02
1.246844427951077777e-04 6.742219640554811266e-02 7.650005648629396027e-02
1.329967389814481083e-04 6.755780729915555893e-02 7.661961528194373428e-02
1.413090351677886557e-04 6.769589740735920680e-02 7.675185442112526790e-02
1.496213313541292032e-04 6.783535590857404929e-02 7.689766224662659966e-02
1.579336275404697506e-04 6.797505160001499069e-02 7.705794012716070396e-02
1.662459237268102980e-04 6.811385077775691799e-02 7.723358556990328472e-02
1.745582199131506286e-04 6.825063719508051019e-02 7.742547304834285216e-02
1.828705160994911760e-04 6.838433330407336919e-02 7.763443353365120925e-02
1.911828122858317235e-04 6.851392171379648566e-02 7.786123326115722276e-02
1.994951084721722709e-04 6.863846561022469983e-02 7.810655556510377739e-02
2.078074046585128183e-04 6.875712682781910667e-02 7.837099619390879013e-02
2.161197008448531489e-04 6.886918037092247535e-02 7.865498210219254438e-02
2.244319970311936963e-04 6.897402445546134409e-02 7.895888847616951145e-02
2.327442932175342438e-04 6.907118554289852497e-02 7.928298603677930156e-02
2.410565894038747912e-04 6.916031830519971113e-02 7.962717065143284922e-02
2.493688855902153386e-04 6.924120091437876989e-02 7.999159697556744442e-02
2.576811817765556692e-04 6.931372642161566511e-02 8.037629474818624997e-02
2.659934779628962166e-04 6.937789123050702722e-02 8.078040018854187876e-02
2.743057741492367640e-04 6.943378175965117527e-02 8.120445096315069555e-02
2.826180703355773115e-04 6.948156034454343322e-02 8.164677223187866151e-02
2.909303665219178589e-04 6.952145128183628842e-02 8.210815103659752090e-02
2.992426627082581895e-04 6.955372771352047456e-02 8.258847489092217831e-02
3.075549588945987369e-04 6.957869982555657529e-02 8.308502875389030262e-02
3.158672550809392843e-04 6.959670462673077374e-02 8.359962593678549325e-02
3.241795512672798318e-04 6.960809739881632097e-02 8.413019433408396031e-02
3.324918474536203792e-04 6.961324477701057167e-02 8.467760994569269173e-02
3.408041436399607098e-04 6.961251933003244352e-02 8.523954849598572303e-02
3.491164398263012572e-04 6.960629545683277852e-02 8.581527800444213594e-02
3.574287360126418046e-04 6.959494639377929170e-02 8.640766759867098135e-02
3.657410321989823521e-04 6.957884212425770321e-02 8.701322657300562813e-02
3.740533283853228995e-04 6.955834799459525986e-02 8.763088967556928455e-02
3.823656245716632301e-04 6.953382386021925154e-02 8.826211351399403104e-02
3.906779207580037775e-04 6.950562360970936882e-02 8.890657469283475001e-02
3.989902169443443249e-04 6.947409493897074850e-02 8.956289254087319851e-02
4.073025131306848724e-04 6.943957927132976549e-02 9.023028701848789801e-02
4.156148093170254198e-04 6.940241174094577414e-02 9.090926458509585029e-02
4.239271055033657504e-04 6.936292117610495800e-02 9.159732202996506700e-02
4.322394016897062978e-04 6.932143003563763506e-02 9.229826245046524047e-02
4.405516978760468452e-04 6.927825426600217606e-02 9.300762818199630189e-02
4.488639940623873927e-04 6.923370305872388053e-02 9.372894921592440920e-02
4.571762902487279401e-04 6.918807849811448030e-02 9.445803174444376837e-02
4.654885864350684875e-04 6.914167509776097953e-02 9.519657691358786311e-02
4.738008826214088181e-04 6.909477923136586597e-02 9.594417846386971149e-02
4.821131788077493655e-04 6.904766846930636415e-02 9.670056864237941419e-02
4.904254749940899129e-04 6.900061083688430186e-02 9.746427504620303051e-02
4.987377711804304604e-04 6.895386401375754037e-02 9.823720746838866813e-02
5.070500673667710078e-04 6.890767449654337795e-02 9.901809301946472297e-02
5.153623635531113384e-04 6.886227674812789301e-02 9.980572314372364306e-02
5.236746597394518858e-04 6.881789235785111536e-02 1.006017451162364018e-01
5.319869559257924332e-04 6.877472923652148962e-02 1.014041570554436722e-01
5.402992521121329807e-04 6.873298086921056371e-02 1.022134325930194043e-01
5.486115482984735281e-04 6.869282564706520600e-02 1.030306139329865978e-01
5.569238444848138587e-04 6.865442629704122945e-02 1.038535103118662234e-01
5.652361406711544061e-04 6.861792942561427411e-02 1.046829006936610962e-01
5.735484368574949535e-04 6.858346518928190583e-02 1.055185384443868141e-01
5.818607330438355010e-04 6.855114710115593757e-02 1.063602461948768146e-01
5.901730292301760484e-04 6.852107197929467597e-02 1.072078658632278220e-01
5.984853254165163790e-04 6.849332003876197617e-02 1.080612372752254441e-01
6.067976216028569264e-04 6.846795512585675259e-02 1.089201918185043610e-01
6.151099177891974738e-04 6.844502508963651310e-02 1.097845680605287755e-01
6.234222139755380213e-04 6.842456228286533659e-02 1.106542207249577997e-01
6.317345101618785687e-04 6.840658418192194223e-02 1.115290235211041786e-01
6.400468063482188993e-04 6.839109411306969200e-02 1.124089635576295404e-01
6.483591025345594467e-04 6.837808207084598855e-02 1.132932231226973785e-01
6.566713987208999941e-04 6.836752561319142663e-02 1.141827007429575963e-01
6.649836949072405416e-04 6.835939081729743017e-02 1.150767578235163263e-01
6.732959910935810890e-04 6.835363327998236760e-02 1.159750336387932595e-01
6.816082872799214196e-04 6.835019914666753960e-02 1.168780942492996661e-01
6.899205834662619670e-04 6.834902615366512946e-02 1.177853348143672041e-01
6.982328796526025144e-04 6.835004466945004964e-02 1.186965062471756482e-01
7.065451758389430618e-04 6.835317872180106391e-02 1.196120783180239372e-01
7.148574720252836093e-04 6.835834699910024737e-02 1.205315981674391357e-01
7.231697682116239399e-04 6.836546381560792973e-02 1.214547261876753881e-01
7.314820643979644873e-04 6.837444003212533872e-02 1.223818406494586591e-01
7.397943605843050347e-04 6.838518392506373611e-02 1.233125007624549102e-01
7.481066567706455821e-04 6.839760199851284417e-02 1.242468939985536119e-01
7.564189529569861296e-04 6.841159973540164585e-02 1.251846806337880424e-01
7.647312491433264602e-04 6.842708228524438385e-02 1.261260149642540462e-01
7.730435453296670076e-04 6.844395508723742638e-02 1.270705826614421385e-01
7.813558415160075550e-04 6.846212442860777347e-02 1.280185608080405546e-01
7.896681377023481024e-04 6.848149793910009164e-02 1.289695623442893013e-01
7.979804338886886499e-04 6.850198502332413564e-02 1.299236543266396593e-01
8.062927300750291973e-04 6.852349723337523846e-02 1.308810173220644191e-01
8.146050262613697447e-04 6.854594858468429641e-02 1.318412096807502765e-01
8.229173224477102921e-04 6.856925581847152229e-02 1.328043968696835664e-01
8.312296186340504059e-04 6.859333861447086678e-02 1.337703272683830047e-01
8.395419148203909533e-04 6.861811975777887262e-02 1.347390405462335350e-01
8.478542110067315007e-04 6.864352526377630326e-02 1.357105585943529369e-01
8.561665071930720482e-04 6.866948446507735448e-02 1.366846567765402365e-01
8.644788033794125956e-04 6.869593006441115923e-02 1.376613348068403686e-01
8.727910995657531430e-04 6.872279815722404095e-02 1.386406444113917336e-01
8.811033957520936905e-04 6.875002822763974508e-02 1.396223647938120982e-01
8.894156919384342379e-04 6.877756312122360050e-02 1.406065102506921516e-01
8.977279881247747853e-04 6.880534899778494029e-02 1.415930971684167539e-01
9.060402843111153327e-04 6.883333526722847096e-02 1.425819444356234422e-01
9.143525804974554465e-04 6.886147451122565100e-02 1.435730764900750855e-01
9.226648766837959939e-04 6.888972239323436220e-02 1.445664961653740643e-01
9.309771728701365413e-04 6.891803755916908747e-02 1.455620109042124188e-01
9.392894690564770888e-04 6.894638153077796427e-02 1.465596840797445122e-01
9.476017652428176362e-04 6.897471859357486024e-02 1.475594448963028216e-01
9.559140614291581836e-04 6.900301568095167093e-02 1.485613251705160398e-01
9.642263576154987310e-04 6.903124225589921115e-02 1.495650963156475166e-01
9.725386538018392785e-04 6.905937019158996104e-02 1.505708697639185356e-01
9.808509499881798259e-04 6.908737365188589996e-02 1.515785640009342516e-01
9.891632461745203733e-04 6.911522897269574417e-02 1.525880269869765438e-01
9.974755423608609207e-04 6.914291454494690681e-02 1.535995892742047231e-01
1.005787838547201034e-03 6.917041069982762802e-02 1.546128159520141210e-01
1.014100134733541582e-03 6.919769959681526528e-02 1.556278152661831338e-01
1.022412430919882129e-03 6.922476511492577089e-02 1.566445450900063874e-01
1.030724727106222677e-03 6.925159274751224725e-02 1.576630230261025223e-01
1.039037023292563224e-03 6.927816950086801429e-02 1.586831057804792000e-01
1.047349319478903772e-03 6.930448379682108140e-02 1.597048413194082084e-01
1.055661615665244319e-03 6.933052537943483473e-02 1.607281800736041766e-01
1.063973911851584866e-03 6.935628522589187828e-02 1.617530873658868662e-01
1.072286208037925414e-03 6.938175546158492635e-02 1.627796263224213502e-01
1.080598504224265961e-03 6.940692927939808021e-02 1.638075187321663406e-01
1.088910800410606075e-03 6.943180086314293398e-02 1.648369607917100077e-01
1.097223096596946623e-03 6.945636531507094757e-02 1.658678586469367888e-01
1.105535392783287170e-03 6.948061858737508700e-02 1.669001826616993700e-01
1.113847688969627717e-03 6.950455741757328998e-02 1.679339027698115161e-01
1.122159985155968265e-03 6.952817926764577605e-02 1.689690401799671116e-01
1.130472281342308812e-03 6.955148226680506196e-02 1.700054615814416137e-01
1.138784577528649360e-03 6.957446515774651230e-02 1.710432275965728388e-01
1.147096873714989907e-03 6.959712724624349256e-02 1.720822932467800659e-01
1.155409169901330454e-03 6.961946835393954813e-02 1.731226333867804112e-01
1.163721466087671002e-03 6.964148877418782635e-02 1.741642237656092773e-01
1.172033762274011116e-03 6.966318923078437808e-02 1.752070342367917088e-01
