1.741642126196108475e-01 -1.253809895602734201e+02
1.731226193575078898e-01 -1.252321231903648311e+02
1.720822771384295791e-01 -1.250802371168072824e+02
1.710432092358249723e-01 -1.249254487058640137e+02
1.700054394803494906e-01 -1.247671005549868681e+02
1.689689922759347596e-01 -1.246077372217099395e+02
1.679338926163934098e-01 -1.244446660365082522e+02
1.669001661025797389e-01 -1.242766645494338604e+02
1.658678389601265790e-01 -1.241067998024898742e+02
1.648369380577804355e-01 -1.239335033354192035e+02
1.638074909263577961e-01 -1.237548162529670464e+02
1.627795257783458960e-01 -1.235774890702447522e+02
1.617530715281726983e-01 -1.233959342285180298e+02
1.607281578131724564e-01 -1.232061053752555750e+02
1.597048150152728940e-01 -1.230152815531883164e+02
1.586830742834327845e-01 -1.228200265057404437e+02
1.576629675568589906e-01 -1.226227775537037274e+02
1.566445275890330224e-01 -1.224206661116972725e+02
1.556277879725802282e-01 -1.222127277144124093e+02
1.546127831650141171e-01 -1.220019522353395018e+02
1.535995485153909823e-01 -1.217910113932941982e+02
1.525881202919115720e-01 -1.215680357010152477e+02
1.515785357105076392e-01 -1.213396533302492202e+02
1.505708329644539212e-01 -1.211143121730002150e+02
1.495650512550467659e-01 -1.208795573558527536e+02
1.485612308233940360e-01 -1.206432495037091712e+02
1.475594129833618373e-01 -1.204008997242450647e+02
1.465596401557263395e-01 -1.201500458572285766e+02
1.455619559035815080e-01 -1.198953637982580744e+02
1.445664049690560671e-01 -1.196377305725784339e+02
1.435730333113953150e-01 -1.193734096862026490e+02
1.425818881464663845e-01 -1.191005035350955552e+02
1.415930179877495920e-01 -1.188254591135166152e+02
1.406064726888798522e-01 -1.185426621654570880e+02
1.396223034878079083e-01 -1.182517858900557286e+02
1.386405630526528210e-01 -1.179586199028182989e+02
1.376613055293228749e-01 -1.176559403329465141e+02
1.366845865909848412e-01 -1.173447794952820118e+02
1.357104634894679140e-01 -1.170316728786036720e+02
1.347389951086920279e-01 -1.167082087858551631e+02
1.337702420202165898e-01 -1.163749509608722548e+02
1.328042665410115730e-01 -1.160397418414594881e+02
1.318411327935584965e-01 -1.156942448271743160e+02
1.308809067683967542e-01 -1.153421290718068519e+02
1.299236563892372243e-01 -1.149775609439920032e+02
1.289694515807739694e-01 -1.146008721021278234e+02
1.280183643393330017e-01 -1.142272355307411544e+02
1.270704688065075194e-01 -1.138394479795098562e+02
1.261258413459387662e-01 -1.134406825200151019e+02
1.251845606234136543e-01 -1.130329856193104661e+02
1.242467076904628931e-01 -1.126155258171208970e+02
1.233123660716572145e-01 -1.121873878205175998e+02
1.223816218558138741e-01 -1.117494123103755328e+02
1.214545637913434090e-01 -1.112983966431131790e+02
1.205312833859839283e-01 -1.108399101520133740e+02
1.196118750111912349e-01 -1.103768204507576201e+02
1.186964360114745043e-01 -1.098839482482340060e+02
1.177850668189925898e-01 -1.093854469952272694e+02
1.168778710737521376e-01 -1.088872485901247273e+02
1.159749557497793404e-01 -1.083568285796502266e+02
1.150764312876691731e-01 -1.078184905620270371e+02
1.141824117339520495e-01 -1.072793552096869405e+02
1.132930148877578647e-01 -1.067029610244611746e+02
1.124083624553006006e-01 -1.061269412655131106e+02
1.115285802127538584e-01 -1.055456588396851316e+02
1.106537981781406804e-01 -1.049314413911875619e+02
1.097841507929165211e-01 -1.043048121981741758e+02
1.089197771139867321e-01 -1.036615059181343668e+02
1.080608210169653194e-01 -1.030001692955048043e+02
1.072074314115534638e-01 -1.023197907971964611e+02
1.063597624699911676e-01 -1.016200844218041368e+02
1.055179738696145897e-01 -1.009010279880856018e+02
1.046822310506340531e-01 -1.001617494477114150e+02
1.038527054903295443e-01 -9.939921359504252507e+01
1.030295749949432793e-01 -9.864179298439823640e+01
1.022130240106243759e-01 -9.783060675168378850e+01
1.014032439548485931e-01 -9.697314211803754347e+01
1.006004335697864294e-01 -9.614908130630998073e+01
9.980479929911824366e-02 -9.526639528256960432e+01
9.901655568978327826e-02 -9.435988215640111321e+01
9.823592582008448815e-02 -9.345287505275180706e+01
9.746314175543079050e-02 -9.245699216022966027e+01
9.669844503275773495e-02 -9.146543552169205782e+01
9.594208717428832911e-02 -9.047158761494955570e+01
9.519433023073360645e-02 -8.940930622065577893e+01
9.445544735322902730e-02 -8.830997086697102816e+01
9.372572339218356030e-02 -8.723207555908000188e+01
9.300545551969123526e-02 -8.606094583824268796e+01
9.229495387010641649e-02 -8.485078664798150783e+01
9.159454219067440783e-02 -8.359282388997766589e+01
9.090455849057138549e-02 -8.229439461319164195e+01
9.022535567214984287e-02 -8.101336718596121500e+01
8.955730212238419141e-02 -7.964964503206566349e+01
8.890078223522930589e-02 -7.825407878683289198e+01
8.825619682660178211e-02 -7.676891566793375432e+01
8.762396339275056734e-02 -7.520688513062987113e+01
8.700451614975866776e-02 -7.365232295462421064e+01
8.639830577680547574e-02 -7.208194630393394675e+01
8.580579876885735535e-02 -7.034604340355716090e+01
8.522747628626059502e-02 -6.856211587187324596e+01
8.466383237044998455e-02 -6.681243725512581477e+01
8.411537137857873214e-02 -6.494029606145990385e+01
8.358260447819115813e-02 -6.299378269696590849e+01
8.306604504007177037e-02 -6.098052512806651038e+01
8.256620277820221621e-02 -5.892915137851342422e+01
8.208357651629294427e-02 -5.682124042825557808e+01
8.161864551678597868e-02 -5.460035209713915094e+01
8.117185939570016606e-02 -5.237393956892774582e+01
8.074362676755307555e-02 -5.009785073829777247e+01
8.033430291612136953e-02 -4.776817939293172088e+01
7.994417695894230624e-02 -4.541368087860622182e+01
7.957345914737508352e-02 -4.302417686906898808e+01
7.922226909249363569e-02 -4.063604973605057324e+01
7.889062579764274941e-02 -3.825154381826263972e+01
7.857844037987167518e-02 -3.588075424851821538e+01
7.828551225309154926e-02 -3.354481029208737652e+01
7.801152932231071591e-02 -3.125498484001398936e+01
7.775607242068398317e-02 -2.902409515892622949e+01
7.751862385175714576e-02 -2.686541355561382360e+01
7.729857953492720590e-02 -2.478881425794502746e+01
7.709526395062418769e-02 -2.280253106929544060e+01
7.690794688792448874e-02 -2.091258315887149166e+01
7.673586093294881838e-02 -1.912269133210961414e+01
7.657821869703004825e-02 -1.743438099448776057e+01
7.643422894302491499e-02 -1.584717484969279511e+01
7.630311098759189059e-02 -1.435884944321504442e+01
7.618410699614305837e-02 -1.296572458202782485e+01
7.607649201139732309e-02 -1.166296612167080049e+01
7.597958174307743728e-02 -1.044487387633812148e+01
7.589273828433976132e-02 -9.305140717853307208e+00
7.581537400906183943e-02 -8.237073592309361203e+00
7.574695394899297329e-02 -7.233773356825173195e+00
7.568699696031247481e-02 -6.288273557019811832e+00
7.563507597548423111e-02 -5.393641326503181510e+00
7.559081760766007962e-02 -4.543044918329790072e+00
7.555390133869839542e-02 -3.729793030826307199e+00
7.552405848351563533e-02 -2.947351077959160293e+00
7.550107108648576593e-02 -2.189339190122773893e+00
7.548477087191053647e-02 -1.449516190043012021e+00
7.547503834100320608e-02 -7.217532005761284619e-01
7.547180208236017873e-02 0.000000000000000000e+00
7.547503834100320608e-02 7.217532005761284619e-01
7.548477087191053647e-02 1.449516190043012021e+00
7.550107108648576593e-02 2.189339190122773893e+00
7.552405848351563533e-02 2.947351077959160293e+00
7.555390133869839542e-02 3.729793030826307199e+00
7.559081760766007962e-02 4.543044918329790072e+00
7.563507597548423111e-02 5.393641326503181510e+00
7.568699696031247481e-02 6.288273557019811832e+00
7.574695394899297329e-02 7.233773356825173195e+00
7.581537400906183943e-02 8.237073592309361203e+00
7.589273828433976132e-02 9.305140717854142096e+00
7.597958174307745116e-02 1.044487387633812148e+01
7.607649201139732309e-02 1.166296612167080049e+01
7.618410699614307224e-02 1.296572458202865974e+01
7.630311098759190447e-02 1.435884944321420953e+01
7.643422894302491499e-02 1.584717484969196022e+01
7.657821869703004825e-02 1.743438099448943035e+01
7.673586093294884614e-02 1.912269133211044903e+01
7.690794688792450262e-02 2.091258315886982189e+01
7.709526395062418769e-02 2.280253106929460571e+01
7.729857953492720590e-02 2.478881425794502746e+01
7.751862385175714576e-02 2.686541355561465849e+01
7.775607242068399705e-02 2.902409515892706438e+01
7.801152932231072978e-02 3.125498484001482424e+01
7.828551225309157702e-02 3.354481029208653808e+01
7.857844037987167518e-02 3.588075424851654560e+01
7.889062579764274941e-02 3.825154381826263972e+01
7.922226909249363569e-02 4.063604973605057324e+01
7.957345914737508352e-02 4.302417686906982652e+01
7.994417695894232012e-02 4.541368087860622182e+01
8.033430291612136953e-02 4.776817939293172088e+01
8.074362676755308943e-02 5.009785073829777247e+01
8.117185939570016606e-02 5.237393956892691449e+01
8.161864551678597868e-02 5.460035209713915094e+01
8.208357651629294427e-02 5.682124042825640942e+01
8.256620277820223008e-02 5.892915137851342422e+01
8.306604504007177037e-02 6.098052512806567194e+01
8.358260447819115813e-02 6.299378269696590849e+01
8.411537137857873214e-02 6.494029606146074229e+01
8.466383237044999843e-02 6.681243725512665321e+01
8.522747628626060890e-02 6.856211587187240752e+01
8.580579876885735535e-02 7.034604340355798513e+01
8.639830577680550350e-02 7.208194630393477098e+01
8.700451614975868164e-02 7.365232295462421064e+01
8.762396339275059509e-02 7.520688513062903269e+01
8.825619682660178211e-02 7.676891566793209165e+01
8.890078223522930589e-02 7.825407878683456886e+01
8.955730212238421917e-02 7.964964503206566349e+01
9.022535567214984287e-02 8.101336718595955233e+01
9.090455849057138549e-02 8.229439461319164195e+01
9.159454219067440783e-02 8.359282388997932856e+01
9.229495387010644425e-02 8.485078664798150783e+01
9.300545551969123526e-02 8.606094583824184951e+01
9.372572339218357418e-02 8.723207555908084032e+01
9.445544735322904117e-02 8.830997086697102816e+01
9.519433023073362032e-02 8.940930622065494049e+01
9.594208717428832911e-02 9.047158761495121837e+01
9.669844503275777658e-02 9.146543552169455893e+01
9.746314175543083214e-02 9.245699216022966027e+01
9.823592582008452978e-02 9.345287505275096862e+01
9.901655568978330602e-02 9.435988215639861210e+01
9.980479929911824366e-02 9.526639528256876588e+01
1.006004335697864432e-01 9.614908130631165761e+01
1.014032439548486209e-01 9.697314211803920614e+01
1.022130240106244176e-01 9.783060675168378850e+01
1.030295749949433071e-01 9.864179298439573529e+01
1.038527054903295443e-01 9.939921359504170084e+01
1.046822310506340670e-01 1.001617494477130776e+02
1.055179738696146174e-01 1.009010279880864402e+02
1.063597624699911953e-01 1.016200844218041368e+02
1.072074314115534915e-01 1.023197907971956226e+02
1.080608210169653333e-01 1.030001692955048043e+02
1.089197771139867599e-01 1.036615059181360294e+02
1.097841507929165628e-01 1.043048121981733374e+02
1.106537981781406943e-01 1.049314413911867376e+02
1.115285802127538861e-01 1.055456588396842932e+02
1.124083624553006006e-01 1.061269412655114479e+02
1.132930148877578647e-01 1.067029610244611746e+02
1.141824117339520495e-01 1.072793552096894416e+02
1.150764312876692147e-01 1.078184905620286997e+02
1.159749557497793682e-01 1.083568285796477255e+02
1.168778710737521376e-01 1.088872485901238889e+02
1.177850668189926037e-01 1.093854469952289463e+02
1.186964360114745320e-01 1.098839482482340060e+02
1.196118750111912488e-01 1.103768204507576201e+02
1.205312833859839561e-01 1.108399101520133740e+02
1.214545637913434228e-01 1.112983966431131790e+02
1.223816218558139018e-01 1.117494123103763570e+02
1.233123660716572423e-01 1.121873878205175998e+02
1.242467076904629208e-01 1.126155258171192344e+02
1.251845606234136543e-01 1.130329856193104661e+02
1.261258413459387939e-01 1.134406825200184414e+02
1.270704688065075749e-01 1.138394479795081935e+02
1.280183643393330017e-01 1.142272355307378149e+02
1.289694515807739694e-01 1.146008721021278234e+02
1.299236563892372243e-01 1.149775609439920032e+02
1.308809067683967542e-01 1.153421290718068519e+02
1.318411327935584965e-01 1.156942448271776556e+02
1.328042665410116285e-01 1.160397418414594881e+02
1.337702420202165898e-01 1.163749509608689152e+02
1.347389951086920279e-01 1.167082087858568258e+02
1.357104634894679418e-01 1.170316728786053346e+02
1.366845865909848690e-01 1.173447794952836745e+02
1.376613055293229304e-01 1.176559403329481768e+02
1.386405630526528765e-01 1.179586199028166362e+02
1.396223034878079361e-01 1.182517858900540659e+02
1.406064726888798799e-01 1.185426621654570880e+02
1.415930179877496198e-01 1.188254591135182920e+02
1.425818881464664400e-01 1.191005035350938783e+02
1.435730333113953150e-01 1.193734096861993095e+02
1.445664049690560671e-01 1.196377305725784339e+02
1.455619559035815080e-01 1.198953637982580744e+02
1.465596401557263395e-01 1.201500458572302534e+02
1.475594129833618651e-01 1.204008997242467416e+02
1.485612308233940637e-01 1.206432495037091712e+02
1.495650512550467937e-01 1.208795573558527536e+02
1.505708329644539489e-01 1.211143121730018777e+02
1.515785357105076947e-01 1.213396533302492202e+02
1.525881202919115998e-01 1.215680357010152477e+02
1.535995485153910378e-01 1.217910113932925213e+02
1.546127831650141171e-01 1.220019522353361623e+02
1.556277879725802282e-01 1.222127277144124093e+02
1.566445275890330224e-01 1.224206661117006121e+02
1.576629675568590461e-01 1.226227775537070670e+02
1.586830742834328400e-01 1.228200265057371041e+02
1.597048150152728940e-01 1.230152815531849910e+02
1.607281578131724564e-01 1.232061053752572519e+02
1.617530715281727260e-01 1.233959342285213694e+02
1.627795257783459515e-01 1.235774890702464148e+02
1.638074909263578516e-01 1.237548162529637068e+02
1.648369380577804355e-01 1.239335033354158639e+02
1.658678389601265790e-01 1.241067998024898742e+02
1.669001661025797389e-01 1.242766645494355231e+02
1.679338926163934376e-01 1.244446660365082522e+02
1.689689922759347596e-01 1.246077372217099395e+02
1.700054394803495184e-01 1.247671005549868681e+02
1.710432092358249723e-01 1.249254487058640137e+02
1.720822771384296068e-01 1.250802371168106220e+02
1.731226193575079453e-01 1.252321231903664938e+02
1.741642126196109031e-01 1.253809895602700806e+02
