7.195227382024743656e-02 -1.389364414006108772e+00
7.195102199589931136e-02 -1.410422286239338296e+00
7.194973995702810821e-02 -1.431567356834921867e+00
7.194842674456949916e-02 -1.452774708686151106e+00
7.194708136178309954e-02 -1.474016958814676537e+00
7.194570277248857337e-02 -1.495264085144755617e+00
7.194428989920570450e-02 -1.516483244716887890e+00
7.194284162119267412e-02 -1.537638583418470484e+00
7.194135677237591120e-02 -1.558691037287403436e+00
7.193983413916510417e-02 -1.579598125644086082e+00
7.193827245814579663e-02 -1.600313736678721455e+00
7.193667041364174008e-02 -1.620787905792775430e+00
7.193502663513884343e-02 -1.640966587540219956e+00
7.193333969456151833e-02 -1.660791422134393125e+00
7.193160810339199740e-02 -1.680199497649092599e+00
7.192983030962216140e-02 -1.699123109543378973e+00
7.192800469452670376e-02 -1.717489519088654104e+00
7.192612956924598899e-02 -1.735220712923517761e+00
7.192420317116551831e-02 -1.752233166377631157e+00
7.192222366007830492e-02 -1.768437613397815467e+00
7.192018911411535154e-02 -1.783738826569077229e+00
7.191809752542829837e-02 -1.798035411314281795e+00
7.191594679560689429e-02 -1.811219618838691314e+00
7.191373473081288936e-02 -1.823177183079281338e+00
7.191145903661017025e-02 -1.833787187517284423e+00
7.190911731246987793e-02 -1.842921968654870346e+00
7.190670704592677653e-02 -1.850447063665594305e+00
7.190422560636192117e-02 -1.856221210260834420e+00
7.190167023838463234e-02 -1.860096408241896260e+00
7.189903805478373156e-02 -1.861918052588132699e+00
7.189632602901685487e-02 -1.861525148989906953e+00
7.189353098720269175e-02 -1.858750623563333537e+00
7.189064959957941481e-02 -1.853421739244208055e+00
7.188767837138823613e-02 -1.845360632321863426e+00
7.188461363313819463e-02 -1.834384982680550280e+00
7.188145153020479572e-02 -1.820308832245030706e+00
7.187818801171023952e-02 -1.802943566327433134e+00
7.187481881862886612e-02 -1.782099072257696815e+00
7.187133947105672771e-02 -1.757585089576427118e+00
7.186774525457854945e-02 -1.729212765470448110e+00
7.186403120565920677e-02 -1.696796427867490076e+00
7.186019209598044910e-02 -1.660155586709841424e+00
7.185622241563714707e-02 -1.619117172075264177e+00
7.185211635509793082e-02 -1.573518014647175889e+00
7.184786778582821776e-02 -1.523207570297970159e+00
7.184347023946277555e-02 -1.468050886458966753e+00
7.183891688540505749e-02 -1.407931802382521580e+00
7.183420050671922297e-02 -1.342756369596812993e+00
7.182931347416773860e-02 -1.272456472112177828e+00
7.182424771823324450e-02 -1.196993618188658681e+00
7.181899469894911792e-02 -1.116362867569940631e+00
7.181354537334447286e-02 -1.030596849418056848e+00
7.180789016029233418e-02 -9.397698172686769214e-01
7.180201890252778385e-02 -8.440016785775276142e-01
7.179592082558100552e-02 -7.434619278478381554e-01
7.178958449334450764e-02 -6.383734045661418888e-01
7.178299775996627163e-02 -5.290157904571621827e-01
7.177614771773030422e-02 -4.157287555373290200e-01
7.176902064055196151e-02 -2.989146594245849498e-01
7.176160192267877491e-02 -1.790407139672934578e-01
7.175387601214644473e-02 -5.664051582032298554e-02
7.174582633849513336e-02 6.768513636318904125e-02
7.173743523420131329e-02 1.932682157324348560e-01
7.172868384922716223e-02 3.193742940130779862e-01
7.171955205802993394e-02 4.452042656357307893e-01
7.171001835830910498e-02 5.698969923303383034e-01
7.170005976069922238e-02 6.925328665536486517e-01
7.168965166853993876e-02 8.121382646153016971e-01
7.167876774677267582e-02 9.276908308963484062e-01
7.166737977892505274e-02 1.038125504015453560e+00
7.165545751105061034e-02 1.142341165514916490e+00
7.164296848139226070e-02 1.239207762776311617e+00
7.162987783443468259e-02 1.327573731825570702e+00
7.161614811790550927e-02 1.406273523807058279e+00
7.160173906117933695e-02 1.474135022421888319e+00
7.158660733343630289e-02 1.529986629711954871e+00
7.157070627983228017e-02 1.572663795024245470e+00
7.155398563385878541e-02 1.601014767609714173e+00
7.153639120401418527e-02 1.613905367380278122e+00
7.151786453288812295e-02 1.610222590968229062e+00
7.149834252679278246e-02 1.588876901390308349e+00
7.147775705417915015e-02 1.548803088914878279e+00
7.145603451128154648e-02 1.488959637860328922e+00
7.143309535377521946e-02 1.408326588672994761e+00
7.140885359375552521e-02 1.305901946671636393e+00
7.138321626211077686e-02 1.180696758403141811e+00
7.135608283744095115e-02 1.031729054400167378e+00
7.132734464416003173e-02 8.580169444747507423e-01
7.129688422442873041e-02 6.585712505209030398e-01
7.126457469123377575e-02 4.323881748435404737e-01
7.123027907342766030e-02 1.784426325130624713e-01
7.119384966806385773e-02 -1.043169720306538067e-01
7.115512742112756195e-02 -4.169715672836326048e-01
7.111394136501007768e-02 -7.606306748112089400e-01
7.107010815004928539e-02 -1.136426713580785064e+00
7.102343171837476044e-02 -1.545502697384027790e+00
7.097370318130104272e-02 -1.988991401968508210e+00
7.092070097660975458e-02 -2.467983811924365334e+00
7.086419139901473097e-02 -2.983484431773728573e+00
7.080392961529963225e-02 -3.536350916604397376e+00
7.073966129388632729e-02 -4.127215525619696734e+00
7.067112499502049838e-02 -4.756386236231881171e+00
7.059805547947733961e-02 -5.423726113595582987e+00
7.052018809672107313e-02 -6.128510865285782927e+00
7.043726440271379230e-02 -6.869266572513547331e+00
7.034903912710671614e-02 -7.643592479924519623e+00
7.025528855320757604e-02 -8.447977437436438919e+00
7.015582028674986759e-02 -9.277622920806065210e+00
7.005048426875230827e-02 -1.012629004260866061e+01
6.993918473637356081e-02 -1.098619181158563229e+01
6.982189266368916958e-02 -1.184795402417309163e+01
6.969865804058521241e-02 -1.270066736046781486e+01
6.956962119971182856e-02 -1.353204845979552218e+01
6.943502231110063039e-02 -1.432871850633143396e+01
6.929520816290656027e-02 -1.507659469620330839e+01
6.915063545635785625e-02 -1.576137462790295096e+01
6.900187006676032631e-02 -1.636907894872942038e+01
6.884958204030276752e-02 -1.688660672899163373e+01
6.869453646605713781e-02 -1.730225376044160512e+01
6.853758072722669625e-02 -1.760614761974672149e+01
6.837962893751051152e-02 -1.779056431832794871e+01
6.822164456254789511e-02 -1.785010730888614816e+01
6.806462229105567086e-02 -1.778174712591795981e+01
6.790957015991869183e-02 -1.758473558320513419e+01
6.775749277836985718e-02 -1.726041973473860480e+01
6.760937627718698051e-02 -1.681198658334351492e+01
6.746617537016061372e-02 -1.624417008502717863e+01
6.732880269104565829e-02 -1.556294856077913558e+01
6.719812038273224875e-02 -1.477525462844452164e+01
6.707493377741993723e-02 -1.388871305530002154e+01
6.695998691808670300e-02 -1.291141581451707054e+01
6.685395962665854896e-02 -1.185173776712908200e+01
6.675746581368097177e-02 -1.071819241716405990e+01
6.667105273783079100e-02 -9.519325336133100279e+00
6.659520095206265811e-02 -8.263640587735743281e+00
6.653032470913493313e-02 -6.959554574738861632e+00
6.647677263731475994e-02 -5.615373352440315102e+00
6.643482853371776575e-02 -4.239286967513808513e+00
6.640471215603512001e-02 -2.839377046934951743e+00
6.638657992253936546e-02 -1.423637695103894263e+00
6.638052545525208181e-02 0.000000000000000000e+00
6.638657992253936546e-02 1.423637695103894263e+00
6.640471215603512001e-02 2.839377046934951743e+00
6.643482853371776575e-02 4.239286967513808513e+00
6.647677263731475994e-02 5.615373352440315102e+00
6.653032470913493313e-02 6.959554574738861632e+00
6.659520095206265811e-02 8.263640587735743281e+00
6.667105273783079100e-02 9.519325336133100279e+00
6.675746581368097177e-02 1.071819241716405990e+01
6.685395962665854896e-02 1.185173776712908200e+01
6.695998691808670300e-02 1.291141581451707054e+01
6.707493377741993723e-02 1.388871305530085642e+01
6.719812038273226262e-02 1.477525462844452164e+01
6.732880269104565829e-02 1.556294856077913558e+01
6.746617537016062760e-02 1.624417008502801352e+01
6.760937627718699439e-02 1.681198658334268004e+01
6.775749277836985718e-02 1.726041973473776991e+01
6.790957015991869183e-02 1.758473558320513419e+01
6.806462229105567086e-02 1.778174712591879469e+01
6.822164456254790899e-02 1.785010730888614816e+01
6.837962893751051152e-02 1.779056431832711382e+01
6.853758072722669625e-02 1.760614761974672149e+01
6.869453646605713781e-02 1.730225376044244001e+01
6.884958204030278139e-02 1.688660672899246862e+01
6.900187006676034018e-02 1.636907894872858549e+01
6.915063545635785625e-02 1.576137462790211785e+01
6.929520816290656027e-02 1.507659469620247350e+01
6.943502231110063039e-02 1.432871850633143396e+01
6.956962119971182856e-02 1.353204845979635706e+01
6.969865804058521241e-02 1.270066736046864975e+01
6.982189266368918346e-02 1.184795402417309163e+01
6.993918473637356081e-02 1.098619181158563229e+01
7.005048426875232215e-02 1.012629004260866061e+01
7.015582028674986759e-02 9.277622920805230322e+00
7.025528855320757604e-02 8.447977437436438919e+00
7.034903912710671614e-02 7.643592479923684735e+00
7.043726440271377842e-02 6.869266572513547331e+00
7.052018809672107313e-02 6.128510865286617815e+00
7.059805547947733961e-02 5.423726113595582987e+00
7.067112499502049838e-02 4.756386236231881171e+00
7.073966129388631341e-02 4.127215525619696734e+00
7.080392961529964613e-02 3.536350916604397376e+00
7.086419139901473097e-02 2.983484431773728573e+00
7.092070097660975458e-02 2.467983811924365334e+00
7.097370318130105660e-02 1.988991401968508210e+00
7.102343171837476044e-02 1.545502697384027790e+00
7.107010815004928539e-02 1.136426713580785064e+00
7.111394136501007768e-02 7.606306748112089400e-01
7.115512742112756195e-02 4.169715672836326048e-01
7.119384966806385773e-02 1.043169720306538067e-01
7.123027907342766030e-02 -1.784426325130624713e-01
7.126457469123377575e-02 -4.323881748435404737e-01
7.129688422442873041e-02 -6.585712505209030398e-01
7.132734464416003173e-02 -8.580169444747507423e-01
7.135608283744096503e-02 -1.031729054401002044e+00
7.138321626211079074e-02 -1.180696758402306923e+00
7.140885359375551134e-02 -1.305901946670801728e+00
7.143309535377521946e-02 -1.408326588672994761e+00
7.145603451128153261e-02 -1.488959637860328922e+00
7.147775705417916403e-02 -1.548803088915712944e+00
7.149834252679279634e-02 -1.588876901390308349e+00
7.151786453288812295e-02 -1.610222590968229062e+00
7.153639120401418527e-02 -1.613905367381112788e+00
7.155398563385879929e-02 -1.601014767609714173e+00
7.157070627983228017e-02 -1.572663795023410804e+00
7.158660733343628901e-02 -1.529986629711954871e+00
7.160173906117933695e-02 -1.474135022421888319e+00
7.161614811790550927e-02 -1.406273523807058279e+00
7.162987783443469647e-02 -1.327573731825570702e+00
7.164296848139226070e-02 -1.239207762776311617e+00
7.165545751105061034e-02 -1.142341165514916490e+00
7.166737977892505274e-02 -1.038125504015453560e+00
7.167876774677268970e-02 -9.276908308963484062e-01
7.168965166853993876e-02 -8.121382646144669204e-01
7.170005976069920850e-02 -6.925328665528138750e-01
7.171001835830909110e-02 -5.698969923311730801e-01
7.171955205802993394e-02 -4.452042656365655660e-01
7.172868384922716223e-02 -3.193742940130779862e-01
7.173743523420131329e-02 -1.932682157324348560e-01
7.174582633849513336e-02 -6.768513636318904125e-02
7.175387601214643085e-02 5.664051581948820885e-02
7.176160192267874716e-02 1.790407139672934578e-01
7.176902064055196151e-02 2.989146594254197264e-01
7.177614771773031810e-02 4.157287555373290200e-01
7.178299775996627163e-02 5.290157904563274061e-01
7.178958449334449377e-02 6.383734045661418888e-01
7.179592082558100552e-02 7.434619278478381554e-01
7.180201890252776997e-02 8.440016785775276142e-01
7.180789016029233418e-02 9.397698172695116980e-01
7.181354537334447286e-02 1.030596849418056848e+00
7.181899469894911792e-02 1.116362867569940631e+00
7.182424771823324450e-02 1.196993618186989128e+00
7.182931347416772472e-02 1.272456472113847381e+00
7.183420050671923685e-02 1.342756369595978327e+00
7.183891688540504361e-02 1.407931802380852027e+00
7.184347023946277555e-02 1.468050886461471194e+00
7.184786778582821776e-02 1.523207570294631052e+00
7.185211635509791694e-02 1.573518014644671448e+00
7.185622241563713319e-02 1.619117172078603284e+00
7.186019209598044910e-02 1.660155586712345643e+00
7.186403120565920677e-02 1.696796427867490076e+00
7.186774525457854945e-02 1.729212765463769896e+00
7.187133947105669995e-02 1.757585089569748904e+00
7.187481881862883837e-02 1.782099072268548801e+00
7.187818801171025340e-02 1.802943566338285120e+00
7.188145153020480960e-02 1.820308832232509166e+00
7.188461363313816688e-02 1.834384982672202513e+00
7.188767837138822225e-02 1.845360632338558959e+00
7.189064959957944256e-02 1.853421739248381828e+00
7.189353098720269175e-02 1.858750623554985992e+00
7.189632602901685487e-02 1.861525148989906953e+00
7.189903805478373156e-02 1.861918052588132699e+00
7.190167023838463234e-02 1.860096408241896260e+00
7.190422560636192117e-02 1.856221210250817100e+00
7.190670704592674878e-02 1.850447063676446513e+00
7.190911731246990568e-02 1.842921968675739652e+00
7.191145903661019800e-02 1.833787187512275763e+00
7.191373473081290324e-02 1.823177183068429352e+00
7.191594679560689429e-02 1.811219618838691314e+00
7.191809752542831224e-02 1.798035411314281795e+00
7.192018911411535154e-02 1.783738826563233681e+00
7.192222366007830492e-02 1.768437613397815467e+00
7.192420317116551831e-02 1.752233166377631157e+00
7.192612956924598899e-02 1.735220712929361087e+00
7.192800469452671763e-02 1.717489519088654104e+00
7.192983030962216140e-02 1.699123109537535425e+00
7.193160810339199740e-02 1.680199497641579498e+00
7.193333969456150445e-02 1.660791422121036920e+00
7.193502663513881568e-02 1.640966587547732836e+00
7.193667041364174008e-02 1.620787905806131857e+00
7.193827245814579663e-02 1.600313736678721455e+00
7.193983413916510417e-02 1.579598125644086082e+00
7.194135677237591120e-02 1.558691037287403436e+00
7.194284162119267412e-02 1.537638583433496464e+00
7.194428989920573225e-02 1.516483244709374789e+00
7.194570277248855950e-02 1.495264085114703656e+00
7.194708136178307178e-02 1.474016958822189638e+00
7.194842674456949916e-02 1.452774708716203067e+00
7.194973995702813596e-02 1.431567356834921867e+00
7.195102199589931136e-02 1.410422286224312316e+00
7.195227382024743656e-02 1.389364414006108772e+00
