1.741642126196108475e-01 -1.253805689357299968e+02
1.731226193575078898e-01 -1.252319739430353849e+02
1.720822771384295791e-01 -1.250801068436762762e+02
1.710432092358249723e-01 -1.249252684686136234e+02
1.700054394803494906e-01 -1.247662120133666264e+02
1.689689922759347596e-01 -1.246080965590623606e+02
1.679338926163934098e-01 -1.244456087637648949e+02
1.669001661025797389e-01 -1.242763778238433190e+02
1.658678389601265790e-01 -1.241066140893667296e+02
1.648369380577804355e-01 -1.239332591490318123e+02
1.638074909263577961e-01 -1.237524760408258260e+02
1.627795257783458960e-01 -1.235778490217575580e+02
1.617530715281726983e-01 -1.233982886815453099e+02
1.607281578131724564e-01 -1.232057905879531461e+02
1.597048150152728940e-01 -1.230150037534554741e+02
1.586830742834327845e-01 -1.228191493381230970e+02
1.576629675568589906e-01 -1.226231984985501811e+02
1.566445275890330224e-01 -1.224215135201603317e+02
1.556277879725802282e-01 -1.222122679730163952e+02
1.546127831650141171e-01 -1.220015472566662709e+02
1.535995485153909823e-01 -1.217948037249265525e+02
1.525881202919115720e-01 -1.215684106992955407e+02
1.515785357105076392e-01 -1.213357403200314053e+02
1.505708329644539212e-01 -1.211138077944938942e+02
1.495650512550467659e-01 -1.208778265568030150e+02
1.485612308233940360e-01 -1.206436449317426423e+02
1.475594129833618373e-01 -1.204024162457518088e+02
1.465596401557263395e-01 -1.201493514735870320e+02
1.455619559035815080e-01 -1.198939420400959222e+02
1.445664049690560671e-01 -1.196380861286990012e+02
1.435730333113953150e-01 -1.193744595513726523e+02
1.425818881464663845e-01 -1.190994207420102100e+02
1.415930179877495920e-01 -1.188260223557396671e+02
1.406064726888798522e-01 -1.185431997624871769e+02
1.396223034878079083e-01 -1.182504686569590149e+02
1.386405630526528210e-01 -1.179595831891965076e+02
1.376613055293228749e-01 -1.176562763767796156e+02
1.366845865909848412e-01 -1.173427996762844430e+02
1.357104634894679140e-01 -1.170324171980223298e+02
1.347389951086920279e-01 -1.167085052357887065e+02
1.337702420202165898e-01 -1.163723977815654962e+02
1.328042665410115730e-01 -1.160399933055088866e+02
1.318411327935584965e-01 -1.156948395787284483e+02
1.308809067683967542e-01 -1.153445035597806765e+02
1.299236563892372243e-01 -1.149775546326283830e+02
1.289694515807739694e-01 -1.145949010894072728e+02
1.280183643393330017e-01 -1.142271425534486298e+02
1.270704688065075194e-01 -1.138401352262040405e+02
1.261258413459387662e-01 -1.134404973894644684e+02
1.251845606234136543e-01 -1.130326039625706187e+02
1.242467076904628931e-01 -1.126150842898067594e+02
1.233123660716572145e-01 -1.121864107874165200e+02
1.223816218558138741e-01 -1.117485790407924213e+02
1.214545637913434090e-01 -1.112955097208876509e+02
1.205312833859839283e-01 -1.108386797308451435e+02
1.196118750111912349e-01 -1.103841753906136205e+02
1.186964360114745043e-01 -1.098820026804740877e+02
1.177850668189925898e-01 -1.093808471878155331e+02
1.168778710737521376e-01 -1.088929662148465667e+02
1.159749557497793404e-01 -1.083537199229911039e+02
1.150764312876691731e-01 -1.078121409329076386e+02
1.141824117339520495e-01 -1.072829132189585550e+02
1.132930148877578647e-01 -1.066935745289495117e+02
1.124083624553006006e-01 -1.061198712151466879e+02
1.115285802127538584e-01 -1.055510290619391753e+02
1.106537981781406804e-01 -1.049322245904838269e+02
1.097841507929165211e-01 -1.043050480625890231e+02
1.089197771139867321e-01 -1.036615362753328782e+02
1.080608210169653194e-01 -1.029995753814917379e+02
1.072074314115534638e-01 -1.023177616760006998e+02
1.063597624699911676e-01 -1.016161708492203672e+02
1.055179738696145897e-01 -1.008954363279341209e+02
1.046822310506340531e-01 -1.001545238039444996e+02
1.038527054903295443e-01 -9.938810670568300054e+01
1.030295749949432793e-01 -9.865371024326420013e+01
1.022130240106243759e-01 -9.783439142938951250e+01
1.014032439548485931e-01 -9.694598463848249992e+01
1.006004335697864294e-01 -9.614875817025625793e+01
9.980479929911824366e-02 -9.525960464294335850e+01
9.901655568978327826e-02 -9.434912087904972111e+01
9.823592582008448815e-02 -9.346502689684484722e+01
9.746314175543079050e-02 -9.243166939445600860e+01
9.669844503275773495e-02 -9.143662282097285754e+01
9.594208717428832911e-02 -9.046788607358620027e+01
9.519433023073360645e-02 -8.939447573271728231e+01
9.445544735322902730e-02 -8.828052229871097722e+01
9.372572339218356030e-02 -8.724445868705181795e+01
9.300545551969123526e-02 -8.605845685637413567e+01
9.229495387010641649e-02 -8.483252523825886726e+01
9.159454219067440783e-02 -8.355079235818608652e+01
9.090455849057138549e-02 -8.222968604773696200e+01
9.022535567214984287e-02 -8.098677032437495882e+01
8.955730212238419141e-02 -7.962374631382731138e+01
8.890078223522930589e-02 -7.824426594763835396e+01
8.825619682660178211e-02 -7.673481482540397280e+01
8.762396339275056734e-02 -7.512286093947729171e+01
8.700451614975866776e-02 -7.357907186394470500e+01
8.639830577680547574e-02 -7.205882356141535183e+01
8.580579876885735535e-02 -7.026452598048625475e+01
8.522747628626059502e-02 -6.843283932897917055e+01
8.466383237044998455e-02 -6.672970603025018477e+01
8.411537137857873214e-02 -6.484273326777125135e+01
8.358260447819115813e-02 -6.286864404032908737e+01
8.306604504007177037e-02 -6.082260684628489855e+01
8.256620277820221621e-02 -5.876100269971539092e+01
8.208357651629294427e-02 -5.664515784404955667e+01
8.161864551678597868e-02 -5.435923198525216549e+01
8.117185939570016606e-02 -5.211388188744349748e+01
8.074362676755307555e-02 -4.981512908101977644e+01
8.033430291612136953e-02 -4.744797317681370430e+01
7.994417695894230624e-02 -4.506120089803966522e+01
7.957345914737508352e-02 -4.262425946470585814e+01
7.922226909249363569e-02 -4.019840969824404908e+01
7.889062579764274941e-02 -3.777559897460975691e+01
7.857844037987167518e-02 -3.536280884858399531e+01
7.828551225309154926e-02 -3.298887123331822124e+01
7.801152932231071591e-02 -3.066318387386376543e+01
7.775607242068398317e-02 -2.839901399497675882e+01
7.751862385175714576e-02 -2.621178330546221247e+01
7.729857953492720590e-02 -2.411174690855163760e+01
7.709526395062418769e-02 -2.210778543876495661e+01
7.690794688792448874e-02 -2.020640962173182587e+01
7.673586093294881838e-02 -1.841162172122833596e+01
7.657821869703004825e-02 -1.672503953478867800e+01
7.643422894302491499e-02 -1.514611180753500541e+01
7.630311098759189059e-02 -1.367240085597264887e+01
7.618410699614305837e-02 -1.229989831971936809e+01
7.607649201139732309e-02 -1.102335973625698884e+01
7.597958174307743728e-02 -9.836620978902162804e+00
7.589273828433976132e-02 -8.732882319116090031e+00
7.581537400906183943e-02 -7.704949595970530751e+00
7.574695394899297329e-02 -6.745429631230297929e+00
7.568699696031247481e-02 -5.846879943817561376e+00
7.563507597548423111e-02 -5.001916582290243163e+00
7.559081760766007962e-02 -4.203285196033175630e+00
7.555390133869839542e-02 -3.443901186626842303e+00
7.552405848351563533e-02 -2.716864707138717527e+00
7.550107108648576593e-02 -2.015455828717269249e+00
7.548477087191053647e-02 -1.333114557924019561e+00
7.547503834100320608e-02 -6.634097070713237398e-01
7.547180208236017873e-02 0.000000000000000000e+00
7.547503834100320608e-02 6.634097070713237398e-01
7.548477087191053647e-02 1.333114557924019561e+00
7.550107108648576593e-02 2.015455828717269249e+00
7.552405848351563533e-02 2.716864707138717527e+00
7.555390133869839542e-02 3.443901186626842303e+00
7.559081760766007962e-02 4.203285196033175630e+00
7.563507597548423111e-02 5.001916582290243163e+00
7.568699696031247481e-02 5.846879943817561376e+00
7.574695394899297329e-02 6.745429631230297929e+00
7.581537400906183943e-02 7.704949595970530751e+00
7.589273828433976132e-02 8.732882319116924918e+00
7.597958174307745116e-02 9.836620978902162804e+00
7.607649201139732309e-02 1.102335973625615395e+01
7.618410699614307224e-02 1.229989831972020298e+01
7.630311098759190447e-02 1.367240085597264887e+01
7.643422894302491499e-02 1.514611180753417052e+01
7.657821869703004825e-02 1.672503953479034777e+01
7.673586093294884614e-02 1.841162172122917084e+01
7.690794688792450262e-02 2.020640962173015609e+01
7.709526395062418769e-02 2.210778543876412172e+01
7.729857953492720590e-02 2.411174690855163760e+01
7.751862385175714576e-02 2.621178330546304736e+01
7.775607242068399705e-02 2.839901399497759371e+01
7.801152932231072978e-02 3.066318387386460032e+01
7.828551225309157702e-02 3.298887123331738280e+01
7.857844037987167518e-02 3.536280884858233264e+01
7.889062579764274941e-02 3.777559897460975691e+01
7.922226909249363569e-02 4.019840969824404908e+01
7.957345914737508352e-02 4.262425946470668947e+01
7.994417695894232012e-02 4.506120089803966522e+01
8.033430291612136953e-02 4.744797317681370430e+01
8.074362676755308943e-02 4.981512908101977644e+01
8.117185939570016606e-02 5.211388188744266614e+01
8.161864551678597868e-02 5.435923198525216549e+01
8.208357651629294427e-02 5.664515784405038801e+01
8.256620277820223008e-02 5.876100269971539092e+01
8.306604504007177037e-02 6.082260684628406011e+01
8.358260447819115813e-02 6.286864404032908737e+01
8.411537137857873214e-02 6.484273326777208979e+01
8.466383237044999843e-02 6.672970603025102321e+01
8.522747628626060890e-02 6.843283932897834632e+01
8.580579876885735535e-02 7.026452598048709319e+01
8.639830577680550350e-02 7.205882356141617606e+01
8.700451614975868164e-02 7.357907186394554344e+01
8.762396339275059509e-02 7.512286093947646748e+01
8.825619682660178211e-02 7.673481482540147169e+01
8.890078223522930589e-02 7.824426594764003084e+01
8.955730212238421917e-02 7.962374631382731138e+01
9.022535567214984287e-02 8.098677032437328194e+01
9.090455849057138549e-02 8.222968604773696200e+01
9.159454219067440783e-02 8.355079235818776340e+01
9.229495387010644425e-02 8.483252523825886726e+01
9.300545551969123526e-02 8.605845685637331144e+01
9.372572339218357418e-02 8.724445868705265639e+01
9.445544735322904117e-02 8.828052229871097722e+01
9.519433023073362032e-02 8.939447573271644387e+01
9.594208717428832911e-02 9.046788607358786294e+01
9.669844503275777658e-02 9.143662282097619709e+01
9.746314175543083214e-02 9.243166939445600860e+01
9.823592582008452978e-02 9.346502689684317033e+01
9.901655568978330602e-02 9.434912087904722000e+01
9.980479929911824366e-02 9.525960464294252006e+01
1.006004335697864432e-01 9.614875817025793481e+01
1.014032439548486209e-01 9.694598463848416259e+01
1.022130240106244176e-01 9.783439142938951250e+01
1.030295749949433071e-01 9.865371024326168481e+01
1.038527054903295443e-01 9.938810670568216210e+01
1.046822310506340670e-01 1.001545238039461765e+02
1.055179738696146174e-01 1.008954363279349593e+02
1.063597624699911953e-01 1.016161708492203672e+02
1.072074314115534915e-01 1.023177616759998614e+02
1.080608210169653333e-01 1.029995753814917379e+02
1.089197771139867599e-01 1.036615362753345551e+02
1.097841507929165628e-01 1.043050480625881846e+02
1.106537981781406943e-01 1.049322245904829884e+02
1.115285802127538861e-01 1.055510290619383369e+02
1.124083624553006006e-01 1.061198712151450110e+02
1.132930148877578647e-01 1.066935745289495117e+02
1.141824117339520495e-01 1.072829132189610561e+02
1.150764312876692147e-01 1.078121409329093012e+02
1.159749557497793682e-01 1.083537199229885886e+02
1.168778710737521376e-01 1.088929662148457282e+02
1.177850668189926037e-01 1.093808471878171957e+02
1.186964360114745320e-01 1.098820026804740877e+02
1.196118750111912488e-01 1.103841753906136205e+02
1.205312833859839561e-01 1.108386797308451435e+02
1.214545637913434228e-01 1.112955097208876509e+02
1.223816218558139018e-01 1.117485790407932598e+02
1.233123660716572423e-01 1.121864107874165200e+02
1.242467076904629208e-01 1.126150842898050826e+02
1.251845606234136543e-01 1.130326039625706187e+02
1.261258413459387939e-01 1.134404973894678079e+02
1.270704688065075749e-01 1.138401352262023778e+02
1.280183643393330017e-01 1.142271425534452902e+02
1.289694515807739694e-01 1.145949010894072728e+02
1.299236563892372243e-01 1.149775546326283830e+02
1.308809067683967542e-01 1.153445035597806765e+02
1.318411327935584965e-01 1.156948395787317878e+02
1.328042665410116285e-01 1.160399933055088866e+02
1.337702420202165898e-01 1.163723977815621566e+02
1.347389951086920279e-01 1.167085052357903692e+02
1.357104634894679418e-01 1.170324171980239925e+02
1.366845865909848690e-01 1.173427996762861056e+02
1.376613055293229304e-01 1.176562763767812925e+02
1.386405630526528765e-01 1.179595831891948308e+02
1.396223034878079361e-01 1.182504686569573522e+02
1.406064726888798799e-01 1.185431997624871769e+02
1.415930179877496198e-01 1.188260223557413298e+02
1.425818881464664400e-01 1.190994207420085331e+02
1.435730333113953150e-01 1.193744595513693127e+02
1.445664049690560671e-01 1.196380861286990012e+02
1.455619559035815080e-01 1.198939420400959222e+02
1.465596401557263395e-01 1.201493514735886947e+02
1.475594129833618651e-01 1.204024162457534857e+02
1.485612308233940637e-01 1.206436449317426423e+02
1.495650512550467937e-01 1.208778265568030150e+02
1.505708329644539489e-01 1.211138077944955569e+02
1.515785357105076947e-01 1.213357403200314053e+02
1.525881202919115998e-01 1.215684106992955407e+02
1.535995485153910378e-01 1.217948037249248898e+02
1.546127831650141171e-01 1.220015472566629313e+02
1.556277879725802282e-01 1.222122679730163952e+02
1.566445275890330224e-01 1.224215135201636713e+02
1.576629675568590461e-01 1.226231984985535206e+02
1.586830742834328400e-01 1.228191493381197574e+02
1.597048150152728940e-01 1.230150037534521346e+02
1.607281578131724564e-01 1.232057905879548088e+02
1.617530715281727260e-01 1.233982886815486495e+02
1.627795257783459515e-01 1.235778490217592349e+02
1.638074909263578516e-01 1.237524760408224864e+02
1.648369380577804355e-01 1.239332591490284727e+02
1.658678389601265790e-01 1.241066140893667296e+02
1.669001661025797389e-01 1.242763778238449817e+02
1.679338926163934376e-01 1.244456087637648949e+02
1.689689922759347596e-01 1.246080965590623606e+02
1.700054394803495184e-01 1.247662120133666264e+02
1.710432092358249723e-01 1.249252684686136234e+02
1.720822771384296068e-01 1.250801068436796157e+02
1.731226193575079453e-01 1.252319739430370475e+02
1.741642126196109031e-01 1.253805689357266573e+02
