7.195227382024743656e-02 -2.629891660782956109e+00
7.195102199589931136e-02 -2.668428010163908848e+00
7.194973995702810821e-02 -2.707025542893238601e+00
7.194842674456949916e-02 -2.745629992858088730e+00
7.194708136178309954e-02 -2.784181955436160205e+00
7.194570277248857337e-02 -2.822616529823166243e+00
7.194428989920570450e-02 -2.860862943567904715e+00
7.194284162119267412e-02 -2.898844159395913334e+00
7.194135677237591120e-02 -2.936476464371803097e+00
7.193983413916510417e-02 -2.973669041901126242e+00
7.193827245814579663e-02 -3.010323527706241453e+00
7.193667041364174008e-02 -3.046333550348832908e+00
7.193502663513884343e-02 -3.081584257913532632e+00
7.193333969456151833e-02 -3.115951832680810885e+00
7.193160810339199740e-02 -3.149302996027988133e+00
7.192983030962216140e-02 -3.181494506653724574e+00
7.192800469452670376e-02 -3.212372655223829643e+00
7.192612956924598899e-02 -3.241772759814279148e+00
7.192420317116551831e-02 -3.269518667264440293e+00
7.192222366007830492e-02 -3.295422266015123558e+00
7.192018911411535154e-02 -3.319283017294145210e+00
7.191809752542829837e-02 -3.340887512663242020e+00
7.191594679560689429e-02 -3.360009066902657882e+00
7.191373473081288936e-02 -3.376407356565423790e+00
7.191145903661017025e-02 -3.389828115788821261e+00
7.190911731246987793e-02 -3.400002902721941833e+00
7.190670704592677653e-02 -3.406648951371554102e+00
7.190422560636192117e-02 -3.409469124743701673e+00
7.190167023838463234e-02 -3.408151987937404037e+00
7.189903805478373156e-02 -3.402372020644881978e+00
7.189632602901685487e-02 -3.391789990505345020e+00
7.189353098720269175e-02 -3.376053510533254975e+00
7.189064959957941481e-02 -3.354797805231902075e+00
7.188767837138823613e-02 -3.327646711842955796e+00
7.188461363313819463e-02 -3.294213943543281342e+00
7.188145153020479572e-02 -3.254104643061519475e+00
7.187818801171023952e-02 -3.206917255544201595e+00
7.187481881862886612e-02 -3.152245748933530933e+00
7.187133947105672771e-02 -3.089682209779208932e+00
7.186774525457854945e-02 -3.018819841147834637e+00
7.186403120565920677e-02 -2.939256386679748090e+00
7.186019209598044910e-02 -2.850598001089176492e+00
7.185622241563714707e-02 -2.752463583492653854e+00
7.185211635509793082e-02 -2.644489583545434730e+00
7.184786778582821776e-02 -2.526335282916946312e+00
7.184347023946277555e-02 -2.397688546144979505e+00
7.183891688540505749e-02 -2.258272023825034669e+00
7.183420050671922297e-02 -2.107849779281665281e+00
7.182931347416773860e-02 -1.946234296180038070e+00
7.182424771823324450e-02 -1.773293808997432164e+00
7.181899469894911792e-02 -1.588959882187450434e+00
7.181354537334447286e-02 -1.393235146358662524e+00
7.180789016029233418e-02 -1.186201081729872486e+00
7.180201890252778385e-02 -9.680257214328307214e-01
7.179592082558100552e-02 -7.389711297254845102e-01
7.178958449334450764e-02 -4.994004944049516004e-01
7.178299775996627163e-02 -2.497846589473179946e-01
7.177614771773030422e-02 9.292090538340442782e-03
7.176902064055196151e-02 2.771271748478448260e-01
7.176160192267877491e-02 5.528960003242668897e-01
7.175387601214644473e-02 8.356495544448991897e-01
7.174582633849513336e-02 1.124313494704825001e+00
7.173743523420131329e-02 1.417688888239754919e+00
7.172868384922716223e-02 1.714454732904652223e+00
7.171955205802993394e-02 2.013172356070185742e+00
7.171001835830910498e-02 2.312291745433252999e+00
7.170005976069922238e-02 2.610159817376963343e+00
7.168965166853993876e-02 2.905030574155960998e+00
7.167876774677267582e-02 3.195077042924035382e+00
7.166737977892505274e-02 3.478404829279294841e+00
7.165545751105061034e-02 3.753067058038640269e+00
7.164296848139226070e-02 4.017080416848019198e+00
7.162987783443468259e-02 4.268441966488921935e+00
7.161614811790550927e-02 4.505146338142155926e+00
7.160173906117933695e-02 4.725202904726854669e+00
7.158660733343630289e-02 4.926652492898074165e+00
7.157070627983228017e-02 5.107583195853548474e+00
7.155398563385878541e-02 5.266144855994707719e+00
7.153639120401418527e-02 5.400561811053621319e+00
7.151786453288812295e-02 5.509143537269086011e+00
7.149834252679278246e-02 5.590292878018010114e+00
7.147775705417915015e-02 5.642511614474327253e+00
7.145603451128154648e-02 5.664403214859069280e+00
7.143309535377521946e-02 5.654672688943329639e+00
7.140885359375552521e-02 5.612123573143680488e+00
7.138321626211077686e-02 5.535652177203723490e+00
7.135608283744095115e-02 5.424239335688384678e+00
7.132734464416003173e-02 5.276940026384465909e+00
7.129688422442873041e-02 5.092871344136749912e+00
7.126457469123377575e-02 4.871199455164682668e+00
7.123027907342766030e-02 4.611126306517951967e+00
7.119384966806385773e-02 4.311877032411941535e+00
7.115512742112756195e-02 3.972689188345625233e+00
7.111394136501007768e-02 3.592805159340600962e+00
7.107010815004928539e-02 3.171469333138784652e+00
7.102343171837476044e-02 2.707931901682557818e+00
7.097370318130104272e-02 2.201461447209578814e+00
7.092070097660975458e-02 1.651368764998346839e+00
7.086419139901473097e-02 1.057044639604464376e+00
7.080392961529963225e-02 4.180144704917231890e-01
7.073966129388632729e-02 -2.659873467567864802e-01
7.067112499502049838e-02 -9.949206518285500511e-01
7.059805547947733961e-02 -1.768318440580486151e+00
7.052018809672107313e-02 -2.585140871238587046e+00
7.043726440271379230e-02 -3.443605860337509039e+00
7.034903912710671614e-02 -4.341000811282009764e+00
7.025528855320757604e-02 -5.273484018121187944e+00
7.015582028674986759e-02 -6.235889080009183516e+00
7.005048426875230827e-02 -7.221550781166522270e+00
6.993918473637356081e-02 -8.222175501451213009e+00
6.982189266368916958e-02 -9.227782130047705422e+00
6.969865804058521241e-02 -1.022673925885932533e+01
6.956962119971182856e-02 -1.120591985428169046e+01
6.943502231110063039e-02 -1.215098496538184136e+01
6.929520816290656027e-02 -1.304679373664893838e+01
6.915063545635785625e-02 -1.387791986267916577e+01
6.900187006676032631e-02 -1.462923773230529179e+01
6.884958204030276752e-02 -1.528652856288626083e+01
6.869453646605713781e-02 -1.583705108755787450e+01
6.853758072722669625e-02 -1.627002456679361586e+01
6.837962893751051152e-02 -1.657698359680676603e+01
6.822164456254789511e-02 -1.675198181944686482e+01
6.806462229105567086e-02 -1.679164134661727203e+01
6.790957015991869183e-02 -1.669506254328263495e+01
6.775749277836985718e-02 -1.646362182454928202e+01
6.760937627718698051e-02 -1.610069189285800562e+01
6.746617537016061372e-02 -1.561131967826870870e+01
6.732880269104565829e-02 -1.500189351177021457e+01
6.719812038273224875e-02 -1.427982424190405553e+01
6.707493377741993723e-02 -1.345325747493157031e+01
6.695998691808670300e-02 -1.253082748194398377e+01
6.685395962665854896e-02 -1.152145627834445030e+01
6.675746581368097177e-02 -1.043419694740430792e+01
6.667105273783079100e-02 -9.278118926239107722e+00
6.659520095206265811e-02 -8.062229790083675240e+00
6.653032470913493313e-02 -6.795426830354556635e+00
6.647677263731475994e-02 -5.486475009288219518e+00
6.643482853371776575e-02 -4.144002616571139441e+00
6.640471215603512001e-02 -2.776510832993675848e+00
6.638657992253936546e-02 -1.392400573379337425e+00
6.638052545525208181e-02 0.000000000000000000e+00
6.638657992253936546e-02 1.392400573379337425e+00
6.640471215603512001e-02 2.776510832993675848e+00
6.643482853371776575e-02 4.144002616571139441e+00
6.647677263731475994e-02 5.486475009288219518e+00
6.653032470913493313e-02 6.795426830354556635e+00
6.659520095206265811e-02 8.062229790083675240e+00
6.667105273783079100e-02 9.278118926239107722e+00
6.675746581368097177e-02 1.043419694740430792e+01
6.685395962665854896e-02 1.152145627834445030e+01
6.695998691808670300e-02 1.253082748194398377e+01
6.707493377741993723e-02 1.345325747493240520e+01
6.719812038273226262e-02 1.427982424190405553e+01
6.732880269104565829e-02 1.500189351177021457e+01
6.746617537016062760e-02 1.561131967826954359e+01
6.760937627718699439e-02 1.610069189285717073e+01
6.775749277836985718e-02 1.646362182454844714e+01
6.790957015991869183e-02 1.669506254328263495e+01
6.806462229105567086e-02 1.679164134661810692e+01
6.822164456254790899e-02 1.675198181944686482e+01
6.837962893751051152e-02 1.657698359680593114e+01
6.853758072722669625e-02 1.627002456679361586e+01
6.869453646605713781e-02 1.583705108755787450e+01
6.884958204030278139e-02 1.528652856288626083e+01
6.900187006676034018e-02 1.462923773230529179e+01
6.915063545635785625e-02 1.387791986267916577e+01
6.929520816290656027e-02 1.304679373664893838e+01
6.943502231110063039e-02 1.215098496538184136e+01
6.956962119971182856e-02 1.120591985428169046e+01
6.969865804058521241e-02 1.022673925886016022e+01
6.982189266368918346e-02 9.227782130047705422e+00
6.993918473637356081e-02 8.222175501450379898e+00
7.005048426875232215e-02 7.221550781166522270e+00
7.015582028674986759e-02 6.235889080009183516e+00
7.025528855320757604e-02 5.273484018121187944e+00
7.034903912710671614e-02 4.341000811282009764e+00
7.043726440271377842e-02 3.443605860337509039e+00
7.052018809672107313e-02 2.585140871238587046e+00
7.059805547947733961e-02 1.768318440580486151e+00
7.067112499502049838e-02 9.949206518277152744e-01
7.073966129388631341e-02 2.659873467567864802e-01
7.080392961529964613e-02 -4.180144704908884123e-01
7.086419139901473097e-02 -1.057044639604464376e+00
7.092070097660975458e-02 -1.651368764998346839e+00
7.097370318130105660e-02 -2.201461447209578814e+00
7.102343171837476044e-02 -2.707931901682557818e+00
7.107010815004928539e-02 -3.171469333138784652e+00
7.111394136501007768e-02 -3.592805159340600962e+00
7.115512742112756195e-02 -3.972689188345625233e+00
7.119384966806385773e-02 -4.311877032411941535e+00
7.123027907342766030e-02 -4.611126306517951967e+00
7.126457469123377575e-02 -4.871199455164682668e+00
7.129688422442873041e-02 -5.092871344136749912e+00
7.132734464416003173e-02 -5.276940026386135685e+00
7.135608283744096503e-02 -5.424239335689219565e+00
7.138321626211079074e-02 -5.535652177200383939e+00
7.140885359375551134e-02 -5.612123573142845601e+00
7.143309535377521946e-02 -5.654672688943329639e+00
7.145603451128153261e-02 -5.664403214860739055e+00
7.147775705417916403e-02 -5.642511614478500803e+00
7.149834252679279634e-02 -5.590292878016341227e+00
7.151786453288812295e-02 -5.509143537266582236e+00
7.153639120401418527e-02 -5.400561811055291095e+00
7.155398563385879929e-02 -5.266144855994707719e+00
7.157070627983228017e-02 -5.107583195849374924e+00
7.158660733343628901e-02 -4.926652492898074165e+00
7.160173906117933695e-02 -4.725202904729359332e+00
7.161614811790550927e-02 -4.505146338144660589e+00
7.162987783443469647e-02 -4.268441966488921935e+00
7.164296848139226070e-02 -4.017080416845514534e+00
7.165545751105061034e-02 -3.753067058038640269e+00
7.166737977892505274e-02 -3.478404829280964172e+00
7.167876774677268970e-02 -3.195077042924035382e+00
7.168965166853993876e-02 -2.905030574152621892e+00
7.170005976069920850e-02 -2.610159817375294011e+00
7.171001835830909110e-02 -2.312291745434922774e+00
7.171955205802993394e-02 -2.013172356071855518e+00
7.172868384922716223e-02 -1.714454732904652223e+00
7.173743523420131329e-02 -1.417688888239754919e+00
7.174582633849513336e-02 -1.124313494703990335e+00
7.175387601214643085e-02 -8.356495544448991897e-01
7.176160192267874716e-02 -5.528960003251016664e-01
7.176902064055196151e-02 -2.771271748478448260e-01
7.177614771773031810e-02 -9.292090538340442782e-03
7.178299775996627163e-02 2.497846589464832179e-01
7.178958449334449377e-02 4.994004944049516004e-01
7.179592082558100552e-02 7.389711297254845102e-01
7.180201890252776997e-02 9.680257214328307214e-01
7.180789016029233418e-02 1.186201081730707152e+00
7.181354537334447286e-02 1.393235146358662524e+00
7.181899469894911792e-02 1.588959882187450434e+00
7.182424771823324450e-02 1.773293808994927945e+00
7.182931347416772472e-02 1.946234296183377177e+00
7.183420050671923685e-02 2.107849779280830393e+00
7.183891688540504361e-02 2.258272023821695562e+00
7.184347023946277555e-02 2.397688546148318611e+00
7.184786778582821776e-02 2.526335282912772762e+00
7.185211635509791694e-02 2.644489583540426292e+00
7.185622241563713319e-02 2.752463583496827404e+00
7.186019209598044910e-02 2.850598001094184930e+00
7.186403120565920677e-02 2.939256386679748090e+00
7.186774525457854945e-02 3.018819841135313098e+00
7.187133947105669995e-02 3.089682209765852505e+00
7.187481881862883837e-02 3.152245748952730686e+00
7.187818801171025340e-02 3.206917255565070679e+00
7.188145153020480960e-02 3.254104643039815059e+00
7.188461363313816688e-02 3.294213943528255584e+00
7.188767837138822225e-02 3.327646711873842644e+00
7.189064959957944256e-02 3.354797805239415176e+00
7.189353098720269175e-02 3.376053510517394329e+00
7.189632602901685487e-02 3.391789990505345020e+00
7.189903805478373156e-02 3.402372020644881978e+00
7.190167023838463234e-02 3.408151987937404037e+00
7.190422560636192117e-02 3.409469124723667477e+00
7.190670704592674878e-02 3.406648951391588742e+00
7.190911731246990568e-02 3.400002902762011114e+00
7.191145903661019800e-02 3.389828115779638829e+00
7.191373473081290324e-02 3.376407356545389149e+00
7.191594679560689429e-02 3.360009066903492769e+00
7.191809752542831224e-02 3.340887512663242020e+00
7.192018911411535154e-02 3.319283017282458559e+00
7.192222366007830492e-02 3.295422266015123558e+00
7.192420317116551831e-02 3.269518667264440293e+00
7.192612956924598899e-02 3.241772759826800687e+00
7.192800469452671763e-02 3.212372655223829643e+00
7.192983030962216140e-02 3.181494506641203035e+00
7.193160810339199740e-02 3.149302996015466594e+00
7.193333969456150445e-02 3.115951832654932918e+00
7.193502663513881568e-02 3.081584257926054615e+00
7.193667041364174008e-02 3.046333550374710875e+00
7.193827245814579663e-02 3.010323527706241453e+00
7.193983413916510417e-02 2.973669041901126242e+00
7.194135677237591120e-02 2.936476464371803097e+00
7.194284162119267412e-02 2.898844159423460631e+00
7.194428989920573225e-02 2.860862943553713400e+00
7.194570277248855950e-02 2.822616529767236759e+00
7.194708136178307178e-02 2.784181955450351520e+00
7.194842674456949916e-02 2.745629992915688433e+00
7.194973995702813596e-02 2.707025542893238601e+00
7.195102199589931136e-02 2.668428010134691775e+00
7.195227382024743656e-02 2.629891660782956109e+00
