-1.172033762274011116e-03 7.080832776769163672e-02 1.752070341961672606e-01
-1.163721466087670568e-03 7.079686628059901621e-02 1.741642181833435166e-01
-1.155409169901330021e-03 7.078523016647889077e-02 1.731226263655318565e-01
-1.147096873714989690e-03 7.077341860192461198e-02 1.720822851847316759e-01
-1.138784577528649143e-03 7.076143096075229733e-02 1.710432184120732335e-01
-1.130472281342308595e-03 7.074926683379302583e-02 1.700054505279094130e-01
-1.122159985155968048e-03 7.073692605009361534e-02 1.689690162384762939e-01
-1.113847688969627501e-03 7.072440869958920850e-02 1.679338976781212245e-01
-1.105535392783287170e-03 7.071171515732793678e-02 1.669001743736100718e-01
-1.097223096596946623e-03 7.069884610930358970e-02 1.658678487954726166e-01
-1.088910800410606075e-03 7.068580257998602345e-02 1.648369494197431673e-01
-1.080598504224265528e-03 7.067258596159149697e-02 1.638075048279372670e-01
-1.072286208037924980e-03 7.065919804517749314e-02 1.627795760686920612e-01
-1.063973911851584650e-03 7.064564105359877333e-02 1.617530794320479193e-01
-1.055661615665244102e-03 7.063191767639413754e-02 1.607281689306725991e-01
-1.047349319478903555e-03 7.061803110662234761e-02 1.597048281602819197e-01
-1.039037023292563007e-03 7.060398507970286341e-02 1.586830900279593004e-01
-1.030724727106222460e-03 7.058978391425098364e-02 1.576629952984096861e-01
-1.022412430919882129e-03 7.057543255493235745e-02 1.566445363200620056e-01
-1.014100134733541582e-03 7.056093661729824495e-02 1.556278016069197190e-01
-1.005787838547201034e-03 7.054630243457229999e-02 1.546127995494319118e-01
-9.974755423608604871e-04 7.053153710631086815e-02 1.535995688914329749e-01
-9.891632461745199396e-04 7.051664854884712175e-02 1.525880736815523331e-01
-9.808509499881793922e-04 7.050164554737352318e-02 1.515785498355290695e-01
-9.725386538018390616e-04 7.048653780949502845e-02 1.505708513528023207e-01
-9.642263576154985142e-04 7.047133602002039754e-02 1.495650737782118767e-01
-9.559140614291579668e-04 7.045605189673323498e-02 1.485612780072352312e-01
-9.476017652428174193e-04 7.044069824678449165e-02 1.475594289182391161e-01
-9.392894690564769803e-04 7.042528902333571039e-02 1.465596621030851310e-01
-9.309771728701364329e-04 7.040983938195551073e-02 1.455619833970751842e-01
-9.226648766837959939e-04 7.039436573623504556e-02 1.445664505944928013e-01
-9.143525804974554465e-04 7.037888581197539184e-02 1.435730548806134765e-01
-9.060402843111148991e-04 7.036341869921758363e-02 1.425819162765267489e-01
-8.977279881247744600e-04 7.034798490128109372e-02 1.415930575748800546e-01
-8.894156919384340210e-04 7.033260637987234776e-02 1.406064914399581256e-01
-8.811033957520934736e-04 7.031730659520786519e-02 1.396223341237348425e-01
-8.727910995657529262e-04 7.030211053997258153e-02 1.386406037221536991e-01
-8.644788033794123788e-04 7.028704476584130001e-02 1.376613201317091750e-01
-8.561665071930719398e-04 7.027213740112192575e-02 1.366846216639593936e-01
-8.478542110067313923e-04 7.025741815801279933e-02 1.357105110293528039e-01
-8.395419148203909533e-04 7.024291832780386879e-02 1.347390177885856577e-01
-8.312296186340504059e-04 7.022867076227133631e-02 1.337702846235488130e-01
-8.229173224477098585e-04 7.021470983940565624e-02 1.328043316996705137e-01
-8.146050262613694195e-04 7.020107141153525410e-02 1.318411712033671079e-01
-8.062927300750288720e-04 7.018779273384340156e-02 1.308809620252773531e-01
-7.979804338886884330e-04 7.017491237125864090e-02 1.299236553426279528e-01
-7.896681377023478856e-04 7.016247008167654509e-02 1.289695069325699217e-01
-7.813558415160073382e-04 7.015050667353525671e-02 1.280184625694202882e-01
-7.730435453296668992e-04 7.013906383583452808e-02 1.270705256970388053e-01
-7.647312491433263517e-04 7.012818393884738544e-02 1.261259281404103483e-01
-7.564189529569859127e-04 7.011790980395721240e-02 1.251846205842158943e-01
-7.481066567706453653e-04 7.010828444133107573e-02 1.242468008228208853e-01
-7.397943605843048179e-04 7.009935075446929731e-02 1.233124333702416142e-01
-7.314820643979642704e-04 7.009115121108375202e-02 1.223817312311712702e-01
-7.231697682116238314e-04 7.008372748023511400e-02 1.214546449412734763e-01
-7.148574720252833924e-04 7.007712003622457164e-02 1.205314407629280576e-01
-7.065451758389428450e-04 7.007136773033940946e-02 1.196119766220558184e-01
-6.982328796526022976e-04 7.006650733227844097e-02 1.186964710977567866e-01
-6.899205834662617502e-04 7.006257304375435035e-02 1.177852007780051391e-01
-6.816082872799213111e-04 7.005959598761478391e-02 1.168779825972463687e-01
-6.732959910935807637e-04 7.005760367654653709e-02 1.159749947037491402e-01
-6.649836949072403247e-04 7.005661946623303882e-02 1.150765945118247813e-01
-6.566713987208997773e-04 7.005666199858794074e-02 1.141825561725727939e-01
-6.483591025345593383e-04 7.005774464132839829e-02 1.132931189331771726e-01
-6.400468063482187909e-04 7.005987493076623607e-02 1.124086629767349493e-01
-6.317345101618782434e-04 7.006305402513469949e-02 1.115288018092560896e-01
-6.234222139755378044e-04 7.006727617603461522e-02 1.106540093801135771e-01
-6.151099177891972570e-04 7.007252822573076245e-02 1.097843593397811873e-01
-6.067976216028568180e-04 7.007878913783974206e-02 1.089199843680962454e-01
-5.984853254165162706e-04 7.008602956865137013e-02 1.080610290457899025e-01
-5.901730292301757231e-04 7.009421148566490067e-02 1.072076485340637819e-01
-5.818607330438352841e-04 7.010328783909897110e-02 1.063600042200699564e-01
-5.735484368574947367e-04 7.011320229094794576e-02 1.055182560344764264e-01
-5.652361406711542977e-04 7.012388900490675037e-02 1.046825657557401146e-01
-5.569238444848137503e-04 7.013527249883866332e-02 1.038531077816567672e-01
-5.486115482984732028e-04 7.014726755980661699e-02 1.030300943624992555e-01
-5.402992521121327638e-04 7.015977921985692978e-02 1.022132282440631340e-01
-5.319869559257922164e-04 7.017270278885229251e-02 1.014037003534537518e-01
-5.236746597394516690e-04 7.018592393878808622e-02 1.006010892127632977e-01
-5.153623635531112300e-04 7.019931883226050717e-02 9.980526108551265874e-02
-5.070500673667706825e-04 7.021275428609283220e-02 9.901732419538303298e-02
-4.987377711804302435e-04 7.022608795974576157e-02 9.823656645726641656e-02
-4.904254749940896961e-04 7.023916855701882456e-02 9.746370826528118203e-02
-4.821131788077491487e-04 7.025183602876457212e-02 9.669950664535269247e-02
-4.738008826214087097e-04 7.026392176405815704e-02 9.594313259178013920e-02
-4.654885864350681622e-04 7.027524875737649335e-02 9.519545332647384728e-02
-4.571762902487277232e-04 7.028563174006179082e-02 9.445673929464094842e-02
-4.488639940623871758e-04 7.029487726564667693e-02 9.372733603926626522e-02
-4.405516978760466284e-04 7.030278374062047531e-02 9.300654162028153260e-02
-4.322394016897061894e-04 7.030914139496775850e-02 9.229660782757007076e-02
-4.239271055033656420e-04 7.031373219045676526e-02 9.159593181803435402e-02
-4.156148093170252029e-04 7.031632966929310391e-02 9.090691116509577729e-02
-4.073025131306846555e-04 7.031669875156507099e-02 9.022782093881494270e-02
-3.989902169443441081e-04 7.031459549705948442e-02 8.956009688613346398e-02
-3.906779207580036691e-04 7.030976685578643748e-02 8.890367799363695089e-02
-3.823656245716631217e-04 7.030195044209634758e-02 8.825915470181250333e-02
-3.740533283853226827e-04 7.029087437989522957e-02 8.762742597664352484e-02
-3.657410321989821352e-04 7.027625728128139571e-02 8.700887074892131590e-02
-3.574287360126415878e-04 7.025780843809711906e-02 8.640298601916457377e-02
-3.491164398263011488e-04 7.023522832512339720e-02 8.581053767456880976e-02
-3.408041436399606014e-04 7.020820953455904345e-02 8.523351159744176064e-02
-3.324918474536200539e-04 7.017643828282647822e-02 8.467072030272432270e-02
-3.241795512672796149e-04 7.013959665084888717e-02 8.412278190703070813e-02
-3.158672550809390675e-04 7.009736573478531074e-02 8.359111416671881345e-02
-3.075549588945986285e-04 7.004942989173174039e-02 8.307553574973927657e-02
-2.992426627082580811e-04 6.999548225854589079e-02 8.257733758285522307e-02
-2.909303665219175336e-04 6.993523169519220983e-02 8.209586239378437178e-02
-2.826180703355770946e-04 6.986841124961010174e-02 8.163270736453166754e-02
-2.743057741492365472e-04 6.979478815264139602e-02 8.118815351604906361e-02
-2.659934779628961082e-04 6.971417522511226539e-02 8.076201165574806162e-02
-2.576811817765555608e-04 6.962644341615106813e-02 8.035529684172776355e-02
-2.493688855902150133e-04 6.953153500144258758e-02 7.996788479712202413e-02
-2.410565894038745743e-04 6.942947677173332000e-02 7.960031252880862829e-02
-2.327442932175340269e-04 6.932039236504704272e-02 7.925262499398594285e-02
-2.244319970311935879e-04 6.920451277742120655e-02 7.892475435423335073e-02
-2.161197008448530405e-04 6.908218406378990872e-02 7.861670823693304999e-02
-2.078074046585124931e-04 6.895387134077848867e-02 7.832825099341117481e-02
-1.994951084721720540e-04 6.882015843482526540e-02 7.805903897907509603e-02
-1.911828122858315066e-04 6.868174286371099557e-02 7.780864913906268554e-02
-1.828705160994909592e-04 6.853942625180900472e-02 7.757652475196112618e-02
-1.745582199131504118e-04 6.839410069509550827e-02 7.736202211742793100e-02
-1.662459237268100812e-04 6.824673194360986184e-02 7.716442034825389540e-02
-1.579336275404695338e-04 6.809834050224594648e-02 7.698293886715830425e-02
-1.496213313541289863e-04 6.794998183725026175e-02 7.681675671919950543e-02
-1.413090351677884389e-04 6.780272681795650180e-02 7.666503147182313072e-02
-1.329967389814478915e-04 6.765764334967487581e-02 7.652691681233110554e-02
-1.246844427951075609e-04 6.751577990821629183e-02 7.640157823335858023e-02
-1.163721466087670135e-04 6.737815141687714116e-02 7.628820639302588691e-02
-1.080598504224264660e-04 6.724572765188949197e-02 7.618602796521924125e-02
-9.974755423608591860e-05 6.711942414981887650e-02 7.609431397479932135e-02
-9.143525804974537118e-05 6.700009543530431599e-02 7.601238585378541912e-02
-8.312296186340504059e-05 6.688853028659855204e-02 7.593961948737353029e-02
-7.481066567706449316e-05 6.678544870298357139e-02 7.587544757668095163e-02
-6.649836949072394574e-05 6.669150023463048249e-02 7.581936070313485820e-02
-5.818607330438339831e-05 6.660726334809317917e-02 7.577090738377695311e-02
-4.987377711804285088e-05 6.653324552773941247e-02 7.572969344991702101e-02
-4.156148093170252029e-05 6.646988386360976053e-02 7.569538099194335345e-02
-3.324918474536197287e-05 6.641754591902546134e-02 7.566768707367484137e-02
-2.493688855902142544e-05 6.637653069578568210e-02 7.564638242067175944e-02
-1.662459237268087801e-05 6.634706959828221007e-02 7.563129015930819543e-02
-8.312296186340330587e-06 6.632932727491133718e-02 7.562228477505769653e-02
0.000000000000000000e+00 6.632340223410292113e-02 7.561929129211444889e-02
8.312296186340547427e-06 6.632932727491133718e-02 7.562228477505769653e-02
1.662459237268109485e-05 6.634706959828221007e-02 7.563129015930819543e-02
2.493688855902164228e-05 6.637653069578568210e-02 7.564638242067175944e-02
3.324918474536218971e-05 6.641754591902546134e-02 7.566768707367484137e-02
4.156148093170252029e-05 6.646988386360976053e-02 7.569538099194335345e-02
4.987377711804306772e-05 6.653324552773941247e-02 7.572969344991702101e-02
5.818607330438361515e-05 6.660726334809317917e-02 7.577090738377695311e-02
6.649836949072416258e-05 6.669150023463048249e-02 7.581936070313485820e-02
7.481066567706471000e-05 6.678544870298357139e-02 7.587544757668095163e-02
8.312296186340525743e-05 6.688853028659855204e-02 7.593961948737353029e-02
9.143525804974558802e-05 6.700009543530431599e-02 7.601238585378541912e-02
9.974755423608613544e-05 6.711942414981889038e-02 7.609431397479932135e-02
1.080598504224266829e-04 6.724572765188949197e-02 7.618602796521924125e-02
1.163721466087672303e-04 6.737815141687715503e-02 7.628820639302590079e-02
1.246844427951077777e-04 6.751577990821630570e-02 7.640157823335859411e-02
1.329967389814481083e-04 6.765764334967487581e-02 7.652691681233110554e-02
1.413090351677886557e-04 6.780272681795650180e-02 7.666503147182313072e-02
1.496213313541292032e-04 6.794998183725026175e-02 7.681675671919953319e-02
1.579336275404697506e-04 6.809834050224596036e-02 7.698293886715831813e-02
1.662459237268102980e-04 6.824673194360986184e-02 7.716442034825389540e-02
1.745582199131506286e-04 6.839410069509550827e-02 7.736202211742793100e-02
1.828705160994911760e-04 6.853942625180900472e-02 7.757652475196112618e-02
1.911828122858317235e-04 6.868174286371100945e-02 7.780864913906269942e-02
1.994951084721722709e-04 6.882015843482526540e-02 7.805903897907510991e-02
2.078074046585128183e-04 6.895387134077848867e-02 7.832825099341120256e-02
2.161197008448531489e-04 6.908218406378990872e-02 7.861670823693304999e-02
2.244319970311936963e-04 6.920451277742120655e-02 7.892475435423335073e-02
2.327442932175342438e-04 6.932039236504704272e-02 7.925262499398594285e-02
2.410565894038747912e-04 6.942947677173332000e-02 7.960031252880862829e-02
2.493688855902153386e-04 6.953153500144260146e-02 7.996788479712203801e-02
2.576811817765556692e-04 6.962644341615106813e-02 8.035529684172776355e-02
2.659934779628962166e-04 6.971417522511227927e-02 8.076201165574807550e-02
2.743057741492367640e-04 6.979478815264139602e-02 8.118815351604906361e-02
2.826180703355773115e-04 6.986841124961010174e-02 8.163270736453166754e-02
2.909303665219178589e-04 6.993523169519220983e-02 8.209586239378437178e-02
2.992426627082581895e-04 6.999548225854587691e-02 8.257733758285523695e-02
3.075549588945987369e-04 7.004942989173174039e-02 8.307553574973927657e-02
3.158672550809392843e-04 7.009736573478531074e-02 8.359111416671881345e-02
3.241795512672798318e-04 7.013959665084888717e-02 8.412278190703070813e-02
3.324918474536203792e-04 7.017643828282647822e-02 8.467072030272433658e-02
3.408041436399607098e-04 7.020820953455905733e-02 8.523351159744177452e-02
3.491164398263012572e-04 7.023522832512339720e-02 8.581053767456880976e-02
3.574287360126418046e-04 7.025780843809710519e-02 8.640298601916460153e-02
3.657410321989823521e-04 7.027625728128140958e-02 8.700887074892132977e-02
3.740533283853228995e-04 7.029087437989522957e-02 8.762742597664355260e-02
3.823656245716632301e-04 7.030195044209634758e-02 8.825915470181250333e-02
3.906779207580037775e-04 7.030976685578643748e-02 8.890367799363695089e-02
3.989902169443443249e-04 7.031459549705948442e-02 8.956009688613349173e-02
4.073025131306848724e-04 7.031669875156507099e-02 9.022782093881494270e-02
4.156148093170254198e-04 7.031632966929310391e-02 9.090691116509577729e-02
4.239271055033657504e-04 7.031373219045676526e-02 9.159593181803435402e-02
4.322394016897062978e-04 7.030914139496775850e-02 9.229660782757009851e-02
4.405516978760468452e-04 7.030278374062047531e-02 9.300654162028153260e-02
4.488639940623873927e-04 7.029487726564669081e-02 9.372733603926627910e-02
4.571762902487279401e-04 7.028563174006180470e-02 9.445673929464096230e-02
4.654885864350684875e-04 7.027524875737647947e-02 9.519545332647386116e-02
4.738008826214088181e-04 7.026392176405815704e-02 9.594313259178013920e-02
4.821131788077493655e-04 7.025183602876455824e-02 9.669950664535273410e-02
4.904254749940899129e-04 7.023916855701883843e-02 9.746370826528122366e-02
4.987377711804304604e-04 7.022608795974577545e-02 9.823656645726645820e-02
5.070500673667710078e-04 7.021275428609283220e-02 9.901732419538306074e-02
5.153623635531113384e-04 7.019931883226050717e-02 9.980526108551265874e-02
5.236746597394518858e-04 7.018592393878810010e-02 1.006010892127633116e-01
5.319869559257924332e-04 7.017270278885229251e-02 1.014037003534537795e-01
5.402992521121329807e-04 7.015977921985691590e-02 1.022132282440631756e-01
5.486115482984735281e-04 7.014726755980661699e-02 1.030300943624992832e-01
5.569238444848138587e-04 7.013527249883866332e-02 1.038531077816567672e-01
5.652361406711544061e-04 7.012388900490676424e-02 1.046825657557401285e-01
5.735484368574949535e-04 7.011320229094794576e-02 1.055182560344764542e-01
5.818607330438355010e-04 7.010328783909897110e-02 1.063600042200699841e-01
5.901730292301760484e-04 7.009421148566490067e-02 1.072076485340638097e-01
5.984853254165163790e-04 7.008602956865138400e-02 1.080610290457899164e-01
6.067976216028569264e-04 7.007878913783974206e-02 1.089199843680962732e-01
6.151099177891974738e-04 7.007252822573076245e-02 1.097843593397812290e-01
6.234222139755380213e-04 7.006727617603462910e-02 1.106540093801135910e-01
6.317345101618785687e-04 7.006305402513469949e-02 1.115288018092561173e-01
6.400468063482188993e-04 7.005987493076623607e-02 1.124086629767349493e-01
6.483591025345594467e-04 7.005774464132839829e-02 1.132931189331771726e-01
6.566713987208999941e-04 7.005666199858794074e-02 1.141825561725727939e-01
6.649836949072405416e-04 7.005661946623302494e-02 1.150765945118248229e-01
6.732959910935810890e-04 7.005760367654650933e-02 1.159749947037491680e-01
6.816082872799214196e-04 7.005959598761478391e-02 1.168779825972463687e-01
6.899205834662619670e-04 7.006257304375436423e-02 1.177852007780051530e-01
6.982328796526025144e-04 7.006650733227844097e-02 1.186964710977568144e-01
7.065451758389430618e-04 7.007136773033939559e-02 1.196119766220558323e-01
7.148574720252836093e-04 7.007712003622457164e-02 1.205314407629280854e-01
7.231697682116239399e-04 7.008372748023510013e-02 1.214546449412734902e-01
7.314820643979644873e-04 7.009115121108375202e-02 1.223817312311712979e-01
7.397943605843050347e-04 7.009935075446929731e-02 1.233124333702416420e-01
7.481066567706455821e-04 7.010828444133107573e-02 1.242468008228209131e-01
7.564189529569861296e-04 7.011790980395721240e-02 1.251846205842158943e-01
7.647312491433264602e-04 7.012818393884737156e-02 1.261259281404103760e-01
7.730435453296670076e-04 7.013906383583483339e-02 1.270705256970388608e-01
7.813558415160075550e-04 7.015050667353524283e-02 1.280184625694202882e-01
7.896681377023481024e-04 7.016247008167654509e-02 1.289695069325699217e-01
7.979804338886886499e-04 7.017491237125864090e-02 1.299236553426279528e-01
8.062927300750291973e-04 7.018779273384338768e-02 1.308809620252773531e-01
8.146050262613697447e-04 7.020107141153524022e-02 1.318411712033671079e-01
8.229173224477102921e-04 7.021470983940565624e-02 1.328043316996705692e-01
8.312296186340504059e-04 7.022867076227133631e-02 1.337702846235488130e-01
8.395419148203909533e-04 7.024291832780386879e-02 1.347390177885856577e-01
8.478542110067315007e-04 7.025741815801277157e-02 1.357105110293528316e-01
8.561665071930720482e-04 7.027213740112181473e-02 1.366846216639594214e-01
8.644788033794125956e-04 7.028704476584134164e-02 1.376613201317092305e-01
8.727910995657531430e-04 7.030211053997260928e-02 1.386406037221537546e-01
8.811033957520936905e-04 7.031730659520780968e-02 1.396223341237348703e-01
8.894156919384342379e-04 7.033260637987230612e-02 1.406064914399581534e-01
8.977279881247747853e-04 7.034798490128114923e-02 1.415930575748800824e-01
9.060402843111153327e-04 7.036341869921758363e-02 1.425819162765268044e-01
9.143525804974554465e-04 7.037888581197539184e-02 1.435730548806134765e-01
9.226648766837959939e-04 7.039436573623504556e-02 1.445664505944928013e-01
9.309771728701365413e-04 7.040983938195551073e-02 1.455619833970751842e-01
9.392894690564770888e-04 7.042528902333571039e-02 1.465596621030851310e-01
9.476017652428176362e-04 7.044069824678443614e-02 1.475594289182391439e-01
9.559140614291581836e-04 7.045605189673330437e-02 1.485612780072352590e-01
9.642263576154987310e-04 7.047133602002081387e-02 1.495650737782119044e-01
9.725386538018392785e-04 7.048653780949513947e-02 1.505708513528023484e-01
9.808509499881798259e-04 7.050164554737352318e-02 1.515785498355291250e-01
9.891632461745203733e-04 7.051664854884716338e-02 1.525880736815523608e-01
9.974755423608609207e-04 7.053153710631086815e-02 1.535995688914330304e-01
1.005787838547201034e-03 7.054630243457229999e-02 1.546127995494319118e-01
1.014100134733541582e-03 7.056093661729824495e-02 1.556278016069197190e-01
1.022412430919882129e-03 7.057543255493235745e-02 1.566445363200620056e-01
1.030724727106222677e-03 7.058978391425102528e-02 1.576629952984097416e-01
1.039037023292563224e-03 7.060398507970286341e-02 1.586830900279593559e-01
1.047349319478903772e-03 7.061803110662234761e-02 1.597048281602819197e-01
1.055661615665244319e-03 7.063191767639409591e-02 1.607281689306725991e-01
1.063973911851584866e-03 7.064564105359870394e-02 1.617530794320479470e-01
1.072286208037925414e-03 7.065919804517749314e-02 1.627795760686921167e-01
1.080598504224265961e-03 7.067258596159149697e-02 1.638075048279373225e-01
1.088910800410606075e-03 7.068580257998602345e-02 1.648369494197431673e-01
1.097223096596946623e-03 7.069884610930358970e-02 1.658678487954726166e-01
1.105535392783287170e-03 7.071171515732793678e-02 1.669001743736100718e-01
1.113847688969627717e-03 7.072440869958970810e-02 1.679338976781212522e-01
1.122159985155968265e-03 7.073692605009318513e-02 1.689690162384762939e-01
1.130472281342308812e-03 7.074926683379284542e-02 1.700054505279094408e-01
1.138784577528649360e-03 7.076143096075229733e-02 1.710432184120732335e-01
1.147096873714989907e-03 7.077341860192480627e-02 1.720822851847317037e-01
1.155409169901330454e-03 7.078523016647889077e-02 1.731226263655319120e-01
1.163721466087671002e-03 7.079686628059901621e-02 1.741642181833435721e-01
1.172033762274011116e-03 7.080832776769163672e-02 1.752070341961672606e-01
