1.752070341929423680e-01 0.000000000000000000e+00
1.741642126196108475e-01 -1.254546264289024720e+02
1.731226193575078898e-01 -1.253073512374703284e+02
1.720822771384295791e-01 -1.251568949756332358e+02
1.710432092358249723e-01 -1.250035789588348507e+02
1.700054394803494906e-01 -1.248473178649681046e+02
1.689689922759347596e-01 -1.246868814824324545e+02
1.679338926163934098e-01 -1.245285944040422805e+02
1.669001661025797389e-01 -1.243607399613421336e+02
1.658678389601265790e-01 -1.241925883047644419e+02
1.648369380577804355e-01 -1.240210108758526246e+02
1.638074909263577961e-01 -1.238459949848236619e+02
1.627795257783458960e-01 -1.236636347167685557e+02
1.617530715281726983e-01 -1.234913450667176704e+02
1.607281578131724564e-01 -1.233005271226424640e+02
1.597048150152728940e-01 -1.231116826746762882e+02
1.586830742834327845e-01 -1.229188793827659794e+02
1.576629675568589906e-01 -1.227211719459562005e+02
1.566445275890330224e-01 -1.225243850214693424e+02
1.556277879725802282e-01 -1.223169495347229230e+02
1.546127831650141171e-01 -1.221085046458934471e+02
1.535995485153909823e-01 -1.218953987303726478e+02
1.525881202919115720e-01 -1.216866178978095547e+02
1.515785357105076392e-01 -1.214494555285694304e+02
1.505708329644539212e-01 -1.212298575672366212e+02
1.495650512550467659e-01 -1.209987652080084644e+02
1.485612308233940360e-01 -1.207603468974271692e+02
1.475594129833618373e-01 -1.205261538493342499e+02
1.465596401557263395e-01 -1.202756485983842367e+02
1.455619559035815080e-01 -1.200244413390147145e+02
1.445664049690560671e-01 -1.197662812134058328e+02
1.435730333113953150e-01 -1.195091815317835682e+02
1.425818881464663845e-01 -1.192376428688198757e+02
1.415930179877495920e-01 -1.189633621660003797e+02
1.406064726888798522e-01 -1.186875579028495196e+02
1.396223034878079083e-01 -1.183977680969226896e+02
1.386405630526528210e-01 -1.181058012820096650e+02
1.376613055293228749e-01 -1.178114408451618829e+02
1.366845865909848412e-01 -1.175004410158980050e+02
1.357104634894679140e-01 -1.171891151096527182e+02
1.347389951086920279e-01 -1.168742329422264987e+02
1.337702420202165898e-01 -1.165421856151790081e+02
1.328042665410115730e-01 -1.162077123124694538e+02
1.318411327935584965e-01 -1.158717729387639821e+02
1.308809067683967542e-01 -1.155167184330666572e+02
1.299236563892372243e-01 -1.151675374877192013e+02
1.289694515807739694e-01 -1.147875856043203413e+02
1.280183643393330017e-01 -1.144141572713046742e+02
1.270704688065075194e-01 -1.140403146292129435e+02
1.261258413459387662e-01 -1.136385825833176995e+02
1.251845606234136543e-01 -1.132427833528464021e+02
1.242467076904628931e-01 -1.128231887280571186e+02
1.233123660716572145e-01 -1.124078631984626639e+02
1.223816218558138741e-01 -1.119669124158196780e+02
1.214545637913434090e-01 -1.115319123759399673e+02
1.205312833859839283e-01 -1.110648799861708653e+02
1.196118750111912349e-01 -1.106149396340302218e+02
1.186964360114745043e-01 -1.101387034070641278e+02
1.177850668189925898e-01 -1.096291926229869347e+02
1.168778710737521376e-01 -1.091417053027521149e+02
1.159749557497793404e-01 -1.086327860863635806e+02
1.150764312876691731e-01 -1.080808686053180452e+02
1.141824117339520495e-01 -1.075561215830043551e+02
1.132930148877578647e-01 -1.070025922388591084e+02
1.124083624553006006e-01 -1.064033254608557542e+02
1.115285802127538584e-01 -1.058505553404990991e+02
1.106537981781406804e-01 -1.052407673562022126e+02
1.097841507929165211e-01 -1.046221189472856707e+02
1.089197771139867321e-01 -1.039875086628114076e+02
1.080608210169653194e-01 -1.033355047811998446e+02
1.072074314115534638e-01 -1.026648344326885365e+02
1.063597624699911676e-01 -1.019747486123924176e+02
1.055179738696145897e-01 -1.012654225407367221e+02
1.046822310506340531e-01 -1.005366339218743406e+02
1.038527054903295443e-01 -9.978686460263307367e+01
1.030295749949432793e-01 -9.901156078990007359e+01
1.022130240106243759e-01 -9.827201775827759889e+01
1.014032439548485931e-01 -9.738920178754763413e+01
1.006004335697864294e-01 -9.655709116926932722e+01
9.980479929911824366e-02 -9.574106954446709494e+01
9.901655568978327826e-02 -9.479172450861759103e+01
9.823592582008448815e-02 -9.392804594711411426e+01
9.746314175543079050e-02 -9.297770130656063259e+01
9.669844503275773495e-02 -9.193628364497993743e+01
9.594208717428832911e-02 -9.099459843785278679e+01
9.519433023073360645e-02 -8.994858322480619961e+01
9.445544735322902730e-02 -8.887003245226209458e+01
9.372572339218356030e-02 -8.774991157958241672e+01
9.300545551969123526e-02 -8.671423669541535162e+01
9.229495387010641649e-02 -8.540766315306278500e+01
9.159454219067440783e-02 -8.429391756842417749e+01
9.090455849057138549e-02 -8.289173502633754254e+01
9.022535567214984287e-02 -8.169706794095857560e+01
8.955730212238419141e-02 -8.032967518394472961e+01
8.890078223522930589e-02 -7.896962256652919621e+01
8.825619682660178211e-02 -7.753853777294192184e+01
8.762396339275056734e-02 -7.599930404394002892e+01
8.700451614975866776e-02 -7.441448353809505534e+01
8.639830577680547574e-02 -7.289017573175291886e+01
8.580579876885735535e-02 -7.127372886078387637e+01
8.522747628626059502e-02 -6.941837299725509070e+01
8.466383237044998455e-02 -6.770587598192940959e+01
8.411537137857873214e-02 -6.591901724989446620e+01
8.358260447819115813e-02 -6.396159718003974604e+01
8.306604504007177037e-02 -6.202599202694172220e+01
8.256620277820221621e-02 -5.993508360574710281e+01
8.208357651629294427e-02 -5.792324747306901145e+01
8.161864551678597868e-02 -5.571926443306951882e+01
8.117185939570016606e-02 -5.348147353232330659e+01
8.074362676755307555e-02 -5.126644320028844959e+01
8.033430291612136953e-02 -4.892929762159408114e+01
7.994417695894230624e-02 -4.660710300992003852e+01
7.957345914737508352e-02 -4.422030448306461636e+01
7.922226909249363569e-02 -4.182809743883216669e+01
7.889062579764274941e-02 -3.944405160771054852e+01
7.857844037987167518e-02 -3.705908817427699375e+01
7.828551225309154926e-02 -3.470247414858628332e+01
7.801152932231071591e-02 -3.238720183942317021e+01
7.775607242068398317e-02 -3.012282459615332186e+01
7.751862385175714576e-02 -2.792542299960453178e+01
7.729857953492720590e-02 -2.580546093697715548e+01
7.709526395062418769e-02 -2.377222427405211747e+01
7.690794688792448874e-02 -2.183289394738081057e+01
7.673586093294881838e-02 -1.999232753903585191e+01
7.657821869703004825e-02 -1.825310888532848352e+01
7.643422894302491499e-02 -1.661570478190931155e+01
7.630311098759189059e-02 -1.507869500349278091e+01
7.618410699614305837e-02 -1.363905204905899637e+01
7.607649201139732309e-02 -1.229244308865626145e+01
7.597958174307743728e-02 -1.103353253588724492e+01
7.589273828433976132e-02 -9.856256222983644122e+00
7.581537400906183943e-02 -8.754063231224188613e+00
7.574695394899297329e-02 -7.720118394966633879e+00
7.568699696031247481e-02 -6.747458498682953554e+00
7.563507597548423111e-02 -5.829113673491037595e+00
7.559081760766007962e-02 -4.958188800786267336e+00
7.555390133869839542e-02 -4.127915705175739802e+00
7.552405848351563533e-02 -3.331680879468783107e+00
7.550107108648576593e-02 -2.563028617542707277e+00
7.548477087191053647e-02 -1.815654907529024253e+00
7.547503834100320608e-02 -1.083381059652000378e+00
7.547180208236017873e-02 -3.601270787447128363e-01
7.547503834100320608e-02 3.601270787447128363e-01
7.548477087191053647e-02 1.083381059652000378e+00
7.550107108648576593e-02 1.815654907529024253e+00
7.552405848351563533e-02 2.563028617542707277e+00
7.555390133869839542e-02 3.331680879468783107e+00
7.559081760766007962e-02 4.127915705175739802e+00
7.563507597548423111e-02 4.958188800786267336e+00
7.568699696031247481e-02 5.829113673491037595e+00
7.574695394899297329e-02 6.747458498682953554e+00
7.581537400906183943e-02 7.720118394966633879e+00
7.589273828433976132e-02 8.754063231224188613e+00
7.597958174307745116e-02 9.856256222983644122e+00
7.607649201139732309e-02 1.103353253588724492e+01
7.618410699614307224e-02 1.229244308865792945e+01
7.630311098759190447e-02 1.363905204905899637e+01
7.643422894302491499e-02 1.507869500349111291e+01
7.657821869703004825e-02 1.661570478190931155e+01
7.673586093294884614e-02 1.825310888533182307e+01
7.690794688792450262e-02 1.999232753903418214e+01
7.709526395062418769e-02 2.183289394737914435e+01
7.729857953492720590e-02 2.377222427405211747e+01
7.751862385175714576e-02 2.580546093697715548e+01
7.775607242068399705e-02 2.792542299960620156e+01
7.801152932231072978e-02 3.012282459615332186e+01
7.828551225309157702e-02 3.238720183942483999e+01
7.857844037987167518e-02 3.470247414858294377e+01
7.889062579764274941e-02 3.705908817427699375e+01
7.922226909249363569e-02 3.944405160771054852e+01
7.957345914737508352e-02 4.182809743883216669e+01
7.994417695894232012e-02 4.422030448306628614e+01
8.033430291612136953e-02 4.660710300991837585e+01
8.074362676755308943e-02 4.892929762159575091e+01
8.117185939570016606e-02 5.126644320028677981e+01
8.161864551678597868e-02 5.348147353232330659e+01
8.208357651629294427e-02 5.571926443306951882e+01
8.256620277820223008e-02 5.792324747307068122e+01
8.306604504007177037e-02 5.993508360574543303e+01
8.358260447819115813e-02 6.202599202694172220e+01
8.411537137857873214e-02 6.396159718003974604e+01
8.466383237044999843e-02 6.591901724989614308e+01
8.522747628626060890e-02 6.770587598192940959e+01
8.580579876885735535e-02 6.941837299725341381e+01
8.639830577680550350e-02 7.127372886078721592e+01
8.700451614975868164e-02 7.289017573175125619e+01
8.762396339275059509e-02 7.441448353809671801e+01
8.825619682660178211e-02 7.599930404393668937e+01
8.890078223522930589e-02 7.753853777294192184e+01
8.955730212238421917e-02 7.896962256653253576e+01
9.022535567214984287e-02 8.032967518394139006e+01
9.090455849057138549e-02 8.169706794095857560e+01
9.159454219067440783e-02 8.289173502633754254e+01
9.229495387010644425e-02 8.429391756842751704e+01
9.300545551969123526e-02 8.540766315305944545e+01
9.372572339218357418e-02 8.671423669541702850e+01
9.445544735322904117e-02 8.774991157958241672e+01
9.519433023073362032e-02 8.887003245226209458e+01
9.594208717428832911e-02 8.994858322480453694e+01
9.669844503275777658e-02 9.099459843785780322e+01
9.746314175543083214e-02 9.193628364497993743e+01
9.823592582008452978e-02 9.297770130656063259e+01
9.901655568978330602e-02 9.392804594711245159e+01
9.980479929911824366e-02 9.479172450861425148e+01
1.006004335697864432e-01 9.574106954446877182e+01
1.014032439548486209e-01 9.655709116927100411e+01
1.022130240106244176e-01 9.738920178754931101e+01
1.030295749949433071e-01 9.827201775827593622e+01
1.038527054903295443e-01 9.901156078989673404e+01
1.046822310506340670e-01 9.978686460263473634e+01
1.055179738696146174e-01 1.005366339218760174e+02
1.063597624699911953e-01 1.012654225407367221e+02
1.072074314115534915e-01 1.019747486123924176e+02
1.080608210169653333e-01 1.026648344326868596e+02
1.089197771139867599e-01 1.033355047812015073e+02
1.097841507929165628e-01 1.039875086628130845e+02
1.106537981781406943e-01 1.046221189472823312e+02
1.115285802127538861e-01 1.052407673562038752e+02
1.124083624553006006e-01 1.058505553404957737e+02
1.132930148877578647e-01 1.064033254608557542e+02
1.141824117339520495e-01 1.070025922388591084e+02
1.150764312876692147e-01 1.075561215830093715e+02
1.159749557497793682e-01 1.080808686053163683e+02
1.168778710737521376e-01 1.086327860863602410e+02
1.177850668189926037e-01 1.091417053027537918e+02
1.186964360114745320e-01 1.096291926229885973e+02
1.196118750111912488e-01 1.101387034070624509e+02
1.205312833859839561e-01 1.106149396340318845e+02
1.214545637913434228e-01 1.110648799861692027e+02
1.223816218558139018e-01 1.115319123759416300e+02
1.233123660716572423e-01 1.119669124158196780e+02
1.242467076904629208e-01 1.124078631984626639e+02
1.251845606234136543e-01 1.128231887280537791e+02
1.261258413459387939e-01 1.132427833528497416e+02
1.270704688065075749e-01 1.136385825833210390e+02
1.280183643393330017e-01 1.140403146292062786e+02
1.289694515807739694e-01 1.144141572713046742e+02
1.299236563892372243e-01 1.147875856043203413e+02
1.308809067683967542e-01 1.151675374877192013e+02
1.318411327935584965e-01 1.155167184330666572e+02
1.328042665410116285e-01 1.158717729387706612e+02
1.337702420202165898e-01 1.162077123124627747e+02
1.347389951086920279e-01 1.165421856151790081e+02
1.357104634894679418e-01 1.168742329422298383e+02
1.366845865909848690e-01 1.171891151096527182e+02
1.376613055293229304e-01 1.175004410159013446e+02
1.386405630526528765e-01 1.178114408451618829e+02
1.396223034878079361e-01 1.181058012820063254e+02
1.406064726888798799e-01 1.183977680969226896e+02
1.415930179877496198e-01 1.186875579028495196e+02
1.425818881464664400e-01 1.189633621660037193e+02
1.435730333113953150e-01 1.192376428688131966e+02
1.445664049690560671e-01 1.195091815317835682e+02
1.455619559035815080e-01 1.197662812134058328e+02
1.465596401557263395e-01 1.200244413390147145e+02
1.475594129833618651e-01 1.202756485983875763e+02
1.485612308233940637e-01 1.205261538493342499e+02
1.495650512550467937e-01 1.207603468974271692e+02
1.505708329644539489e-01 1.209987652080084644e+02
1.515785357105076947e-01 1.212298575672399608e+02
1.525881202919115998e-01 1.214494555285660908e+02
1.535995485153910378e-01 1.216866178978128943e+02
1.546127831650141171e-01 1.218953987303659687e+02
1.556277879725802282e-01 1.221085046458934471e+02
1.566445275890330224e-01 1.223169495347229230e+02
1.576629675568590461e-01 1.225243850214760215e+02
1.586830742834328400e-01 1.227211719459562005e+02
1.597048150152728940e-01 1.229188793827593003e+02
1.607281578131724564e-01 1.231116826746762882e+02
1.617530715281727260e-01 1.233005271226458035e+02
1.627795257783459515e-01 1.234913450667210100e+02
1.638074909263578516e-01 1.236636347167685557e+02
1.648369380577804355e-01 1.238459949848169828e+02
1.658678389601265790e-01 1.240210108758526246e+02
1.669001661025797389e-01 1.241925883047644419e+02
1.679338926163934376e-01 1.243607399613454731e+02
1.689689922759347596e-01 1.245285944040389410e+02
1.700054394803495184e-01 1.246868814824357941e+02
1.710432092358249723e-01 1.248473178649647650e+02
1.720822771384296068e-01 1.250035789588381903e+02
1.731226193575079453e-01 1.251568949756365754e+02
1.741642126196109031e-01 1.253073512374703284e+02
