7.195349635313440240e-02 0.000000000000000000e+00
7.195227382024743656e-02 -1.378859323065867004e+00
7.195102199589931136e-02 -1.399867600873855533e+00
7.194973995702810821e-02 -1.420974937549569717e+00
7.194842674456949916e-02 -1.442157606464232966e+00
7.194708136178309954e-02 -1.463389499914667713e+00
7.194570277248857337e-02 -1.484641959665716993e+00
7.194428989920570450e-02 -1.505883599886199686e+00
7.194284162119267412e-02 -1.527080120428192522e+00
7.194135677237591120e-02 -1.548194113378028813e+00
7.193983413916510417e-02 -1.569184858811991656e+00
7.193827245814579663e-02 -1.590008115476577943e+00
7.193667041364174008e-02 -1.610615901296198027e+00
7.193502663513884343e-02 -1.630956269459909569e+00
7.193333969456151833e-02 -1.650973076150387575e+00
7.193160810339199740e-02 -1.670605746052394647e+00
7.192983030962216140e-02 -1.689789031166357258e+00
7.192800469452670376e-02 -1.708452770874105964e+00
7.192612956924598899e-02 -1.726521649001094172e+00
7.192420317116551831e-02 -1.743914955524975552e+00
7.192222366007830492e-02 -1.760546351800248210e+00
7.192018911411535154e-02 -1.776323645167438903e+00
7.191809752542829837e-02 -1.791148574350912570e+00
7.191594679560689429e-02 -1.804916612361905148e+00
7.191373473081288936e-02 -1.817516789563035084e+00
7.191145903661017025e-02 -1.828831544719466295e+00
7.190911731246987793e-02 -1.838736607133741208e+00
7.190670704592677653e-02 -1.847100921881696056e+00
7.190422560636192117e-02 -1.853786619647044276e+00
7.190167023838463234e-02 -1.858649046407633065e+00
7.189903805478373156e-02 -1.861536857396003608e+00
7.189632602901685487e-02 -1.862292188901017775e+00
7.189353098720269175e-02 -1.860750917805966687e+00
7.189064959957941481e-02 -1.856743021483282297e+00
7.188767837138823613e-02 -1.850093050584171728e+00
7.188461363313819463e-02 -1.840620728797469186e+00
7.188145153020479572e-02 -1.828141694500140968e+00
7.187818801171023952e-02 -1.812468395440340885e+00
7.187481881862886612e-02 -1.793411156819853858e+00
7.187133947105672771e-02 -1.770779430756365569e+00
7.186774525457854945e-02 -1.744383246684333866e+00
7.186403120565920677e-02 -1.714034872331096526e+00
7.186019209598044910e-02 -1.679550698472681125e+00
7.185622241563714707e-02 -1.640753356793750894e+00
7.185211635509793082e-02 -1.597474078663505548e+00
7.184786778582821776e-02 -1.549555296877743515e+00
7.184347023946277555e-02 -1.496853493086785170e+00
7.183891688540505749e-02 -1.439242283130820033e+00
7.183420050671922297e-02 -1.376615732188711361e+00
7.182931347416773860e-02 -1.308891880563807675e+00
7.182424771823324450e-02 -1.236016458010284147e+00
7.181899469894911792e-02 -1.157966753152259054e+00
7.181354537334447286e-02 -1.074755598393978717e+00
7.180789016029233418e-02 -9.864354206987308027e-01
7.180201890252778385e-02 -8.931023007622489462e-01
7.179592082558100552e-02 -7.948999725731935584e-01
7.178958449334450764e-02 -6.920236907119411418e-01
7.178299775996627163e-02 -5.847238779767621741e-01
7.177614771773030422e-02 -4.733094726046649381e-01
7.176902064055196151e-02 -3.581508734564334273e-01
7.176160192267877491e-02 -2.396823962457872714e-01
7.175387601214644473e-02 -1.184041438652780470e-01
7.174582633849513336e-02 5.116799732403409622e-03
7.173743523420131329e-02 1.302459291858053814e-01
7.172868384922716223e-02 2.562817048481069726e-01
7.171955205802993394e-02 3.824568202571475561e-01
7.171001835830910498e-02 5.079403819673703468e-01
7.170005976069922238e-02 6.318410194258758938e-01
7.168965166853993876e-02 7.532109020932217236e-01
7.167876774677267582e-02 8.710506278068070873e-01
7.166737977892505274e-02 9.843149028996044381e-01
7.165545751105061034e-02 1.091918915135079216e+00
7.164296848139226070e-02 1.192745256751907679e+00
7.162987783443468259e-02 1.285651247168730249e+00
7.161614811790550927e-02 1.369476457133379954e+00
7.160173906117933695e-02 1.443050235344710108e+00
7.158660733343630289e-02 1.505199017194909894e+00
7.157070627983228017e-02 1.554753188005957965e+00
7.155398563385878541e-02 1.590553276664971927e+00
7.153639120401418527e-02 1.611455267250047063e+00
7.151786453288812295e-02 1.616334828684675262e+00
7.149834252679278246e-02 1.604090296354016232e+00
7.147775705417915015e-02 1.573644271068938449e+00
7.145603451128154648e-02 1.523943740908053623e+00
7.143309535377521946e-02 1.453958692358099603e+00
7.140885359375552521e-02 1.362679224177521631e+00
7.138321626211077686e-02 1.249111250674590501e+00
7.135608283744095115e-02 1.112270951085589044e+00
7.132734464416003173e-02 9.511782059439779502e-01
7.129688422442873041e-02 7.648493514620684497e-01
7.126457469123377575e-02 5.522896906092850111e-01
7.123027907342766030e-02 3.124863188353469989e-01
7.119384966806385773e-02 4.440196351203017089e-02
7.115512742112756195e-02 -2.530293024258222778e-01
7.111394136501007768e-02 -5.809034188389200493e-01
7.107010815004928539e-02 -9.403435001431341700e-01
7.102343171837476044e-02 -1.332491281929908844e+00
7.097370318130104272e-02 -1.758491069874758894e+00
7.092070097660975458e-02 -2.219464125279042133e+00
7.086419139901473097e-02 -2.716471173251426841e+00
7.080392961529963225e-02 -3.250460517606826638e+00
7.073966129388632729e-02 -3.822199187845878310e+00
7.067112499502049838e-02 -4.432184699834476937e+00
7.059805547947733961e-02 -5.080535524344496068e+00
7.052018809672107313e-02 -5.766859358590047613e+00
7.043726440271379230e-02 -6.490099964736677940e+00
7.034903912710671614e-02 -7.248365794843747878e+00
7.025528855320757604e-02 -8.038746945989842629e+00
7.015582028674986759e-02 -8.857131088481818182e+00
7.005048426875230827e-02 -9.698033578447368797e+00
6.993918473637356081e-02 -1.055446136596593121e+01
6.982189266368916958e-02 -1.141783360227729993e+01
6.969865804058521241e-02 -1.227798281261657998e+01
6.956962119971182856e-02 -1.312325791103712014e+01
6.943502231110063039e-02 -1.394074333109774066e+01
6.929520816290656027e-02 -1.471659706163003278e+01
6.915063545635785625e-02 -1.543649554045897965e+01
6.900187006676032631e-02 -1.608615753766707357e+01
6.884958204030276752e-02 -1.665190556391936028e+01
6.869453646605713781e-02 -1.712121521076899100e+01
6.853758072722669625e-02 -1.748320240949876592e+01
6.837962893751051152e-02 -1.772900630367514552e+01
6.822164456254789511e-02 -1.785203968161823340e+01
6.806462229105567086e-02 -1.784809656319513138e+01
6.790957015991869183e-02 -1.771532390000028911e+01
6.775749277836985718e-02 -1.745407827503056808e+01
6.760937627718698051e-02 -1.706669712897210189e+01
6.746617537016061372e-02 -1.655721695351919465e+01
6.732880269104565829e-02 -1.593106910762622519e+01
6.719812038273224875e-02 -1.519477882395093538e+01
6.707493377741993723e-02 -1.435568606309425377e+01
6.695998691808670300e-02 -1.342170035869234646e+01
6.685395962665854896e-02 -1.240109607551916149e+01
6.675746581368097177e-02 -1.130234850238767841e+01
6.667105273783079100e-02 -1.013400926157183157e+01
6.659520095206265811e-02 -8.904617772812150278e+00
6.653032470913493313e-02 -7.622642734239073903e+00
6.647677263731475994e-02 -6.296448467549223160e+00
6.643482853371776575e-02 -4.934283177634941175e+00
6.640471215603512001e-02 -3.544279082822499038e+00
6.638657992253936546e-02 -2.134467176473878069e+00
6.638052545525208181e-02 -7.128043413747173762e-01
6.638657992253936546e-02 7.128043413747173762e-01
6.640471215603512001e-02 2.134467176473878069e+00
6.643482853371776575e-02 3.544279082822499038e+00
6.647677263731475994e-02 4.934283177634941175e+00
6.653032470913493313e-02 6.296448467549223160e+00
6.659520095206265811e-02 7.622642734239073903e+00
6.667105273783079100e-02 8.904617772812150278e+00
6.675746581368097177e-02 1.013400926157183157e+01
6.685395962665854896e-02 1.130234850238767841e+01
6.695998691808670300e-02 1.240109607551916149e+01
6.707493377741993723e-02 1.342170035869234646e+01
6.719812038273226262e-02 1.435568606309592354e+01
6.732880269104565829e-02 1.519477882394926560e+01
6.746617537016062760e-02 1.593106910762789497e+01
6.760937627718699439e-02 1.655721695351919465e+01
6.775749277836985718e-02 1.706669712897043212e+01
6.790957015991869183e-02 1.745407827503056808e+01
6.806462229105567086e-02 1.771532390000028911e+01
6.822164456254790899e-02 1.784809656319680116e+01
6.837962893751051152e-02 1.785203968161656363e+01
6.853758072722669625e-02 1.772900630367514552e+01
6.869453646605713781e-02 1.748320240949876592e+01
6.884958204030278139e-02 1.712121521077066078e+01
6.900187006676034018e-02 1.665190556391769050e+01
6.915063545635785625e-02 1.608615753766707357e+01
6.929520816290656027e-02 1.543649554045897965e+01
6.943502231110063039e-02 1.471659706163003278e+01
6.956962119971182856e-02 1.394074333109774066e+01
6.969865804058521241e-02 1.312325791103712014e+01
6.982189266368918346e-02 1.227798281261824975e+01
6.993918473637356081e-02 1.141783360227563016e+01
7.005048426875232215e-02 1.055446136596760098e+01
7.015582028674986759e-02 9.698033578445699021e+00
7.025528855320757604e-02 8.857131088481818182e+00
7.034903912710671614e-02 8.038746945989842629e+00
7.043726440271377842e-02 7.248365794842078103e+00
7.052018809672107313e-02 6.490099964738347715e+00
7.059805547947733961e-02 5.766859358590047613e+00
7.067112499502049838e-02 5.080535524344496068e+00
7.073966129388631341e-02 4.432184699834476937e+00
7.080392961529964613e-02 3.822199187847547641e+00
7.086419139901473097e-02 3.250460517605156863e+00
7.092070097660975458e-02 2.716471173249757065e+00
7.097370318130105660e-02 2.219464125282381239e+00
7.102343171837476044e-02 1.758491069873089341e+00
7.107010815004928539e-02 1.332491281929908844e+00
7.111394136501007768e-02 9.403435001431341700e-01
7.115512742112756195e-02 5.809034188389200493e-01
7.119384966806385773e-02 2.530293024258222778e-01
7.123027907342766030e-02 -4.440196351203017089e-02
7.126457469123377575e-02 -3.124863188353469989e-01
7.129688422442873041e-02 -5.522896906092850111e-01
7.132734464416003173e-02 -7.648493514620684497e-01
7.135608283744096503e-02 -9.511782059423083968e-01
7.138321626211079074e-02 -1.112270951085589044e+00
7.140885359375551134e-02 -1.249111250677929608e+00
7.143309535377521946e-02 -1.362679224175852077e+00
7.145603451128153261e-02 -1.453958692359769156e+00
7.147775705417916403e-02 -1.523943740904714517e+00
7.149834252679279634e-02 -1.573644271068938449e+00
7.151786453288812295e-02 -1.604090296355685785e+00
7.153639120401418527e-02 -1.616334828684675262e+00
7.155398563385879929e-02 -1.611455267248377510e+00
7.157070627983228017e-02 -1.590553276666641480e+00
7.158660733343628901e-02 -1.554753188007627518e+00
7.160173906117933695e-02 -1.505199017193240341e+00
7.161614811790550927e-02 -1.443050235344710108e+00
7.162987783443469647e-02 -1.369476457131710401e+00
7.164296848139226070e-02 -1.285651247170399802e+00
7.165545751105061034e-02 -1.192745256751907679e+00
7.166737977892505274e-02 -1.091918915135079216e+00
7.167876774677268970e-02 -9.843149028979348847e-01
7.168965166853993876e-02 -8.710506278084766407e-01
7.170005976069920850e-02 -7.532109020932217236e-01
7.171001835830909110e-02 -6.318410194242063405e-01
7.171955205802993394e-02 -5.079403819690399002e-01
7.172868384922716223e-02 -3.824568202571475561e-01
7.173743523420131329e-02 -2.562817048481069726e-01
7.174582633849513336e-02 -1.302459291858053814e-01
7.175387601214643085e-02 -5.116799734072958669e-03
7.176160192267874716e-02 1.184041438636085075e-01
7.176902064055196151e-02 2.396823962491263782e-01
7.177614771773031810e-02 3.581508734581029807e-01
7.178299775996627163e-02 4.733094726029953847e-01
7.178958449334449377e-02 5.847238779750926208e-01
7.179592082558100552e-02 6.920236907136106952e-01
7.180201890252776997e-02 7.948999725715240050e-01
7.180789016029233418e-02 8.931023007639184996e-01
7.181354537334447286e-02 9.864354206987308027e-01
7.181899469894911792e-02 1.074755598393978717e+00
7.182424771823324450e-02 1.157966753152259054e+00
7.182931347416772472e-02 1.236016458008614594e+00
7.183420050671923685e-02 1.308891880602207181e+00
7.183891688540504361e-02 1.376615732150311633e+00
7.184347023946277555e-02 1.439242283132489586e+00
7.184786778582821776e-02 1.496853493086785170e+00
7.185211635509791694e-02 1.549555296876073962e+00
7.185622241563713319e-02 1.597474078663505548e+00
7.186019209598044910e-02 1.640753356795420448e+00
7.186403120565920677e-02 1.679550698472681125e+00
7.186774525457854945e-02 1.714034872331096526e+00
7.187133947105669995e-02 1.744383246680994759e+00
7.187481881862883837e-02 1.770779430746348249e+00
7.187818801171025340e-02 1.793411156838218945e+00
7.188145153020480960e-02 1.812468395438671331e+00
7.188461363313816688e-02 1.828141694490123648e+00
7.188767837138822225e-02 1.840620728799138739e+00
7.189064959957944256e-02 1.850093050595858601e+00
7.189353098720269175e-02 1.856743021476604083e+00
7.189632602901685487e-02 1.860750917805966687e+00
7.189903805478373156e-02 1.862292188901017775e+00
7.190167023838463234e-02 1.861536857396003608e+00
7.190422560636192117e-02 1.858649046407633065e+00
7.190670704592674878e-02 1.853786619640366062e+00
7.190911731246990568e-02 1.847100921896721815e+00
7.191145903661019800e-02 1.838736607175479820e+00
7.191373473081290324e-02 1.828831544682736121e+00
7.191594679560689429e-02 1.817516789549678657e+00
7.191809752542831224e-02 1.804916612366913808e+00
7.192018911411535154e-02 1.791148574345903910e+00
7.192222366007830492e-02 1.776323645167438903e+00
7.192420317116551831e-02 1.760546351800248210e+00
7.192612956924598899e-02 1.743914955524975552e+00
7.192800469452671763e-02 1.726521649006102832e+00
7.192983030962216140e-02 1.708452770869097304e+00
7.193160810339199740e-02 1.689789031166357258e+00
7.193333969456150445e-02 1.670605746047385987e+00
7.193502663513881568e-02 1.650973076147048468e+00
7.193667041364174008e-02 1.630956269468257336e+00
7.193827245814579663e-02 1.610615901296198027e+00
7.193983413916510417e-02 1.590008115476577943e+00
7.194135677237591120e-02 1.569184858811991656e+00
7.194284162119267412e-02 1.548194113378028813e+00
7.194428989920573225e-02 1.527080120488296222e+00
7.194570277248855950e-02 1.505883599774339832e+00
7.194708136178307178e-02 1.484641959695768731e+00
7.194842674456949916e-02 1.463389499936371907e+00
7.194973995702813596e-02 1.442157606487606714e+00
7.195102199589931136e-02 1.420974937526195969e+00
7.195227382024743656e-02 1.399867600873855533e+00
