4.018494220566542197e+01
1.432628359977323385e+02
8.876429465233673000e+01
8.746173961114746476e+01
1.447790374938943501e+02
4.195826869361939515e+01
1.298351695263683894e+02
1.190742076245091567e+02
5.567371054789502693e+01
1.495510227747569161e+02
7.310335691342837094e+01
1.059344156901595539e+02
1.412525631003617832e+02
3.681253046884245350e+01
1.421500744357539929e+02
1.067586779635908130e+02
7.472663594166523637e+01
1.526176125963340269e+02
5.716978150157664373e+01
1.231154492298893217e+02
1.344178255913319617e+02
4.476811532862669907e+01
1.516567001081503179e+02
9.206727850744114505e+01
9.458343668581298402e+01
1.521805649373335712e+02
4.417579445523163884e+01
1.383968474067125385e+02
1.242971877456957088e+02
6.157145574282904477e+01
1.581126223260311008e+02
7.575909227420684999e+01
1.139987959625771197e+02
1.483393860533897453e+02
4.053115455340447681e+01
1.511995282260782290e+02
1.112891796047482558e+02
8.175969908671518738e+01
1.611469790019062884e+02
5.954392195985849412e+01
1.320539810102608556e+02
1.409906624524492713e+02
5.023008227199121478e+01
1.611288674121747135e+02
9.587402976166585233e+01
1.027412424085511589e+02
1.606119670066847505e+02
4.710686800465941815e+01
1.480709493160287877e+02
1.303022505428115778e+02
6.835763779298271459e+01
1.677866228241619240e+02
7.901164475686935873e+01
1.232011176641454284e+02
1.564295379312141847e+02
4.521805813773391236e+01
1.615342696220358505e+02
1.166241494777088690e+02
8.981463577840870016e+01
1.709112553744030834e+02
6.270050738601368323e+01
1.422095345495008871e+02
1.485865016381850978e+02
5.673313191248509924e+01
1.719603506101047117e+02
1.005363229868066242e+02
1.120952612796085788e+02
1.703151935312230307e+02
5.121488344666296655e+01
1.591447147046087593e+02
1.373337456797351592e+02
7.633454976058571617e+01
1.789260067512719843e+02
8.319395179061892520e+01
1.337916697900552379e+02
1.658212529146273937e+02
5.123635670283415777e+01
1.734137645026975747e+02
1.229782139754543806e+02
9.928690750231385209e+01
1.822556426968997982e+02
6.703375934993260898e+01
1.541232017399532310e+02
1.576717558118534726e+02
6.466363044416360140e+01
1.845404143205315677e+02
1.063647627298386737e+02
1.230575544747440944e+02
1.816661278104203063e+02
5.683634670164961733e+01
1.721627853056435526e+02
1.458335113737243489e+02
8.590493648917657765e+01
1.920264933338151252e+02
8.868645096865871835e+01
1.463785321777599222e+02
1.771048960338712561e+02
5.901766741939590588e+01
1.875377727223396960e+02
1.310132581060868517e+02
1.106355399133864239e+02
1.958568102126440920e+02
7.311348105256979579e+01
1.680617992443854121e+02
1.685824854798770787e+02
7.454134323644444748e+01
1.995714940741484895e+02
1.139664952110127700e+02
1.362912680006642745e+02
1.953818323604957072e+02
6.448357460070940306e+01
1.878637104310591326e+02
1.566370883044537834e+02
9.790330806879794068e+01
2.080414548884820931e+02
9.648676261834539503e+01
1.616821054335525787e+02
1.912314602627550642e+02
6.941517668754904946e+01
2.044880425484687407e+02
1.413915680645269219e+02
1.245474187091516143e+02
2.123468570761753540e+02
8.191208684627720515e+01
1.853626050073833085e+02
1.824539650887579683e+02
8.753607236806324465e+01
2.182973399258257245e+02
1.243995174217069746e+02
1.526890692996252312e+02
2.127176605799637912e+02
7.594658859454372646e+01
2.072321273857115784e+02
1.704913007386780350e+02
1.130447704658655539e+02
2.278327445361012451e+02
1.072833009370891801e+02
1.808303070467073042e+02
2.090052855452616711e+02
8.394262263374019994e+01
2.262943710389602074e+02
1.555670113766281020e+02
1.432552308364299734e+02
2.340510981495483520e+02
9.505219939747910018e+01
2.077575852206110198e+02
2.011394602186074962e+02
1.049192056317994144e+02
2.422864960761924635e+02
1.392941755854190546e+02
1.750649084620194174e+02
2.360836513915226647e+02
9.283304727259815081e+01
2.329143483377630162e+02
1.900212271587591601e+02
1.351591829059780423e+02
2.551456855704012696e+02
1.246054499237374813e+02
2.075040372792554706e+02
2.340741011578761857e+02
1.059594367199960914e+02
2.567883943006854679e+02
1.769765496933885345e+02
1.700813870731925306e+02
2.651119891443303800e+02
1.171300997557132604e+02
2.400852253340167977e+02
2.294087362023016965e+02
1.327396614931528802e+02
2.781939408443769253e+02
1.649871249160327977e+02
2.084995736658075884e+02
2.714924600028218720e+02
1.225749076027353794e+02
2.726672011342822657e+02
2.227007430887732085e+02
1.699021816183237377e+02
2.978998232676057114e+02
1.573979600390231610e+02
2.495593188802106397e+02
2.758995308532577155e+02
1.454779778083451447e+02
3.056777024483424157e+02
2.168505642384643011e+02
2.156202681000785901e+02
3.169293323901126200e+02
1.613524514782313872e+02
2.949386954991855987e+02
2.808842470773459468e+02
1.850278604751028695e+02
3.408703745728710715e+02
2.174778675491647846e+02
2.702515279704435329e+02
3.384837576100575234e+02
1.862761164717251461e+02
3.472501755247870960e+02
2.913604775556879076e+02
2.423240802469418043e+02
3.826448019215855538e+02
2.332219009284824836e+02
3.361472820724579833e+02
3.672520050099376476e+02
2.362086815311452597e+02
4.108742291196289216e+02
3.167226180401710280e+02
3.225142113990032726e+02
4.399101205966810539e+02
2.809137663762795114e+02
4.279043406053691001e+02
4.212111377505181053e+02
3.275186637885670393e+02
5.065106475543385045e+02
3.855076705944830451e+02
4.471886757151028746e+02
5.412882929634056381e+02
3.973421916109562630e+02
5.833068306037583852e+02
5.492735469348849620e+02
5.059411231295925973e+02
6.956385737583611899e+02
5.721286534788878271e+02
6.931186488448117871e+02
7.996842194579735406e+02
6.953147729029528819e+02
9.279775187017445433e+02
9.359911796168325964e+02
9.555206076907696797e+02
1.212367252387492954e+03
1.162330433670640105e+03
1.302169600254269199e+03
1.501556419161777058e+03
1.370495188583863637e+03
1.436503961767810324e+03
1.413411978630838576e+03
1.128261265651599160e+03
1.156441480357573028e+03
1.022624183298415005e+03
7.755349684728992088e+02
8.689961499115361221e+02
6.712304959155727602e+02
5.802514734882323637e+02
6.612524821448728289e+02
4.254931542886009197e+02
5.098569962788675980e+02
4.822886422419198880e+02
3.026023425389141721e+02
4.597282320344182835e+02
3.076383905073701044e+02
3.005079074253920908e+02
3.866160683870206185e+02
1.757307259919601847e+02
3.275453178243544130e+02
2.761737278129990045e+02
1.605179834173898143e+02
3.183219263705311164e+02
1.477908751254089168e+02
2.248116002825297244e+02
2.622992212111493018e+02
7.087256465592530219e+01
2.613260005219719915e+02
1.656416578872684795e+02
1.408598046010691007e+02
2.475538396705074149e+02
5.198139555318616800e+01
2.085111737767951183e+02
1.882259601704955116e+02
6.917572477663500763e+01
2.269568190649354733e+02
9.303338926160890310e+01
1.547613886651389237e+02
1.988130579286832642e+02
1.433724817308105770e+01
2.001415786883631256e+02
1.302776948162155009e+02
1.072232468496884934e+02
2.007451956272305154e+02
4.656121917482143147e+01
1.703886171508613074e+02
1.581565426659721538e+02
6.530573516115470056e+01
1.926208397194524196e+02
8.889742234304794977e+01
1.364939104226466782e+02
1.719204051047944404e+02
4.715189032669096036e+01
1.775168897892609152e+02
1.190190568280621619e+02
1.070561977792965394e+02
1.799627056039344666e+02
6.298860312423818186e+01
1.609168161495028926e+02
1.461176734933657428e+02
8.275994841535707280e+01
1.812096575163794512e+02
9.194398259085195946e+01
1.364051820787864813e+02
1.615765534960618766e+02
6.838386050081476242e+01
1.710763832641379736e+02
1.161662349771612526e+02
1.172923929000260017e+02
1.724551904479926634e+02
7.447548052704210875e+01
1.627323241136134016e+02
1.397818139741110315e+02
9.572270926542056202e+01
1.791708589460637882e+02
9.196603561147945527e+01
1.454131046051250564e+02
1.603117434429792638e+02
8.339404053773075987e+01
1.794362053793510654e+02
1.176478003447010821e+02
1.265098599731255717e+02
1.768265074889254436e+02
8.283689286558579568e+01
1.717901063323236315e+02
1.444153604504096222e+02
1.057349435361403494e+02
1.847611625735772520e+02
9.646360422612742980e+01
1.574434966221545835e+02
1.666272101743519158e+02
8.986310639406387679e+01
1.874988286727123921e+02
1.193050793520362731e+02
1.379697489595812385e+02
1.864612822079184014e+02
8.501740684445609020e+01
1.830757677270248109e+02
1.495208813095090932e+02
1.160338258590799683e+02
2.013486716881673999e+02
9.886775105316432644e+01
1.668595261040360640e+02
1.763514498339149554e+02
9.061063617931631597e+01
2.046267383537464752e+02
1.273847073166235901e+02
1.446723377921024962e+02
2.021892816133673421e+02
8.404118804841199619e+01
1.980747385736805199e+02
1.620101119160718497e+02
1.142144141800573180e+02
2.177197410646345475e+02
1.012839867208020195e+02
1.813405297939923173e+02
1.979128892071809673e+02
8.515609432452447436e+01
2.246531052204242371e+02
1.418407183590324223e+02
1.495701741425044418e+02
2.260009003237481409e+02
7.837045468965474981e+01
2.140832379389818527e+02
1.849550077621759385e+02
1.123772802535574016e+02
2.463938291419868278e+02
1.141350594644502081e+02
1.890822059733610843e+02
2.279166870800999050e+02
7.455838499156651267e+01
2.472004876907065807e+02
1.673758578484006989e+02
1.471895536167873217e+02
2.589072780542161922e+02
8.420803193165855305e+01
2.294468078137039129e+02
2.215559187160325791e+02
9.533416728453792643e+01
2.738550581799981956e+02
1.404803716723758100e+02
1.910416102460131356e+02
2.670707646965940967e+02
6.393022927924884868e+01
2.661409481396219121e+02
2.057626118194839080e+02
1.347949239009174676e+02
2.950592758938887528e+02
1.076771509310324717e+02
2.356718744342349794e+02
2.654099316739568621e+02
7.121930323043788746e+01
3.001706483638147915e+02
1.820046782646672625e+02
1.819623903490760028e+02
3.088601479818647135e+02
7.201621675449101190e+01
2.797643939642496207e+02
2.549773213510582650e+02
1.100396762840743889e+02
3.289669687464424896e+02
1.495673889655186031e+02
2.332206699207573024e+02
3.141966670384276199e+02
4.996881635817660339e+01
3.224677836105863662e+02
2.359093878905621295e+02
1.618900488877337978e+02
3.513617285639535339e+02
1.095237172053945329e+02
2.852634234132787014e+02
3.108541843704432495e+02
7.565679105547373240e+01
3.596618042376199469e+02
2.058537267126831409e+02
2.196724803762922988e+02
3.652758180532172787e+02
6.487960034264219189e+01
3.360501659521171973e+02
2.962099901182910457e+02
1.315822229040184652e+02
3.922448657709192048e+02
1.660529454899989048e+02
2.813629884609944156e+02
3.702100678851882094e+02
4.256122011820895779e+01
3.856900051154240714e+02
2.721492609448832241e+02
1.963676548422621693e+02
4.170358367647314140e+02
1.162916904238584266e+02
3.441454168816659376e+02
3.650118014116380323e+02
8.937199581414998306e+01
4.305278554234012631e+02
2.358619780254201999e+02
2.677640990535704759e+02
4.338491314008855966e+02
5.998644094078088074e+01
4.062051391571428098e+02
3.485011043906914097e+02
1.604320878092825069e+02
4.692051476120042253e+02
1.875709158300987269e+02
3.427695727846153773e+02
4.403318438804920447e+02
4.116459053100038545e+01
4.658950258953330490e+02
3.189819813767234677e+02
2.419793343392087195e+02
5.009089390556954982e+02
1.275890018288809387e+02
4.193740826956155274e+02
4.347717179028158512e+02
1.111447728713680334e+02
5.215058853639737890e+02
2.756159447221882033e+02
3.306815791358839647e+02
5.229517827586867043e+02
5.653450535679806421e+01
4.973029176657155972e+02
4.165835974805835917e+02
2.019801606582568922e+02
5.716339113271480983e+02
2.179928232050107511e+02
4.243876833282868120e+02
5.333612075346647998e+02
4.789198383840226825e+01
5.737022283052882585e+02
3.825561568355481086e+02
3.050847991368626708e+02
6.143832041953775160e+02
1.442787564777643468e+02
5.227377209496777368e+02
5.304643425692071332e+02
1.451472450770638716e+02
6.474941072537168338e+02
3.316234430573597933e+02
4.184528271279474438e+02
6.468424371128933217e+02
5.494763275927415691e+01
6.251183172914569468e+02
5.119782252300817049e+02
2.627817018135143599e+02
7.167881732858267014e+02
2.612182611120688307e+02
5.420616184733390810e+02
6.664482896931270943e+02
6.714680481412028712e+01
7.302472592550506079e+02
4.740682320218334667e+02
3.993833013702243306e+02
7.806223790712446089e+02
1.681991304284436808e+02
6.779457866394967596e+02
6.724439729838650237e+02
2.003311531819694551e+02
8.379515257929331256e+02
4.147618386834599846e+02
5.551800013961101286e+02
8.366441874192643127e+02
5.079855097756281879e+01
8.253569127849766573e+02
6.599147074826497601e+02
3.619535280077602124e+02
9.471940926742789770e+02
3.285447338774702644e+02
7.338205142948243065e+02
8.821390861700116375e+02
1.044868215754523249e+02
9.871969692045530564e+02
6.246025503144315962e+02
5.572410758696244102e+02
1.058569710148458853e+03
2.089790342244276644e+02
9.408141346149510582e+02
9.140980694087179472e+02
2.965242713186131027e+02
1.167673459909838130e+03
5.598510072381722011e+02
7.963456803719274149e+02
1.173701954292330811e+03
4.605727536747615147e+01
1.185743911177422660e+03
9.289249889128018367e+02
5.443095618788286174e+02
1.373796151401735415e+03
4.555395892898806665e+02
1.095006597681230232e+03
1.292330746426160658e+03
1.816715116586834426e+02
1.488816200371084506e+03
9.211220523684664840e+02
8.743356586803281516e+02
1.621455526577308319e+03
2.933277201470003774e+02
1.488007929182970202e+03
1.423932675534594637e+03
5.037698088741134370e+02
1.883396059549898155e+03
8.801032570386322504e+02
1.337146638465809929e+03
1.941695889135290827e+03
4.068923924511987167e+01
2.038806083450516780e+03
1.577996091673974888e+03
9.943245581756980300e+02
2.447158663912452539e+03
7.833497906426495092e+02
2.046750012144206039e+03
2.400442947093490147e+03
3.993850696959994480e+02
2.919877280695024638e+03
1.791217369503719965e+03
1.841337660621504938e+03
3.393619089573260226e+03
5.742577209062294514e+02
3.338636814952573332e+03
3.222481294373754281e+03
1.272382168999145051e+03
4.660369933424788542e+03
2.188271408067419543e+03
3.690953501693013550e+03
5.498023053834373059e+03
9.819463487438041227e+01
6.667148114538359550e+03
5.429946603996884733e+03
3.967335468019286509e+03
1.044425310806157177e+04
3.587626937487093528e+03
1.193326986428863347e+04
1.687673114154634095e+04
4.249760242328795357e+03
4.457421583746901888e+04
7.700030944981011271e+04
7.676753463475190802e+04
4.405342322108409280e+04
3.816468110147808602e+03
1.695389250530577556e+04
1.171482875819850960e+04
3.836736879096598841e+03
1.049356367917769603e+04
3.834845371827334475e+03
5.564250152130354763e+03
6.656125400337114115e+03
1.780607180845398432e+02
5.581382733862519672e+03
3.649501918161916365e+03
2.297118023281848309e+03
4.708499353626955781e+03
1.219396183100378494e+03
3.307045133273508782e+03
3.351548846569237867e+03
6.421222426681181332e+02
3.446218679584658275e+03
1.813273729269892783e+03
1.872883699962905666e+03
2.959377061623276859e+03
3.620963971874103891e+02
2.471619603803833343e+03
2.060279107150189247e+03
8.421544378219331293e+02
2.500358748937425844e+03
9.798404503133116350e+02
1.644356025470198574e+03
2.075171104745632874e+03
9.665945938451795882e+01
1.998918907859372894e+03
1.344683598544650067e+03
9.343240354670701890e+02
1.930435435298268430e+03
4.900030961126625471e+02
1.483140529964960933e+03
1.515576572393681090e+03
3.357090688069474140e+02
1.677188645633014858e+03
8.791928896938516118e+02
9.746843562419466025e+02
1.532287535286070579e+03
1.692605011541088800e+02
1.350212672216403007e+03
1.118944190385047250e+03
4.973364780612567415e+02
1.426733031142203572e+03
5.456338486457816543e+02
9.827575969348239369e+02
1.225992731070628906e+03
8.011659892751637813e+01
1.228701642681435942e+03
8.146364830085040012e+02
6.034197098472590142e+02
1.216997420381314441e+03
2.934131312639066209e+02
9.680670637660429065e+02
9.751276298572453243e+02
2.403661732826054731e+02
1.113633807343448098e+03
5.707372340699791948e+02
6.708532053390555348e+02
1.033448542590848774e+03
1.001324242984858586e+02
9.367574833193353925e+02
7.629416317970732280e+02
3.633880516800836631e+02
1.000775815873366241e+03
3.696475503425098168e+02
7.090454378446987675e+02
8.677505758119805250e+02
7.510763277013957406e+01
8.918731749038888665e+02
5.787228059406010061e+02
4.538373782985138973e+02
8.892053832382034670e+02
2.017988419989808051e+02
7.245805680663677322e+02
7.158830382772391658e+02
1.942220719950918237e+02
8.362903666015365616e+02
4.169722078251625703e+02
5.177173765199971740e+02
7.790212524814859307e+02
6.552652146016988866e+01
7.210311367509054890e+02
5.752184449420873307e+02
2.921953170896473466e+02
7.718684113225508554e+02
2.741652903142795594e+02
5.593057414677458610e+02
6.700810458519550821e+02
7.144128615955079908e+01
7.022714537323914783e+02
4.449515586667438924e+02
3.683880630997225580e+02
7.005927860286930127e+02
1.488108330669763291e+02
5.819690450581334744e+02
5.631536920329431268e+02
1.667654730004079227e+02
6.706784763817493058e+02
3.245089199681629566e+02
4.252064805086099000e+02
6.242486822023105333e+02
4.541045680103817972e+01
5.883015781573044478e+02
4.590294958519226611e+02
2.478212929839987169e+02
6.285096018019939947e+02
2.140287828440808084e+02
4.645846584534090766e+02
5.443298703230216233e+02
6.909860734193355825e+01
5.804939064635910881e+02
3.585710321827601206e+02
3.130057938655109524e+02
5.776770305379834554e+02
1.141795739106919854e+02
4.884128997710039357e+02
4.624176996469601590e+02
1.485638216259922331e+02
5.605276826626782167e+02
2.627911617807126277e+02
3.630972610941025209e+02
5.199985164365050423e+02
3.330369554790311071e+01
4.981925183508304826e+02
3.798751364591994957e+02
2.174545381386288625e+02
5.301313747122297855e+02
1.726510129021720559e+02
3.991257263707547054e+02
4.571497893979758373e+02
6.745977925408521969e+01
4.955181960558232390e+02
2.981453250672524860e+02
2.740362765442831119e+02
4.910296430674750923e+02
8.979973129447058966e+01
4.220754387375644683e+02
3.907776317975151414e+02
1.355717445035227513e+02
4.817726994031121421e+02
2.185524463388216247e+02
3.184336938328947326e+02
4.448222478683189820e+02
2.640260234069806700e+01
4.329132440161550903e+02
3.223652537647701024e+02
1.953463249370960568e+02
4.583395845195246920e+02
1.424191547996487088e+02
3.511276284491784736e+02
3.931544830126957777e+02
6.605888375000529322e+01
4.325164509232178602e+02
2.532454265847504189e+02
2.451574394088308395e+02
4.265739553642629858e+02
7.175678879059924498e+01
3.724821236712894006e+02
3.371100179067154841e+02
1.257920939916485707e+02
4.225012250240008598e+02
1.851565341637940492e+02
2.847435302971139777e+02
3.879527575077210031e+02
2.323930119436173669e+01
3.833373372156176515e+02
2.785942771695602573e+02
1.784822435149754085e+02
4.034766779700786969e+02
1.192704301422105857e+02
3.142742021338306699e+02
3.437999014719358684e+02
6.527050513751525784e+01
3.843248747884641148e+02
2.188203517810285348e+02
2.227738067111010594e+02
3.767063228378831923e+02
5.791016306743989617e+01
3.339911864271052764e+02
2.954166151537592668e+02
1.181382987865806058e+02
3.763012438074208035e+02
1.591461084369768173e+02
2.583359386320126987e+02
3.434069436024283846e+02
2.258498774616787941e+01
3.443342768147554693e+02
2.441655014597850766e+02
1.651340621959132875e+02
3.601582204515492549e+02
1.010337429175784933e+02
2.850944153326067294e+02
3.047696938510921996e+02
6.447866427036126424e+01
3.458465418595832830e+02
1.913455526611009532e+02
2.049147884749966124e+02
3.368825430576136455e+02
4.702724629456888294e+01
3.031452212170052576e+02
2.619951203218837463e+02
1.119577947059171379e+02
3.391573369005924405e+02
1.382354510101379219e+02
2.370390959757367000e+02
3.074741421032745166e+02
2.336222824482467786e+01
3.128014014190765693e+02
2.163166187362928383e+02
1.542968454169896688e+02
3.250344321503011429e+02
8.629062765477794983e+01
2.613377637556903892e+02
2.730095136220385825e+02
6.380430167729680591e+01
3.144436234649331254e+02
1.689269488809143809e+02
1.902895068287350853e+02
3.042940407140350771e+02
3.832526637785339574e+01
2.778424381009444915e+02
2.345808709146227784e+02
1.068431650966246877e+02
3.086060687436630587e+02
1.210544100653293924e+02
2.194649573879665638e+02
2.778446049507674616e+02
2.478790588332152822e+01
2.867266692616644264e+02
1.933022521877909412e+02
1.452826827428959859e+02
2.959106332566304900e+02
7.410205871115250886e+01
2.416027424817917790e+02
2.466318011289965284e+02
6.321523359533634334e+01
2.882944724729344443e+02
1.502722226026675969e+02
1.780672907719476825e+02
2.771008976706150975e+02
3.133098651966828996e+01
2.566729070102572337e+02
2.116623499475227277e+02
1.025207440515210919e+02
2.829962849882393812e+02
1.066819149552046611e+02
2.046771122518867116e+02
2.529539202542680982e+02
2.643474130138761424e+01
2.647598516241989728e+02
1.739266738518599311e+02
1.376667007802049909e+02
2.713526294338538492e+02
6.387607373324315319e+01
2.249120701861588429e+02
2.243482853666231449e+02
6.268531742362144143e+01
2.661471449442848893e+02
1.344976459425198243e+02
1.676693616397740243e+02
2.540278756883703863e+02
2.575022120031232120e+01
2.386590541692364695e+02
1.921815201905016863e+02
9.881481665241312839e+01
2.611783378238120576e+02
9.445292885741524458e+01
1.920612585830538421e+02
2.317323404095030810e+02
2.809245122903970682e+01
2.459957389434297568e+02
1.573976832852378038e+02
1.311137828613892680e+02
2.503344638985255983e+02
5.518688192524576408e+01
2.105822729442772072e+02
2.052515855705041190e+02
6.219970203069468084e+01
2.471200439508761519e+02
1.209690247391903171e+02
1.587055167666939042e+02
2.341899644410652002e+02
2.139189039942239390e+01
2.231325736409441163e+02
1.754234450292632346e+02
9.557490395022624341e+01
2.423545420293635857e+02
8.395032666633734664e+01
1.811196042227782357e+02
2.133958883766110262e+02
2.966655779204387144e+01
2.297306682513875558e+02
1.431050510458366887e+02
1.253999600359140771e+02
2.321074996494595268e+02
4.772162715090968987e+01
1.981235416362332558e+02
1.886837760773835839e+02
6.174544730805502013e+01
2.305704937686357425e+02
1.092355011670282607e+02
1.508692772746314859e+02
2.169187736347422515e+02
1.818016857259953412e+01
2.095737761233131664e+02
1.608204473396112064e+02
9.271894067290149621e+01
2.259124038038670790e+02
7.480536688170666082e+01
1.715446852406651601e+02
1.973770851964289079e+02
3.112200316581337489e+01
2.154949943558149243e+02
1.306216156018379877e+02
1.203627945088064592e+02
2.161411942646572015e+02
4.126097400500658097e+01
1.871716035805480942e+02
1.741605157263759907e+02
6.131450179320766836e+01
2.160265531676055275e+02
9.895489474091864679e+01
1.439508758279864935e+02
2.017362978111816290e+02
1.604552065609709288e+01
1.976187220599930470e+02
1.479803453881225153e+02
9.016510565868414062e+01
2.114140214448234474e+02
6.677746842241526792e+01
1.630717825235882401e+02
1.832551468856609063e+02
3.244946420144694343e+01
2.029026232992669350e+02
1.196155975797694850e+02
1.158746309236090468e+02
2.020191783322816264e+02
3.563844657966911456e+01
1.774528625274027149e+02
1.613157920768390454e+02
6.089840634851000090e+01
2.031254237250659855e+02
8.987095370332069422e+01
1.377833769338122920e+02
1.882700994756626471e+02
1.491855856895824139e+01
1.869861015914528082e+02
1.365994957769223390e+02
8.785677233117830554e+01
1.985243233128796305e+02
5.969497557676253052e+01
1.554918048682968390e+02
1.706901834832487168e+02
3.364558174853168993e+01
1.916619341894768525e+02
1.098289387437009026e+02
1.118385597150364106e+02
1.894218574479480424e+02
3.072717701589098738e+01
1.687539717752102320e+02
1.498637455068297584e+02
6.049077173267919250e+01
1.915856574729172337e+02
8.178329202271534371e+01
1.322359228297977722e+02
1.762291940452422239e+02
1.464942346933200135e+01
1.774497017282729701e+02
1.264320288478226217e+02
8.575000689796826236e+01
1.869683135211430169e+02
5.339309352363615346e+01
1.486654715516772853e+02
1.594320201081426660e+02
3.471920906580262312e+01
1.815536765923394569e+02
1.010672347428587159e+02
1.081781291315942752e+02
1.781022213632828084e+02
2.643885001175444671e+01
1.609077549947940042e+02
1.395804682427011585e+02
6.008878421892250543e+01
1.811892154522047917e+02
7.453728569329094000e+01
1.272048792431637168e+02
1.653856257777011081e+02
1.502805978889489147e+01
1.688271558042619915e+02
1.172783271523555442e+02
8.381887354787735944e+01
1.765333482217562562e+02
4.774468807539634696e+01
1.424808664415801331e+02
1.492737663930352312e+02
3.568684483182973821e+01
1.724162256396218424e+02
9.317911166801286527e+01
1.048359751601317669e+02
1.678723734907768232e+02
2.271185469659515022e+01
1.537815206468636120e+02
1.302889754389833286e+02
5.969181111645196580e+01
1.717647248815472096e+02
6.800328763779442909e+01
1.226214929235103739e+02
1.555707751282661491e+02
1.581294678932854580e+01
1.609961688119736891e+02
1.090097920422008997e+02
8.202186813579380953e+01
1.670643615576618402e+02
4.268371409161601804e+01
1.368220785591834385e+02
1.400600785433998112e+02
3.654052509117740044e+01
1.640793867171756801e+02
8.603163490630191745e+01
1.017558557250551416e+02
1.585556723937905019e+02
1.950137944164342940e+01
1.472710039217995757e+02
1.218453198066940359e+02
5.929407370557600387e+01
1.631689345903513697e+02
6.209080885679308892e+01
