1.364773393775183195e+02
1.566016441851357399e+02
1.486915870256735559e+02
1.427037935357515153e+02
1.616290325921008559e+02
1.415228744563239047e+02
1.545906388895051577e+02
1.583091587110165506e+02
1.418449056109880075e+02
1.644132327892134242e+02
1.501260241221676779e+02
1.514308953404725457e+02
1.664647651987471306e+02
1.448508522716044808e+02
1.639627342853759160e+02
1.603765160021588372e+02
1.490638622987288784e+02
1.716548923977719028e+02
1.520027836688042839e+02
1.613262730849928062e+02
1.703843469441468130e+02
1.497528819105048115e+02
1.733934157883463172e+02
1.622808605904930062e+02
1.581161908512513605e+02
1.781479868168251812e+02
1.549871316777044399e+02
1.721859111394514628e+02
1.738527556738585531e+02
1.570022767447628667e+02
1.826417711967660296e+02
1.645101174427647379e+02
1.689952840806707002e+02
1.839665291490781271e+02
1.597044730049238694e+02
1.833021966054903942e+02
1.765245640210521856e+02
1.661892612634241573e+02
1.911466884259525614e+02
1.674710492510589006e+02
1.811248749340546453e+02
1.888209288916897037e+02
1.666771468756673471e+02
1.946085643246023835e+02
1.792445501336726181e+02
1.778825963635016194e+02
1.990373966395721936e+02
1.718902481778693812e+02
1.942492609109376929e+02
1.929036710133237875e+02
1.760958701704554130e+02
2.057040465635230646e+02
1.824839169743024172e+02
1.914982158864245605e+02
2.061551336617461629e+02
1.787146599595829457e+02
2.081848834859385420e+02
1.969626530275528751e+02
1.884786089647361109e+02
2.163316274928723715e+02
1.872184050564205506e+02
2.068237274669835415e+02
2.123731402022486918e+02
1.885475447878173156e+02
2.223148078606877220e+02
2.011002910368999039e+02
2.037167299229751336e+02
2.261529247778063336e+02
1.939914527141765461e+02
2.237562959842992143e+02
2.182704419096958475e+02
2.017209327266768355e+02
2.363813642835807798e+02
2.064118967465192043e+02
2.218020745559694831e+02
2.356849166302137917e+02
2.044340317840369607e+02
2.417000182922112970e+02
2.240812792882052804e+02
2.187370240358568765e+02
2.501141357477615088e+02
2.138525396015537581e+02
2.423276831086291168e+02
2.442942208439971807e+02
2.185161134524051931e+02
2.603953827366461837e+02
2.311127478623366756e+02
2.401581126538515321e+02
2.637092414513998051e+02
2.246826486610517861e+02
2.653037183354791182e+02
2.535789690731578503e+02
2.381433014503755317e+02
2.795199329803937758e+02
2.397228536963521890e+02
2.652285240805614990e+02
2.773724497218678948e+02
2.410733092472135581e+02
2.901808358398808423e+02
2.628909610688776297e+02
2.629334481529699588e+02
2.993742078522799375e+02
2.527925457870190087e+02
2.945237205618694816e+02
2.906205083118367725e+02
2.629539891252834423e+02
3.165080312261559357e+02
2.743704364629844008e+02
2.945563912767347006e+02
3.201667965623906866e+02
2.720059638448144597e+02
3.284483324113671188e+02
3.055150098183679006e+02
2.946998646251823288e+02
3.465506578306906817e+02
2.902575934477399642e+02
3.338268049262766226e+02
3.421348399627549952e+02
2.970450236843262246e+02
3.667567043481464566e+02
3.235372260753821365e+02
3.331568766233421570e+02
3.778801064265729224e+02
3.141206292075550550e+02
3.797705370022061970e+02
3.659005911486175364e+02
3.361364896828713427e+02
4.111664270318769354e+02
3.463248714127743710e+02
3.859534553734296765e+02
4.147066827090441166e+02
3.480186906025536473e+02
4.359492337350947651e+02
3.959876187290038843e+02
3.904732684335837689e+02
4.626384158509849271e+02
3.788552167606306966e+02
4.528603637788641549e+02
4.563740156214481658e+02
3.992830190811810667e+02
5.052728535313099769e+02
4.331316806438291565e+02
4.648010828550478664e+02
5.251197268511244829e+02
4.315727693665897391e+02
5.450728802724764819e+02
5.092191217767870626e+02
4.790258098046052169e+02
5.996485852677465118e+02
4.909818975685253690e+02
5.762471176459667959e+02
6.115976813539340355e+02
5.137669443186723583e+02
6.726038769416237528e+02
5.934571241884589199e+02
6.125028139665349727e+02
7.291164192874808805e+02
5.810954495625890104e+02
7.462878573973506491e+02
7.380544966287102397e+02
6.594736525855494165e+02
8.696154836146786238e+02
7.206853344691797929e+02
8.317531281638651990e+02
9.444841988165547946e+02
7.651806518976810594e+02
1.045708806426385536e+03
9.666291312301126482e+02
9.568370870210087560e+02
1.237969570743046006e+03
9.961450308875863584e+02
1.293111060860570888e+03
1.381636374015237379e+03
1.199399538412760648e+03
1.723380784789482504e+03
1.508811133939876299e+03
1.729463425368246362e+03
2.215181443026006491e+03
1.853534485140425431e+03
2.799199411246855107e+03
2.950923340881824515e+03
3.060589083396779188e+03
4.977747021303741349e+03
4.919786919607834534e+03
8.604662555873903329e+03
1.595083111504195404e+04
1.878359659604279659e+04
1.442597191667391598e+04
6.984640643765133063e+03
4.853951095400614577e+03
4.561339288222789037e+03
2.582288993685853711e+03
2.871158731695276856e+03
2.330510103064100349e+03
1.633756746229066493e+03
2.035395782368934988e+03
1.332023904873400170e+03
1.390616669681139683e+03
1.445853322881281656e+03
9.150160641558410362e+02
1.248709274362096494e+03
9.800699267582139100e+02
8.220422737537222702e+02
1.037733810271212860e+03
6.534450752121955475e+02
8.221886772030184147e+02
7.851571528587031708e+02
5.373579392941479682e+02
7.790578484402906270e+02
5.411901388402995963e+02
5.514545181882261886e+02
6.522353635527490496e+02
3.889779767021526595e+02
5.853062697123228872e+02
4.926815896117677198e+02
3.785716980647807759e+02
5.466778526235826803e+02
3.330150637825776130e+02
4.244643568410716057e+02
4.486415430246848928e+02
2.649570075453405593e+02
4.377738209518095687e+02
3.155984903494440346e+02
3.008931527359167717e+02
3.984475800525575551e+02
2.132339347172418229e+02
3.454848009473831212e+02
3.091525192050264650e+02
2.044152244248113277e+02
3.439769366668701878e+02
2.024577680135506625e+02
2.575654568243193125e+02
2.953791724908647325e+02
1.428805822040818612e+02
2.864366329012040637e+02
2.108050970087880103e+02
1.788764934705381506e+02
2.719656238106774708e+02
1.229383307869583746e+02
2.241823660312869038e+02
2.173324998117538769e+02
1.188662012484700909e+02
2.375106022016218787e+02
1.330398677165652543e+02
1.646150255243764491e+02
2.087228063719522879e+02
7.721275385913008904e+01
2.013719687890533407e+02
1.516919012056458769e+02
1.098161083651965129e+02
1.944522923442431761e+02
7.381917211503217402e+01
1.557252742681864390e+02
1.567685210094224715e+02
6.864741546873921152e+01
1.737839983248852036e+02
8.973799715259477239e+01
1.143533788966130373e+02
1.553492451890746224e+02
4.095840983656068346e+01
1.495401445271283478e+02
1.064108312002958456e+02
7.597354633451887196e+01
1.502357455475461165e+02
4.421053114470453949e+01
1.222392450205413468e+02
1.190837524475981581e+02
4.225872447866388626e+01
1.423226399390123049e+02
6.911566272844218872e+01
9.050263080731937748e+01
1.245332958543400679e+02
1.527550888706121057e+01
1.219798319248716325e+02
8.310682246592705269e+01
6.176502546222591405e+01
1.221391836511654532e+02
2.313289055068705125e+01
1.081825870444214814e+02
1.013240562770233311e+02
3.171460675421224451e+01
1.180519340627354978e+02
4.981909855889828975e+01
8.179823688579038787e+01
1.042837684473453805e+02
9.933160117881753237e+00
1.115850801887082611e+02
7.060400413260325081e+01
5.820447567474850104e+01
1.062654362479632368e+02
1.276611290074043126e+01
9.985174152319005714e+01
8.560147182810217714e+01
3.560793228429940882e+01
1.049006825401064305e+02
3.297090227661163198e+01
8.555740366193953150e+01
9.515917658966610304e+01
1.713349413671835464e+01
1.054168258875089066e+02
5.488407486895592058e+01
6.943758588314376823e+01
1.053859155903465279e+02
8.769625881484650165e+00
1.006589354073587543e+02
7.672380841666220874e+01
4.749823187101927857e+01
1.095075969396691846e+02
3.133870376954097736e+01
8.552220555495509302e+01
8.691099203949001151e+01
3.003016321607607608e+01
1.127180375232221223e+02
5.352417453005428882e+01
7.265632471254281199e+01
1.015003524244898756e+02
4.844802293065388454e+00
1.073530994952607500e+02
7.149938866571145013e+01
5.928570869549804456e+01
1.159126143727082905e+02
2.399347279647944475e+01
9.871010554310203133e+01
9.311000239114412125e+01
3.415511121493813818e+01
1.173426850376577590e+02
4.623514422179675876e+01
8.875849140225345479e+01
1.114785003559370580e+02
1.304171519938041612e+01
1.225809922817106070e+02
7.772068001864563769e+01
6.823062601296805951e+01
1.255046568107224374e+02
1.941282811360323990e+01
1.155121775978371090e+02
1.010440571914159023e+02
4.916034380866538811e+01
1.400075683506579765e+02
5.359835125429469116e+01
1.071162548046588512e+02
1.330819531440089349e+02
2.382674990721903185e+01
1.417744735400775369e+02
9.121755859758013685e+01
8.387929900178673392e+01
1.479142057067855944e+02
3.554922313564394187e+01
1.413345236289781894e+02
1.238428255418486117e+02
6.372192963600781468e+01
1.698456182065506539e+02
7.251469934096380143e+01
1.301950141706524278e+02
1.633215133967038639e+02
4.490922476181275158e+01
1.774873056439599281e+02
1.216481603357993180e+02
1.070175888409864626e+02
1.919500307552109746e+02
6.592243220531788950e+01
1.705685094282495129e+02
1.654341690489179371e+02
8.469721685906391428e+01
2.119133582183968940e+02
1.133188295356806350e+02
1.597423785279718231e+02
2.116325842424614905e+02
7.663865787600754231e+01
2.210079131680529940e+02
1.724363230067855568e+02
1.333698453262745716e+02
2.451936420147540048e+02
1.138615303400437284e+02
2.151772179186819756e+02
2.286195255494031642e+02
1.157016575010946582e+02
2.684434815541103490e+02
1.742276361340741460e+02
1.965663739531586600e+02
2.788628489243167223e+02
1.292375479451202125e+02
2.777749745572913298e+02
2.428855386849539570e+02
1.757560391015257153e+02
3.221934713826083225e+02
1.800689500991001921e+02
2.701554723561997662e+02
3.141858765100764685e+02
1.642129477422906803e+02
3.487221910473966773e+02
2.610601984750206839e+02
2.463779225238897652e+02
3.770933786744867575e+02
2.009298610144284396e+02
3.524943838626054458e+02
3.477272864860931350e+02
2.296049409533751486e+02
4.282120848852808876e+02
2.822815068537576622e+02
3.422071844706370598e+02
4.399720136335337202e+02
2.421931694785393177e+02
4.534129480895089159e+02
3.886134954014744949e+02
3.213381590233273641e+02
5.183672384567208837e+02
3.153390738142746272e+02
4.613416214735713652e+02
5.083302046740324158e+02
3.158037216757505234e+02
5.791456302627794912e+02
4.368509980622112039e+02
4.480085356357944306e+02
6.295775773997970646e+02
3.746226442961889802e+02
6.193805399084758392e+02
5.961437716327441194e+02
4.454204839239583293e+02
7.465475070152447188e+02
5.098545601788659951e+02
6.413900303461381327e+02
7.850730664215694787e+02
4.847246648722049258e+02
8.431818360184988705e+02
7.211575907009178081e+02
6.536736001509160587e+02
9.878918568783800538e+02
6.418255712349148325e+02
9.423337552105135728e+02
1.018268916965618246e+03
7.131951129006411065e+02
1.218768835508116354e+03
9.499483205104689887e+02
1.041938740549011527e+03
1.405075153101847945e+03
9.212405235843502851e+02
1.499555375520679945e+03
1.462772311946027003e+03
1.218307354087676003e+03
1.958283921911879361e+03
1.437577500815158828e+03
1.919341925475924427e+03
2.357586577151498204e+03
1.675736933598363748e+03
2.948951546978414171e+03
2.708094018353629508e+03
2.843562022444868035e+03
4.481814599848136822e+03
3.419644273204265119e+03
5.812607536664984764e+03
7.557445360870677177e+03
7.517290003638509916e+03
1.857084717158685089e+04
2.873575624001115648e+04
2.804425503271097114e+04
1.713530635173890551e+04
7.164553006522939540e+03
7.788961052754630146e+03
5.544118644858664084e+03
3.758652946968412834e+03
4.537645151895531853e+03
2.749933175996374302e+03
3.029066212634173098e+03
2.977969698515002165e+03
1.851924151142160099e+03
2.558135080814898174e+03
1.928362830658614712e+03
1.704779047449416794e+03
2.079575424942315749e+03
1.309918394081269071e+03
1.682419696261952822e+03
1.566907860936047427e+03
1.122368119617750381e+03
1.566959525001348084e+03
1.124135780174603269e+03
1.171949745949043518e+03
1.328209746891242048e+03
8.680854244157690118e+02
1.206100760614241153e+03
1.030421122757426247e+03
8.529963184243382557e+02
1.134125671339184464e+03
7.744224488330382883e+02
9.291993521098822839e+02
9.625286293033021821e+02
6.661911287350172870e+02
9.488520496565330404e+02
7.489923735763477453e+02
7.130048609275207809e+02
8.802788082103002125e+02
5.904270904820399437e+02
7.787895835076153617e+02
7.347198048022694365e+02
5.640307747102833673e+02
7.838335459246088703e+02
5.767308039505890065e+02
6.285073993563014483e+02
7.094523196030298777e+02
4.847991970312976377e+02
6.772990193292566801e+02
5.838526516545671257e+02
5.046031074176671041e+02
6.626936497648503064e+02
4.651588947234199054e+02
5.672703780119342127e+02
5.841541275632616816e+02
4.253319108411408820e+02
5.977275483424222102e+02
4.747425254434523367e+02
4.672881824131045505e+02
5.671246619451781044e+02
3.915256894218595107e+02
5.196521118474070136e+02
4.872011056356498102e+02
3.893767265611278958e+02
5.313051857598525203e+02
3.944080457738190830e+02
4.396385465911142205e+02
4.896583521387387918e+02
3.460306761897731462e+02
4.785583785913757424e+02
4.107484513460214544e+02
3.679326113441614439e+02
4.737808071136819876e+02
3.374869409063326771e+02
4.164664829236894548e+02
4.232395057866469301e+02
3.184253370532654230e+02
4.410202451642772985e+02
3.500762846267999748e+02
3.540742923451158504e+02
4.222522963279473629e+02
2.983175759396629019e+02
3.959067132828511717e+02
3.673130415727128479e+02
3.029695311031749156e+02
4.059117101679615303e+02
3.033400713056257132e+02
3.434988087513133905e+02
3.760313285637158742e+02
2.730885519307760774e+02
3.745025374356207521e+02
3.194956486589060205e+02
2.945122845825362674e+02
3.716367458688881129e+02
2.678880117864210888e+02
3.332999650690934459e+02
3.339085681157828844e+02
2.584401020548194765e+02
3.528598273996506123e+02
2.797014894848035738e+02
2.890935296206917542e+02
3.385818133024935719e+02
2.433480094831166696e+02
3.222769742620637885e+02
2.959534698056681350e+02
2.508496449534237058e+02
3.302932227314096849e+02
2.477987672597449489e+02
2.847245144552263696e+02
3.068475108888098362e+02
2.278250132239544996e+02
3.096088421170260858e+02
2.623727064047333215e+02
2.476040911115642587e+02
3.071202866266575597e+02
2.236909442340172802e+02
2.797130449184745657e+02
2.765580763994048539e+02
2.193456176783905391e+02
2.954486015820043576e+02
2.337967111355129930e+02
2.460612794004533157e+02
2.834157320000383606e+02
2.069309272209533219e+02
2.734049103075200833e+02
2.486301974638375896e+02
2.157771228976295106e+02
2.795512209925095135e+02
2.105177091985353286e+02
2.446615126430705800e+02
2.597301328102391835e+02
1.967160092946666339e+02
2.651639989900979231e+02
2.233410903673809571e+02
2.150036770694973711e+02
2.623428715046422894e+02
1.928771046189052925e+02
2.422575819376444315e+02
2.365639439169892455e+02
1.916113598255095951e+02
2.548932486123514707e+02
2.014034035725443914e+02
2.152825950027884971e+02
2.441623629404624580e+02
1.808332077565459883e+02
2.382636233181703744e+02
2.146588601225791990e+02
1.902792596488667698e+02
2.428956337501209646e+02
1.834521573731377657e+02
2.153188482176762477e+02
2.254953902407126236e+02
1.738473357804319335e+02
2.324485991629270529e+02
1.946688705813165541e+02
1.908500866921650641e+02
2.293990263956575575e+02
1.700475490269828356e+02
2.142607773612033668e+02
2.068617754595556448e+02
1.707650172810627396e+02
2.245262866128699670e+02
1.771930244912967964e+02
1.920271183648476665e+02
2.146566376395325619e+02
1.610665345026216073e+02
2.116007279541730952e+02
1.889652378683828715e+02
1.707589522636801007e+02
2.150613009718522051e+02
1.629504268979639505e+02
1.928164910126871234e+02
1.993361535746331583e+02
1.562525638848019298e+02
2.072776282354591046e+02
1.726248683452427883e+02
1.720837382583582098e+02
2.039633273627381129e+02
1.524221860138522118e+02
1.925436287392781196e+02
1.838721297272047366e+02
1.546331341492859224e+02
2.010233520541712551e+02
1.582953207247707894e+02
1.737351677956505966e+02
1.916701048961711820e+02
1.455674996428917041e+02
1.907430625560651833e+02
1.689416605441121817e+02
1.552439642322294731e+02
1.930841337283158339e+02
1.467463554622139270e+02
1.749541870011583455e+02
1.786985354344157599e+02
1.421839448740179535e+02
1.872655689653922195e+02
1.551618980482585073e+02
1.569883024926217274e+02
1.836843968564689931e+02
1.382635216375411744e+02
1.750504699798157162e+02
1.655051674440481122e+02
1.414705293408949842e+02
1.820527754596218699e+02
1.431827996484915957e+02
1.588995106990766715e+02
1.731433066376709178e+02
1.330207079962340231e+02
1.737684894251818548e+02
1.527304968074570581e+02
1.425966679713377232e+02
1.752604064600838285e+02
1.335755360584132347e+02
1.603062342349751930e+02
1.619055536285060271e+02
1.306596976917281552e+02
1.708908057868963510e+02
1.409315254331410188e+02
1.445686523801135763e+02
1.671003602690768446e+02
1.266817353551490584e+02
1.606556859273173075e+02
1.504642917779736990e+02
1.306066137566323562e+02
1.664249370749392369e+02
1.307448986833914262e+02
1.466073565630752000e+02
1.578727940504753917e+02
1.225992063744746332e+02
1.596837381781037379e+02
1.393394578988603598e+02
1.320333564584825297e+02
1.604783130974813616e+02
1.226529166077527009e+02
1.480794066485508438e+02
1.479850780105935257e+02
1.210373099610197869e+02
1.572335071478494513e+02
1.291056584550085802e+02
1.341278283750887681e+02
1.532508410819611129e+02
1.169924721690772600e+02
1.485625814410146575e+02
1.378896521490472651e+02
1.214262007506705316e+02
1.532989745507296675e+02
1.203170327009137708e+02
1.361986052546955079e+02
1.450479477779385888e+02
1.138106662256430042e+02
1.477849542653812023e+02
1.280850200814153368e+02
1.230539970037082185e+02
1.479916452675087726e+02
1.134393700224926960e+02
1.376847020155960593e+02
1.362236900202582035e+02
1.128419353605999333e+02
1.456268411525718705e+02
1.191000381733450695e+02
1.252065875308280454e+02
1.414980850351870743e+02
1.087508022164633275e+02
1.382217976322652078e+02
1.272081555353731233e+02
1.135553558810792225e+02
1.420932669194649804e+02
1.114461945422350340e+02
1.272546837603143643e+02
1.341009932770173236e+02
1.062805657639050168e+02
1.375691681736936687e+02
1.184759660631839608e+02
1.153137646931900662e+02
1.372783654760077638e+02
1.055454561293939975e+02
1.287213023804722525e+02
1.261346458953693599e+02
1.057647556308085370e+02
1.356299760071175058e+02
1.105083309718610707e+02
1.174689875523358893e+02
1.313803855373080012e+02
1.016414951889544938e+02
1.292642844045793993e+02
1.180150233900407528e+02
1.067179355774776610e+02
1.323976874804194210e+02
1.037933567286893179e+02
1.194703894017676760e+02
1.246367831052413777e+02
9.974222597506893351e+01
1.286918218511587781e+02
1.101650342068274995e+02
1.085484712026005383e+02
1.279846854448582860e+02
9.870232644239591480e+01
1.208829580813253131e+02
1.173857728843156139e+02
9.958375800826708257e+01
1.269018728140103036e+02
1.030542927478784208e+02
1.106836635701821194e+02
1.225562392915223455e+02
9.544571412499591645e+01
1.214171427697721697e+02
1.100018807560417002e+02
1.007103156313782648e+02
1.239149043627074320e+02
9.711896587883219922e+01
1.126190244019544480e+02
1.163643475952789714e+02
9.400768386787261477e+01
1.208861567891901103e+02
1.029009367235066605e+02
1.025827497649316484e+02
1.198238333876881541e+02
9.270478245479253587e+01
1.139668394065732713e+02
1.097053341302633953e+02
9.412485590083070974e+01
1.192117456870353607e+02
9.650968677709080623e+01
1.046714116757467110e+02
1.147902501501896211e+02
8.998208307088597735e+01
1.144694612083399932e+02
1.029537482352642144e+02
9.538119738015917903e+01
1.164177487765059027e+02
9.123903032331617169e+01
1.065306740004618575e+02
1.090597771554229780e+02
8.892385171785386433e+01
1.139599451365890417e+02
9.648965383370774873e+01
9.726717962696844211e+01
1.125909174199048692e+02
8.739470925284456371e+01
1.078116453342857284e+02
1.029179565681076127e+02
8.926856689755194907e+01
1.123767396247827293e+02
9.072090620758061164e+01
9.930228041981109754e+01
1.078985834452994510e+02
8.512900502974345329e+01
1.082695794568657846e+02
9.670371338206132350e+01
9.061406023456754610e+01
1.097374362114284452e+02
8.601936575709994770e+01
1.010786412921752202e+02
1.025618496432343250e+02
8.438418578294978545e+01
1.077668989818359222e+02
9.079040865003051408e+01
9.249475269370066144e+01
1.061362889933113962e+02
8.266595469244109040e+01
1.022816755853306461e+02
9.686097011983963512e+01
8.491037323180178475e+01
1.062500584667837416e+02
8.555661003805063558e+01
9.446615639313228030e+01
1.017303805649666231e+02
8.078221613032239645e+01
1.026920195840271930e+02
9.111676908958997956e+01
8.631802087750973840e+01
1.037395013306381770e+02
8.135022812510231915e+01
9.615919776427161025e+01
9.673678112588758893e+01
8.030013520547841210e+01
1.021875980256295833e+02
8.568525035357926356e+01
8.817888536957019596e+01
1.003311387526998431e+02
7.842020463212075754e+01
9.728210017089529060e+01
9.142187410484316956e+01
8.096993195114737318e+01
1.007192917136336945e+02
8.092254208073040900e+01
9.008601653354966743e+01
9.617480781046451455e+01
7.686539954294413235e+01
9.764368742154225345e+01
8.609118010720435166e+01
8.242139971191383552e+01
9.831966039478126618e+01
7.714731324296924697e+01
9.169061393210434119e+01
9.148089780666839488e+01
7.660410024514682448e+01
9.712839459020420918e+01
8.108257407509037762e+01
8.425442568317572523e+01
9.507843508199982807e+01
7.458376032580902404e+01
9.273505065649550261e+01
8.650762810657040802e+01
7.738674913083677609e+01
9.569875454219315714e+01
7.673710341210146169e+01
8.608961477702729326e+01
9.113920578215972057e+01
7.331487181881989557e+01
9.304485846915798675e+01
8.154189714677356449e+01
7.886847977639399687e+01
9.339373011461317731e+01
7.334017966420013579e+01
8.761131916859790181e+01
8.671364403945406707e+01
7.323726647519373500e+01
9.251649558791378070e+01
7.691350377214612877e+01
8.066326187201570974e+01
9.029799492458336374e+01
7.110204889341817136e+01
8.857655546015543280e+01
8.204164619949162329e+01
7.411448831954453453e+01
9.111735553140015043e+01
7.293365497303059897e+01
8.242793265047720297e+01
8.655364670560389584e+01
7.007501576863496950e+01
8.883492164782003897e+01
7.740588963830630576e+01
7.560725321660318343e+01
8.889210247988815183e+01
6.987697912124265542e+01
8.386430741859921056e+01
8.236438026190963058e+01
7.015783131790968241e+01
8.828848637305907232e+01
7.311357972847471842e+01
7.736389083002298150e+01
8.592515143735997185e+01
6.792169095750284669e+01
8.475854612865138904e+01
7.796657287782977619e+01
7.110846356669631518e+01
8.691847772941356709e+01
6.946354198489873966e+01
7.905205218455861882e+01
8.235605152772139093e+01
6.710812519360116823e+01
8.496142614626231193e+01
7.362518073352549663e+01
7.260414655149126872e+01
8.476096333121508053e+01
6.670866883279597914e+01
8.041024476372331264e+01
7.838215872553877261e+01
6.732470024377367679e+01
8.439687963610352028e+01
6.963878427275193417e+01
7.431588559369718894e+01
8.190828085203415299e+01
6.500572969818290403e+01
8.123172308304982892e+01
7.422672450163278768e+01
6.833111525849656687e+01
8.304822402346177057e+01
6.628470854071188967e+01
7.593313377721324287e+01
7.849961344756466985e+01
6.437855991017075041e+01
8.138398877796119280e+01
7.015624630602162881e+01
6.982482472918005101e+01
8.095289137323013051e+01
6.379891633463502387e+01
7.721138721258927262e+01
7.471845722149834046e+01
6.470737452539873402e+01
8.079996235493530321e+01
6.644560466285379619e+01
7.148749154349886226e+01
7.820372181381725341e+01
6.232039592288300156e+01
7.796301644484046278e+01
7.078748026331703613e+01
6.576001596963249085e+01
7.946833473197111175e+01
6.335999710657241479e+01
7.303524514484340102e+01
7.493855924095012710e+01
6.185630148939424799e+01
7.806681829182093679e+01
6.696008989158930547e+01
6.724202843373548433e+01
7.742964342903033526e+01
6.111707498716158682e+01
7.423706752192590841e+01
7.133517537832125299e+01
6.228182253929145418e+01
7.746313616855724149e+01
6.350016930563957374e+01
6.885513316931998418e+01
7.477599733428370143e+01
5.983737088589813169e+01
7.492113264911718318e+01
6.761112748714522525e+01
6.336821705587287568e+01
7.614390108634489707e+01
6.066004721630409335e+01
7.033493771184890875e+01
7.164008486099235995e+01
5.951708180418832939e+01
7.497995317232830814e+01
6.400566728172051967e+01
6.483317464092876037e+01
7.415774096678134697e+01
5.863665877503149915e+01
7.146211131188249510e+01
6.819978057982415010e+01
6.002569608390599143e+01
7.435653589415443321e+01
6.077440029044441872e+01
6.639711402548836361e+01
7.159215919763109071e+01
5.753405390296185828e+01
7.208195277563388004e+01
6.466465129406827828e+01
6.113558039551968193e+01
7.304929457826604278e+01
5.815692328315046211e+01
6.780955894672382556e+01
6.857757738923316992e+01
5.733939279863569993e+01
7.209615284671573932e+01
6.126605487175191911e+01
6.258079022725478779e+01
7.110839813448980351e+01
5.633153158977215469e+01
6.886859793835306220e+01
6.528585695797025323e+01
5.791346541798651515e+01
7.145958821169904240e+01
5.824601841289301518e+01
6.408518244889623361e+01
6.862908582637933819e+01
