2.664579840973016758e+02
1.914770428686836112e+02
2.566055464903333245e+02
2.455518893046833284e+02
2.029745996210607757e+02
2.794202995116447710e+02
2.135347236385194947e+02
2.425345760442423568e+02
2.746578069173303334e+02
2.000705850932607461e+02
2.804707067198908703e+02
2.462712787397830709e+02
2.254498379660109322e+02
2.952973382530735194e+02
2.153713504177389382e+02
2.704147702770725346e+02
2.807784811600331523e+02
2.151233382859328742e+02
3.042375874135754543e+02
2.467117909441825816e+02
2.533045217801613092e+02
3.095762412859199344e+02
2.216469575036649360e+02
3.003381003559010765e+02
2.853181268723128028e+02
2.373895676411074476e+02
3.274810588512937102e+02
2.484563355978785921e+02
2.858571643686681796e+02
3.221391146041309526e+02
2.345430921427040118e+02
3.316803613652423337e+02
2.890204606162139385e+02
2.672243286021235917e+02
3.497991300481412509e+02
2.535141297622527077e+02
3.225525252325869587e+02
3.329536524958837731e+02
2.559248687695117894e+02
3.641809155419848025e+02
2.929925877821348763e+02
3.045543564830167043e+02
3.714973882948436312e+02
2.649939358882343186e+02
3.631404436720014246e+02
3.426945871370163559e+02
2.871050773793143662e+02
3.974598830431489773e+02
2.993889810091786785e+02
3.491126457049356304e+02
3.920081018220284363e+02
2.853708566952403203e+02
4.074339238280155655e+02
3.523799525851587191e+02
3.293109682615672114e+02
4.313833697647747840e+02
3.108048673024147774e+02
4.019539988061051190e+02
4.129255642868208156e+02
3.185773869636071254e+02
4.564443503963855164e+02
3.645722977378711676e+02
3.843205777647248169e+02
4.680679322189891423e+02
3.327572303660561488e+02
4.628618715556804091e+02
4.342945900099149412e+02
3.665922141471895088e+02
5.100241438025771004e+02
3.816125054498707527e+02
4.524076112611464282e+02
5.068202052944498632e+02
3.690640002595188776e+02
5.335274346487536832e+02
4.586973310212554225e+02
4.346358453675852047e+02
5.710890146788613038e+02
4.089952601442431614e+02
5.374501846462610501e+02
5.504483653570774777e+02
4.265212050036356572e+02
6.185749652721139000e+02
4.916306177090801839e+02
5.266249660306054921e+02
6.423693660679364257e+02
4.556318198661682572e+02
6.455450286219514737e+02
6.040591176601471943e+02
5.158421974080559949e+02
7.239156313937353389e+02
5.390587864808400127e+02
6.521442844647394850e+02
7.317713911876377324e+02
5.347411041351881522e+02
7.875168359192440448e+02
6.751092761161329463e+02
6.483278038627769320e+02
8.608566419386144162e+02
6.163226204639869366e+02
8.280937935166060697e+02
8.509037810120001950e+02
6.679649890142057984e+02
9.852801155721301711e+02
7.822651289692372529e+02
8.582262889893370357e+02
1.058310676261185336e+03
7.557924180871216322e+02
1.099494265713091863e+03
1.032967947506440851e+03
9.044656561404508466e+02
1.299765600644254164e+03
9.748300655033559678e+02
1.216815316121276283e+03
1.390310929903336955e+03
1.034101051908145791e+03
1.569961483579386595e+03
1.372274431835627865e+03
1.373033258350825463e+03
1.873495585921560178e+03
1.374216369245007854e+03
1.940366135166919321e+03
2.057456670886143456e+03
1.686624695505680620e+03
2.643257991969145678e+03
2.195836235374664284e+03
2.586075096393451076e+03
3.422296953685852714e+03
2.619105843550518330e+03
4.288971249842769794e+03
4.520212143286931678e+03
4.507055494663164609e+03
7.796740835578153565e+03
7.300096942381303052e+03
1.300897376710852222e+04
2.547968333969927335e+04
3.064430520447080562e+04
2.381468555466133330e+04
1.134438560287678956e+04
7.497702520997861029e+03
7.379331626132574456e+03
4.007191709144747165e+03
4.516578525031095523e+03
3.834733709465645916e+03
2.540198999449538860e+03
3.316817583779691631e+03
2.224706881432633054e+03
2.180902763996863087e+03
2.408417187050411030e+03
1.483657472936159365e+03
2.007980418891885620e+03
1.677356489940584879e+03
1.299574415435572746e+03
1.726447133113058953e+03
1.131756459633976419e+03
1.317057189358135474e+03
1.368693091097853312e+03
8.922692956671606908e+02
1.284098331446250995e+03
9.934352020144198150e+02
8.962703072490310205e+02
1.135391881842414477e+03
7.220794736437554775e+02
9.590203282161664902e+02
9.104839723156513855e+02
6.475321510671902843e+02
9.377873740747944566e+02
6.669167381375539208e+02
7.029015199907456690e+02
8.223910722828286453e+02
5.145245010851175493e+02
7.485504807959699747e+02
6.440688627571169036e+02
5.132838099952632547e+02
7.221069868363392743e+02
4.763976203633039290e+02
5.788042852432392920e+02
6.166267079939093492e+02
3.994782126057556297e+02
6.094494632177495532e+02
4.729414615839453973e+02
4.364122177440283963e+02
5.712962058665337963e+02
3.534980493587949582e+02
4.921951157134299706e+02
4.724945654477487551e+02
3.315666183339361055e+02
5.043119657379231171e+02
3.520209275963548521e+02
3.841489531859641033e+02
4.585199148863738969e+02
2.768993366158478011e+02
4.274079056888453465e+02
3.660546057440715231e+02
2.890504225622345871e+02
4.207269716724973705e+02
2.664121503960973314e+02
3.436248039825963474e+02
3.689574954180354212e+02
2.264717072142024108e+02
3.691740043032095855e+02
2.817490584101563513e+02
2.608945993616338228e+02
3.512071027123399176e+02
2.075042686532739538e+02
3.067077906153310209e+02
2.908873376226547975e+02
1.972757810772500875e+02
3.206630446956125411e+02
2.140031427823761305e+02
2.381728128152281272e+02
2.906752088648888730e+02
1.649631333794891361e+02
2.746349434038263553e+02
2.306685473840541079e+02
1.803102575773809519e+02
2.733988068356371741e+02
1.617742129443322199e+02
2.213752770712100357e+02
2.379946021275056012e+02
1.377247846080759928e+02
2.415893871659418721e+02
1.752734401373912192e+02
1.675893692468274025e+02
2.308039430957648506e+02
1.238593045538921018e+02
2.027266949396855864e+02
1.871361477968440283e+02
1.218839706968696532e+02
2.132291478908010447e+02
1.310927424984951131e+02
1.563118660181485211e+02
1.898808450260004292e+02
9.381580357112059687e+01
1.812101824999547830e+02
1.421524311849899220e+02
1.126400635460674664e+02
1.805380303331119194e+02
9.169510271048699224e+01
1.471706970958353509e+02
1.517785184481969338e+02
7.970429728941908820e+01
1.629194484254103941e+02
1.039261279629578780e+02
1.085868618931797300e+02
1.504280911207508780e+02
6.656200601992688348e+01
1.409200352096320330e+02
1.193823502384954480e+02
7.223393766741472177e+01
1.399954839209302691e+02
6.981192518820576254e+01
1.103592733756570823e+02
1.259807734159995363e+02
5.069945123889573324e+01
1.255095466937538902e+02
8.568520090606385509e+01
7.771235120446027622e+01
1.220063470321547356e+02
4.879046359046036940e+01
1.063477482346816032e+02
9.577222929383228234e+01
4.709624456614634624e+01
1.123986560604722342e+02
5.490793791139000035e+01
8.067264247956059364e+01
1.013150402108736330e+02
3.206728581130017375e+01
9.767538728952850136e+01
6.577146248116491734e+01
5.973758364343594707e+01
1.029260001014575607e+02
3.458592948890692753e+01
8.367555809990383864e+01
7.990541815555928906e+01
3.321753992355088059e+01
9.499188823939080351e+01
4.950524119468850870e+01
6.277280482257237537e+01
8.160677579504584855e+01
2.224867167183155914e+01
8.690920385936368575e+01
6.112058020738039232e+01
4.431196962904142111e+01
8.504338447082844255e+01
2.809109758439698723e+01
6.997087264656212824e+01
6.772147854812895673e+01
2.978855204501955356e+01
7.981131106304687250e+01
3.850428744202956466e+01
6.219982544412331293e+01
7.662372376937926788e+01
1.822691249652696399e+01
7.470915228641281658e+01
5.001155565868316444e+01
4.453545232637060991e+01
7.784560700086633744e+01
2.266051771615536836e+01
7.069432139615958022e+01
6.616065731048043119e+01
2.695134318954640662e+01
7.500172752140467480e+01
3.366133067839836457e+01
5.901930026468544099e+01
7.346252603431564410e+01
2.108954353826822370e+01
7.513322339066081668e+01
5.237253285622972498e+01
4.204076242696220334e+01
7.435290438243194444e+01
2.809360649881974936e+01
7.045956717068438024e+01
6.450257078340895589e+01
3.789360745635562466e+01
8.050429459391342846e+01
4.059329880917540834e+01
6.334208619901401249e+01
7.614422440061986208e+01
3.064894836736540285e+01
8.133015324935279011e+01
5.871800292725043846e+01
4.954266941045003136e+01
8.061629932864157411e+01
3.922989297388426877e+01
7.952516587566633177e+01
7.339195123865773951e+01
5.137548026020063219e+01
9.311977821336569150e+01
5.236642284060847885e+01
7.306000920289703515e+01
9.001595733168883839e+01
4.812582170279830507e+01
9.204337408586586378e+01
7.058101065051177159e+01
7.091955669425810527e+01
1.019890941882423192e+02
5.427212846325040374e+01
9.722514409525780366e+01
9.555315983250791589e+01
6.761700840352312980e+01
1.180335552335998557e+02
8.135157730923042152e+01
9.455411888648467311e+01
1.188609705401299976e+02
7.135670786005657362e+01
1.207130059372152715e+02
1.095847256426340266e+02
9.479896505838294729e+01
1.370407491375834468e+02
9.197907774734446207e+01
1.196990630633155632e+02
1.346452419136407457e+02
1.041120756635876745e+02
1.549733866664293203e+02
1.289271033786114060e+02
1.323454560765568999e+02
1.656983314259474867e+02
1.232414847535884377e+02
1.737140855180301173e+02
1.704778081574795863e+02
1.410155252320444390e+02
1.988571539112083713e+02
1.622837092775616270e+02
1.778561688418688220e+02
2.090873711502996741e+02
1.684689076490539890e+02
2.243750876074967664e+02
2.099923380634496937e+02
2.012467224555383041e+02
2.591187162956740622e+02
2.096679913368734560e+02
2.523776302172808528e+02
2.760057993456295549e+02
2.274221408937239062e+02
3.045871445030908831e+02
2.819142609276425446e+02
2.806414667274083286e+02
3.466765437735616615e+02
2.876976887171709336e+02
3.470203727589325808e+02
3.716019978116345897e+02
3.317878577823163369e+02
4.225485107004280962e+02
3.866499228285920822e+02
4.078166738460232636e+02
4.794335056497557161e+02
4.155456627227007971e+02
5.167796701198898290e+02
5.290185372315404493e+02
4.955345305772750635e+02
6.262105992920937751e+02
5.702043802240598325e+02
6.383649304437793717e+02
7.375713619268879029e+02
6.557290927277776973e+02
8.266407832462925853e+02
8.414642555296386490e+02
8.393210869259058882e+02
1.053306556038556664e+03
9.660126190750318074e+02
1.143816002499457454e+03
1.330641896239796779e+03
1.261094774249340162e+03
1.660923489152383127e+03
1.724974642693237001e+03
1.876462535810896270e+03
2.500829075261364324e+03
2.532256426360775549e+03
3.384932023813652449e+03
4.361677320052225696e+03
5.115433145148926087e+03
9.111125350522910594e+03
1.331880815177364457e+04
1.352267276224448142e+04
9.564297376502296174e+03
5.491098428064086875e+03
4.616219124305952391e+03
3.624047173046003536e+03
2.679258158652192378e+03
2.683482711696559818e+03
2.074644504804695316e+03
1.895211586693818845e+03
1.843251667386781264e+03
1.429562133356861295e+03
1.531709252691906840e+03
1.354506986116464077e+03
1.168241514985884805e+03
1.269831817323394262e+03
1.033368501983752139e+03
1.048738547930907089e+03
1.040418227660383991e+03
8.510078280552967271e+02
9.549813918683627207e+02
8.406182741968358414e+02
7.772421147226685889e+02
8.509501017387372030e+02
7.001546980237449134e+02
7.535356869136276146e+02
7.326392777641918883e+02
6.232340579398703539e+02
7.133073135327387035e+02
6.177053031304939168e+02
6.066608612294689920e+02
6.496989650185314531e+02
5.344307080680953277e+02
6.017591698249841556e+02
5.693190637099061178e+02
5.045804666327090899e+02
5.779725053752356416e+02
4.872724907874464861e+02
5.035936232650792022e+02
5.299771696162088119e+02
4.422387226577488946e+02
5.065518475049622680e+02
4.644013137601916128e+02
4.320026627142026427e+02
4.877197635511710132e+02
4.071324012543413460e+02
4.399049022516279592e+02
4.439229986469747473e+02
3.802474461327503263e+02
4.421840773499782244e+02
3.918045784556434796e+02
3.852455822053255474e+02
4.230181009468609545e+02
3.508921822543701978e+02
3.968077289981951594e+02
3.830755475146615936e+02
3.390264068130288138e+02
3.959157996786082094e+02
3.389018275965965472e+02
3.494627587655722891e+02
3.727616770172561473e+02
3.095829860344060194e+02
3.602104519492675081e+02
3.358778450684120003e+02
3.101577783018548189e+02
3.557047611990236078e+02
2.987154387268428763e+02
3.243042678095001179e+02
3.319867420616516256e+02
2.815445290571064447e+02
3.319743783171959990e+02
2.973197183765250884e+02
2.893778861374404414e+02
3.227412984468084005e+02
2.677335696410348191e+02
3.037507814390389740e+02
2.973637032603561465e+02
2.610838954269401597e+02
3.075669761125227524e+02
2.648595467409551816e+02
2.732515035532254046e+02
2.951545769194173658e+02
2.448190445248423543e+02
2.860996537801993895e+02
2.678930380423524866e+02
2.460633132921307720e+02
2.861708138935577495e+02
2.400748158818279592e+02
2.599925592918884263e+02
2.689718103072145254e+02
2.275805074061238713e+02
2.703533328265222622e+02
2.420042387875829206e+02
2.346856611809311346e+02
2.655685936673125980e+02
2.193500984210549234e+02
2.492873141682759979e+02
2.460567183576732191e+02
2.147644931677361626e+02
2.555325471586099297e+02
2.201941846764734976e+02
2.260815552760104765e+02
2.466004178478766278e+02
2.039637076738559358e+02
2.393627495036882920e+02
2.249325459945725072e+02
2.058051951924508671e+02
2.414366877217036915e+02
2.023014705133670930e+02
2.195911665497066281e+02
2.285268046360524465e+02
1.922914522832087130e+02
2.300901204564370346e+02
2.064295718858824671e+02
1.996004272873262266e+02
2.273606722250295036e+02
1.872594342953244961e+02
2.134812796643075785e+02
2.114528197757943246e+02
1.839055824137604986e+02
2.202572776532736611e+02
1.897604828068255358e+02
1.950332008593056230e+02
2.135438260856062982e+02
1.759045291362137391e+02
2.077602382940737584e+02
1.953670723753037350e+02
1.782740915898726257e+02
2.104324506909040338e+02
1.756760331516725557e+02
1.913462025928571109e+02
1.999015547650539020e+02
1.674293869661595409e+02
2.014860310561762446e+02
1.806139346231789773e+02
1.747509016092066929e+02
2.001627370034142075e+02
1.641917559781788327e+02
1.878942552175021490e+02
1.863683689992969335e+02
1.617182410064118301e+02
1.948931474049383041e+02
1.674733890935805221e+02
1.723014560457266953e+02
1.893708713142894453e+02
1.553490752706589717e+02
1.843573439075190947e+02
1.734971935218949000e+02
1.582753820989217957e+02
1.875199151911052127e+02
1.560508818294263449e+02
1.705000104523247728e+02
1.783058230131783546e+02
1.489088175047955644e+02
1.802442145421619841e+02
1.613762742365988458e+02
1.563056474011198418e+02
1.795885889379811147e+02
1.469434488589363923e+02
1.687136917132423264e+02
1.671066249893679014e+02
1.447271855268661227e+02
1.752818057375869500e+02
1.501970473014288245e+02
1.550061457659288067e+02
1.706032238591162127e+02
1.394990822902645675e+02
1.663911714411472360e+02
1.562670079371039265e+02
1.425690714791788594e+02
1.695362415462919898e+02
1.405557314436958620e+02
1.541904381162194682e+02
1.613005179340803181e+02
1.345568562098869734e+02
1.635533573447794708e+02
1.458489508298250428e+02
1.415474547180351692e+02
1.629331270030443193e+02
1.327338441952929315e+02
1.534143148678320472e+02
1.518551642129137917e+02
1.314762912402926531e+02
1.597658405787135507e+02
1.363518652586317330e+02
1.412816841481897256e+02
1.555550595385657289e+02
1.268204696496130168e+02
1.520776410217520151e+02
1.424038934151605247e+02
1.300649927278499263e+02
1.550988894442682238e+02
1.281007979997240795e+02
1.412755667438064222e+02
1.476102498251519535e+02
1.228496396454868602e+02
1.500355448498216901e+02
1.333397091327800013e+02
1.297288017165674319e+02
1.495213824672213718e+02
1.214009352966035067e+02
1.410200188842059106e+02
1.392808164270086877e+02
1.206169149260782945e+02
1.470386037263751859e+02
1.249958709483428976e+02
1.300640876357959144e+02
1.431310604061019660e+02
1.164161237956613348e+02
1.402916610040340402e+02
1.309246175738305169e+02
1.198161175570398740e+02
1.431422594380067039e+02
1.177612084772910208e+02
1.305097375834249647e+02
1.361047864785973047e+02
1.131761311076174508e+02
1.387850531603563411e+02
1.228643693986572600e+02
1.199807043226614667e+02
1.382816611055621934e+02
1.119158068823735164e+02
1.307267305842834162e+02
1.287026573011585242e+02
1.115511959110495894e+02
1.363694590958613162e+02
1.154312212535937761e+02
1.206894972951864844e+02
1.326436476255487094e+02
1.076649813648322578e+02
1.303756624113374585e+02
1.211985756281840025e+02
1.112040455827331016e+02
1.329930006111055434e+02
1.089951411000000832e+02
1.214794207015031304e+02
1.263491064304343894e+02
1.050281467612200288e+02
1.292579158780156945e+02
1.139184992614610650e+02
1.117461985032121845e+02
1.287293708576607116e+02
1.038581072901902331e+02
1.219746429066012468e+02
1.196477718883755301e+02
1.038555119721261946e+02
1.272355348023983765e+02
1.072291161782605684e+02
1.127257082404727839e+02
1.236367427446030689e+02
1.001904207821293795e+02
1.219032291645169437e+02
1.128247216382794988e+02
1.038720488935696835e+02
1.242843895823280747e+02
1.014534037183209705e+02
1.137356451078458690e+02
1.179139649601420388e+02
9.802767703812607181e+01
1.210527560243045286e+02
1.061905361621669499e+02
1.046775049265207116e+02
1.204401851429148564e+02
9.688478944277569838e+01
1.144336302806894139e+02
1.117869743052145708e+02
9.722722654482423366e+01
1.193274410969169566e+02
1.001090542510606980e+02
1.058415496031871896e+02
1.157979343147267457e+02
9.372069008774907672e+01
1.145352271039753873e+02
1.055098305947106354e+02
9.753399815516930005e+01
1.166847987957839621e+02
9.487750332163047062e+01
1.070161900616676292e+02
1.105360654643850609e+02
9.195177895221723929e+01
1.138931894929080073e+02
9.942176341213510682e+01
9.852787426171290974e+01
1.131724565950919157e+02
9.080421060186783677e+01
1.078405219809299211e+02
1.048658658185029537e+02
9.146457474377821484e+01
1.123817887079102036e+02
9.383914548253572718e+01
9.984242682070819797e+01
1.088895284202770029e+02
8.804230714975328453e+01
1.080836687547743935e+02
9.906119550703036225e+01
9.197412511002630708e+01
1.099817315737206371e+02
8.908701626757904535e+01
1.011086076535237339e+02
1.040014438073734198e+02
8.661466590951630451e+01
1.075740885670538347e+02
9.342458397877801701e+01
9.312411091028035059e+01
1.067338924709442267e+02
8.543012474229846021e+01
1.020228311773666690e+02
9.872066115717059631e+01
8.638085299518881754e+01
1.062263828050631389e+02
8.828188885708119926e+01
9.453936311386520686e+01
1.027407682125424486e+02
8.302226139285312456e+01
1.023578994954885530e+02
9.331856488179668929e+01
8.706779506338418173e+01
1.040085534799580529e+02
8.393133239743036711e+01
9.587072600010831991e+01
9.816601115634027508e+01
8.187921303422622543e+01
1.019452225846361983e+02
8.806871815260060998e+01
8.832553024996121849e+01
1.009759428173436078e+02
8.064203680844750011e+01
9.683744556676161608e+01
9.321592747100081056e+01
8.185673307291250467e+01
1.007128942996720014e+02
8.330396410247324468e+01
8.980974822773021060e+01
9.722478951325642527e+01
7.854541686517769961e+01
9.722347752312117564e+01
8.814755009263264185e+01
8.268694637986425278e+01
9.864515131377400792e+01
7.931706508213183326e+01
9.118550094281204110e+01
9.291419530843855057e+01
7.764948690827301903e+01
9.688446524326059262e+01
8.324874692053759873e+01
8.403717876715276702e+01
9.578564922034532003e+01
7.634540650704060738e+01
9.218276001579963008e+01
8.824960468115172318e+01
7.780756122869551916e+01
9.574617792051724052e+01
7.882258521805709961e+01
8.556268245664713845e+01
9.223467466450181007e+01
7.452256279986420395e+01
9.259875773724289161e+01
8.347732560678480240e+01
7.875497041803660636e+01
9.379134318824361571e+01
7.514981254726035331e+01
8.695994956787519925e+01
8.815327754947954020e+01
7.384332383505623909e+01
9.230528760048201775e+01
7.888190470329416826e+01
8.017108136128901208e+01
9.107629211102948830e+01
7.246519746137762752e+01
8.796816571492175285e+01
8.373652980976962112e+01
7.415498950885336171e+01
9.123080379584082777e+01
7.475317575268380210e+01
8.172647796210262072e+01
8.769874413933452217e+01
7.088537259473403651e+01
8.840011117684842645e+01
7.922884973379134976e+01
7.519925637483319747e+01
8.937109616677598467e+01
7.136848953761496261e+01
8.312545876247533272e+01
8.381083477507714008e+01
7.039660336671482810e+01
8.813408252000556331e+01
7.490307312757222746e+01
7.666289431691076572e+01
8.677471179924575040e+01
6.894222408571567939e+01
8.412914593060871482e+01
7.961039378600270311e+01
7.084614246515657499e+01
8.710768905242510129e+01
7.103905415274427071e+01
7.823781002488091474e+01
8.354633877412017284e+01
6.757495531129849553e+01
8.456838226530362590e+01
7.534202342834163346e+01
7.196337167062748108e+01
8.532416011384258070e+01
6.791691831270232171e+01
7.962534977055877050e+01
7.983081549605081761e+01
6.725923425251966137e+01
8.431478273454629857e+01
7.125800755362227790e+01
7.346451687196912417e+01
8.282949646707318436e+01
6.572158303146149194e+01
8.061681799144520255e+01
7.582739946615036786e+01
6.782092174506186666e+01
8.332340037627604090e+01
6.764289864055594137e+01
7.503718569261273785e+01
7.972653254330133166e+01
6.455662129309315844e+01
8.104297008941776426e+01
7.176656710881502477e+01
6.900878822062097129e+01
8.159636274334634720e+01
6.475115175273586487e+01
7.641391837336546189e+01
7.616417702830865721e+01
6.438854136609261047e+01
8.079647216575908431e+01
6.790631052211593044e+01
7.053221447186186310e+01
7.918759282938577826e+01
6.277153812518064058e+01
7.738501161613442036e+01
7.233524098405442260e+01
6.505441774720868864e+01
7.983389491951264461e+01
6.451616171195104243e+01
7.209647823335481576e+01
7.619411416811794879e+01
6.178317109971536780e+01
7.779309239166170187e+01
6.846471659070236626e+01
6.629373931717630342e+01
7.815194453060114199e+01
6.183723700401818490e+01
7.345271802109891723e+01
7.277236677636757634e+01
6.175216954680740145e+01
7.754373493869242395e+01
6.480860329805592812e+01
6.783197499034803002e+01
7.581613236065562944e+01
6.005208553260995785e+01
7.439608586781945121e+01
6.910178322225291936e+01
6.250276795202714197e+01
7.659387783859216370e+01
6.162436221502702693e+01
6.938414194941654500e+01
7.292406004238968364e+01
5.923166124216218975e+01
7.478226303363435079e+01
6.540711780174798662e+01
6.378935590331548866e+01
7.495314255228046818e+01
5.914518348350616606e+01
7.071046908153897448e+01
6.962177767222235047e+01
5.931979196998517523e+01
7.452276011274332745e+01
6.193689406205393055e+01
6.533344859311492314e+01
7.268036695145568160e+01
5.754006884586886628e+01
7.162123356104203253e+01
6.609548862384036738e+01
6.014754090712546741e+01
7.358228521827577140e+01
5.894378035508120917e+01
6.686644830882896429e+01
6.987607739091417614e+01
5.686985983733413974e+01
7.197998635450804272e+01
6.256235670778256974e+01
6.147017100489848929e+01
7.197263425805765280e+01
5.664923994418512621e+01
6.816171191078620950e+01
6.668614113152483469e+01
5.706850171026634655e+01
7.170745124876172838e+01
5.926631526773002889e+01
6.301413983316684408e+01
6.975476819856343980e+01
5.521170699922726754e+01
6.903611401406108428e+01
6.329189965227637060e+01
5.796415484205481050e+01
7.077044520421202378e+01
5.644979627381810161e+01
6.452458332829927201e+01
6.702998048706365353e+01
5.467826788275343830e+01
6.936499617044032107e+01
5.990921286780316990e+01
5.931318779418617737e+01
6.918654421690199285e+01
5.432853942826501736e+01
6.578223165490436486e+01
6.394156721393951415e+01
5.497772863599678317e+01
6.907344770659665301e+01
5.677421623114254601e+01
6.085255181202489183e+01
6.701573676590349748e+01
5.304592088501134128e+01
6.661764837510114035e+01
6.066882980586970575e+01
5.593258438988096515e+01
6.813446864883060528e+01
5.412205709271606935e+01
6.233889487116775996e+01
6.436316814855115354e+01
5.263842085669286774e+01
6.691668823269452560e+01
5.742686062234997024e+01
5.730063161214486911e+01
6.657323897716577221e+01
5.216393793930713940e+01
6.355469479925815079e+01
6.136730748579154948e+01
5.302971034567701736e+01
6.660311141328905649e+01
5.444145760101525156e+01
5.883184127344649283e+01
6.444569521448640614e+01
5.102480870514941103e+01
6.434978670380827737e+01
5.820996650304505238e+01
5.403572275214077791e+01
6.566057060792732614e+01
5.194640942180016197e+01
6.028725714699855587e+01
6.185653176530712472e+01
5.073361999344830764e+01
6.461391774335780269e+01
5.509858147206568191e+01
5.541779604516725755e+01
6.411548099929518685e+01
5.014084237489547036e+01
6.146225425803810083e+01
5.894873596730863596e+01
5.120995899579182975e+01
6.427713106290906353e+01
5.225589900985711012e+01
5.693704763668181101e+01
6.202455939701540188e+01
4.913714363273441421e+01
6.221645911774911752e+01
5.589702821927867404e+01
5.226045908791897432e+01
6.332912017925226422e+01
4.990765379340792407e+01
5.835961413323964564e+01
5.949592098922963856e+01
4.895617158171984329e+01
6.244361887941438738e+01
5.290757768317109822e+01
5.365459645455996451e+01
6.179588817931082190e+01
4.824183414835582084e+01
5.949457544995931357e+01
5.666838378841030988e+01
4.950351214625428042e+01
6.208404999492082510e+01
5.019990490177202958e+01
5.515484066051818246e+01
5.974005935187886962e+01
4.736612397336581637e+01
6.020461944878322669e+01
5.371700980153268290e+01
5.059266948440598810e+01
6.112826296152343986e+01
4.799170410545663401e+01
5.654122765610319590e+01
5.726669135103475838e+01
4.728783731861526007e+01
6.039287929650036091e+01
