1.508652570752931297e+02
9.423504747645830548e+01
9.402434530239906962e+01
1.522110217906788421e+02
4.808236384773794470e+01
1.373650694356632300e+02
1.255352739613967259e+02
6.227305495705575566e+01
1.574935939501648363e+02
7.861924771038717097e+01
1.130941766061033746e+02
1.487142347314832023e+02
4.405934494778099264e+01
1.502158803100957982e+02
1.130690321441472861e+02
8.157074174029740732e+01
1.607903871227390198e+02
6.314415587270795527e+01
1.309300497024980530e+02
1.417843448511744953e+02
5.223705763110510247e+01
1.602414953436570499e+02
9.826529103765507500e+01
1.020269735189609150e+02
1.605982852667044085e+02
5.125457875147529307e+01
1.468826447158212432e+02
1.316054228762281753e+02
6.898323075218226563e+01
1.670963247840259669e+02
8.213976091842685889e+01
1.221115472823188242e+02
1.567960174595985166e+02
4.874482572184916052e+01
1.603520597632038402e+02
1.185056671722832391e+02
8.950792458864184198e+01
1.704562222747951239e+02
6.656290087647096243e+01
1.409267091971019283e+02
1.494376562808011499e+02
5.858867580518204932e+01
1.708552352936418117e+02
1.030963353987531974e+02
1.111463296681907309e+02
1.701338250846681603e+02
5.541731348583240901e+01
1.577314927466088648e+02
1.386762115682981573e+02
7.680898970690148531e+01
1.780231195134180666e+02
8.648843377177448133e+01
1.324589203949276452e+02
1.660894730880846737e+02
5.465584623344562232e+01
1.719956576063665921e+02
1.249763784396746615e+02
9.877378540718463285e+01
1.815858659387968714e+02
7.100060553482802561e+01
1.524376756778902404e+02
1.583571876465634034e+02
6.631463552896720159e+01
1.831339057177654865e+02
1.089995109532548554e+02
1.218302252701071922e+02
1.812828368733920001e+02
6.097142355350194265e+01
1.703495646120982485e+02
1.471195906461407503e+02
8.607765087360574796e+01
1.907529124963046741e+02
9.210621017304001157e+01
1.445318343322935561e+02
1.770237636223586435e+02
6.204914749020659315e+01
1.854685698293568237e+02
1.327416247001921761e+02
1.097684891629977670e+02
1.946499017956187458e+02
7.693047942363936897e+01
1.659968525414943485e+02
1.689977852012096093e+02
7.578745602363338207e+01
1.975979694404971951e+02
1.163828733953483976e+02
1.345473252839082363e+02
1.945618110496920394e+02
6.849040322917377921e+01
1.853348729449897405e+02
1.574127887270355188e+02
9.759306672451799614e+01
2.060843637015664456e+02
9.964717758200610831e+01
1.591418803044940944e+02
1.903657028022614384e+02
7.194785454569256444e+01
2.018618816000932839e+02
1.427185756012466982e+02
1.233066910258081492e+02
2.106830135789559222e+02
8.543256109841911439e+01
1.823961969666355571e+02
1.822267843923077919e+02
8.806757561180060634e+01
2.152925325491306410e+02
1.262653172772594274e+02
1.503094648027360165e+02
2.109798520284709298e+02
7.897023506406570448e+01
2.039526047909346289e+02
1.708411242595532542e+02
1.119689009121863847e+02
2.248453878131209649e+02
1.100219399341152524e+02
1.774196117128745129e+02
2.073168646190115396e+02
8.532399551919523617e+01
2.222535022180788644e+02
1.559529892264537239e+02
1.404831318331931698e+02
2.307507116178454964e+02
9.743981980655944142e+01
2.034278072945576810e+02
1.997473185906767696e+02
1.040845215299679296e+02
2.376234239109851103e+02
1.400056454377228192e+02
1.706124106484461436e+02
2.323292837836134197e+02
9.376872738168344767e+01
2.274731733829417237e+02
1.886419052499774409e+02
1.312144910809038834e+02
2.494519558070975052e+02
1.251560149053089930e+02
2.007592963927152141e+02
2.295697802294855592e+02
1.041669868156509580e+02
2.493800806973098645e+02
1.752313912058727965e+02
1.633943727676642652e+02
2.573729313305757955e+02
1.155559720080496930e+02
2.311919673795276537e+02
2.238412019551278433e+02
1.269454648405918107e+02
2.680709569638713106e+02
1.610647443653014363e+02
1.979153638835063020e+02
2.615865125669976123e+02
1.175284911562688706e+02
2.596967252033724094e+02
2.142926145002355156e+02
1.597350720687332171e+02
2.840408551375697925e+02
1.493377278145045466e+02
2.348040980644909723e+02
2.629016846384440669e+02
1.336313684300895659e+02
2.873390785201871154e+02
2.045180392760642007e+02
1.982585761421622692e+02
2.968669216818273071e+02
1.466627999010075314e+02
2.725102398328330082e+02
2.608533440715674487e+02
1.646779782992209960e+02
3.143819742536621789e+02
1.964785128401365171e+02
2.429309276697803739e+02
3.089231677724592373e+02
1.580527114308513319e+02
3.117664967852153950e+02
2.597765315140536586e+02
2.079586937154603845e+02
3.407453268346573623e+02
1.961849130411598878e+02
2.923816285896170371e+02
3.203802685480208652e+02
1.895899588996595071e+02
3.544050090595848701e+02
2.615103742000051170e+02
2.623122687670574464e+02
3.695363143743156229e+02
2.114055119854585882e+02
3.494600672824219032e+02
3.356581410282018396e+02
2.398714569827579339e+02
4.027770053514796587e+02
2.758329366228397248e+02
3.323900425611725495e+02
4.059828649529761151e+02
2.513413774582271856e+02
4.193099135203337369e+02
3.635028489195546513e+02
3.156036549706498135e+02
4.663935821960222938e+02
3.168405919290786414e+02
4.242334505844170280e+02
4.613353856073048860e+02
3.330977661673033481e+02
5.169261400425001511e+02
4.225276318430900346e+02
4.341271718960240946e+02
5.674647305665207568e+02
4.128859127332336811e+02
5.706794042486403669e+02
5.757772873464176655e+02
4.895817284267156992e+02
6.908128124651000235e+02
5.818807861571528974e+02
6.558069657594937780e+02
7.839638441119426489e+02
6.584387381299914068e+02
8.726253360924741855e+02
8.879117890492433389e+02
8.785330324411136189e+02
1.138028509192339470e+03
1.092611592460354132e+03
1.270397619120504487e+03
1.519257410086971277e+03
1.534423719992752694e+03
1.876108972998553099e+03
2.081045971421114700e+03
2.065121953548675720e+03
2.226768707453298248e+03
2.058498068084783426e+03
1.680659870993391451e+03
1.612176057548607560e+03
1.328573422515068387e+03
1.081012562582011242e+03
1.098314014408937282e+03
8.166861817229410008e+02
7.944166490977968351e+02
7.908483595132348682e+02
5.305906088370239786e+02
6.483598827358832750e+02
5.370482159643443083e+02
4.200763052384911020e+02
5.480090768215479784e+02
3.406333805978410965e+02
4.162271203211083161e+02
4.283368008150729906e+02
2.225543386395105472e+02
4.031127552418401478e+02
2.829732058156968151e+02
2.482269854094289201e+02
3.598482688603437509e+02
1.484992247036478545e+02
2.948205101520293852e+02
2.685722933442365274e+02
1.307993198737163141e+02
3.034676819005971424e+02
1.460987000647611467e+02
2.026668595193247597e+02
2.597514284135148159e+02
5.314479397286364559e+01
2.496084230294720783e+02
1.708393665809313973e+02
1.240648789158377241e+02
2.455950199547748980e+02
5.921798886675814799e+01
1.956607986642128765e+02
1.898959622107116445e+02
5.633427014922079223e+01
2.219804774793521460e+02
9.869731809387441501e+01
1.484524632883864399e+02
2.009799335264354738e+02
1.707709564032657568e+01
1.989334146313009910e+02
1.366502724607067591e+02
1.025078473819343827e+02
2.036008982817955086e+02
5.531109185249037097e+01
1.701806377751236141e+02
1.653612720436220798e+02
6.453639032589592262e+01
1.958979349890809374e+02
9.662060002073808107e+01
1.347737079212469382e+02
1.780147514306501648e+02
5.113758103460293825e+01
1.799257737978761611e+02
1.274448270492204358e+02
1.060933661439192406e+02
1.841854682232714424e+02
6.814887727379328908e+01
1.631831178079441429e+02
1.542756402729220611e+02
8.506012544746464243e+01
1.855749967150936186e+02
9.927197052253423237e+01
1.408029188180676954e+02
1.689461013826868339e+02
7.081065704425489571e+01
1.787576826363841462e+02
1.263895177180611995e+02
1.203970941314583030e+02
1.832983061930227962e+02
8.193664426230998288e+01
1.670284539051299646e+02
1.525308455079087651e+02
9.724014978631868189e+01
1.834363565774220604e+02
9.984017399744847410e+01
1.480826602061452206e+02
1.686201322958739297e+02
8.756535049722560871e+01
1.840348689284336103e+02
1.257994332714937968e+02
1.306462261454801990e+02
1.855266092568111560e+02
9.003878285649595625e+01
1.764821131618970469e+02
1.511806806823183820e+02
1.078940998705497520e+02
1.940261365204112565e+02
1.049605090584624350e+02
1.594267508613679354e+02
1.740083946307370297e+02
9.448183080646761312e+01
1.961729099083106576e+02
1.310198998625772049e+02
1.427479997317498999e+02
1.955347238479763803e+02
9.176205567755783932e+01
1.898330218471961643e+02
1.592421944636292324e+02
1.184129126333359636e+02
2.085416343130943346e+02
1.055381768687948494e+02
1.741790583549517351e+02
1.888300002512019091e+02
9.784889514713898961e+01
2.135771680522757094e+02
1.385047581396558769e+02
1.512276885024713806e+02
2.122381428170402273e+02
9.074979066513451187e+01
2.065200502993037901e+02
1.724047994773220864e+02
1.227215041070822394e+02
2.307179901777714974e+02
1.108791689342021414e+02
1.897099974209768902e+02
2.101642825679431041e+02
9.298371589654243508e+01
2.368114227358982191e+02
1.523085410396089117e+02
1.582279394266443262e+02
2.399884935528036749e+02
8.788990293624799222e+01
2.288156624386049884e+02
2.006671795553942559e+02
1.174582973265902126e+02
2.597604731412915271e+02
1.241717497558287420e+02
2.015422247689720336e+02
2.442905708789125754e+02
8.173956637153271743e+01
2.619716435422155314e+02
1.798120944733780675e+02
1.583230400060410261e+02
2.772507407629206568e+02
9.301305976739328685e+01
2.454199925891940097e+02
2.386422211289596760e+02
1.032162808992769527e+02
2.934447638587988081e+02
1.522775147005272345e+02
2.045638980479443489e+02
2.866049011923994385e+02
7.024326772192792134e+01
2.877146829178371945e+02
2.235663591760745419e+02
1.453104269430726561e+02
3.188129457726736860e+02
1.180947336374747181e+02
2.551978796524930715e+02
2.877552030265080703e+02
7.893250576585676015e+01
3.271619741781470339e+02
1.994887688066484372e+02
1.971099098367294289e+02
3.360069437078087731e+02
7.957319053636723538e+01
3.060902933729543633e+02
2.793951056841590344e+02
1.206464640520107565e+02
3.604979469498728122e+02
1.643388480634495750e+02
2.562332693217031760e+02
3.457757378897759963e+02
5.526344766545730636e+01
3.548413134054450779e+02
2.597861458638931254e+02
1.787908460014610910e+02
3.882264494778163453e+02
1.209365058092953404e+02
3.171281593534256444e+02
3.452881386564939703e+02
8.442348006155161499e+01
4.007439890267035025e+02
2.295157951432384209e+02
2.455155954783905656e+02
4.082565522155413760e+02
7.197865880415830020e+01
3.771513802574518195e+02
3.328541457865202347e+02
1.468102182955470312e+02
4.407082458088752333e+02
1.864585420934907063e+02
3.174997253746876709e+02
4.181870780763042603e+02
4.693382482925884602e+01
4.364598808120805415e+02
3.080065634957242082e+02
2.230099111643840502e+02
4.741877130473125703e+02
1.313276572141951419e+02
3.927146992710792119e+02
4.168238336981486327e+02
1.018997270261903765e+02
4.935276285187969734e+02
2.703211607844007744e+02
3.077236175040091553e+02
4.991434863342816470e+02
6.710063506258461530e+01
4.697700466864283158e+02
4.030023443253412552e+02
1.861157433873753746e+02
5.453599614343985422e+02
2.177374548029603716e+02
3.993922772529633107e+02
5.137073802683120221e+02
4.571691678273744941e+01
5.465871826687927069e+02
3.744334980338974788e+02
2.847275202234715721e+02
5.905307338183200727e+02
1.492786087505411956e+02
4.966672241104560612e+02
5.155583631053799536e+02
1.315419945938663489e+02
6.216065553182268104e+02
3.287940496998772346e+02
3.952092861192702458e+02
6.265420365956899786e+02
6.504570459427506535e+01
5.995147531646885000e+02
5.026505379333145243e+02
2.445924204986393988e+02
6.941900834936984666e+02
2.645696593257919176e+02
5.176856909604716748e+02
6.522922755619241570e+02
5.550944831329648821e+01
7.051668574652559300e+02
4.708034714559351528e+02
3.775243568513509445e+02
7.621333320790218977e+02
1.781524627916294889e+02
6.524302352985451989e+02
6.637682735367662872e+02
1.814550181466961476e+02
8.156778971930573334e+02
4.185739910225287872e+02
5.304409724133271311e+02
8.227992597378344044e+02
6.633533638921105080e+01
8.007708340565257004e+02
6.572533404788848657e+02
3.404115238514001476e+02
9.305121392885374689e+02
3.398469470037965721e+02
7.086880672924322653e+02
8.752240251246915932e+02
8.562078744591462964e+01
9.669111679523224439e+02
6.305299637470358221e+02
5.334130692472282362e+02
1.048559609424301016e+03
2.265189750168911473e+02
9.190308228019126773e+02
9.168457061589264185e+02
2.729057095321882684e+02
1.154140067435615265e+03
5.739803807717759128e+02
7.742100325956577080e+02
1.173262711363527615e+03
6.727076378887019814e+01
1.174023266271042303e+03
9.439782099155985406e+02
5.225859772575923898e+02
1.376353881674585182e+03
4.804799749661436294e+02
1.082048440062934333e+03
1.310929973696138404e+03
1.562111825704625687e+02
1.493297852313329486e+03
9.519111338744534123e+02
8.605478605151375859e+02
1.648231339553101634e+03
3.265864458899959004e+02
1.497807813037492224e+03
1.470081309376759236e+03
4.841045602732421003e+02
1.925581267476649600e+03
9.340987721364366507e+02
1.349002230048344927e+03
2.014629797377255954e+03
7.749854653008230798e+01
2.104049787529797868e+03
1.673856500995735814e+03
1.001629705333960715e+03
2.570816762681138698e+03
8.678397768317294094e+02
2.137993145635186465e+03
2.578323343597206531e+03
3.772251483274788484e+02
3.130766686511189164e+03
1.991921332556668631e+03
1.947319222148036033e+03
3.730833427945077801e+03
6.969546619355264738e+02
3.697691834622151873e+03
3.686954863517770718e+03
1.384228939394990903e+03
5.413013005746668568e+03
2.685902063938282026e+03
4.345740691770821286e+03
6.805394532234675353e+03
1.930252304608149529e+02
8.690853252729806627e+03
7.595851967248256187e+03
5.586420444130136275e+03
1.662051221778916442e+04
6.841130944152816483e+03
2.676116391447649585e+04
6.406286934457224561e+04
7.749849562465444615e+04
5.653607101359515218e+04
1.743196094369559432e+04
1.170150539398754336e+04
1.546615486579791468e+04
1.997421816920453693e+03
9.201262503871012086e+03
7.182785705910961951e+03
2.359247653732119943e+03
7.144240984591626329e+03
2.821627330928512492e+03
3.985342837967048581e+03
5.010520575427211952e+03
1.375125590711408279e+02
4.316956303653328177e+03
2.934336346401575156e+03
1.781415564073921360e+03
3.816089796851538267e+03
1.054789188211590954e+03
2.692294440835943533e+03
2.810087903430618098e+03
4.962578306786026019e+02
2.897837899840791579e+03
1.578626508278756774e+03
1.558959401371487729e+03
2.543462099328050499e+03
3.548100406612821871e+02
2.115375531867516656e+03
1.809371211422247143e+03
7.013793856398351636e+02
2.182051015071496295e+03
8.902961597436679995e+02
1.421024273421429825e+03
1.839191492924434897e+03
7.844451393406605177e+01
1.760959919152967359e+03
1.215898966803152462e+03
8.070170898020003278e+02
1.723292096649195173e+03
4.641298881589506209e+02
1.312537026545696790e+03
1.372498200502268219e+03
2.799654957495047825e+02
1.504223554122520227e+03
8.128666290483690773e+02
8.609850548596078852e+02
1.390011734206968640e+03
1.778052205270597028e+02
1.213221508319805025e+03
1.029027094750613287e+03
4.334214643466366397e+02
1.296678738096399911e+03
5.162864374861077295e+02
8.815333374522815575e+02
1.125729533993378709e+03
6.807824487696238691e+01
1.117365284598258313e+03
7.598168030955408767e+02
5.373696792859043398e+02
1.117570233014945643e+03
2.876523223518526606e+02
8.786713803329480470e+02
9.051998623050859578e+02
2.069438976566596295e+02
1.021698155058620159e+03
5.399210234524979342e+02
6.058088119669961316e+02
9.571111076038688452e+02
1.106550092596640837e+02
8.580117051781001010e+02
7.151031030065124696e+02
3.230790741988541299e+02
9.253219036703010261e+02
3.563580306959567565e+02
6.469419118393119561e+02
8.099776125508532232e+02
6.396246242561616668e+01
8.229651439383801517e+02
5.479886838999370866e+02
4.102046380554699567e+02
8.277057806477386066e+02
2.017227969419430167e+02
6.661845241494180527e+02
6.729455815484897130e+02
1.704862733704364928e+02
7.765003398240871775e+02
3.994728963552710752e+02
4.732260243189813309e+02
7.296135004002464939e+02
7.576016624542948819e+01
6.675410274320821600e+02
5.449344287143197789e+02
2.630806200466283258e+02
7.207945136034579718e+02
2.674844000008242801e+02
5.154146483051692940e+02
6.313656929429882894e+02
6.196109487186583209e+01
6.538578593335095093e+02
4.251768092906636980e+02
3.363610799218082548e+02
6.577237482899814722e+02
1.510509479547252454e+02
5.397477851129498276e+02
5.338475667761560999e+02
1.483269352746717402e+02
6.276325858317192115e+02
3.136872692444082418e+02
3.917831444304206912e+02
5.889960611865268447e+02
5.492133658583355071e+01
5.485592048660805631e+02
4.380329255131217678e+02
2.251352645408829574e+02
5.909102344489806455e+02
2.107856497154442934e+02
4.310314172975677707e+02
5.162022076201589016e+02
6.077106162808106404e+01
5.438802454855766655e+02
3.449727647531740899e+02
2.877676167208976494e+02
5.455284431368704645e+02
1.175535814524797189e+02
4.556426221200612190e+02
4.408702160904487073e+02
1.335177541672053678e+02
5.274661767504331920e+02
2.556979905783415745e+02
3.365611325791802528e+02
4.932471842944023592e+02
4.176286692810571566e+01
4.670186345532174528e+02
3.644803325937608065e+02
1.989046471099464100e+02
5.009025593434565735e+02
1.713571315600449338e+02
3.722148807880350887e+02
4.356371896515770459e+02
5.995852411768741064e+01
4.664506636134111091e+02
2.883187414122965606e+02
2.533597077686997636e+02
4.658381337260141208e+02
9.378989495808025367e+01
3.955801103378755670e+02
3.742954021333015930e+02
1.227763409755133779e+02
4.552859475726287997e+02
2.138280517801734391e+02
2.965445923505856172e+02
4.237200987569211179e+02
3.344304292766238262e+01
4.075281836647947671e+02
3.107166792936313868e+02
1.796429908501368686e+02
4.348771884149649622e+02
1.426501043538983424e+02
3.283742286661820344e+02
3.757049927345959759e+02
5.941670489029572622e+01
4.087819321202605920e+02
2.460141487387610368e+02
2.276114351751190839e+02
4.060827318366158352e+02
7.602830996127576668e+01
3.503821056348801903e+02
3.240672885748274439e+02
1.146495144249320788e+02
4.006148614980777438e+02
1.820190910804968496e+02
2.661524842436058975e+02
3.707517179189464969e+02
2.846235395892771791e+01
3.619903201369622820e+02
2.694085925713122265e+02
1.648922210102248300e+02
3.838903108220562785e+02
1.199972281875089664e+02
2.952446229190869644e+02
3.298945756698097966e+02
5.893586914184133008e+01
3.642146240112056148e+02
2.132904332714635700e+02
2.076336782253584090e+02
3.596897990429598622e+02
6.238986294178619119e+01
3.151174306371773923e+02
2.848378997024489649e+02
1.082741393044753835e+02
3.578284356976438403e+02
1.571210573561973831e+02
2.422409753141202202e+02
3.290903783736518449e+02
2.593700216968254324e+01
3.260724010867534730e+02
2.368251123311582091e+02
1.531836612443409535e+02
3.436065807248157853e+02
1.023236914068284023e+02
2.686038352632838269e+02
2.932354506090177324e+02
5.857286825882800940e+01
3.286083094229071548e+02
1.871300923985896816e+02
1.915896003630238340e+02
3.224648698135069935e+02
5.159016971521098327e+01
2.867664282663452013e+02
2.532817410117429802e+02
1.030878846352374154e+02
3.232912948922335090e+02
1.370182159871171734e+02
2.228945373546632425e+02
2.953671289099165733e+02
2.505949052263137133e+01
2.969305906243753270e+02
2.103821525249506692e+02
1.436198392525966767e+02
3.108032462513320979e+02
8.796242770102138309e+01
2.468505658087148618e+02
2.633011753957073324e+02
5.825973226977210118e+01
2.994499510961907731e+02
1.656996956186948751e+02
1.784203008547469835e+02
2.919164661733672688e+02
4.291691372925127723e+01
2.634297098777489623e+02
2.273091527886566325e+02
9.877624708364730566e+01
2.947943681138800684e+02
1.204456883493062378e+02
2.068790413883372423e+02
2.674699204211833035e+02
2.521505143377694225e+01
2.727569357603863978e+02
1.884514698973098064e+02
1.356515212109119943e+02
2.835373904420646340e+02
7.606573742235806890e+01
2.287172353892609067e+02
2.383586038464240460e+02
5.798606988099600557e+01
2.751028100110876267e+02
1.478131073911216049e+02
1.673831139158555459e+02
2.663534355420520114e+02
3.589298570515108366e+01
2.438541778528266661e+02
2.055380799963900529e+02
9.511214971677829055e+01
2.708343479606500068e+02
1.065354159482589864e+02
1.933706069952322935e+02
2.439692423178272804e+02
2.597379309841400641e+01
2.523518052496275743e+02
1.699505490300605288e+02
1.288880059341468041e+02
2.604776226304287547e+02
6.605230818237586732e+01
2.133422425040244548e+02
2.172310577499997351e+02
5.773111664288544631e+01
2.544235276268828159e+02
1.326392926933081355e+02
1.579725759550855173e+02
2.446025940515981745e+02
3.020375586583686101e+01
2.271648151410280150e+02
1.869801906504736451e+02
9.197506295823536959e+01
2.503932220930191761e+02
9.468016454418054195e+01
1.818162438505120235e+02
2.238903394601241530e+02
2.700203253084741917e+01
2.348720374992806512e+02
1.541211624261944735e+02
1.230576775907454987e+02
2.406962040613695990e+02
5.751917342712938819e+01
2.001169580009739661e+02
1.990818992675789332e+02
5.749424453462336970e+01
2.366276166934748915e+02
1.195992897808366280e+02
1.498416051224849070e+02
2.258665057230368518e+02
2.565304320191904353e+01
2.127442513809378681e+02
1.709814859497464283e+02
8.921476159429512620e+01
2.327059646914134419e+02
8.446226368184710509e+01
1.717802668438835667e+02
2.064996194364572943e+02
2.815212990146790872e+01
2.196963832752665553e+02
1.404011488808185675e+02
1.179688352261063073e+02
2.235140381440977535e+02
5.017255421534920146e+01
1.885974454797036515e+02
1.833065864644480598e+02
5.726185067319254784e+01
2.211151354419510255e+02
1.082610137695288302e+02
1.427214859368351654e+02
2.095182432885964658e+02
2.211512253033511399e+01
2.001355000259173949e+02
1.570117254543541776e+02
8.678309594489849133e+01
2.172372615595681680e+02
7.554618810690386965e+01
1.629820194824239366e+02
1.912840488355925572e+02
2.931359827015302244e+01
2.063862874538621099e+02
1.283925500944467046e+02
1.134722855254922393e+02
2.084312228505326630e+02
4.379495877339860499e+01
1.784574372683533170e+02
1.694516362281896420e+02
5.703414898321614146e+01
2.074613809727179898e+02
9.830610883665903543e+01
1.364248616960657330e+02
1.951208886937999409e+02
1.949567441425459435e+01
1.890000831683356353e+02
1.446995254391586911e+02
8.460930723267853182e+01
2.035862567829417742e+02
6.771807469380273403e+01
1.551810293899160911e+02
1.778440349731196477e+02
3.044292387617851148e+01
1.945961254929140978e+02
1.177852493027766343e+02
1.094600999560200876e+02
1.950711827984735010e+02
3.823176182330312400e+01
1.694454524176798316e+02
1.571765275916207258e+02
5.680678490590695162e+01
1.953332732437309005e+02
8.949311227668557933e+01
1.308055369862562713e+02
1.823354894702815159e+02
1.773149230531817011e+01
1.790814781359314622e+02
1.337745072842695322e+02
8.262915792592679054e+01
1.914153565730493938e+02
6.078247919041994152e+01
1.481983433936078995e+02
1.658649427409791315e+02
3.151447226124624024e+01
1.840624106254723529e+02
1.083375044327326577e+02
1.058483164460186146e+02
1.831390033375796520e+02
3.336032109086777808e+01
1.613673462235059333e+02
1.462132679205394936e+02
5.657711317294884168e+01
1.844715041454235802e+02
8.163105751204668081e+01
1.257470514714595424e+02
1.708900816314357769e+02
1.673068201164642588e+01
1.701715967525370559e+02
1.239968285065011742e+02
8.082001795453811610e+01
1.804903453974233685e+02
5.460170527698250709e+01
1.419001680656567714e+02
1.551126241307200360e+02
3.251422569071344526e+01
1.745797503966059026e+02
9.986471009370093554e+01
1.025692652081680478e+02
1.724034320216496496e+02
2.909035994997982399e+01
1.540723493665819035e+02
1.363542475131947640e+02
5.634132750875484419e+01
1.746714523150107254e+02
7.457272235148255390e+01
1.211545990809726447e+02
1.605644652985966445e+02
1.638391156120644965e+01
1.621123609695170273e+02
1.151804370388445307e+02
7.916306047574354920e+01
1.706180794355987587e+02
4.904945789869175599e+01
1.361935207401498644e+02
1.454079654669023967e+02
3.343169894631927974e+01
1.659930186042238347e+02
9.222579948751240408e+01
9.956784840879407739e+01
1.626829513953083222e+02
2.535466809105183472e+01
1.474436157865625887e+02
1.274329610349439150e+02
5.610373319894319621e+01
1.657845248274325911e+02
6.820230843102055474e+01
1.169641639274113061e+02
1.512112769757051751e+02
1.652428298963117115e+01
1.547781169451272660e+02
1.072054112929814664e+02
7.761126686823489251e+01
1.616389072121291690e+02
4.406215734749672919e+01
1.309639008872746899e+02
1.365828669187594073e+02
3.427628949601827202e+01
1.581556653960319636e+02
8.528819746770018639e+01
9.680777824765078776e+01
1.538294815028597782e+02
2.210762766122513057e+01
1.413802702116388446e+02
1.193188084699193325e+02
5.585089933814402485e+01
1.576598516463635633e+02
6.242086193483022782e+01
1.131038536230434914e+02
1.426612856601690851e+02
1.703590490702846694e+01
1.480602456353569494e+02
9.991874237272325843e+01
7.618591829440775598e+01
1.534383567792503129e+02
3.953732406300670021e+01
1.261758535789925588e+02
1.285337380536709304e+02
3.504187201082529413e+01
1.509823467427710284e+02
7.897101245867796138e+01
9.424944172577326640e+01
1.457272503585166135e+02
1.932121491399539792e+01
1.358072363107118861e+02
1.118993568343161513e+02
5.559487566288682814e+01
1.502121241516548196e+02
5.715265831959576559e+01
1.095410028121768136e+02
