2.516392870369270724e+02
2.089441067070852682e+02
2.928393390849664115e+02
2.151789152456280760e+02
2.546179540167566131e+02
2.847039782178031828e+02
2.026469721255006675e+02
2.954588548214696289e+02
2.510022380580140862e+02
2.345704100094277180e+02
3.090606677238429825e+02
2.168039906325331287e+02
2.852385819651232737e+02
2.899274101726595063e+02
2.201651970217176597e+02
3.205908602065250648e+02
2.502302452843336482e+02
2.658363192688196364e+02
3.232281154801765979e+02
2.238581666198048481e+02
3.176146336499054428e+02
2.931591816894770091e+02
2.459324532788969293e+02
3.448757619811917721e+02
2.511855803176196389e+02
3.020764191296700574e+02
3.352042790668683097e+02
2.388990826713857700e+02
3.514369518537056933e+02
2.954596345118790168e+02
2.800953292323591768e+02
3.680232927094799038e+02
2.563209559547526624e+02
3.426033839110113490e+02
3.452111735076411492e+02
2.638028917475557478e+02
3.860641026497467578e+02
2.982181070012227906e+02
3.222994829847798428e+02
3.898875570209409602e+02
2.690074036912972701e+02
3.870422134697930119e+02
3.538938561778753638e+02
3.002117934297013448e+02
4.214429101832123479e+02
3.040920019325922112e+02
3.724006428706856582e+02
4.102356753623889176e+02
2.927584936418301709e+02
4.355720025734436263e+02
3.622400983929230165e+02
3.491214314880988923e+02
4.582060935221277305e+02
3.166758253726786734e+02
4.310278062159305819e+02
4.309345161205980048e+02
3.313618475326532575e+02
4.885114732948123901e+02
3.736701242404625987e+02
4.112494801632912527e+02
4.956972546519576213e+02
3.407739185876273496e+02
4.985403765895611059e+02
4.518439513326272277e+02
3.878630116618305124e+02
5.468745098962015163e+02
3.909975585571461352e+02
4.888246660396778225e+02
5.364338768610595025e+02
3.834964537292654541e+02
5.778134984641828851e+02
4.769000895315243724e+02
4.665104762256117965e+02
6.126914664342878041e+02
4.213777853885241029e+02
5.859961560754763923e+02
5.828280701813622500e+02
4.520003064767161618e+02
6.719496827207907472e+02
5.097560338869503198e+02
5.736828611100426087e+02
6.908139661439356587e+02
4.749833606042619749e+02
7.092742901970816547e+02
6.388862436576109758e+02
5.576749724061726283e+02
7.915340047900488116e+02
5.622538408766105249e+02
7.212085246956601168e+02
7.901240418318509455e+02
5.675696731174664365e+02
8.722506359663626654e+02
7.162641655241556009e+02
7.186315842721152194e+02
9.497298365353412919e+02
6.506327776698637990e+02
9.318299219372579500e+02
9.271935472533377833e+02
7.309472008106820340e+02
1.107831779017748431e+03
8.383100166912659006e+02
9.750229707631521023e+02
1.185428494790974355e+03
8.206644235516664594e+02
1.265532715043372036e+03
1.147821238632200220e+03
1.030227983516290124e+03
1.491690375748831684e+03
1.068525493110766320e+03
1.429812325306918638e+03
1.593200202888568583e+03
1.186236594042304432e+03
1.888257014296959369e+03
1.574890322529884997e+03
1.671764133676803795e+03
2.285666630370485109e+03
1.613408676351142049e+03
2.469523382360996948e+03
2.564720899303347778e+03
2.147652681503464919e+03
3.508973380025993265e+03
2.839449868817699553e+03
3.703859144346768517e+03
5.001405151335155097e+03
3.946280547227539955e+03
7.248854672462581220e+03
8.051964987062772707e+03
9.914329426400418015e+03
2.307267441700127893e+04
3.229046066180706111e+04
2.889658980764345324e+04
1.591822406831233275e+04
7.300851594715465581e+03
8.310517299298975558e+03
5.096076081732107014e+03
4.184384815220970268e+03
4.594334316955140821e+03
2.594113662586408736e+03
3.337185667084862871e+03
2.838844415291901441e+03
1.962552058578104607e+03
2.668530418235219713e+03
1.742524312417960346e+03
1.865750249911012588e+03
2.022613326678034809e+03
1.224781564731740673e+03
1.775263839160985981e+03
1.423085198286579271e+03
1.166946259617758187e+03
1.555018027256056030e+03
9.725457309234869854e+02
1.230219764410580183e+03
1.233670198716463119e+03
8.099939924776256248e+02
1.211108620715431471e+03
8.866816815985979474e+02
8.586483987405956668e+02
1.069503394838501663e+03
6.515068747833068983e+02
9.260517377869282427e+02
8.389498013269967487e+02
6.115593159527782063e+02
9.034028383962406679e+02
6.072773425451251796e+02
6.912553857131838413e+02
7.824786360992587788e+02
4.798434664081385108e+02
7.405407917885830784e+02
6.032630236740461669e+02
5.073540430227646425e+02
7.046931982838789281e+02
4.385880109529754236e+02
5.835291972178589504e+02
5.936554724541408632e+02
3.843380029207610846e+02
6.075617204281336399e+02
4.430917616436681215e+02
4.406035947648037450e+02
5.609618162149454292e+02
3.324483591428663090e+02
5.014227648354797680e+02
4.546235795930072072e+02
3.312426416263135707e+02
5.070744011006939900e+02
3.301713715062844017e+02
3.924425724854368127e+02
4.498350170293310271e+02
2.668893229695193554e+02
4.357614475689014171e+02
3.487582110211528175e+02
2.980441135229134488e+02
4.251896582999976886e+02
2.524616867656568786e+02
3.556817656516388979e+02
3.604029860427004337e+02
2.255524066474017388e+02
3.786734051451250025e+02
2.667537831974653955e+02
2.736362236496715354e+02
3.546500358630345318e+02
1.991435968684284603e+02
3.199654363769616339e+02
2.846126403188780500e+02
2.046143282772639509e+02
3.279119672876790332e+02
2.019014961221875240e+02
2.537057458889508439e+02
2.906084568451440191e+02
1.623944322158821194e+02
2.894835360441974785e+02
2.239295099596347995e+02
1.884715387621203035e+02
2.789917101082792783e+02
1.550928531820591161e+02
2.353046534864647015e+02
2.328456255267419976e+02
1.408985097022317348e+02
2.555138495976429738e+02
1.678687236182772153e+02
1.805590213393417969e+02
2.361467512294574931e+02
1.195964226499165335e+02
2.171714429533463999e+02
1.858255868771947519e+02
1.315170254981955509e+02
2.212583244333424943e+02
1.228277806894647028e+02
1.721767641424600299e+02
1.919867160919949640e+02
9.508449868848313713e+01
1.976470973214101718e+02
1.402855324404742134e+02
1.263229904889870312e+02
1.918870394490776619e+02
9.015371325644215972e+01
1.613563046273864927e+02
1.539106088225983626e+02
8.616382274554119647e+01
1.744388880099397170e+02
9.983793462058014256e+01
1.191043283823006220e+02
1.561885870533727996e+02
6.667933348645911451e+01
1.487786952719622775e+02
1.139993893037751747e+02
8.552097077111977796e+01
1.522885559117708851e+02
6.672691027462512636e+01
1.177083672268933014e+02
1.250110703446367921e+02
5.250630691099927816e+01
1.348540506464533451e+02
8.200246050115386254e+01
8.761073536919431604e+01
1.274691264363473096e+02
4.350122398619369335e+01
1.138125227521511960e+02
9.479642323740769427e+01
5.602079604437908955e+01
1.208128183665900792e+02
5.558023919437621885e+01
9.043840417450957148e+01
1.036940719722221615e+02
3.459898771487245739e+01
1.036321114235835381e+02
6.392105419842166469e+01
6.930300637330851998e+01
1.059991967685160574e+02
3.072488639511458430e+01
8.829248369380938755e+01
7.582820974534219260e+01
4.124528950795335192e+01
9.719834944984565084e+01
4.078844287778496636e+01
7.480240419412200481e+01
8.535390172120716556e+01
2.052039607765177109e+01
8.899026167951643629e+01
5.550764519227895732e+01
5.334749057346225953e+01
8.551998601616605811e+01
2.380718423379035542e+01
7.913090113329703001e+01
6.538242347436201385e+01
3.646030181092400824e+01
8.585572238649665167e+01
3.521301173516170735e+01
6.382525492328608863e+01
7.037790941468446704e+01
2.050908753611613022e+01
8.141821383165286363e+01
4.497951556366852799e+01
5.179526792046215888e+01
8.032431500110288880e+01
1.927717883105434638e+01
7.440807064810350369e+01
6.219014619967709478e+01
3.318615691616425067e+01
7.652071351082803119e+01
2.773281158579657557e+01
6.382039687158170693e+01
6.976934930519628608e+01
2.505779874911318927e+01
7.705807225670827165e+01
4.382373721250774423e+01
5.092542657585064347e+01
7.422201953255404305e+01
2.250691361855986727e+01
7.549684220212979824e+01
6.055555670250622313e+01
3.784042258960790406e+01
7.694086870920324372e+01
3.193919724328735299e+01
6.597487802079864139e+01
6.780263582675841860e+01
3.238300889626120238e+01
8.220938713717433188e+01
4.731905843015513113e+01
5.769331091134916534e+01
7.973871033505062655e+01
2.994674531152177721e+01
8.114475532806920910e+01
6.782490945035297614e+01
4.859945882184105415e+01
8.464047867950944237e+01
4.105348446849593103e+01
7.691122375074283468e+01
8.248174317952457102e+01
4.736606413990578801e+01
9.389817917573795114e+01
6.665782352155254387e+01
6.802150513108655616e+01
8.910151977935309731e+01
5.121413399716856674e+01
9.650531314584158338e+01
8.379307884734068068e+01
6.738656163581505609e+01
1.054887842850477284e+02
6.787299322958440939e+01
9.531823006256287556e+01
1.055415211844292145e+02
7.212059391197080060e+01
1.144838704963719493e+02
9.244405799503589094e+01
9.632637496915340591e+01
1.254595844726233196e+02
8.815001399376261304e+01
1.201396730847243788e+02
1.177739236587010083e+02
1.004116869675570740e+02
1.399123859978728603e+02
1.135119725198698575e+02
1.334814686752335717e+02
1.495110281044348142e+02
1.157096769428667073e+02
1.573303809712345469e+02
1.468702861575883958e+02
1.407238009182559324e+02
1.755111749145526971e+02
1.448219820428808475e+02
1.760122611161874886e+02
1.883653781332959056e+02
1.604527997201309972e+02
2.032589963033953211e+02
1.889580895477829188e+02
1.958455429404675101e+02
2.324962107374811922e+02
2.036455526933528120e+02
2.349713685202248143e+02
2.433826471683473187e+02
2.283945173177644392e+02
2.740861345267235833e+02
2.560481526557900338e+02
2.734431363872252518e+02
3.087345403444231238e+02
2.811008373074724886e+02
3.276696765099665072e+02
3.356911057146927533e+02
3.245473041349329151e+02
3.772647558903781260e+02
3.560065995431984334e+02
3.907606281203985077e+02
4.339227725994582556e+02
4.042050545682913594e+02
4.744630957417915056e+02
4.826218977666777050e+02
4.766548670354627575e+02
5.605757470642862472e+02
5.393007034337363166e+02
5.982512841026518799e+02
6.647678598752200969e+02
6.401442547680206872e+02
7.604860249001854982e+02
7.737198998296889840e+02
8.012755969859877041e+02
9.700191590702537496e+02
9.415200003716732908e+02
1.070786863015016252e+03
1.224019111391821070e+03
1.216381344644457386e+03
1.508135734665229620e+03
1.619604865954211846e+03
1.801966478998031107e+03
2.311713303771671235e+03
2.453342605782111605e+03
3.143792750158219860e+03
4.071113580190451557e+03
5.041823342612762644e+03
8.297782958000412691e+03
1.176004681488482311e+04
1.205865859667411678e+04
8.894592570668733970e+03
5.415180570567172254e+03
4.371778866834534711e+03
3.478199098498193962e+03
2.619491279422832577e+03
2.558724757386620240e+03
2.059257905640612535e+03
1.837303409584834753e+03
1.794131029043567196e+03
1.432815561329815182e+03
1.454643895693839340e+03
1.323720191092286996e+03
1.135186272593365402e+03
1.204993452313722401e+03
1.016617411833784558e+03
9.935368133064256426e+02
1.003264825443011205e+03
8.438112637537202545e+02
9.121384900753340617e+02
8.296706197327515611e+02
7.526344164392083940e+02
8.140401245271763173e+02
6.892086171677137827e+02
7.171821580211786795e+02
7.157911845147590384e+02
6.108434185089798802e+02
6.787791383987091649e+02
6.091592650368723980e+02
5.827270113005871508e+02
6.269571717257181263e+02
5.280219769520219870e+02
5.712752468537231607e+02
5.543715740036003581e+02
4.896508362597527366e+02
5.531494709785173427e+02
4.813734078720747789e+02
4.843238954695977441e+02
5.141115571562660307e+02
4.324207117607679152e+02
4.846707138689034764e+02
4.555938039415622143e+02
4.152225159902814653e+02
4.701205298700177764e+02
4.011159613627306157e+02
4.208102326423228874e+02
4.344711475638765705e+02
3.721187956004379203e+02
4.266806667385147875e+02
3.871298954041228058e+02
3.679208691912400013e+02
4.093800854241632692e+02
3.450092258367852764e+02
3.778400454318069706e+02
3.737995837457334574e+02
3.282401694989643488e+02
3.814932134159877251e+02
3.342580210933389253e+02
3.359622549619006691e+02
3.642541182664592725e+02
3.041478755353592192e+02
3.462761572769107943e+02
3.299192445928364350e+02
2.994877915053928632e+02
3.455434350819505198e+02
2.942990724277730692e+02
3.107106538253033818e+02
3.246308325619290258e+02
2.747926982332265311e+02
3.214357364867927345e+02
2.923637427223379177e+02
2.775678232573990272e+02
3.156521301887592017e+02
2.634681327731715328e+02
2.917360776765759738e+02
2.931818884231936977e+02
2.536068018455580386e+02
2.976929545399039512e+02
2.609821133004747367e+02
2.630658544337271110e+02
2.892244298161107849e+02
2.392810459363749374e+02
2.761348075804539235e+02
2.645406200618806452e+02
2.376195255914256563e+02
2.787887578443884991e+02
2.368551036260277840e+02
2.505800529463439830e+02
2.649476291022656369e+02
2.219528657956943505e+02
2.618406815191438000e+02
2.394808694848021560e+02
2.267061558525771545e+02
2.596658116882441050e+02
2.158063800515317041e+02
2.409763048746251002e+02
2.427190017968991356e+02
2.088147681537544997e+02
2.489509943424797029e+02
2.177835282585540426e+02
2.186587877324738827e+02
2.422042397399156926e+02
1.995320042623312133e+02
2.321910567395732130e+02
2.224025807285104861e+02
1.995613510620750901e+02
2.361858353569250255e+02
1.991744208361318726e+02
2.123105693259224438e+02
2.253601777149791019e+02
1.875353019124695777e+02
2.240353494220374841e+02
2.040101098986564239e+02
1.930807556364774769e+02
2.234274386328756634e+02
1.841194087318156392e+02
2.071253061447567347e+02
2.090788260059053414e+02
1.786472042376603326e+02
2.153370955649919551e+02
1.876718251319026933e+02
1.888522999250769772e+02
2.104323974874521639e+02
1.722589791554493104e+02
2.021496240715499368e+02
1.933049331857342850e+02
1.729664882899399174e+02
2.065306642780233233e+02
1.731894456343821105e+02
1.856321007336063076e+02
1.974688036628332100e+02
1.632448039723174134e+02
1.969143923543751100e+02
1.788035465726961775e+02
1.693660485537048999e+02
1.971120343186235289e+02
1.613438098630406330e+02
1.827932615868725748e+02
1.844903561258028049e+02
1.572066110456736396e+02
1.910365193150673804e+02
1.654634797782780424e+02
1.671431849319417893e+02
1.869932723857216104e+02
1.520515725240451275e+02
1.799820614200694422e+02
1.718170973795585041e+02
1.534840678353651811e+02
1.844515449198866008e+02
1.539021337368835702e+02
1.657795432339795241e+02
1.764561058645891478e+02
1.453278629509309781e+02
1.765566282755098371e+02
1.596071740749939352e+02
1.515788162424096015e+02
1.771184995152634087e+02
1.441285302401960280e+02
1.643711783948973562e+02
1.655660439902354995e+02
1.407765052063204507e+02
1.722232748502621575e+02
1.484078085764847401e+02
1.507224303043121267e+02
1.687921782412570906e+02
1.364905075862706383e+02
1.628251950792888749e+02
1.548486768083742220e+02
1.384322740005490004e+02
1.671974370841174675e+02
1.386041657098789699e+02
1.502880715542228529e+02
1.599029133960185050e+02
1.312207963293141120e+02
1.605902813874519950e+02
1.444947151745988378e+02
1.375383575868861783e+02
1.610927063837301887e+02
1.304337701924602868e+02
1.499521446827109230e+02
1.506466131447063503e+02
1.279553970972764745e+02
1.573706990276193096e+02
1.348024336992604049e+02
1.375376051645530424e+02
1.541361717525169865e+02
1.241396177368396252e+02
1.491043479057773595e+02
1.412527511781815406e+02
1.264956140460939906e+02
1.532217237282148403e+02
1.262942325914918342e+02
1.378953268734647395e+02
1.464337874707646563e+02
1.198249576467322015e+02
1.475588565705230621e+02
1.321254445107540505e+02
1.262974032054238052e+02
1.480471895066235390e+02
1.192145734327388311e+02
1.380984415886418333e+02
1.382764697897318626e+02
1.174300628664935715e+02
1.450991713499676905e+02
1.235916157242781139e+02
1.268100550317152084e+02
1.419874803065643789e+02
1.139206306253944518e+02
1.378080893892136771e+02
1.299589143762344179e+02
1.166055245156020703e+02
1.415895517270704431e+02
1.160774754259622057e+02
1.276058203060646008e+02
1.351775600132044417e+02
1.104502458602832604e+02
1.367493833344106804e+02
1.217783677413303138e+02
1.169076440961562753e+02
1.371011423299883631e+02
1.099183930927509749e+02
1.281971361586981288e+02
1.278576823406040432e+02
1.086955998126043426e+02
1.347559609193826873e+02
1.141306372481572566e+02
1.178394588174805335e+02
1.317169494363752733e+02
1.053796223821407807e+02
1.282672256205403869e+02
1.203343413328835112e+02
1.083390547444734580e+02
1.317464807385265999e+02
1.074383044585064511e+02
1.189484400581397097e+02
1.255741456800191571e+02
1.025169687701344401e+02
1.275475839329653382e+02
1.129335463422087713e+02
1.090141370066187676e+02
1.277703491530003532e+02
1.019933053153948777e+02
1.198000727519981581e+02
1.189301634285116052e+02
1.012386781326182472e+02
1.258948588561786579e+02
1.060325286807369025e+02
1.102107083328419037e+02
1.228850808869110125e+02
9.806022712902077387e+01
1.200990264163220331e+02
1.120630968955935742e+02
1.012688584024042626e+02
1.232541272030165800e+02
9.999377216502841748e+01
1.115082219675342827e+02
1.172808971810644749e+02
9.571532300098857604e+01
1.196019317027780744e+02
1.052878872068258147e+02
1.022061936462028200e+02
1.196559244786019178e+02
9.514910775462843162e+01
1.125274478963917346e+02
1.111751528168894225e+02
9.483608138378866670e+01
1.181908013003078537e+02
9.899747841400018444e+01
1.036024646678653767e+02
1.151718162343501035e+02
9.173937711922258131e+01
1.129860347976254218e+02
1.048290528543867453e+02
9.516033604215830621e+01
1.158301058511757162e+02
9.351310062965805514e+01
1.050413936361600520e+02
1.100006033687450469e+02
8.980766017948305091e+01
1.126530354743452591e+02
9.859249071214136961e+01
9.629541470658438129e+01
1.125238029473438672e+02
8.917627824339528786e+01
1.061739885608143936e+02
1.043341402339678439e+02
8.925355315682971025e+01
1.114262358936967559e+02
9.280103371692372605e+01
9.782132204412721421e+01
1.083772593773058333e+02
8.619318805629777103e+01
1.067247764192576511e+02
9.844839565105159807e+01
8.980445529775910529e+01
1.092632403788036299e+02
8.780363052762251641e+01
9.934893830423472139e+01
1.035500662117710249e+02
8.461824278280668921e+01
1.065056384230121722e+02
9.266128445861185980e+01
9.109204584339055089e+01
1.061956778697655750e+02
8.390288039153703892e+01
1.005486139285780212e+02
9.825550685137520190e+01
8.433339796722405879e+01
1.054113570335320560e+02
8.730848124289479983e+01
9.271088608660832620e+01
1.023172879304604237e+02
8.129169485373653004e+01
1.011675856493543932e+02
9.276548590160871299e+01
8.506931953893644049e+01
1.034050962976643575e+02
8.272479154345153063e+01
9.428755181917053108e+01
9.778475454888949514e+01
8.001562179192876556e+01
1.010133126292162871e+02
8.736062766894757203e+01
8.646488616855482690e+01
1.005260078378356923e+02
7.920240585137899814e+01
9.552001829195535265e+01
9.280801418690479920e+01
7.995652281328838740e+01
1.000134140277284729e+02
8.239284188448235113e+01
8.814549470832707811e+01
9.687043586927850924e+01
7.691832998713252323e+01
9.616718995316438168e+01
8.764383996736600579e+01
8.084231698062417593e+01
9.813437459316551781e+01
7.817840605090474071e+01
8.975310714232534792e+01
9.259001593711531086e+01
7.590665570777953519e+01
9.606946852731807951e+01
8.259050987963158263e+01
8.232631287542054110e+01
9.541259393079008078e+01
7.498985732333886745e+01
9.099896912237259983e+01
8.789192058781175376e+01
7.603502844416310325e+01
9.513645103701355765e+01
7.796349606344321614e+01
8.404025142353637534e+01
9.194081846289647331e+01
7.299158717916584749e+01
9.165625711952037591e+01
8.301917147525318796e+01
7.704343112958748918e+01
9.335664937579946354e+01
7.407691902042995480e+01
8.565622562175028065e+01
8.787689464801793804e+01
7.220808207816862989e+01
9.158631108500172502e+01
7.827013776480517038e+01
7.858835122109785232e+01
9.076250250466056002e+01
7.118537124365533941e+01
8.689467329611109392e+01
8.341781874470096625e+01
7.250040131982771641e+01
9.070544225589219423e+01
7.394884569575992828e+01
8.032299234948213495e+01
8.745267440777645618e+01
6.944275903578959230e+01
8.755244350475878434e+01
7.881005731210920828e+01
7.360515871224249906e+01
8.899896004226349078e+01
7.035388669939717943e+01
8.193073064535336414e+01
8.357729352579207216e+01
6.885852318730860588e+01
8.749260903877291184e+01
7.433512079489825908e+01
7.519467782667270228e+01
8.650844972830327606e+01
6.773269693062958652e+01
8.315427319846243392e+01
7.932646176301859953e+01
6.929245613623288591e+01
8.665164415830804501e+01
7.028272484263327158e+01
7.693603024598647266e+01
8.334485387662658695e+01
6.621354295637779330e+01
8.379797651878456577e+01
7.496071125431225823e+01
7.047366955993680904e+01
8.500322897265253630e+01
6.695826711066469272e+01
7.852467643458928137e+01
7.963256981732808981e+01
6.580822146729776989e+01
8.374090085816294504e+01
7.072975981269210877e+01
7.209306298604782626e+01
8.260766849007897861e+01
6.457762776508077707e+01
7.971965064060159989e+01
7.557932310490711814e+01
6.635967861728012451e+01
8.291698425411654227e+01
6.693260739788236435e+01
7.382749675456010152e+01
7.955774223370704590e+01
6.326880704391707866e+01
8.034262762189918305e+01
7.141843849533570676e+01
6.760877259157254571e+01
8.132130629907484831e+01
6.384605431834817324e+01
7.539101889266842704e+01
7.599831926858941245e+01
6.301921641839524568e+01
8.027741275357197992e+01
6.741545072110048409e+01
6.924856066191796344e+01
7.900285569440950439e+01
6.168845380011757840e+01
7.655828065709744124e+01
7.212120072719062591e+01
6.367192227702815188e+01
7.946558796833159022e+01
6.384448287121528409e+01
7.096653354369456679e+01
7.605923757434902654e+01
6.056345360061558125e+01
7.714989643342049419e+01
6.815094024986260024e+01
6.497357343105632310e+01
7.791301844820623046e+01
6.098327297491722732e+01
7.249782846380054480e+01
7.263426183913048817e+01
6.045512958867004727e+01
7.707193396367283356e+01
6.435345605408592462e+01
6.662136079621781448e+01
7.566289113169936797e+01
5.902573043823136345e+01
7.362274568230641592e+01
6.891434419351089957e+01
6.119812401975020322e+01
7.626905142754938538e+01
6.099828486423360374e+01
6.832011232797115952e+01
7.281417051602937818e+01
5.807317945088911415e+01
7.418619938755951182e+01
6.512385662955014709e+01
6.253938635165666682e+01
7.474517797571475342e+01
5.833849483347077580e+01
6.981285169883501851e+01
6.950987940517477170e+01
5.808861848288251650e+01
7.408962403577915268e+01
6.151655615983958825e+01
6.418803715968124379e+01
7.255429249510495993e+01
5.656697090691429253e+01
7.089619067187098267e+01
6.593593445553197796e+01
5.890838711982805620e+01
7.328828114353404999e+01
5.835746249823597509e+01
6.586019922427496454e+01
6.979084874851949394e+01
5.576939668979075293e+01
7.142404808592227994e+01
6.230896737274657937e+01
6.028267612976464562e+01
7.179183653363186579e+01
5.588753901382203537e+01
6.731278988804504593e+01
6.659935616828326488e+01
5.589709266019541900e+01
7.130628783784402458e+01
5.888000950765304964e+01
6.192550086190532710e+01
6.965206089323129390e+01
5.428827793991151651e+01
6.835190194220679416e+01
6.315851186906160564e+01
5.678367491514219978e+01
7.050410005998529073e+01
5.590237858260703518e+01
6.356693103261083877e+01
6.696748273842987942e+01
5.363104455735123821e+01
6.884165654465071782e+01
5.968509075220219273e+01
5.818072582407034332e+01
6.902839915092093293e+01
5.360951117321654635e+01
6.497470254166169923e+01
6.387824520533053629e+01
5.386012480917491985e+01
6.869878040015832710e+01
5.642114069990332581e+01
5.981291386249672826e+01
6.693295710782793151e+01
5.216912343928229490e+01
6.596765270819776106e+01
6.055898703639654457e+01
5.480548498230849930e+01
6.789450278741435341e+01
5.361194337156385359e+01
6.142200432608493799e+01
6.432260656916335506e+01
5.163933861207726039e+01
6.641965315830634609e+01
5.723185393794084064e+01
5.621659830111128286e+01
6.643435001156079522e+01
5.148530951169003345e+01
6.278292100242386198e+01
6.132642231376025421e+01
5.196015077495177792e+01
6.625202871163365614e+01
5.412095780410427892e+01
5.783382822893115360e+01
6.438299171140430133e+01
5.019182417861745193e+01
6.372826892782389052e+01
5.812668909011603802e+01
5.295366672375128303e+01
6.543731047247437971e+01
5.147168024147489973e+01
5.940649658457613214e+01
6.183578643485769533e+01
4.978036691843222172e+01
6.414046148486529830e+01
5.493116105079198519e+01
5.437627735059875533e+01
6.399530745668578646e+01
4.950033936413075253e+01
6.071965242552530384e+01
5.893053300009222539e+01
5.018426940892229737e+01
6.394472943134155685e+01
5.196693176302359518e+01
5.597581844458997580e+01
6.197941512552459642e+01
4.834396053455266440e+01
6.161914534253647702e+01
5.583823433144672066e+01
5.121908938112007803e+01
6.312400604944669880e+01
4.946728644589567381e+01
5.750871138727610088e+01
5.949481856868190732e+01
4.804242991391709694e+01
6.198969479628998869e+01
5.276869501075191948e+01
5.264805625282589574e+01
6.169231288707918992e+01
4.763832472667606766e+01
5.877546775243959587e+01
5.667187993640905574e+01
4.851697037021646963e+01
6.176824354746317169e+01
4.994152545726386450e+01
5.422379596258422652e+01
5.971326790324452105e+01
4.661006107022933520e+01
5.962573460793255009e+01
5.368452630472437193e+01
4.958666128362940384e+01
6.093609553236992582e+01
4.758466160915791221e+01
5.571619183297811873e+01
5.728437765807594673e+01
4.641055848436530340e+01
5.995568443482738274e+01
5.073255218969741520e+01
5.101839096012559338e+01
5.951579497219787385e+01
