8.691796618328912416e+01
6.272373265650207230e+01
1.299737540792085611e+02
3.958120722415032589e+01
1.059776887462438708e+02
1.121124275155462868e+02
3.138450733191002229e+01
1.298203021085346336e+02
7.262982851939626983e+01
8.049515767942351374e+01
1.284874669698727701e+02
2.532039868599713017e+01
1.186031535477918339e+02
1.020432922880649045e+02
4.901476038931598112e+01
1.343242717238817932e+02
5.658141515950515554e+01
9.724842268794100164e+01
1.238787197962612368e+02
2.232899808085147697e+01
1.288499450173944183e+02
8.932445591739755741e+01
6.784158383745786125e+01
1.357585033447812464e+02
3.993749203097350886e+01
1.123739800349626137e+02
1.161658482091499280e+02
3.524487907613774240e+01
1.363518470136806116e+02
7.429651517109887493e+01
8.634391699009950116e+01
1.339733441563403460e+02
2.608544034286691371e+01
1.253986107903372442e+02
1.054593806455720681e+02
5.381166256429369810e+01
1.408412404987561217e+02
5.758233012441674958e+01
1.037351624558001788e+02
1.289233679438489730e+02
2.521453148754657647e+01
1.359192248817078053e+02
9.202049231761759529e+01
7.350087588814645301e+01
1.421222006554817199e+02
4.055098098535287221e+01
1.194229669042955351e+02
1.206516123887912642e+02
3.963026719871276526e+01
1.435797870534904064e+02
7.625173794486229895e+01
9.280076997422045793e+01
1.400378665805742173e+02
2.739909350665880083e+01
1.329128001393188754e+02
1.092945741425768063e+02
5.920015921638036360e+01
1.480781525985848077e+02
5.887913784814875129e+01
1.109225753240403236e+02
1.345439693321858385e+02
2.878573982937648523e+01
1.437700324273081378e+02
9.510720956751980282e+01
7.982973521399287620e+01
1.492191104137173454e+02
4.156075315572534379e+01
1.272728451365655928e+02
1.257122716922703205e+02
4.463345239266455877e+01
1.516279323264449488e+02
7.856955735033471910e+01
1.000299519913947108e+02
1.468469513690210420e+02
2.947008644261270405e+01
1.413055255344981163e+02
1.136587918197574396e+02
6.530442836703554121e+01
1.561837245226488733e+02
6.055468583368865865e+01
1.190378507839331945e+02
1.409289881267519320e+02
3.318056273522267219e+01
1.526166709230318759e+02
9.870543124070830743e+01
8.705392416100063713e+01
1.573072978384472833e+02
4.320290435270358387e+01
1.361906852511936563e+02
1.315749990984101316e+02
5.045500053971436216e+01
1.608193967103326827e+02
8.154084969839857422e+01
1.082370053633582501e+02
1.546418810781572972e+02
3.257889346186394874e+01
1.508835828735319637e+02
1.188361010512398934e+02
7.238054675175561670e+01
1.655100643218238474e+02
6.293522560093989426e+01
1.282764146802528842e+02
1.483365098486986540e+02
3.860865261091731782e+01
1.627844512008441029e+02
1.031606068573083945e+02
9.534395472583545939e+01
1.666394386869280027e+02
4.579093594742996487e+01
1.463700853510818547e+02
1.384370396691116127e+02
5.737565702835106407e+01
1.714055629370088809e+02
8.525326151868249269e+01
1.177886726074365811e+02
1.638052732746891706e+02
3.698061549314019913e+01
1.619852725198565224e+02
1.250876272985976527e+02
8.072255641532936465e+01
1.764583766364418125e+02
6.637099225875938657e+01
1.391770717344367085e+02
1.573329067619445993e+02
4.541570518510066279e+01
1.746132274189336329e+02
1.087193702204192363e+02
1.051084155616330804e+02
1.777015752819806096e+02
4.984083424830009079e+01
1.583857070843291410e+02
1.468415598527317059e+02
6.595420113314240496e+01
1.840442273075145181e+02
9.039222756881129328e+01
1.293371315162663393e+02
1.750384298140403985e+02
4.336577162141536235e+01
1.751291431709400115e+02
1.329598227272569773e+02
9.085150620328224136e+01
1.895306792357517907e+02
7.135739806198166946e+01
1.522712631469623830e+02
1.682395098132651867e+02
5.434578596461660283e+01
1.890581244538534236e+02
1.160763662400059815e+02
1.174428247413858912e+02
1.914393239285533070e+02
5.622873049972335480e+01
1.732821945381797661e+02
1.574854598207808181e+02
7.695776765558065335e+01
1.998454654267984836e+02
9.756580335609969268e+01
1.438271080779736053e+02
1.892405572009265597e+02
5.316198308499767222e+01
1.922093304162004586e+02
1.436823721247648393e+02
1.041884585587260972e+02
2.066337873066726445e+02
7.955878369911098957e+01
1.694624567595611211e+02
1.829658176779639405e+02
6.731718073503647304e+01
2.085877174222997326e+02
1.274668998454109499e+02
1.337446329779253347e+02
2.099270793757728768e+02
6.743238794295346850e+01
1.936442431566750884e+02
1.732922524065538710e+02
9.297620721451576742e+01
2.214957874183435820e+02
1.097819459424171384e+02
1.640829534510047552e+02
2.095125399211994761e+02
6.944768809576795832e+01
2.164157921683866164e+02
1.607204724903797342e+02
1.244337386980705702e+02
2.319701875258636790e+02
9.533837391974228126e+01
1.943960088904232180e+02
2.060454640997631941e+02
8.848297273490859993e+01
2.369676046805352598e+02
1.466904747982424624e+02
1.592583499533015186e+02
2.393233945743018012e+02
8.955023915425739744e+01
2.245922955088463198e+02
1.998043201325079963e+02
1.197603319236651913e+02
2.563648657417180061e+02
1.345642957553655492e+02
1.972344787992986426e+02
2.450336829105342247e+02
1.008909358922081196e+02
2.562482470158946057e+02
1.942065748228965845e+02
1.595811811847185879e+02
2.754566863182030829e+02
1.305870649122427665e+02
2.387310212103143954e+02
2.506309382860448522e+02
1.312695730541315413e+02
2.905183762338255633e+02
1.927587881318302721e+02
2.087604863989978696e+02
2.975972775267458132e+02
1.423842299037151236e+02
2.872290824887475083e+02
2.624468429755037278e+02
1.806292344483553904e+02
3.324531553195397464e+02
2.048221638361818862e+02
2.715014691497889885e+02
3.319073123218776686e+02
1.848561911123477444e+02
3.521021054503204937e+02
2.934739555051236266e+02
2.543524570999658749e+02
3.964933434784744009e+02
2.506134464709209055e+02
3.584464346043448018e+02
3.982062097066626620e+02
2.691921650708822540e+02
4.499287043578901262e+02
3.755882575441123095e+02
3.723699318592129544e+02
5.141719630114884012e+02
3.742615880630177685e+02
5.031109822855356697e+02
5.452241013299232009e+02
4.327954058689233534e+02
6.232177959039321422e+02
5.608411736089825581e+02
5.393421768052040761e+02
7.017008140549071413e+02
5.544181362367206702e+02
6.049135588017254577e+02
6.784712528600890664e+02
4.862748797196634882e+02
5.884113007916558900e+02
5.524879108095166202e+02
3.917659005870468718e+02
5.295765762800577932e+02
3.951022114891088677e+02
3.488854800308329800e+02
4.451152335480358033e+02
2.495924925957987455e+02
3.451011580891184849e+02
3.353252512133561822e+02
1.778441334947515600e+02
3.397487953678702866e+02
2.170743544019384217e+02
2.042970637502857301e+02
2.941240216360442901e+02
1.052989752111718360e+02
2.462075982027991756e+02
2.146064842299470286e+02
9.926794471766872618e+01
2.516086344920213378e+02
1.124797422102890749e+02
1.679671183959966072e+02
2.127965620833608966e+02
2.998546952774604080e+01
2.093941422661386582e+02
1.394092634535001594e+02
1.029585313236849089e+02
2.046873558143828404e+02
4.376052365045980252e+01
1.684378267018241786e+02
1.623683990839983267e+02
4.882789080027350792e+01
1.898783957658175154e+02
8.777909929461563365e+01
1.245308410509946384e+02
1.707342758857066656e+02
2.703046863800895849e+01
1.694639013169463908e+02
1.192045923787085115e+02
8.748395870951864595e+01
1.724618364299802522e+02
5.226113507545925074e+01
1.454001980491134418e+02
1.419563613402864348e+02
5.839796135104003838e+01
1.676927018450084006e+02
8.663644815659486653e+01
1.174749484212755561e+02
1.532803451490614464e+02
4.817175758784214423e+01
1.552649823936245923e+02
1.110129852865239997e+02
9.401818463386776159e+01
1.608383905760862262e+02
6.315184292623830231e+01
1.414193396894298473e+02
1.325714734425951349e+02
7.319804518643418589e+01
1.631897421500319183e+02
8.626082365445928701e+01
1.216163635747210208e+02
1.504590592769927753e+02
6.207621989718420963e+01
1.551281740029407104e+02
1.100296349859151945e+02
1.006483662061488076e+02
1.605515297307094897e+02
7.003580058011985443e+01
1.438489554181491883e+02
1.330925422184028832e+02
8.086273906923088362e+01
1.625987162797400742e+02
8.743987713064167622e+01
1.279933930966853666e+02
1.512479683169850659e+02
6.930261224370815398e+01
1.608463085530951844e+02
1.113570290808051908e+02
1.082229843804673806e+02
1.654325941855191218e+02
7.137174910787659599e+01
1.521439650547034432e+02
1.376402731136288651e+02
8.608440941298785276e+01
1.728152118778549777e+02
9.133094902271129456e+01
1.347896513371879905e+02
1.594958959583738931e+02
6.810425960100475606e+01
1.704344630097639026e+02
1.185174698672113323e+02
1.115027210934343458e+02
1.756165004292197978e+02
7.059745387091936664e+01
1.604120947291459061e+02
1.473594820586456535e+02
8.452959032008989482e+01
1.847924326747666441e+02
9.517128715995612254e+01
1.406529090854787967e+02
1.741177856160032604e+02
6.514888602106761084e+01
1.837574030946342987e+02
1.303305319060374075e+02
1.118643392187944414e+02
1.938881699258523099e+02
7.255505423067987181e+01
1.697933316030751314e+02
1.664964776365960688e+02
7.725190418324710606e+01
2.019822922945251662e+02
1.083858387508120842e+02
1.426911800551737599e+02
1.965234782491178009e+02
5.747939466933531349e+01
1.961815680738052947e+02
1.527740300617547859e+02
1.036112158598927948e+02
2.148435150607849096e+02
8.331813015816616996e+01
1.733020767101431261e+02
1.917488775751250500e+02
6.216055108857388944e+01
2.176590720881470133e+02
1.312075051730387543e+02
1.367437333806650201e+02
2.216941590253306344e+02
5.761741999691273719e+01
2.040702867596028796e+02
1.819066570253995678e+02
8.701084226361312801e+01
2.350089302715879853e+02
1.058577678025082776e+02
1.712177139276151934e+02
2.218273990697173588e+02
4.644079766244447427e+01
2.307336940652724877e+02
1.641933057035069510e+02
1.217130866942559351e+02
2.468074124031970200e+02
7.660019496361317692e+01
2.051470826538860024e+02
2.149356778962927876e+02
6.468816875421194368e+01
2.531002669886599108e+02
1.398639781386924881e+02
1.603425747399613783e+02
2.523588874210424535e+02
4.784456934022513508e+01
2.369217827107675305e+02
2.011188899908547967e+02
9.995709439135832497e+01
2.701105983351820896e+02
1.098651545560027074e+02
1.987212738212068359e+02
2.500080975360576758e+02
4.051897128728911213e+01
2.651174181604688442e+02
1.797179724340536495e+02
1.414972739906127686e+02
2.807975053199457989e+02
7.487798557021467616e+01
2.365733717008298811e+02
2.407460877774647656e+02
7.136800098528257763e+01
2.886895629465607271e+02
1.513766362964045697e+02
1.851634161893260853e+02
2.846033673508937909e+02
4.073841821588619183e+01
2.713296593240668244e+02
2.232750832120248390e+02
1.153971918115274917e+02
3.063192898751746611e+02
1.160423928896361048e+02
2.288996381068366475e+02
2.808853682393988151e+02
3.995112491330229432e+01
3.019345366832208697e+02
1.976779962709088068e+02
1.639719233245174053e+02
3.172503845059123364e+02
7.514424215081014324e+01
2.709295237817080420e+02
2.686409002024009851e+02
8.241361833200818410e+01
3.280696085622778924e+02
1.647075761968780228e+02
2.137968483107065083e+02
3.207028196617726508e+02
3.505526514071144106e+01
3.098873702656300679e+02
2.480975093574921289e+02
1.346719774192156365e+02
3.473046195962422189e+02
1.238899296624674378e+02
2.634276554557212080e+02
3.156441568865033105e+02
4.377637623025042046e+01
3.444501352713450615e+02
2.185717195189108963e+02
1.906615995681524112e+02
3.594048662158733691e+02
7.675605614681144573e+01
3.109026507575597407e+02
3.012836912788991413e+02
9.717497236568965491e+01
3.735577876040757133e+02
1.805268698903659867e+02
2.475907476490007184e+02
3.625615993036608984e+02
2.986001831023344621e+01
3.554968756004637953e+02
2.775332339294258190e+02
1.582936404802061361e+02
3.954687404684469811e+02
1.335265025487464072e+02
3.044958975095721030e+02
3.566303810639362268e+02
5.229454968914992463e+01
3.951708881817028782e+02
2.437031855946005123e+02
2.229726141569464346e+02
4.091903640739720345e+02
7.889912628132343286e+01
3.595021646709281526e+02
3.403449072180426924e+02
1.166731255097658249e+02
4.286234540816064396e+02
1.995650262628374207e+02
2.892515579582797614e+02
4.132326719825963437e+02
2.493709986069494278e+01
4.116660466569706500e+02
3.135899728688927439e+02
1.879548136267560210e+02
4.542717988897377950e+02
1.452018699726354782e+02
3.556795705783431458e+02
4.069579259847210437e+02
6.531073699535657795e+01
4.578407566835958278e+02
2.740606527871781282e+02
2.643140583966742270e+02
4.711437415325341362e+02
8.099024001032070430e+01
4.209017244084040499e+02
3.888199593036591750e+02
1.430335224153873810e+02
4.985314003324286887e+02
2.232890030010233318e+02
3.429514106899607668e+02
4.776236246418288260e+02
2.067919776201886606e+01
4.830147207100397964e+02
3.581483593508322087e+02
2.283016995604444332e+02
5.307502990436439632e+02
1.599471001925909945e+02
4.227239956700783523e+02
4.720199508941374233e+02
8.489160495273750939e+01
5.405341782350445783e+02
3.138614726266976049e+02
3.193686848943819427e+02
5.531848568990031936e+02
8.450558606403056672e+01
5.020221797011656690e+02
4.529670443617811202e+02
1.785197160000801375e+02
5.912957474782923555e+02
2.546641586402674022e+02
4.150588120120175404e+02
5.638537205464483577e+02
1.963588841765795934e+01
5.794923333416007836e+02
4.188948479181607922e+02
2.824845050509268845e+02
6.339964871926645174e+02
1.801381670529118821e+02
5.139281364205277214e+02
5.609058109119878281e+02
1.121775855126220591e+02
6.533003722023183855e+02
3.682798616128538356e+02
3.952987783274856497e+02
6.661110341164047668e+02
8.915396047910584798e+01
6.150208021886764982e+02
5.423774652408366137e+02
2.286276594482362441e+02
7.214411397799576662e+02
2.989882594685875574e+02
5.167647609306187633e+02
6.857302911602097311e+02
2.747210713272161087e+01
7.169380133591469075e+02
5.057805405470654705e+02
3.602089716899765222e+02
7.822045241269258895e+02
2.091984881895330375e+02
6.462157725545691846e+02
6.900665853903443576e+02
1.529090801536972037e+02
8.184577682518969368e+02
4.482566915853801675e+02
5.075690054789515671e+02
8.334129763552867871e+02
9.640481318963149704e+01
7.837062713359881627e+02
6.762420536737251950e+02
3.046653979649954067e+02
9.183869402106270172e+02
3.663736465430813496e+02
6.720639268320694555e+02
8.723995502353214988e+02
4.751839797963987166e+01
9.297731867027165436e+02
6.406815506918544543e+02
4.823341503669192889e+02
1.015353540217249929e+03
2.552569908782416235e+02
8.564107830058843547e+02
8.960986440514956257e+02
2.193675649790549471e+02
1.085535707531843855e+03
5.781558180577416124e+02
6.915068194238965589e+02
1.108589468156161047e+03
1.083036991313963142e+02
1.065273747197259354e+03
9.008253742466215499e+02
4.336910490801578248e+02
1.253523314448221981e+03
4.815390540812636004e+02
9.408814417727572845e+02
1.197304142430281672e+03
8.726427217132685143e+01
1.306589307003560180e+03
8.813831317239524878e+02
7.021284372421388298e+02
1.438066852196155423e+03
3.391665281711768216e+02
1.245369568090745815e+03
1.280522875702007696e+03
3.453969527209544026e+02
1.594136383466925281e+03
8.278077130133226547e+02
1.049888287620764459e+03
1.650018828269789310e+03
1.319846866970100621e+02
1.632697630003361382e+03
1.358137080591035783e+03
7.023507106431084139e+02
1.957014578637552631e+03
7.261781879502514130e+02
1.521870794240770010e+03
1.909464308175867018e+03
1.786249660559966230e+02
2.160137612665790130e+03
1.435266549524564653e+03
1.219266354217216758e+03
2.449516533359510959e+03
5.434745119415800900e+02
2.215234158814262628e+03
2.258742227235442897e+03
6.771950673054420804e+02
2.955645026663634326e+03
1.513088585421431389e+03
2.061181491318007829e+03
3.222114295276743178e+03
2.031251011452653188e+02
3.391067542992405379e+03
2.830125398974374548e+03
1.586510340449931164e+03
4.384606986601628705e+03
1.608595359123155049e+03
3.720977283091574009e+03
4.746901887883187555e+03
5.651680129297952817e+02
5.982832096397474743e+03
4.088133233555166044e+03
3.903250083303878455e+03
8.160398664117019507e+03
1.816516667613322170e+03
8.976343176464220960e+03
1.006544351134986391e+04
3.720260642433298472e+03
1.840199126153828547e+04
1.160705292078070306e+04
2.396655285438875580e+04
6.858085886368165666e+04
8.977865605711773969e+04
7.103732353825686732e+04
2.695703098005883294e+04
1.015730787993413651e+04
1.894717620199813973e+04
5.001879763943769831e+03
9.536250832545027151e+03
9.504548384429574071e+03
1.093956471746757188e+03
8.098557104683595753e+03
4.438479876020834126e+03
3.685150452900660639e+03
6.163754315614585721e+03
1.033564897182781124e+03
4.581902666676279296e+03
4.012815673922075348e+03
1.267238589782166400e+03
4.411883167715343006e+03
1.914886181735883838e+03
2.622024113204194236e+03
3.536586844643883524e+03
8.537525226181303140e+01
3.160168602132974684e+03
2.278878784677393014e+03
1.304538374162838409e+03
3.009100486969643953e+03
9.042769037482933072e+02
2.153703392318729129e+03
2.355471671211388184e+03
3.470787804386876019e+02
2.443286708686227030e+03
1.400757285401705758e+03
1.300904124537648840e+03
2.235354935109923645e+03
3.578298045277884398e+02
1.854912565294155911e+03
1.652517753673056632e+03
5.828434532861911066e+02
1.979253853147195514e+03
8.530605243862253246e+02
1.275110777894436524e+03
1.719350946321465472e+03
1.995807508315894196e+01
1.632603512897028168e+03
1.172974075503697350e+03
7.240933393744967361e+02
1.638508307037800023e+03
4.763902819905092656e+02
1.230637666810986957e+03
1.335849908842607874e+03
2.276413755512234331e+02
1.446228443705989548e+03
8.163027360960707028e+02
8.078536222731581802e+02
1.364070068229903427e+03
1.986098817552578168e+02
1.173864572740128551e+03
1.032100099026894668e+03
3.942482620496900267e+02
1.279673891574853542e+03
5.368207195184927514e+02
8.531834785078068535e+02
1.131574362700564507e+03
2.056670912810759333e+01
1.106571035984187120e+03
7.809290263775599215e+02
5.126014463942342445e+02
1.125778729557124279e+03
3.117148023947690376e+02
8.696327904829325917e+02
9.276749931632248263e+02
1.788700222639355104e+02
1.030260700649850605e+03
5.676608670549961744e+02
5.944444942436624615e+02
9.801338421169907633e+02
1.272812863066314861e+02
8.638207617611475371e+02
7.452008170968590548e+02
3.058052286297480578e+02
9.466161486668087264e+02
3.838773429615046098e+02
6.474404028134307509e+02
8.409330633191759716e+02
2.940581085940773676e+01
8.400760466879663682e+02
5.800126468041933094e+02
4.030487966056101641e+02
8.572898528518745707e+02
2.245937743592175480e+02
6.767338711641498321e+02
7.074076565267592969e+02
1.524053711846411829e+02
8.018277879737732974e+02
4.299698662789816694e+02
4.750369237582320352e+02
7.636535121262427310e+02
8.684986024241248970e+01
6.861924591389087027e+02
5.795486676024253256e+02
2.544926091779690296e+02
7.516476389118491852e+02
2.937056984221234757e+02
5.253027292651602238e+02
6.672166253337580883e+02
3.564093160748322475e+01
6.788355069909356416e+02
4.576911429170502856e+02
3.359283218889480622e+02
6.918458524369356155e+02
1.706285762766154050e+02
5.565094559807886299e+02
5.693843965133033862e+02
1.357165302352430842e+02
6.571599446875761714e+02
3.423284315633138704e+02
3.986571356448375809e+02
6.245081759806543005e+02
6.085316116609202197e+01
5.709444285622595316e+02
4.716067660494609299e+02
2.208309417682844185e+02
6.233886553623761984e+02
2.341467452035744827e+02
4.442924687180583874e+02
5.515389877819110325e+02
3.994859682568561254e+01
5.705501700110637557e+02
3.752442295620631398e+02
2.905010449680793272e+02
5.794775943521065074e+02
1.338561219102495556e+02
4.742722735910990650e+02
4.746434487788660590e+02
1.242042590743618575e+02
5.571656037795690963e+02
2.815588138782508167e+02
3.455074774907571964e+02
5.273873612758731042e+02
4.281373938162656856e+01
4.899848430763274223e+02
3.955640183429980539e+02
1.970205198516519829e+02
5.324613437836577532e+02
1.918025734079956806e+02
3.865506975960154250e+02
4.688430475990521700e+02
4.311076328544552183e+01
4.927386153627854810e+02
3.158324076927918327e+02
2.576998604806462936e+02
4.981274183682564285e+02
1.072046581633505866e+02
4.144071015743010094e+02
4.055574243337393341e+02
1.157288392084539055e+02
4.839023492979872003e+02
2.371043339466626207e+02
3.060621800367484866e+02
4.554606362649010407e+02
2.964394302794301339e+01
4.298601821191683143e+02
3.389702049534838011e+02
1.792669160094688152e+02
4.645287774647360948e+02
1.601273833745713944e+02
3.431895907426613803e+02
4.066504002619256539e+02
4.550775098101549077e+01
4.339908532187629362e+02
2.709141381858892146e+02
2.327886347387365902e+02
4.362969534679860999e+02
8.692800210154598517e+01
3.687361755704847610e+02
3.527195602881187142e+02
1.092743046959960225e+02
4.276213832579762766e+02
2.026404676927929813e+02
2.761717481875151634e+02
4.003997133321062165e+02
1.998360188524164016e+01
3.834732485356928464e+02
2.952811935115288406e+02
1.654693068645193250e+02
4.118396952696720064e+02
1.355593942025072920e+02
3.094311851127029058e+02
3.582121706005891042e+02
4.732343376654353762e+01
3.880259084017009741e+02
2.357559930359906843e+02
2.132304685249955014e+02
3.877559430628264749e+02
7.104004355652411107e+01
3.327541196626384590e+02
3.111022068149780466e+02
1.041048823953580467e+02
3.831422164768220568e+02
1.755240464997003471e+02
2.522237115433002828e+02
3.565163847632627494e+02
1.310972120302582766e+01
3.464614569088225267e+02
2.604063854686829131e+02
1.544178859541308952e+02
3.696683310647961775e+02
1.158957826996876292e+02
2.823334518105777988e+02
3.193152851099315512e+02
4.877175411262924598e+01
3.510240594460320835e+02
2.074481350093610672e+02
1.974210558017243216e+02
3.485477858765976293e+02
5.824254276648623829e+01
3.036000184322592190e+02
2.773803613628805920e+02
9.988135446121125938e+01
3.470073365947976072e+02
1.535011471774957670e+02
2.327013291364760335e+02
3.207594315921608654e+02
9.351034532724836978e+00
3.162214863170466401e+02
2.319162375013550843e+02
1.453442491284411346e+02
3.351261862242938037e+02
9.981197679170756487e+01
2.600623206863912174e+02
2.873713730185816644e+02
4.992465687009784148e+01
3.205396090247899110e+02
1.841418356727889432e+02
1.843464198900179554e+02
3.161734464667673592e+02
4.772259838469160087e+01
2.794604382456523695e+02
2.494740721287916756e+02
9.634542561483624468e+01
3.170248484992945350e+02
1.352449470932450311e+02
2.164497995992994106e+02
2.910256628093113704e+02
9.255070356888575489e+00
2.910116891609432059e+02
2.081807219204864055e+02
1.377389574596323314e+02
3.062741967382361850e+02
8.640364795310352974e+01
2.414036977852074983e+02
2.606397863306088425e+02
5.085191013980659136e+01
2.949557653672862898e+02
1.646070104772140610e+02
1.733246049536653572e+02
2.889520777127399924e+02
3.893545405430693762e+01
2.591099942016719524e+02
2.259716549673660495e+02
9.332975458759501919e+01
2.917137453073122515e+02
1.198562307805971017e+02
2.026841358627654870e+02
2.658849075671743094e+02
1.147915720971476894e+01
2.696323914995975315e+02
1.880790953933726541e+02
1.312483032715366846e+02
2.817664990949366484e+02
7.503865902796223963e+01
2.255172434924937477e+02
2.378979819739864183e+02
5.162949697249819536e+01
2.731646766435608811e+02
1.479789227318600524e+02
1.639060441997240787e+02
2.657355126493477542e+02
3.150706678998600196e+01
2.417028914663792989e+02
2.058999327197156504e+02
9.070814666676702132e+01
2.700340165421189909e+02
1.067030521836330053e+02
1.908537671823800679e+02
2.443258933245560343e+02
1.432510178865136119e+01
2.512602514384291510e+02
1.708309766895987138e+02
1.256349365129886735e+02
2.606892041825270780e+02
6.530313563458069837e+01
2.118038108740812788e+02
2.183226464853701998e+02
5.224458389001986802e+01
2.543337097346502844e+02
1.336517747228623136e+02
1.557217348898901719e+02
2.456567056760126775e+02
2.517692410972161454e+01
2.266073559374639785e+02
1.885294540042913525e+02
8.840219556788822786e+01
2.512300473870105293e+02
9.532474719687800757e+01
1.805553589119945173e+02
2.256143029100760486e+02
1.712970398602090327e+01
2.352648064568976167e+02
1.558501608108838354e+02
1.207097195632129143e+02
2.423240853706884934e+02
5.685297879588553371e+01
1.998253177419919666e+02
2.012551777121644534e+02
5.276161059708395129e+01
2.378922068919951869e+02
1.211625168326433197e+02
1.485493974069504759e+02
2.281180966875617173e+02
1.976035957240363672e+01
2.133813822186330640e+02
1.733477454134513778e+02
8.634296081466111161e+01
2.347464964137443530e+02
8.538246661090089162e+01
1.714938388165132892e+02
2.092052105592628948e+02
1.971490743918498723e+01
2.212016469335855788e+02
1.427124015902051326e+02
1.163449468434471328e+02
2.261731592394544066e+02
4.945979604792617579e+01
1.892539847717675627e+02
1.862378859316006583e+02
5.318329545192613494e+01
2.233941438424156161e+02
1.101835351790680591e+02
1.421872383718016124e+02
2.126446861022214136e+02
1.515276406569758727e+01
2.016768836798077871e+02
1.599529125679490278e+02
8.448534453981432080e+01
2.201633036058335904e+02
7.662067200886851026e+01
1.634431677183346210e+02
1.946863401817244039e+02
2.204826118895424258e+01
2.087234491281359965e+02
1.310914057957417640e+02
1.124399984746435877e+02
2.118484959584365299e+02
4.294544321533177111e+01
1.798426076356169858e+02
1.729257928776920892e+02
5.350496132830144091e+01
2.104824013249672134e+02
1.004494284759544342e+02
1.364850989812651960e+02
1.988695955466420457e+02
