1.770767757570812932e+02
2.194518846748145506e+02
2.078068038866386189e+02
1.871674484110521632e+02
2.325438401639008248e+02
1.895935338363666744e+02
2.126636923798111809e+02
2.279301489678217081e+02
1.852241338221942897e+02
2.358829703512016636e+02
2.098194290479912354e+02
2.034248348336527101e+02
2.435809153949990389e+02
1.933587152668151248e+02
2.317844543165964808e+02
2.327556593394903928e+02
1.972569837874444545e+02
2.519914919995331672e+02
2.119455356021302919e+02
2.227845244715925332e+02
2.533496558614067169e+02
2.003205642722514597e+02
2.521314438697746425e+02
2.367039094126420480e+02
2.138244954876054749e+02
2.675744132297856481e+02
2.153948225856524346e+02
2.452113825565220111e+02
2.619099539886321395e+02
2.115086808951531054e+02
2.732551276792001431e+02
2.403399428314739055e+02
2.349603154468612161e+02
2.824309648931866832e+02
2.214851423999861026e+02
2.700758376642784242e+02
2.693464154979488967e+02
2.278770242908626642e+02
2.946688380320495639e+02
2.446453500283792835e+02
2.606039108853553330e+02
2.963194593249403397e+02
2.317958323653492698e+02
2.970482278462018257e+02
2.761481939808040238e+02
2.504283635424223462e+02
3.162209505683666180e+02
2.508821635035834561e+02
2.904599013257477509e+02
3.092672004233903635e+02
2.479689366589532256e+02
3.257688723293804856e+02
2.830526713313608411e+02
2.793940936794115828e+02
3.375147152675784810e+02
2.610472289340283396e+02
3.247584418253103422e+02
3.217653341935703111e+02
2.717474043765927263e+02
3.562058819999418233e+02
2.914549059963979403e+02
3.153319112655409526e+02
3.589078079764908580e+02
2.775374757399922601e+02
3.631123670007324904e+02
3.341342218188346465e+02
3.043087193454168755e+02
3.882148919405857441e+02
3.032495205694787614e+02
3.583904878168718824e+02
3.803406050612629201e+02
3.031666067124398865e+02
4.064625372727999206e+02
3.484854313019320671e+02
3.477765242407434698e+02
4.224365472707107187e+02
3.215503302214965515e+02
4.100279495658498377e+02
4.034096525531429052e+02
3.404632731305247262e+02
4.543754517765510741e+02
3.659209916722803086e+02
4.031463794007613615e+02
4.600064782048177676e+02
3.510872532158854256e+02
4.711097940356070239e+02
4.291069711216786686e+02
3.927637126046462868e+02
5.084137331049881823e+02
3.912524724873310333e+02
4.732072871923623438e+02
5.009959305704032317e+02
3.963479381727873374e+02
5.440397023434559287e+02
4.603959666037582110e+02
4.679680415380202589e+02
5.729894965231233073e+02
4.289909945372147035e+02
5.643202777586066077e+02
5.519472100020802827e+02
4.654399426919195548e+02
6.349132575392537774e+02
5.032215236874959032e+02
5.691775845153000546e+02
6.525575242269824230e+02
4.903330941307229409e+02
6.803418047590286051e+02
6.137396036967189730e+02
5.696636217691453794e+02
7.544300707199623730e+02
5.703162343617354963e+02
7.109005520979770836e+02
7.559555613891625399e+02
5.931510457364876174e+02
8.433984435060507394e+02
7.070820335403527679e+02
7.323320616179021272e+02
9.158538386486258105e+02
6.755733854544330370e+02
9.206435048977363067e+02
9.049420485625621495e+02
7.707665097715056390e+02
1.087666707958687539e+03
8.524545304476602041e+02
9.966724007709825628e+02
1.167972052632213035e+03
8.740831673723237145e+02
1.272931042741772444e+03
1.156990864180247854e+03
1.094371954393105852e+03
1.505444397334847281e+03
1.135738123194968921e+03
1.497466565630483046e+03
1.635820236718003343e+03
1.301088355368819066e+03
1.977253513579607898e+03
1.684646359907877240e+03
1.849939130168579823e+03
2.461376196007596263e+03
1.855761435731255233e+03
2.805867012011445695e+03
2.934670805764532361e+03
2.665983274613169215e+03
4.309850667277176399e+03
3.711413397256128519e+03
5.168893901526575974e+03
7.365769515902830790e+03
6.944289515958964330e+03
1.588903212883587184e+04
2.620158860068081049e+04
2.728434276175576451e+04
1.816164044546531659e+04
7.756685732763317901e+03
7.282311707227908300e+03
5.804159318416815950e+03
3.427649518273644844e+03
4.293499244752631057e+03
2.872133746618136229e+03
2.591353899925171390e+03
2.862980025471058525e+03
1.697193842091407305e+03
2.242614812106542104e+03
1.903164666921026537e+03
1.383473776041703786e+03
1.877286837147882352e+03
1.227658042735809886e+03
1.376342558095398999e+03
1.467386636373140618e+03
9.061318443604993718e+02
1.329743131427382878e+03
1.046612860030612865e+03
8.906399488646031841e+02
1.170828367945869104e+03
7.225155386501460271e+02
9.493358884050487632e+02
9.240599419415503917e+02
6.114761331450125681e+02
9.362141879617213363e+02
6.633192244550410805e+02
6.706572426951150874e+02
8.207409177488375462e+02
4.852458828884203399e+02
7.290297482872788351e+02
6.368810328659578772e+02
4.762363094220442008e+02
7.096482238179928572e+02
4.512333026313697815e+02
5.492439708138291508e+02
6.045052810197416875e+02
3.558614421206793281e+02
5.877966617051913545e+02
4.519145165673243696e+02
3.970090467658959028e+02
5.560559948638332344e+02
3.195270403311901077e+02
4.648617035574725946e+02
4.547496881753190223e+02
2.888482848105451808e+02
4.848608843227442549e+02
3.249117285990726032e+02
3.498763371901200685e+02
4.397505713187527476e+02
2.354766219797225801e+02
4.033794235363664598e+02
3.421328813413093144e+02
2.496443676981388649e+02
4.032306591411378918e+02
2.345957241771296822e+02
3.165180072383801644e+02
3.481883417074107570e+02
1.845308747443823449e+02
3.495108799326961275e+02
2.522118364466943490e+02
2.304234499144684776e+02
3.357463456110065749e+02
1.653894024941675411e+02
2.849479374165217109e+02
2.711025378827476970e+02
1.564212206805889309e+02
3.015083045011179479e+02
1.822731952483161422e+02
2.164480348142353705e+02
2.725909587110649568e+02
1.174069550822332957e+02
2.591053759570112902e+02
2.069903986949754540e+02
1.449671678657716996e+02
2.569030203006861370e+02
1.225628394005256467e+02
2.029654754523543261e+02
2.192729535808196317e+02
9.457585941490727066e+01
2.276100197360151185e+02
1.468252455888452914e+02
1.460906333578850820e+02
2.172597855433651546e+02
8.093738525674770301e+01
1.901518241322927167e+02
1.669533263737806976e+02
8.900904977159636644e+01
2.010895121194038211e+02
9.719073442237984750e+01
1.433086178642030006e+02
1.757636259107162573e+02
5.439102996523153166e+01
1.755232960402108802e+02
1.204129916720519020e+02
9.504431528376566973e+01
1.720606866484036743e+02
5.450567072595632823e+01
1.401247031384582726e+02
1.353624579214204289e+02
5.442736056292483227e+01
1.572981904010227083e+02
7.524992827849318644e+01
1.076239638363114608e+02
1.438128281614779951e+02
2.593299305939536836e+01
1.382214798836660066e+02
9.873089248713942823e+01
6.822956823229786494e+01
1.383524614826830543e+02
3.476729569208717407e+01
1.172961875153552143e+02
1.155561250849457338e+02
3.192999587492927915e+01
1.341123018534775895e+02
6.610906867572937529e+01
8.459215253808908130e+01
1.236245723302067461e+02
1.159581933434825984e+01
1.131723885065504618e+02
8.358675621338397832e+01
5.291522523807229561e+01
1.180103869681483246e+02
3.017476778503756307e+01
9.560128110867158568e+01
9.626743781048148207e+01
2.675933792389662003e+01
1.117113839199595589e+02
5.007612296289208587e+01
7.767574546551843184e+01
1.064359769781995340e+02
1.174427326201330057e+00
1.019187523249339762e+02
6.880246496918026367e+01
5.593814266723857287e+01
1.101146029846827616e+02
2.465905886448394924e+01
9.020428798837343720e+01
8.546697310288955407e+01
3.210997710936286609e+01
1.104458818584047748e+02
5.105047010654332951e+01
6.768356469089816585e+01
9.117781207142188293e+01
1.395193222773690778e+01
1.014735401011670461e+02
6.404955235882123077e+01
5.399384296048123133e+01
9.857714048569164333e+01
1.198864534216094668e+01
9.431241274138061215e+01
7.975644712927181956e+01
4.031222108728084663e+01
1.096627611199052694e+02
4.118908162212762392e+01
7.732831930152661926e+01
9.229595276758550426e+01
1.663798876459076581e+01
1.070712157240782858e+02
6.171149207334849507e+01
6.247001486525051916e+01
1.047418653717557646e+02
1.030285501814716476e+01
1.002390734401911345e+02
8.164974453922270925e+01
4.240721676422359110e+01
1.113051135875522277e+02
3.453251291443299209e+01
9.001222543804557574e+01
1.000454342748028296e+02
1.942480525642899636e+01
1.141875545216360734e+02
6.126050772427890934e+01
7.271265619402841196e+01
1.129277449586963797e+02
1.014030958803233418e+01
1.119056657441419418e+02
8.488472429851537981e+01
5.642793361307980149e+01
1.261627592502654096e+02
3.568762705727852591e+01
1.085498937733159437e+02
1.123342967375232604e+02
3.365773895223114920e+01
1.379834806460545735e+02
7.148364458530993204e+01
9.406808301040034337e+01
1.380637326828827725e+02
2.494213184195021427e+01
1.395594548983129357e+02
1.077112648157126245e+02
7.408979491081822744e+01
1.586430652336956655e+02
5.569717159289402275e+01
1.335702048235114319e+02
1.428771590921219854e+02
5.388318025778836073e+01
1.768355745688852494e+02
1.040604980209780024e+02
1.188904224349539618e+02
1.806840082984917615e+02
6.116657905417216057e+01
1.784323528743272220e+02
1.505303932031571890e+02
1.010487187596648511e+02
2.102325228504976735e+02
9.978557699279589599e+01
1.726261687557115181e+02
2.026260587764766399e+02
8.963031937761080314e+01
2.271599965851180798e+02
1.606769783359790154e+02
1.596805837323083210e+02
2.457926437723320134e+02
1.173687306045123222e+02
2.391215327087350886e+02
2.261096099315295760e+02
1.501404099860824601e+02
2.856942625077670641e+02
1.743397693802760386e+02
2.425579754014849527e+02
2.967641347750549699e+02
1.586429595135676323e+02
3.208133678274517706e+02
2.615510600619410866e+02
2.357069793633094150e+02
3.661709298029603588e+02
2.183064125742668580e+02
3.408246633357119322e+02
3.574056718505651702e+02
2.390051444653806243e+02
4.243405584364392666e+02
3.113783498246403951e+02
3.533107890421280786e+02
4.651731258746643789e+02
2.897740816788634675e+02
4.810871863590879798e+02
4.470014869338355652e+02
3.707808167186024093e+02
5.766824232448485645e+02
4.000685318350297734e+02
5.257218291000157251e+02
6.125200905621152287e+02
4.326104296657567261e+02
6.999624782033038173e+02
5.971014849420466817e+02
5.949369334667295561e+02
8.211376473073745501e+02
5.783368416332264133e+02
8.403061403746849010e+02
8.822367694436073862e+02
7.112048699257901490e+02
1.100920720086685151e+03
8.987393317915783655e+02
1.032510555627641224e+03
1.314388436502375043e+03
9.993189790121111855e+02
1.522495750970813560e+03
1.503785179831458663e+03
1.420069199667172597e+03
2.124063775934051137e+03
1.744331472186659084e+03
2.387079899150166511e+03
3.010980473023272225e+03
2.676040274900981331e+03
4.560493444856922906e+03
4.977297475422822572e+03
7.039371872949363933e+03
1.456896660332938518e+04
1.927880339386811829e+04
1.675921503805673638e+04
9.403119129346639966e+03
5.276887662568344240e+03
5.317907462910232425e+03
3.413529110292115547e+03
3.025159899999157915e+03
2.959137587578005878e+03
1.980178339774289952e+03
2.286664656304626533e+03
1.874395305783119284e+03
1.532339804901012030e+03
1.786582226190075744e+03
1.292406670876334374e+03
1.391640594052210872e+03
1.371843126135831653e+03
1.036617803064653572e+03
1.268319777061632294e+03
1.033971726287361889e+03
9.641371598219049019e+02
1.089655467353569293e+03
8.115859343551777556e+02
9.416347630949829863e+02
8.903579281998729584e+02
7.357220921632986119e+02
8.889464500404429828e+02
7.131093505739063403e+02
7.331545322226165808e+02
7.840418901220469934e+02
6.109562974526878634e+02
7.333044597336652259e+02
6.578838890410337399e+02
5.926540158713669371e+02
6.934918015817443120e+02
5.495069377493085767e+02
6.040158129495603134e+02
6.129583675584627827e+02
5.011458969650950053e+02
6.031094232765152583e+02
5.221573873890955610e+02
5.050334397065793723e+02
5.644639304148662404e+02
4.535267538826404348e+02
5.188746353920682850e+02
4.982005911369208775e+02
4.349109624055475933e+02
5.141393372669333530e+02
4.320259623988695807e+02
4.476958784574359242e+02
4.770458362020920617e+02
3.924119393176762856e+02
4.584815739614970767e+02
4.211316097746086484e+02
3.899792427619885871e+02
4.473466578421778195e+02
3.735114818534597703e+02
4.056994938148670826e+02
4.101603521120188702e+02
3.502120444831958821e+02
4.106780766785253718e+02
3.653090829568218965e+02
3.577028355673452893e+02
3.935258491189626397e+02
3.302490253394424258e+02
3.705085532804953345e+02
3.583017728472328827e+02
3.213898972990314746e+02
3.699126481973018485e+02
3.206062135921048935e+02
3.322595678491886702e+02
3.505215590886248265e+02
2.982840257807395687e+02
3.408384954953909869e+02
3.179521423802633535e+02
2.992638610596737863e+02
3.353616788522834895e+02
2.873548318321884949e+02
3.096143833746733094e+02
3.139851877409889198e+02
2.761952644459878456e+02
3.152277228085886236e+02
2.849024529771448897e+02
2.815493366724961106e+02
3.058871855266405078e+02
2.635886730150977542e+02
2.915929298514242873e+02
2.840069192973545569e+02
2.590231873752462093e+02
2.921539494209632153e+02
2.591775142366882392e+02
2.668150065487945994e+02
2.796725823672855427e+02
2.452995022586599987e+02
2.743052351453097799e+02
2.578948570723302396e+02
2.456656246114882265e+02
2.713138897283282063e+02
2.383677311148555020e+02
2.539151163720452473e+02
2.568026712427920302e+02
2.306561987415912256e+02
2.582383354719450494e+02
2.371260294027198654e+02
2.349263656332810797e+02
2.519442066140913994e+02
2.223851357105794193e+02
2.422379254979371694e+02
2.365983459591966209e+02
2.196851685026631174e+02
2.433425550066947096e+02
2.193313564247206102e+02
2.253899462838274701e+02
2.345749875741367703e+02
2.097225895043469848e+02
2.309616387274066369e+02
2.190722763882536412e+02
2.104320867723755555e+02
2.290344448234691299e+02
2.051906661548433419e+02
2.167921776121240782e+02
2.185858478547648076e+02
1.997223922152337252e+02
2.201027025643206798e+02
2.041999728943834498e+02
2.029529263418741323e+02
2.156410004776905396e+02
1.937084475039312679e+02
2.086660021093051682e+02
2.043582007887592340e+02
1.917118129327161853e+02
2.094528756918276144e+02
1.916526482016994919e+02
1.962643331632700381e+02
2.029507632082935231e+02
1.843693104481725982e+02
2.005158015870603947e+02
1.915776641834114287e+02
1.851808133197301913e+02
1.991847192520751264e+02
1.811243748859647837e+02
1.899424185863808816e+02
1.912854383126636435e+02
1.770124391760182618e+02
1.924900232762039138e+02
1.804654041510625575e+02
1.795845524211001418e+02
1.891901396720165565e+02
1.725376760824462963e+02
1.839658483783042868e+02
1.805818322714482633e+02
1.709275290970940944e+02
1.844865054127621136e+02
1.708106425496232248e+02
1.743988384030535883e+02
1.796141982521349405e+02
1.653889382036017253e+02
1.777077088003424592e+02
1.708599177643120015e+02
1.660063039589891218e+02
1.766834159267768882e+02
1.627981726930617867e+02
1.696304249203860479e+02
1.705248961065346407e+02
1.595903321520627003e+02
1.715999246011600690e+02
1.621714348293504884e+02
1.615572834534091555e+02
1.689309201403845009e+02
1.558739429268086099e+02
1.647890839952011106e+02
1.621062792689116634e+02
1.547181363524030075e+02
1.653842899425551423e+02
1.545803764642620877e+02
1.573882960986450712e+02
1.614507732083799567e+02
1.502563054564846823e+02
1.599482376316126704e+02
1.544842477178384001e+02
1.506459602162732949e+02
1.591103014630197947e+02
1.480775549648112985e+02
1.534499561339793843e+02
1.542523793971149360e+02
1.455566499201899546e+02
1.550169253311608486e+02
1.475652453780507756e+02
1.470019141888816989e+02
1.529167725077284103e+02
1.425779256525319454e+02
1.495450575922397718e+02
1.475009164130524653e+02
1.416183060254407451e+02
1.499991098144046759e+02
1.414416661131518254e+02
1.436282891466997569e+02
1.468291259798862143e+02
1.379154587694039549e+02
1.456141076863202954e+02
1.412593116067241112e+02
1.381627417021785504e+02
1.449287727546152098e+02
1.361043801381641174e+02
1.403328006361560085e+02
1.410016641839603437e+02
1.340118026727413678e+02
1.415499255941467993e+02
1.355875239102041405e+02
1.350612345522978046e+02
1.398210947859903115e+02
1.315447253993326910e+02
1.370931766986851699e+02
1.354368698479860598e+02
1.306342286806699349e+02
1.373975577429149837e+02
1.305308915523231121e+02
1.321971248951016946e+02
1.348150130451853954e+02
1.276229487457854930e+02
1.337774575559715231e+02
1.302802935067340968e+02
1.277000728614329716e+02
1.331774603074750871e+02
1.260583893778687781e+02
1.293929474576919745e+02
1.299647446165443796e+02
1.242666735170426335e+02
1.303406917776715943e+02
1.255416631021658702e+02
1.250433797815214660e+02
1.289246557498997277e+02
1.221881810541432145e+02
1.266260277802450673e+02
1.253277094044993589e+02
1.213614319187807240e+02
1.268442102703995715e+02
1.212680484992818606e+02
1.225439462027047171e+02
1.247275667417667933e+02
1.188224976769048311e+02
1.237708997749103332e+02
1.209747883444984780e+02
1.187962504638803125e+02
1.232763221260143069e+02
1.174781386707138893e+02
1.201182204232150781e+02
1.206223231569943835e+02
1.159117965665011241e+02
1.208609676645789790e+02
1.169628454842574996e+02
1.164532088071350842e+02
1.196763477902882613e+02
1.141380281607816585e+02
1.176926574092134814e+02
1.166931778209843600e+02
1.133625322321445736e+02
1.178532609863994338e+02
1.133091907198575967e+02
1.142541678014945745e+02
1.160984481036737748e+02
1.112151058802692916e+02
1.152239018878229331e+02
1.129766486429572865e+02
1.110929326348995687e+02
1.147976353423146207e+02
1.100300979069543814e+02
1.121138272516393641e+02
1.125976362298210205e+02
1.086483191335502170e+02
1.126892200858879107e+02
1.095317349949390575e+02
1.090085252058964755e+02
1.116981492677502104e+02
1.071221519815724434e+02
1.099810583538395292e+02
1.092096889131861275e+02
1.063875584946033825e+02
1.100978264321542355e+02
1.063572649610626968e+02
1.070432269112633605e+02
1.086289562379877793e+02
1.045386308428307984e+02
1.078088086667778924e+02
1.060107105288590361e+02
1.043466389808196624e+02
1.074395092702041410e+02
1.034970559985339662e+02
1.051324742381849546e+02
1.055989203738078572e+02
1.022575087363842385e+02
1.055871663119559969e+02
1.030084410156032249e+02
1.024710759502564628e+02
1.047589369577367790e+02
1.009283451794674704e+02
1.032278247375700317e+02
1.026660177697833234e+02
1.002238409332548486e+02
1.033102819213260517e+02
1.002365936325224567e+02
1.006965075711456024e+02
1.020775501114849391e+02
9.863273369952048597e+01
1.013013573026046572e+02
9.986646132371348017e+01
9.838231324317666804e+01
1.009886183194754494e+02
9.770770371547385480e+01
9.897685150420234379e+01
9.943784065590389787e+01
9.658306882232808732e+01
9.933635682413407153e+01
9.723200041083092060e+01
9.667863730328831195e+01
9.864111637229495955e+01
9.542065869666745925e+01
9.726493811944227730e+01
9.686292314665244874e+01
9.473025682376004397e+01
9.731605487347201233e+01
9.477617061907518803e+01
9.506039088234845735e+01
9.628217788564963087e+01
9.335164554546733484e+01
9.553703188077672337e+01
9.439951746723841097e+01
9.305440810369940152e+01
9.526806939044860201e+01
9.252373861750636763e+01
9.349756172086379991e+01
9.395718896258588870e+01
9.149277086577406237e+01
9.377995348545827881e+01
9.206391049805880300e+01
9.149527995772947975e+01
9.319156448729984277e+01
9.046614866711198033e+01
9.194838321115882707e+01
9.168592060410146871e+01
8.980894036856561513e+01
9.198765455631308896e+01
8.987853857860740447e+01
9.001852672883200057e+01
9.111079184054085545e+01
8.859777929965868282e+01
9.039166444555645796e+01
8.949689279867448022e+01
8.826635790945721283e+01
9.016190221650751369e+01
8.785373766733187040e+01
8.858851078127341339e+01
8.904739052180970305e+01
8.690148540571065894e+01
8.881176505549953504e+01
8.741218764514889017e+01
8.683240499777173227e+01
8.831514707867432890e+01
8.599456492036148347e+01
8.717784455670819455e+01
8.702254017353085658e+01
8.535344066468773860e+01
8.720320325325316446e+01
8.544666368207779783e+01
8.547146742717445989e+01
8.645898897545598061e+01
8.428795112199303219e+01
8.576365606380099393e+01
8.506684568748482889e+01
8.393217753012751814e+01
8.556792832979799357e+01
8.361590540223492951e+01
8.415791756989911221e+01
8.461547817718927433e+01
8.273144197815354062e+01
8.433448940686223239e+01
8.319152771870089680e+01
8.260549859474522805e+01
8.391267459186292399e+01
8.192011260506741621e+01
8.286483831058635019e+01
8.280366107964860589e+01
8.130417110279222470e+01
8.288161802484029295e+01
8.141627073352857735e+01
8.134859788594896202e+01
8.224689130898235589e+01
8.035837632011710241e+01
8.157523194406520872e+01
8.103880055010918682e+01
7.998482952274541447e+01
8.140745814781907086e+01
7.974918230551941178e+01
8.013442544590797922e+01
8.058786309008233673e+01
7.892349756720876996e+01
8.027523706879172494e+01
7.933912238993497112e+01
7.875392976842691439e+01
7.991809792841142723e+01
7.819235585356268814e+01
7.894311740837798652e+01
7.895862248041092357e+01
7.759797926241547827e+01
7.895327350421661095e+01
7.773005328153520566e+01
7.758598877132938298e+01
7.841023463914703484e+01
7.675911552836068097e+01
7.776115281349217412e+01
7.735592181736697626e+01
7.637416386272067825e+01
7.761817911620886434e+01
7.620201011185054085e+01
7.646189336660860647e+01
7.691116293292468242e+01
7.542874914346018045e+01
7.657154487829436107e+01
7.581112299532180998e+01
7.522703586054242919e+01
7.626543907978093273e+01
7.477189666475639740e+01
7.536073144185421313e+01
7.542824767519019247e+01
7.419764788096230745e+01
7.536588128565695399e+01
7.433452193630098748e+01
7.414038172081573919e+01
7.489841974121651447e+01
7.344163736111394769e+01
7.427181850571577115e+01
7.397165341856845089e+01
7.305381955227655055e+01
7.414775583051613239e+01
7.293266684280345657e+01
7.309456907643203749e+01
7.353349780233877198e+01
7.220749918146903212e+01
7.317966255374581408e+01
7.255843236634351001e+01
7.198411077231139643e+01
7.291676735599943981e+01
7.161409183254760080e+01
7.207430695727973102e+01
7.217785975307336344e+01
7.105616799594783117e+01
7.207298306814229250e+01
7.120020206299849974e+01
7.096696568505059588e+01
7.166724580558833679e+01
7.037677486084319867e+01
7.106493639362098236e+01
7.084667701766558423e+01
6.999008894809455228e+01
7.095701557222700728e+01
6.990608605490149330e+01
6.999279417601594844e+01
7.041962958004138784e+01
6.922553598604952185e+01
7.005565074701914341e+01
6.954880777859467855e+01
6.898776875143859399e+01
6.982490725371390283e+01
6.868232744117425170e+01
6.904307034092724393e+01
6.917585117795809424e+01
6.815243308172277636e+01
6.903866642936662856e+01
6.829419424455049636e+01
6.803629302972430537e+01
6.868212457798465209e+01
6.753217173687555430e+01
6.810514688533402250e+01
6.795029006265464488e+01
6.715086283588415483e+01
6.800834150243700549e+01
6.709495883881136535e+01
6.712467150353141676e+01
6.753370221731697143e+01
6.645629185474965084e+01
6.716943384245540472e+01
6.675178080319912510e+01
6.621015187680400516e+01
6.696515360908074399e+01
6.595743889541692795e+01
6.623818964930759989e+01
6.638739674015492653e+01
6.545160160421029616e+01
6.622793161447782495e+01
6.558943271752816884e+01
6.531841372236490884e+01
6.591161663373712543e+01
6.488345936580263640e+01
6.536398175642284514e+01
6.525519169342204862e+01
6.451141326163870815e+01
6.527471399968050036e+01
6.447496469729239266e+01
6.446343959423447245e+01
6.485079410090555996e+01
6.387653897425204264e+01
6.449283210722677495e+01
6.414389734927348741e+01
6.362712337861155731e+01
6.430931880573608339e+01
6.341333103427197670e+01
6.363260447102699402e+01
6.379156951647109963e+01
6.293359856421950838e+01
6.361577108592199892e+01
6.306544818445764378e+01
6.278930823738794942e+01
6.333140575519545479e+01
6.241015705654725565e+01
6.281533603853900161e+01
6.273915637161422154e+01
6.204949365273996875e+01
6.273009648014560469e+01
6.202605045843662168e+01
6.198490397214360570e+01
6.234698308157640412e+01
6.146651652656547782e+01
6.200048402962798377e+01
6.170437533091612892e+01
6.121782275089564962e+01
6.183235627184662775e+01
6.103120605454397207e+01
6.120405170303473597e+01
6.136505862561613611e+01
6.057991972572061457e+01
6.118032838122513084e+01
6.070133258845846314e+01
6.042859967581187419e+01
6.092114869897316964e+01
6.009348404396665444e+01
6.043694705699661540e+01
6.038349603952847389e+01
5.974750139651790448e+01
6.035203806792713976e+01
5.972981420432483191e+01
5.967153829297870971e+01
6.000196158231959487e+01
5.920685118064037056e+01
5.967481845096691728e+01
5.941603029779343359e+01
5.896109569512258020e+01
5.951772387249455676e+01
5.879836431058238588e+01
5.893224025524970955e+01
5.909037873440828292e+01
5.837322584696278227e+01
5.889972946851923297e+01
5.848251799128300377e+01
5.821917029859551462e+01
5.866077393187535449e+01
5.791951785149089460e+01
5.821203123335030938e+01
5.817085354069291725e+01
5.758925334333547852e+01
5.812566018650571209e+01
5.757252262363321194e+01
5.750274298309580701e+01
5.780330600973188382e+01
5.708750619380986535e+01
5.749095560390703952e+01
5.726784283803780795e+01
5.685013641198187173e+01
5.733860139565216230e+01
5.669956205786707670e+01
5.680760116935867643e+01
5.694486794820272024e+01
5.630176528685588977e+01
5.676552332713987425e+01
5.638949240746421765e+01
5.614577291190789055e+01
5.653885054531067311e+01
5.587276300717378064e+01
5.612344695791543359e+01
5.608685597417135682e+01
5.556238045717312701e+01
