1.827480822774318199e+02
2.012271289095565976e+02
1.353842919216648113e+02
2.123032627440636304e+02
1.708624002487640610e+02
1.630410111972980758e+02
2.186448498812884509e+02
1.421764896831922158e+02
2.017591100840859895e+02
1.991383918975433005e+02
1.466298713388544286e+02
2.256283474974524950e+02
1.651149773820621931e+02
1.835464656178683924e+02
2.230518095232851863e+02
1.440719543862661567e+02
2.208200992372068470e+02
1.957173367039419247e+02
1.632830168947992604e+02
2.369122261779108101e+02
1.606748659641842210e+02
2.054261854802081757e+02
2.245842648018515888e+02
1.517196943757961947e+02
2.387003228018077721e+02
1.906393258245819595e+02
1.840894898179613506e+02
2.456675340846088318e+02
1.591402656949812240e+02
2.282358674840908748e+02
2.238097200885495113e+02
1.657699435390624387e+02
2.549775379637988237e+02
1.854131789424066028e+02
2.083687241926432137e+02
2.518758208967852852e+02
1.627284153962101243e+02
2.510462237971866841e+02
2.209409039873232814e+02
1.860541502805882601e+02
2.693646219552490493e+02
1.816975862732949736e+02
2.349121745548598881e+02
2.553462830580595266e+02
1.730286016120446675e+02
2.731595684422334216e+02
2.167638766216811916e+02
2.116916263433012659e+02
2.813812761111224177e+02
1.815845716254785032e+02
2.629130612466889261e+02
2.563330795069508667e+02
1.911453934509711132e+02
2.942221181031359265e+02
2.126794972521684599e+02
2.416218200545329182e+02
2.908337123796450214e+02
1.877892892817099266e+02
2.916611296690289237e+02
2.552055293385184314e+02
2.169342340699935221e+02
3.136684646149370792e+02
2.106405331116368131e+02
2.751746261818329913e+02
2.976750502991130247e+02
2.024177360282818370e+02
3.207833363432640681e+02
2.530421807730959642e+02
2.497109419057109392e+02
3.311370050459345862e+02
2.132288886842054580e+02
3.116484760678740713e+02
3.022263109271670487e+02
2.267497402364256800e+02
3.497074791442266815e+02
2.512891621642971245e+02
2.890479468003503598e+02
3.470844938254651311e+02
2.240124783563416599e+02
3.504504204643003504e+02
3.053902174472304978e+02
2.613659790907278762e+02
3.780132507840451694e+02
2.531521415046607615e+02
3.345006965833121058e+02
3.605095511864277000e+02
2.459156410392639316e+02
3.919516044254833105e+02
3.078585413708212286e+02
3.066128624370271609e+02
4.064752203792862701e+02
2.612372853983619621e+02
3.859369282854282801e+02
3.734734875875930697e+02
2.814090688043775117e+02
4.355998120403800726e+02
3.127581936856726088e+02
3.630004801839037896e+02
4.349210573041679027e+02
2.810044586688765662e+02
4.436954021442131761e+02
3.856332352172513538e+02
3.334896626162958455e+02
4.831149536460205809e+02
3.221775721009944391e+02
4.311600012615122637e+02
4.648791428736964235e+02
3.180902978274051520e+02
5.112644711224654088e+02
4.013204815830157486e+02
4.029778872301047841e+02
5.359420469771609987e+02
3.444079715349359390e+02
5.138873958224020271e+02
4.977595149815861646e+02
3.781816963619000376e+02
5.893852348314187566e+02
4.219956566938635660e+02
4.960331426458463966e+02
5.971413736861566122e+02
3.836134565392781610e+02
6.170762125663345614e+02
5.394530133574576212e+02
4.675886987069090424e+02
6.848727535128243744e+02
4.574378161310251016e+02
6.184974196740525940e+02
6.731058226467783925e+02
4.623143206890835586e+02
7.526085216337332895e+02
5.932396798974791636e+02
6.016752234351312154e+02
8.109675400473998934e+02
5.213571291013029168e+02
7.946028798273312077e+02
7.789900355691551113e+02
5.913614337616569401e+02
9.429417582793282691e+02
6.834172736704191493e+02
8.097311573286449402e+02
9.940357681098842022e+02
6.528292948212583724e+02
1.065596991717450010e+03
9.413428095617301778e+02
8.355603286668166447e+02
1.251781112875522012e+03
8.392445449298828635e+02
1.178933748463116217e+03
1.317590592636021711e+03
9.136004721380888896e+02
1.560442223880398387e+03
1.262540883456769507e+03
1.323836200897662820e+03
1.876196921729690985e+03
1.237926895866802624e+03
1.989909278895825082e+03
2.061229496901394668e+03
1.637721739878126755e+03
2.839171736495422010e+03
2.207761916901243694e+03
2.911907412273457794e+03
3.987666921324318537e+03
2.891698015304472847e+03
5.768966707884176685e+03
6.300665851408124581e+03
7.446555669740568192e+03
1.858937393880658419e+04
2.636305707670535412e+04
2.362864448042541699e+04
1.282911121139214447e+04
5.416948711948178243e+03
6.503051319987968782e+03
3.898300849270729032e+03
3.190930499327067992e+03
3.609165496104289559e+03
1.872862108954095447e+03
2.554559839281769655e+03
2.182374259071199958e+03
1.417920272555978045e+03
2.060141836072491515e+03
1.285979189339001096e+03
1.377314968038556117e+03
1.547304411127975072e+03
8.591364778470633610e+02
1.329528628265055659e+03
1.057251020148878297e+03
8.277971566085768700e+02
1.173095060926626047e+03
6.929629693624642641e+02
8.976259186727365886e+02
9.179635644664532492e+02
5.511824326465628019e+02
8.889576253612509618e+02
6.347397767338156882e+02
6.052555300563203673e+02
7.888173076068462706e+02
4.376501191697377067e+02
6.648987857516735858e+02
6.092709138870839070e+02
4.060431264917940553e+02
6.509006331896474649e+02
4.165148083819153157e+02
4.768676785614846949e+02
5.646931749107656060e+02
3.084733298109022144e+02
5.181452800225713418e+02
4.218038513946760304e+02
3.292521209830845805e+02
4.970772528663782737e+02
2.894402822121958820e+02
3.934708646598990640e+02
4.149165127513188622e+02
2.420446116065817250e+02
4.194968077572158336e+02
2.998931963310147353e+02
2.801320383268970318e+02
3.847847884588796887e+02
2.084220398896846973e+02
3.320765024181465037e+02
3.072954255515720092e+02
1.959890431412830765e+02
3.366465731656680873e+02
2.116241106851603888e+02
2.462069030645341456e+02
2.982773005022746133e+02
1.506006705445058742e+02
2.780364322891268216e+02
2.264146381715557936e+02
1.727118409440994640e+02
2.719514481529306522e+02
1.475335858101863380e+02
2.162209009946308811e+02
2.306265209955038245e+02
1.203449165422147047e+02
2.321686831275190457e+02
1.609647246572847621e+02
1.542993230853962245e+02
2.177497998111903996e+02
1.032284035149420873e+02
1.885717611232035722e+02
1.741653884250505087e+02
1.032746408063990771e+02
1.906405248949009774e+02
1.088786628694751499e+02
1.434354446087325243e+02
1.745623008325905516e+02
7.917707845386263443e+01
1.642630152209591188e+02
1.252032517168598957e+02
9.354547074139622964e+01
1.590375342809145138e+02
7.625721478585880675e+01
1.282332405621179419e+02
1.310422914859950367e+02
6.532429915051444880e+01
1.416314772212168975e+02
8.411928094020940705e+01
9.464930659154683212e+01
1.352815635766910134e+02
5.337250790290472224e+01
1.154992663552108354e+02
9.962027151829013860e+01
6.153844819732193372e+01
1.204751681833895987e+02
5.783014592946353361e+01
8.866908948685937730e+01
1.027004227158197267e+02
4.036038217082264623e+01
1.068299525210117480e+02
7.140834866968748429e+01
6.366888141332230333e+01
1.037835656933071817e+02
4.174474550045441390e+01
8.986112496445620934e+01
8.417234613320211167e+01
3.825680921465802697e+01
9.309560005967379936e+01
5.088084111307630764e+01
6.706184966263181479e+01
8.415939205592876249e+01
3.216036073800825790e+01
8.468763121945924865e+01
5.954256389116834924e+01
4.845405466271131445e+01
8.513955226892329620e+01
2.938732868457305969e+01
7.249493918771644019e+01
7.259492259279078041e+01
2.925926815277559001e+01
8.044763878824387859e+01
4.330092295655409629e+01
5.630677155876476547e+01
7.985719603589726034e+01
2.808228371890581698e+01
7.169962918436435473e+01
5.531506972391004950e+01
3.796138962095429292e+01
7.861978387935612034e+01
3.249669348886940412e+01
6.420148063808898087e+01
7.056616684448779608e+01
2.280602140259490440e+01
7.547135265877911081e+01
4.968605424222038636e+01
4.894712001063093965e+01
7.452682157190508860e+01
2.653685493637784631e+01
6.858264977059469913e+01
5.888928436019165247e+01
3.984441085707191377e+01
8.094788300976725282e+01
3.684102536226622959e+01
6.110344555643433040e+01
7.273178918722939557e+01
2.724617169191786914e+01
8.298157909946804978e+01
5.823810316686343214e+01
4.663332819790917938e+01
8.277503161180601410e+01
3.284186292486869263e+01
7.217334942093513916e+01
7.052538657657439103e+01
3.902218028403230932e+01
8.952808394881796517e+01
5.017202139467531197e+01
6.451919551514224338e+01
8.614643239945017683e+01
3.512416393153810645e+01
9.068653558000947612e+01
7.188476054647625801e+01
5.292053444359666514e+01
9.590186353128012797e+01
4.443410481011984814e+01
8.668721432384235470e+01
9.094541311763693159e+01
4.294123789906393540e+01
1.030822515884013200e+02
6.636035496342515216e+01
8.355171761402567654e+01
1.110708753046516932e+02
4.518186910560165614e+01
1.157679522567808874e+02
1.010568822726165621e+02
6.610670823603670954e+01
1.271000564031210871e+02
6.941797472016801862e+01
1.085502462452681272e+02
1.257591652619590832e+02
6.387367378987438826e+01
1.416276263584864807e+02
1.034212999321715785e+02
9.865643895257278473e+01
1.542261868414359185e+02
7.715066885367359362e+01
1.395470617195593661e+02
1.377064015748178747e+02
8.937402328620510161e+01
1.740845492520455764e+02
1.124422177924374751e+02
1.403608437793775749e+02
1.796981989609057564e+02
9.604875630967423206e+01
1.880778183383997373e+02
1.577306456814982880e+02
1.301885661722311909e+02
2.145069671367278659e+02
1.235680612560982183e+02
1.902195359442860649e+02
2.112447987053456302e+02
1.257549938539268908e+02
2.394455533174914024e+02
1.769761375202202487e+02
1.815132844226794475e+02
2.611174612903799357e+02
1.487781140417701806e+02
2.542687129249577822e+02
2.467781286850842548e+02
1.765328958444267187e+02
3.041045767055322813e+02
2.041851057750432403e+02
2.566804522701764881e+02
3.195689491614697317e+02
1.886990243197286929e+02
3.359692579230065803e+02
2.873862742336688711e+02
2.460726459712350049e+02
3.859570910416333618e+02
2.394210448691295881e+02
3.493941312738242573e+02
3.896661638205471831e+02
2.471316958675755586e+02
4.394850132991597889e+02
3.440920363827751203e+02
3.466096788146864469e+02
4.885927947950845578e+02
3.025544411879467930e+02
4.791946813904404507e+02
4.759693473681724640e+02
3.454124291639734565e+02
5.811760483770246992e+02
4.190105308584676322e+02
4.981539093506220865e+02
6.276655815340637901e+02
3.993250887651328753e+02
6.702126719245727600e+02
5.992524382635187976e+02
5.136440471323198835e+02
7.947486367617051428e+02
5.347339891472937552e+02
7.450714323156363434e+02
8.440345227199663896e+02
5.652475094093334747e+02
9.804486895366294448e+02
8.019348401314002786e+02
8.090738170680355097e+02
1.159358788339301327e+03
7.564309167132438461e+02
1.193991926759143553e+03
1.242336320746439924e+03
9.401679342515811868e+02
1.602858084642879703e+03
1.232764298839253115e+03
1.501142556061756522e+03
1.984358070799420375e+03
1.320053596088551330e+03
2.355957387310894774e+03
2.326269098420601495e+03
2.188885777222058550e+03
3.709339834436125784e+03
2.867274976733106087e+03
4.570819708530171738e+03
6.372355004446700150e+03
5.742846818676021940e+03
1.490471149591669564e+04
2.444514935078078634e+04
2.493928413062674008e+04
1.596135970761871613e+04
6.344415597747328320e+03
6.625333028484888018e+03
5.058567930209547740e+03
3.015975339465697289e+03
3.991115081164750791e+03
2.486738530059850291e+03
2.459180817326137912e+03
2.696409310502128392e+03
1.556386048261486394e+03
2.188734841205658540e+03
1.772808439775315946e+03
1.350290986181596963e+03
1.850310717526033841e+03
1.159267964995637158e+03
1.391366781883959447e+03
1.446230595071067683e+03
9.109598340324479295e+02
1.363195680345055962e+03
1.035651740670402205e+03
9.464423180501817114e+02
1.213602335132507733e+03
7.480249977907960783e+02
1.023157262318681319e+03
9.657698129228369908e+02
6.817060449289593862e+02
1.016639002502126687e+03
7.133163832756182501e+02
7.634750332771502599e+02
8.973896271091174413e+02
5.559939126510847700e+02
8.305129938332312349e+02
7.126109877716950223e+02
5.702260133400990298e+02
8.104983713096198699e+02
5.357006338937283090e+02
6.584460194174877188e+02
7.024538749596474645e+02
4.577838956390661451e+02
7.024183020938406798e+02
5.513001340897210412e+02
5.133699631921109585e+02
6.686405870430837695e+02
4.231697883452018232e+02
5.877221590365355723e+02
5.671299429048078764e+02
4.063319237266936170e+02
6.090773649475426055e+02
4.362737790932680468e+02
4.743349008529116873e+02
5.638706845543594000e+02
3.548389253712339269e+02
5.318477334000056089e+02
4.636911066560427912e+02
3.768580668698228919e+02
5.361813542930589165e+02
3.585368152088342413e+02
4.453711235586254134e+02
4.789768308503277012e+02
3.169886060007244168e+02
4.869389927911011000e+02
3.841826666954831353e+02
3.600636225932753405e+02
4.732303270835101330e+02
3.033464268897405418e+02
4.210933913022554975e+02
4.082489719908501229e+02
2.962729434199887351e+02
4.457559184618243080e+02
3.218347385121106186e+02
3.501829243427258120e+02
4.176038140848822309e+02
2.666420850718600377e+02
3.991192169929479974e+02
3.485614696977008293e+02
2.863577608142818463e+02
4.069601651104937901e+02
2.732958866442269823e+02
3.422675464750988112e+02
3.681384405471318360e+02
2.460166967560365947e+02
3.777059647269726952e+02
2.982507696291247044e+02
2.829508942382634018e+02
3.706448168474292402e+02
2.382835968483736906e+02
3.335454312096912872e+02
3.228945327377205103e+02
2.365666290162300527e+02
3.556030449015375439e+02
2.565972628662868260e+02
2.819175410459553177e+02
3.354825289095942935e+02
2.153747595594564928e+02
3.235349551810067510e+02
2.821476375467786397e+02
2.341334903574138764e+02
3.317095418721295346e+02
2.228488754312388096e+02
2.809870216406046097e+02
3.012124693858028763e+02
2.029684648259493258e+02
3.119985193799287231e+02
2.458211632440007861e+02
2.355544389359800164e+02
3.073567804999510713e+02
1.981352268360690800e+02
2.787931357109894179e+02
2.687583965740136023e+02
1.986173221113754437e+02
2.979092820872097036e+02
2.145447441514673983e+02
2.384152491873060740e+02
2.822434923578468329e+02
1.821189747565905748e+02
2.743152177694792044e+02
2.379818818574909471e+02
1.996798786169044888e+02
2.819853414635831541e+02
1.892178684843153462e+02
2.404828195753511011e+02
2.565801992490187331e+02
1.741462196522332135e+02
2.673876207952890809e+02
2.098239801106399796e+02
2.034322707177466327e+02
2.639778192761227729e+02
1.703163566917334890e+02
2.411128100633266058e+02
2.311844257090816370e+02
1.725089755644729337e+02
2.579892956129671120e+02
1.851992103268436836e+02
2.077332837132157124e+02
2.444736291263591568e+02
1.584606466737058952e+02
2.393247348121053335e+02
2.065109814367863805e+02
1.751111305244807852e+02
2.460021918617487415e+02
1.648579537519774760e+02
2.113598521758604534e+02
2.239526250376758298e+02
1.532308407924300013e+02
2.350840161745867363e+02
1.834411746721330871e+02
1.799314898956629065e+02
2.320091433271084611e+02
1.497717063604844441e+02
2.133270919429593278e+02
2.031620821593112112e+02
1.531508738226625610e+02
2.281931733133122293e+02
1.631438998625391150e+02
1.849993503299606914e+02
2.160588858385170283e+02
1.408497528467197810e+02
2.133544441640267735e+02
1.827588352938022069e+02
1.567721825855002180e+02
2.188850563730364911e+02
1.461768033478719815e+02
1.893363249159618249e+02
1.991748439624352613e+02
1.372014524819787198e+02
2.103562027594385029e+02
1.632176567526714450e+02
1.619814509859505449e+02
2.073787426552394493e+02
1.340329727457990714e+02
1.920391169454643432e+02
1.814240634774996863e+02
1.381946335419686989e+02
2.050706944677015144e+02
1.458121351046310110e+02
1.674223006520691115e+02
1.940518960277371718e+02
1.267918845755957875e+02
1.925465102687879266e+02
1.637704772826930366e+02
1.422603143116435263e+02
1.974761740237577499e+02
1.315849795115929339e+02
1.719689236358091193e+02
1.793948572415469016e+02
1.245575322757459986e+02
1.907044882548875648e+02
1.469366034480065650e+02
1.476926270966406491e+02
1.876854902096584397e+02
1.213266344089851003e+02
1.749404022625871846e+02
1.639534185560384572e+02
1.263029263463936473e+02
1.865088063394093183e+02
1.318932277167825760e+02
1.532210497422733795e+02
1.761100256175533332e+02
1.156170851110867375e+02
1.759402872700024432e+02
1.484404075256710200e+02
1.306076948398318223e+02
1.800272610153208177e+02
1.195918390920471523e+02
1.578830425861000606e+02
1.632259337472322898e+02
1.142906171144309440e+02
1.747035236231451734e+02
1.336154060926294278e+02
1.360753128985837748e+02
1.715058299100413990e+02
1.109228230783779310e+02
1.609917548583190126e+02
1.495379505045356154e+02
1.165110705941942513e+02
1.711983439005819037e+02
1.203614139748565890e+02
1.415592419931698203e+02
1.612620363934444470e+02
1.063646120653587701e+02
1.622005062057988880e+02
1.356814026300965850e+02
1.209805181366059088e+02
1.655518973991841278e+02
1.096118759877170419e+02
1.461527381332951450e+02
1.497208138247029865e+02
1.057745279249771642e+02
1.613286424933229739e+02
1.224392526483135555e+02
1.264125824355064509e+02
1.579547815698365980e+02
1.022152104027314294e+02
1.492826483907676618e+02
1.373812793598212920e+02
1.083291680985046952e+02
1.583110755549311648e+02
1.106279876186087279e+02
1.317641117212630206e+02
1.487110847751533811e+02
9.858378177791061603e+01
1.506076695829528944e+02
1.248707481222179183e+02
1.128659418860223553e+02
1.532634651788743838e+02
1.011625915320279745e+02
1.362435768116457666e+02
1.382183345413866959e+02
9.855731270414133860e+01
1.499580234488805957e+02
1.129116777925906234e+02
1.182095459831420214e+02
1.463693514120041073e+02
9.479934352531900288e+01
1.393174676434879586e+02
1.269765625061095307e+02
1.013711160826935327e+02
1.472844565250044582e+02
1.023005677216422242e+02
1.234043358991600314e+02
1.379187228212827847e+02
9.193330071701822703e+01
1.406742064977228210e+02
1.155668886114237495e+02
1.059283642492981983e+02
1.426885119402227815e+02
9.389524386385348009e+01
1.277248324094932741e+02
1.282866604461506768e+02
9.237825158160120509e+01
1.401509034690710394e+02
1.046691799147114068e+02
1.111528336325633006e+02
1.363498627191843298e+02
8.840405160167455278e+01
1.306945150509579889e+02
1.179527665372645941e+02
9.537629894895829352e+01
1.377101981382255929e+02
9.507813781512641071e+01
1.161637121599928122e+02
1.285248266611075962e+02
8.619187463948448169e+01
1.320291292036800144e+02
1.074475701729442676e+02
9.992084877072707627e+01
1.334604046526711159e+02
8.757076567981482640e+01
1.203126144919910985e+02
1.196058953009927990e+02
8.701384843121736878e+01
1.315735991146251251e+02
9.746470233410282447e+01
1.050047964587333951e+02
1.275551447168396635e+02
8.283904412037571774e+01
1.231535994316499796e+02
1.100144701555910984e+02
9.015764533578334294e+01
1.293110300984951948e+02
8.873089456951619525e+01
1.098245770691432739e+02
1.202641817478922093e+02
8.117063540406125810e+01
1.244278781998716141e+02
1.003012185306333635e+02
9.465718340552292887e+01
1.253212405317227223e+02
8.201900053851855432e+01
1.137871573634868696e+02
1.119317794501240968e+02
8.231579033730646699e+01
1.240023306191145167e+02
9.110166730441444827e+01
9.959227615772373099e+01
1.197685383879993992e+02
7.793548833629078842e+01
1.164816456088393721e+02
1.029800366147071742e+02
8.555808710075007184e+01
1.218552514828287201e+02
8.311697033472941598e+01
1.042141728130194593e+02
1.129178196040608384e+02
7.674604042147142025e+01
1.176753563819404746e+02
9.394189805937411109e+01
8.999956896008743001e+01
1.180740671997043307e+02
7.709701240712092840e+01
1.079839401721033170e+02
1.050870277480812547e+02
7.815902725135045159e+01
1.172469573259543552e+02
8.542340918438974029e+01
9.477910410488540549e+01
1.128197061260790690e+02
7.360011867134382157e+01
1.105302306801937675e+02
9.669542873432915542e+01
8.147830158308035209e+01
1.151856384933547446e+02
7.811624347041436067e+01
9.920686896280344058e+01
1.063339310781141336e+02
7.282146383148457858e+01
1.116293866004398723e+02
8.824636015852073001e+01
8.584682099434600389e+01
1.115699206301677151e+02
7.270980547074816513e+01
1.027847886775924451e+02
9.893851103388364265e+01
7.445832979103903426e+01
1.111778288927249605e+02
8.033532130333423993e+01
9.046739118647505506e+01
1.065607049813212654e+02
6.972704110532474431e+01
1.051753023610285283e+02
9.103707828271076608e+01
7.782670909775141865e+01
1.091682028548850809e+02
7.362539056656819980e+01
9.470134663028092348e+01
1.003907386083953952e+02
6.931214947433872453e+01
1.061705223105457350e+02
8.311008765789198094e+01
8.211551548039857096e+01
1.056875868630101252e+02
6.877258724382083699e+01
9.809032565458056752e+01
9.337622204718836372e+01
7.113988015743865390e+01
1.056835913385790349e+02
7.574417061383759631e+01
8.657496666761817039e+01
1.008861651432329012e+02
6.625183628525657298e+01
1.003197841218089366e+02
8.590379047450878147e+01
7.454240939064385429e+01
1.037107455263852103e+02
6.957373498077717500e+01
9.061996336838143407e+01
9.499344599226667185e+01
6.615837111795296721e+01
1.012093675172492482e+02
7.845079874059304359e+01
7.874062230112846805e+01
1.003341849985638703e+02
6.522061245818333930e+01
9.382210727747826695e+01
8.831413275849924105e+01
6.814760201878395662e+01
1.006752395194997689e+02
7.157760987724863355e+01
8.304064306651724792e+01
9.570629884044225832e+01
6.311673242477041867e+01
9.589785429249499771e+01
8.122341101613612580e+01
7.156694660961051113e+01
9.872887705334591146e+01
6.589363522191119671e+01
8.690014066580755525e+01
9.006472936026494835e+01
6.330578299598015235e+01
9.667605880813258068e+01
7.420291932267477364e+01
7.566868789502896675e+01
9.543705510915950185e+01
6.200037716454417591e+01
8.992070358941752772e+01
8.368439597058144841e+01
6.543217661205649449e+01
9.609158838540633951e+01
6.777921739878267715e+01
7.980834251753549324e+01
9.096608062569542597e+01
6.027339239564688711e+01
9.183763491138984136e+01
7.694736947338081734e+01
6.885171819550433270e+01
9.414639234668860013e+01
6.254909716523730623e+01
8.348638060488561052e+01
8.553254703806648251e+01
6.072084054324837865e+01
9.250802268537520945e+01
7.030925490193372696e+01
7.285810360002651009e+01
9.093130859686611700e+01
5.907175784376681094e+01
8.632994989231873717e+01
7.942621435704397470e+01
6.296222419516545443e+01
9.186440846392987680e+01
6.429888800093796419e+01
7.684617882287524537e+01
8.659520609062016661e+01
5.768727433070848321e+01
8.810336942291992557e+01
7.301263477965737536e+01
6.636699404259238122e+01
8.992084796001073244e+01
5.948467690416502762e+01
8.034273929429848238e+01
8.135572264100625262e+01
5.836086831190264235e+01
8.865994410796680825e+01
6.673043283622168076e+01
7.027308605564276434e+01
8.676858133587604982e+01
5.639727276664353894e+01
8.301405500156977268e+01
7.549650653634478203e+01
6.070031071170627257e+01
8.795629283000624810e+01
6.110160728293109145e+01
7.410790588556318426e+01
8.255155452712997999e+01
5.532342824896036859e+01
8.463882561883626465e+01
6.937501791636985615e+01
6.408419058901363030e+01
8.600934993018347541e+01
5.667764670305842145e+01
7.743256376425262033e+01
7.748790197810330938e+01
5.620290259346226236e+01
8.508996959866952636e+01
6.342613716051572226e+01
6.788617983292395763e+01
8.290627776519919223e+01
5.394486238493545471e+01
7.993728967829615328e+01
7.185581549953401748e+01
5.861902494825603327e+01
8.432459116381703268e+01
5.815414564717092105e+01
7.156961421340569984e+01
7.879740687249116604e+01
5.315892081454196472e+01
8.141909879220774826e+01
6.600787348449283343e+01
6.197411057628449527e+01
8.236719196095307893e+01
5.409249660129474080e+01
7.472626292647619550e+01
7.389263348811650189e+01
5.421988174388435056e+01
8.176455791865043921e+01
6.036706846186019959e+01
6.567133412937968728e+01
7.930893230067499644e+01
5.169214187272784500e+01
7.707015933214903214e+01
6.847107682746828061e+01
5.669900844782555538e+01
8.093784588801574387e+01
5.542987018864290860e+01
6.920571779059501694e+01
7.529772232437404966e+01
5.117075872384219792e+01
7.841247244135223582e+01
6.287667362606112675e+01
6.001913916423644935e+01
7.896739210895154315e+01
5.170606438492403356e+01
7.220096585348106544e+01
7.054143863491087529e+01
5.239105840123699664e+01
7.865552487882814603e+01
5.752804645557012009e+01
6.360774043123117139e+01
7.594624287820809627e+01
4.961775537457111795e+01
7.438819052609049720e+01
6.531428232893601660e+01
5.492152490522143893e+01
7.776762762296371534e+01
5.290515534620389104e+01
6.699623834964589264e+01
7.202236146272176143e+01
4.933889150912790456e+01
7.559674429919367356e+01
5.995438184100644463e+01
5.820048034148138782e+01
7.578586582000804128e+01
4.949680194547593715e+01
6.983459355427551429e+01
6.740865544940393761e+01
5.069959321343097969e+01
7.573812805032568463e+01
5.488318563827488106e+01
6.168082045113507661e+01
7.279462508445324431e+01
4.769638852644978044e+01
7.187517973803379334e+01
6.236513776538984644e+01
5.326122606653378710e+01
7.479531801959089421e+01
5.056260757571475750e+01
6.491692632670844887e+01
6.895767722381475551e+01
4.764754253956975560e+01
7.294326597169798276e+01
5.723196749528602822e+01
5.649846234982108939e+01
7.278709414252026022e+01
4.745424632889878325e+01
6.760809210670414870e+01
6.446596065279449306e+01
4.913324010297647959e+01
7.299261273605142719e+01
5.241787427362964280e+01
5.986884657225184014e+01
6.983036969802280680e+01
4.592836416277521039e+01
6.949856757418140774e+01
5.959551620682074713e+01
5.172857634293539064e+01
