1.099516528514981957e+02
8.310985307418511070e+01
1.566448789798256485e+02
6.339476140451290576e+01
1.294738447430256372e+02
1.376869012968754475e+02
5.583119094208677780e+01
1.567111489554366131e+02
9.589816324035790274e+01
1.024240984389501392e+02
1.561854255446433228e+02
5.341959660524447884e+01
1.445224053162814926e+02
1.277748613427288831e+02
7.162575150231928944e+01
1.629888545648563252e+02
8.086927519743015580e+01
1.214246960872079342e+02
1.522619222177912661e+02
5.239362941626765746e+01
1.571726748644412339e+02
1.151603203429032476e+02
9.097106464904406664e+01
1.659250200942392439e+02
6.689677200720804251e+01
1.392161950372182275e+02
1.449789949849548805e+02
6.220048175427187687e+01
1.669494961719219077e+02
1.005437614475536634e+02
1.114233660919194477e+02
1.653271911984662097e+02
5.772980803002700156e+01
1.550530964734828387e+02
1.345113065084719040e+02
7.938591956384820492e+01
1.735086402799487928e+02
8.518427685053489995e+01
1.315277332572935620e+02
1.611182804798923769e+02
5.828990139160101336e+01
1.683730102226559495e+02
1.213154641582472237e+02
1.000855071130577301e+02
1.765584687034349258e+02
7.140302212013757810e+01
1.503793339314418631e+02
1.534183920851770324e+02
6.979206396183113270e+01
1.787065299983393345e+02
1.061921705554472197e+02
1.218694419711287793e+02
1.759134710629294318e+02
6.335804203281919200e+01
1.672335171155766034e+02
1.424844291164081369e+02
8.854417551779090445e+01
1.856729749330220614e+02
9.064035569446214424e+01
1.433095792205929229e+02
1.715096967394359808e+02
6.578755950977149780e+01
1.814634622169333511e+02
1.288120692490988688e+02
1.108331851211758448e+02
1.889862999212617183e+02
7.731851792814399005e+01
1.635210258840751010e+02
1.635628647251348866e+02
7.914131374141422270e+01
1.925506917791386741e+02
1.133372605598118810e+02
1.341786268763328849e+02
1.884244801605963744e+02
7.071206696738819630e+01
1.815864330738342858e+02
1.522192962332788397e+02
9.963793012294341622e+01
2.000903140120230717e+02
9.779631348457878914e+01
1.573382861730327136e+02
1.840353197405847823e+02
7.519572076275412087e+01
1.969236991840799362e+02
1.381536290321632805e+02
1.238710301095787827e+02
2.039549065035818103e+02
8.539721440414568576e+01
1.792380607394931076e+02
1.759729343559278334e+02
9.063205392043313680e+01
2.090789432329898148e+02
1.225929419691962750e+02
1.490652137203119594e+02
2.035385057353941818e+02
8.068441416172949232e+01
1.990932901587027288e+02
1.645311266264040455e+02
1.136822360329798158e+02
2.178860117155638534e+02
1.077399968600836360e+02
1.746658488021906521e+02
1.997907930544364206e+02
8.788483885554036590e+01
2.161290252981854962e+02
1.506652289353931451e+02
1.399614670823256972e+02
2.223246073180384883e+02
9.673071514276693961e+01
1.987931680480008936e+02
1.918641984785286070e+02
1.060387645852402443e+02
2.299949893110197934e+02
1.355216771129632036e+02
1.683304683411305973e+02
2.233609394095570053e+02
9.481517727796574491e+01
2.207034007855211826e+02
1.807361240491280228e+02
1.316761599302879233e+02
2.399898652283928868e+02
1.213418742072941541e+02
1.965996449574469409e+02
2.201150798613954862e+02
1.052086833766487501e+02
2.403923458585748847e+02
1.673650100578149988e+02
1.617390602353543159e+02
2.468408723270573546e+02
1.131154250917547017e+02
2.235853632747479764e+02
2.128673740213624512e+02
1.267604754354213554e+02
2.568862764980669908e+02
1.534223315557779586e+02
1.937093559773446998e+02
2.493570921566627021e+02
1.153700584994742968e+02
2.501551321020690750e+02
2.034783196316047906e+02
1.564911526725803412e+02
2.706005686287952017e+02
1.430082034918710008e+02
2.264629227027037643e+02
2.482821106394399635e+02
1.303655552043152568e+02
2.738228800288344473e+02
1.922952693740928680e+02
1.920173410846025774e+02
2.806892369893273553e+02
1.389753017507836148e+02
2.598184468083671845e+02
2.447781191158554464e+02
1.576353375805996961e+02
2.957230302023128274e+02
1.827374293632220201e+02
2.304394127605594633e+02
2.877404398912881902e+02
1.484680308825240331e+02
2.927841638021583890e+02
2.391920593368604386e+02
1.954962913469869079e+02
3.163094550349204042e+02
1.789898175328150955e+02
2.723309589623700049e+02
2.929598454871880335e+02
1.727460405059096615e+02
3.261254034589310891e+02
2.354958858716225336e+02
2.412164725651709887e+02
3.354089251277018775e+02
1.869511521255780622e+02
3.185264893520491114e+02
2.994267967057889450e+02
2.142600915296559663e+02
3.617429649975545658e+02
2.388832892627436877e+02
2.962749745057211044e+02
3.568890974515340417e+02
2.135752051057028780e+02
3.693798803858504698e+02
3.096532688723692104e+02
2.713098570531066684e+02
4.019493224973608676e+02
2.565558233814645064e+02
3.621291759808994470e+02
3.847824942460207467e+02
2.658503564356463471e+02
4.317743300330134275e+02
3.336201939007092392e+02
3.484054224015944214e+02
4.539476107831733884e+02
3.012522310479509429e+02
4.475636114661597276e+02
4.304849627065249251e+02
3.492309108829005595e+02
5.153908060161188587e+02
3.897329868067795928e+02
4.580123165032076713e+02
5.338874029333020417e+02
3.963888479748748068e+02
5.732409547741010556e+02
5.203943269250955836e+02
4.949401767658824269e+02
6.563752099887740314e+02
5.185350967365866381e+02
6.469676608649372156e+02
7.055442854872541147e+02
6.046065910379154502e+02
8.104347808299992266e+02
7.514473018483236046e+02
8.021753203561751207e+02
9.837540265393532763e+02
8.846577112617280818e+02
1.095405786096850989e+03
1.203153843030975622e+03
1.211996778517899202e+03
1.545807291198902021e+03
1.639121162435154474e+03
1.864208059148695838e+03
2.297008076451227225e+03
2.451844867057472129e+03
2.683570105206615153e+03
2.763681764033875879e+03
2.348043923607232955e+03
2.050026852047466036e+03
1.831348588672261258e+03
1.390622638086744928e+03
1.297508034860200723e+03
1.135348929722100138e+03
8.697503781311730791e+02
9.459696110959172302e+02
7.326008109982639098e+02
6.497734235608047584e+02
7.200790667261929912e+02
4.763858223418544640e+02
5.685539656273858782e+02
5.195382902681121777e+02
3.560352320969140010e+02
5.109202479048759074e+02
3.366354755179478957e+02
3.531609064518851824e+02
4.213574580877910876e+02
2.092928467137708708e+02
3.745708404865244461e+02
2.988992326391393135e+02
2.045627275843710322e+02
3.524153368860872888e+02
1.646318983272905427e+02
2.651795851173009169e+02
2.821390462508614405e+02
1.060193281196957997e+02
2.970969952373603178e+02
1.779746853203780290e+02
1.693506565813127338e+02
2.674685482470487727e+02
6.450990092198389902e+01
2.328992549264738727e+02
1.934502691370877017e+02
9.461453796249651305e+01
2.469657512127699022e+02
8.981532847789186746e+01
1.777057265994274360e+02
2.089515227122075203e+02
2.547819192029451330e+01
2.192458089138175410e+02
1.299670962798397511e+02
1.218474719466509981e+02
2.123471582641728901e+02
3.460863621823644820e+01
1.825881318554269228e+02
1.575042330461579922e+02
7.654602298151557704e+01
2.041509375963797481e+02
7.902366249016935740e+01
1.508499460295042240e+02
1.784257915151615919e+02
4.111171781089809230e+01
1.881568564892658912e+02
1.172935567321090247e+02
1.152814104735928566e+02
1.846545759360175225e+02
5.345353638633494597e+01
1.696840029781301951e+02
1.436946379654990267e+02
8.545849820758253657e+01
1.865290394348554344e+02
8.301154689859627922e+01
1.447304243093117293e+02
1.618985332197388516e+02
6.969520180724889258e+01
1.814464569959800997e+02
1.126068566621980267e+02
1.241606176676616116e+02
1.784328665083959891e+02
7.385492575223682366e+01
1.713562925853634624e+02
1.406165624461266077e+02
9.865823497543711085e+01
1.827701365301428496e+02
9.051225654862237491e+01
1.529102870253885271e+02
1.609412807907730212e+02
8.622976042904227256e+01
1.831329793265238095e+02
1.139222971452687005e+02
1.323168290542574255e+02
1.765828581965093349e+02
8.350623982994784456e+01
1.757677317046271241e+02
1.390685803791192541e+02
1.146746071569007910e+02
1.876033203690176663e+02
9.385033503285113454e+01
1.650892026999871689e+02
1.651704482923797173e+02
9.781381601748178412e+01
1.918834662586828017e+02
1.164022656629877588e+02
1.458997318826295952e+02
1.833842271683128331e+02
8.673717643486487816e+01
1.881267264755468887e+02
1.442275473122876406e+02
1.240626045873574839e+02
1.972848117294460621e+02
9.673615341914666033e+01
1.807123825021388086e+02
1.743662714254554089e+02
1.032191728627621643e+02
2.066250981479815607e+02
1.213524355959489611e+02
1.605957149386225637e+02
1.980870361804906281e+02
9.029753782598301370e+01
2.080794816346053722e+02
1.559679798362462861e+02
1.328338833374379249e+02
2.162408589716333154e+02
9.766795305167298125e+01
1.964102055799662025e+02
1.894457907415822433e+02
1.061293577502907794e+02
2.303202896527200210e+02
1.290832217617265201e+02
1.720033878593778240e+02
2.210635102826992124e+02
8.599277321061903478e+01
2.301570954623922773e+02
1.735143808448665936e+02
1.373547177925991605e+02
2.452150343604762952e+02
1.000449039589623652e+02
2.129970052083494636e+02
2.158506305646646979e+02
9.929510501442449311e+01
2.600396582302171282e+02
1.469072405213869388e+02
1.811312729254265435e+02
2.577686221093397307e+02
8.101367965042106789e+01
2.530704841348404841e+02
2.030199098752586622e+02
1.334031046197166006e+02
2.841200894658277889e+02
1.161648880856706256e+02
2.268492366013006460e+02
2.580603066815828583e+02
8.249925120303475978e+01
2.910210178765131559e+02
1.818327620537181701e+02
1.787045328664449926e+02
2.989692964143747531e+02
8.121138215857828868e+01
2.759588375633498458e+02
2.507228441974670545e+02
1.160479449008556685e+02
3.239796854780522608e+02
1.500697528437698054e+02
2.333740193030549790e+02
3.098514850773681815e+02
6.171358477395086339e+01
3.207219183714149153e+02
2.322994002337786696e+02
1.683889563769988058e+02
3.507407152304343754e+02
1.101077248461079421e+02
2.896503997185640173e+02
3.100567212331721976e+02
8.644386456438674315e+01
3.637604314141173631e+02
2.044745975041338966e+02
2.291858683147238764e+02
3.693893493385641591e+02
6.738783104540617330e+01
3.464518498081522466e+02
2.991461708668955453e+02
1.423549190346032276e+02
4.023878722236967178e+02
1.659394762929890135e+02
2.947965604149950423e+02
3.789493914930600340e+02
5.097499554407717426e+01
4.011346767293933340e+02
2.767074525986525941e+02
2.109383913305228759e+02
4.327045101997232450e+02
1.153820368703063366e+02
3.635718986876681242e+02
3.771056430967365714e+02
1.018672427860891929e+02
4.529980893765712722e+02
2.410744955641310128e+02
2.888017289076191787e+02
4.552366956201981338e+02
5.812801397840980400e+01
4.332502720679642607e+02
3.624266719387587727e+02
1.803675010601776876e+02
5.002810494496719116e+02
1.913144601763295611e+02
3.732069999169680159e+02
4.672928742659544810e+02
5.048000543586797306e+01
5.044007614921521849e+02
3.356827488475092878e+02
2.703950765793214259e+02
5.402945352880911969e+02
1.271233958311069046e+02
4.622018793522266265e+02
4.668210731916536815e+02
1.321241271277576459e+02
5.729172577085429339e+02
2.919075059494941229e+02
3.727214283855093413e+02
5.726871129249768728e+02
4.966804001944802849e+01
5.556302318564628422e+02
4.529501687793781457e+02
2.364754449534266598e+02
6.379002837430952013e+02
2.309459709381044661e+02
4.844901281405751092e+02
5.934315344935548637e+02
6.261463653899245685e+01
6.522624039892515384e+02
4.223525940070702518e+02
3.577735276007947505e+02
6.970059538859959503e+02
1.488898498476119130e+02
6.075236017347704092e+02
6.016087498158974540e+02
1.794518571793215358e+02
7.495578905229683642e+02
3.698769903721984065e+02
4.985806327978551735e+02
7.496027310399350654e+02
4.391396920171995077e+01
7.407850460056447446e+02
5.911141525958730654e+02
3.264475217921699937e+02
8.514307322213837779e+02
2.949552436608302628e+02
6.593959761383147224e+02
7.921177641341004119e+02
9.448433491609075929e+01
8.882084434791830745e+02
5.610549166931565424e+02
5.025024474539489461e+02
9.530820478645644016e+02
1.871248782955675551e+02
8.480384290774435385e+02
8.231522546135064431e+02
2.681236577377005688e+02
1.053105943325205999e+03
5.042787100489921386e+02
7.187898468775522360e+02
1.058427886819766627e+03
3.998970802874530506e+01
1.071160911431984005e+03
8.382610490422347311e+02
4.924763506927371850e+02
1.240874392600468127e+03
4.102495231757821443e+02
9.908828353258022617e+02
1.168033933558521085e+03
1.657531931034359900e+02
1.346813601472838627e+03
8.323033910704781420e+02
7.918114200677158578e+02
1.465704436368177767e+03
2.627189942923836838e+02
1.349528595463158126e+03
1.288561292082656337e+03
4.593620682133793025e+02
1.706776432772480803e+03
7.951145909262453415e+02
1.214928719470566648e+03
1.759509262035874144e+03
4.528652619479219510e+01
1.851350458692235179e+03
1.429697121342816445e+03
9.061501059910744971e+02
2.220155489640702399e+03
7.071546601838593915e+02
1.862459181643996317e+03
2.177735028037563097e+03
3.720611849854277011e+02
2.653779625732001932e+03
1.622438701194153055e+03
1.680348280001402372e+03
3.081179334836764610e+03
5.158786092900222684e+02
3.043195384251189353e+03
2.923605791126648455e+03
1.177821625784682510e+03
4.247369304550606103e+03
1.984145061401945213e+03
3.375077660166179612e+03
5.004273443764200238e+03
1.878559630009000045e+02
6.083219523871513957e+03
4.934185504508838676e+03
3.645522395383644380e+03
9.516919823387312135e+03
3.247948749240807501e+03
1.090726934166759565e+04
1.532792934022588997e+04
4.091613351784545102e+03
4.086999669731689210e+04
7.036700644780926814e+04
7.000742556970287114e+04
4.005342371599678881e+04
3.465407003470222662e+03
1.556242169668407223e+04
1.067918040613897574e+04
3.579705883049995464e+03
9.600328406527432890e+03
3.481392532760480208e+03
5.123739046170668189e+03
6.082503624492059316e+03
2.852970930526998927e+02
5.123099571671049489e+03
3.329882509851723171e+03
2.129643736462242487e+03
4.312227981898637154e+03
1.107379843536466751e+03
3.046561061584756317e+03
3.066845511596550296e+03
6.214299716303939931e+02
3.168002208097993389e+03
1.657827909123690006e+03
1.731879932110501159e+03
2.715459108907719383e+03
3.426153057979786354e+02
2.274293915724510043e+03
1.886391873970197594e+03
7.889074819355441832e+02
2.296973732537119304e+03
8.956311447382757933e+02
1.519586953881228283e+03
1.904599297479912821e+03
1.309909359807840303e+02
1.840562006272263488e+03
1.232109751272709445e+03
8.692354962162578431e+02
1.774434838799694717e+03
4.502411833090267805e+02
1.369674970895155411e+03
1.390981404033794206e+03
3.247212889352431375e+02
1.545593046734237987e+03
8.063884047324031599e+02
9.046402943983113119e+02
1.409743532987626395e+03
1.656366084392297751e+02
1.246881802311251931e+03
1.027839039505657183e+03
4.681099526399364095e+02
1.315076603302106378e+03
5.014614070837728832e+02
9.106276826906772612e+02
1.127950943733005943e+03
1.016126457865196357e+02
1.135477712538513288e+03
7.491057286054218594e+02
5.635955369827257755e+02
1.122287865382368182e+03
2.720899594669032808e+02
8.968797023258066474e+02
8.980225243663145420e+02
2.331767979685272110e+02
1.029080743560852852e+03
5.253797644344225546e+02
6.245382438200766728e+02
9.534712737478797635e+02
1.035695741138096935e+02
8.675610545530174704e+02
7.029860789188427361e+02
3.431672766802651040e+02
9.250018585129836310e+02
3.413073206111603781e+02
6.591399860939488917e+02
8.010342475111676777e+02
8.800817921778336483e+01
8.259966509706754323e+02
5.336884027860273818e+02
4.252602830167772936e+02
8.227047486544917092e+02
1.899015825844345216e+02
6.720346133086540021e+02
6.605658695589421541e+02
1.885174411351397339e+02
7.742897357495812685e+02
3.849460054308601684e+02
4.831201369194853896e+02
7.203342232651682480e+02
7.309105964501658548e+01
6.691716487480883870e+02
5.313197511062518288e+02
2.764142495964242130e+02
7.147902773877196978e+02
2.542398168552708171e+02
5.209555756764752914e+02
6.197285800332944063e+02
8.060123544352799740e+01
6.517174300668389151e+02
4.113653277543983222e+02
3.457516484826107899e+02
6.489888730241436861e+02
1.409726546427125697e+02
5.415548615605985106e+02
5.210817992669625482e+02
1.619684377862088240e+02
6.223816907050163536e+02
3.006356629845734005e+02
3.975678395966061771e+02
5.783647819017148777e+02
5.569420077948890224e+01
5.471792803078706129e+02
4.250267572414758774e+02
2.348908726965595690e+02
5.832393849429889769e+02
1.994760930367720277e+02
4.335682020211773988e+02
5.044853617629276528e+02
7.580717530629374323e+01
5.397135050167225927e+02
3.323615996995705473e+02
2.942653397050861486e+02
5.360919743061773488e+02
1.096185916554855879e+02
4.553009187963825184e+02
4.287107448734728337e+02
1.442656536366799287e+02
5.210660207527135981e+02
2.441728699172006429e+02
3.400996075205374041e+02
4.826458473129204094e+02
4.537797272219115285e+01
4.641233349239790300e+02
3.524062068200044564e+02
2.064396193617915003e+02
4.927873211688082051e+02
1.616747102437623766e+02
3.731223296532547238e+02
4.244414707788261012e+02
7.243354898903970707e+01
4.614535377678446366e+02
2.769403899414372177e+02
2.580732153641104674e+02
4.564711439136177091e+02
8.760709816658095406e+01
3.940801481306357346e+02
3.629353723498190334e+02
1.315836529908171428e+02
4.485448374247158085e+02
2.036145159955425754e+02
2.987486070281141224e+02
4.135568520737504628e+02
3.922905151785824529e+01
4.039229897025902005e+02
2.996148745392159185e+02
1.856412128674713813e+02
4.266728285374155121e+02
1.340522670565738395e+02
3.285681789276597442e+02
3.652063841695135693e+02
7.015148745465400282e+01
4.039431053280032415e+02
2.361037749838899060e+02
2.311350582897955519e+02
3.972814729160583056e+02
7.152732595772673108e+01
3.483014484147900021e+02
3.137281405512456445e+02
1.219709793247712497e+02
3.939710992276486081e+02
1.731000111619620156e+02
2.674945967161390854e+02
3.612979224233949935e+02
3.571141889880255604e+01
3.581822254493582705e+02
2.594920332858098959e+02
1.697191549915129087e+02
3.761880727316145112e+02
1.129913345958125603e+02
2.945828925727433329e+02
3.202395486201238555e+02
6.795067975425203599e+01
3.589218583545257957e+02
2.041971353628424595e+02
2.102435234902168020e+02
3.512081253247180825e+02
5.908825386454996220e+01
3.126735921703183863e+02
2.753093388739947613e+02
1.144586489564000118e+02
3.513203531090793490e+02
1.492181769757471841e+02
2.429255983368000216e+02
3.202121877756798654e+02
3.388810849191976615e+01
3.221056453097651229e+02
2.277879031978688715e+02
1.571179984654549173e+02
3.362021912867248830e+02
9.630993491595155831e+01
2.675223621585117826e+02
2.842646976449873364e+02
6.638305024087746631e+01
3.233546995783431157e+02
1.789110767672937641e+02
1.935674313880822126e+02
3.144712490502125206e+02
4.947107610889209894e+01
2.841023167720511537e+02
2.445154404332010074e+02
1.083642937633248664e+02
3.170016886461519903e+02
1.300084634790069629e+02
2.231091591178474687e+02
2.870614328878485821e+02
3.310738546320689579e+01
2.929167467847067883e+02
2.021290454919672470e+02
1.468655797864787473e+02
3.037585000905582433e+02
8.284608483370323029e+01
2.454691803831398147e+02
2.549683734946686116e+02
6.507148191620883892e+01
2.943043388604555730e+02
1.582706743820027100e+02
1.798813973905069474e+02
2.843745918462517466e+02
4.188537517437860203e+01
2.606410596075076000e+02
2.192303539457505508e+02
1.033069802515265252e+02
2.887501387417864294e+02
1.142202121622109559e+02
2.067332662013600668e+02
2.596959046628590499e+02
3.296732485621648578e+01
2.687574302654054463e+02
1.809029779161659519e+02
1.383287681051989182e+02
2.768369143020584033e+02
7.173245087344972148e+01
2.271291121262588035e+02
2.306155776196792431e+02
6.395683953862530302e+01
2.700904138349192749e+02
1.410806315283142851e+02
1.684300021112995296e+02
2.592379803942724266e+02
3.588829099432126668e+01
2.409937569125515324e+02
1.980729640345057589e+02
9.902556511918552928e+01
2.650462486124706061e+02
1.010045902296417921e+02
1.929445111479303989e+02
2.366929492578821339e+02
3.320509896357604163e+01
2.483893210064520076e+02
1.630268921563738331e+02
1.310934285282617111e+02
2.541070410840925717e+02
6.242339694397541905e+01
2.116009320655554120e+02
2.100208535014325264e+02
6.298836056269964701e+01
2.495640380857254002e+02
1.265326706439231543e+02
1.586758836378561170e+02
2.378906707958771563e+02
3.118633426617870086e+01
2.242605137729558180e+02
1.800742673210392866e+02
9.534707143010946595e+01
2.448330725146726650e+02
8.975600797044232593e+01
1.811668616441714903e+02
2.170610456991926185e+02
3.364667368284393234e+01
2.309739336970934573e+02
1.477595432175745884e+02
1.248638318564122613e+02
2.346404342277699584e+02
5.453618774548429116e+01
1.982585043639787727e+02
1.923582915103350501e+02
6.213187813111117919e+01
2.319157706246614339e+02
1.140484402431194439e+02
1.502568881271986356e+02
2.195211051982754213e+02
2.755851242086304609e+01
2.098251389867547800e+02
1.645775614927478330e+02
9.212840502092331008e+01
2.273806672588625872e+02
8.009455685529353275e+01
1.709438747900338740e+02
2.000860265966931593e+02
3.419294387460568174e+01
2.158665344964082067e+02
1.345487611258981246e+02
1.194260006086462624e+02
2.177468163139301396e+02
4.778785447588624180e+01
1.866482465230431558e+02
1.770231498849303478e+02
6.136095496259738269e+01
2.165536955167887356e+02
1.032143956081361722e+02
1.428902934498163972e+02
2.035174665234818292e+02
2.486627808144331198e+01
1.972088508563556672e+02
1.510641448958649278e+02
8.928864964823056027e+01
2.121253869495931497e+02
7.168723099801934495e+01
1.619871394099749864e+02
1.852409182262805132e+02
3.478269690044541562e+01
2.026350495349363996e+02
1.230004217508928690e+02
1.146285532911057601e+02
2.029379883319794260e+02
4.197675024204937699e+01
1.764355656438348205e+02
1.635701955282208644e+02
6.065911386783954384e+01
2.030450006738370519e+02
9.371630548175981801e+01
1.363822514267621671e+02
1.894395540255810317e+02
2.296287919771276620e+01
1.860793690443096295e+02
1.391740975335984842e+02
8.675054389702681590e+01
1.986657121614759092e+02
6.430387955775742626e+01
1.540613245956195954e+02
1.721537272165089689e+02
3.537498823398302505e+01
1.909227151996543626e+02
1.128149028288072628e+02
1.103490134350864622e+02
1.898322892834497964e+02
3.695545871418866568e+01
1.673662268989784536e+02
1.516659367140403560e+02
6.000772396910431894e+01
1.910546156633741646e+02
8.532201189003127695e+01
1.305752001179205877e+02
1.769458994959228733e+02
2.173260457068358420e+01
1.761735855282372540e+02
1.286291511257041691e+02
8.445482155740987196e+01
1.866919049158588280e+02
5.779818565178021572e+01
1.469634144430930860e+02
1.604988782557071829e+02
3.594942037831408044e+01
1.804623460387821865e+02
1.037527564812364318e+02
1.064988599240854796e+02
1.781349681054477117e+02
3.260691593740822469e+01
1.592442646364468146e+02
1.410462617349755874e+02
5.939624962620449367e+01
1.803241456573736343e+02
7.784686708503561192e+01
1.253489310058719752e+02
1.657686706201655795e+02
2.105309776165533719e+01
1.672844911326355088e+02
1.192035067119435325e+02
8.236075392499152770e+01
1.759517586395676574e+02
5.201661096699924514e+01
1.405678365992615397e+02
1.500511419312323085e+02
3.649229854396805450e+01
1.710512695777780152e+02
9.563671881955022513e+01
1.030053281141536701e+02
1.676188725569717519e+02
2.885099297586491573e+01
1.519142527064862804e+02
1.315053267112634501e+02
5.881670645945484210e+01
1.706516407543843741e+02
7.114844314887889709e+01
1.206073224215437989e+02
1.556980248312599713e+02
2.081165586386179456e+01
1.592438714415649486e+02
1.107138159031121916e+02
8.044332153096270588e+01
1.662494335209123335e+02
4.684330544356721049e+01
1.347709600142753175e+02
1.406195252074884081e+02
3.700112921175616520e+01
1.625400948044685663e+02
8.832636075080515070e+01
9.981434323521799001e+01
1.581109386985045830e+02
2.562599862644706405e+01
1.452542550285476182e+02
1.228806806379444794e+02
5.826471505639051429e+01
1.618801010085467738e+02
6.510817059203638735e+01
1.162855732583142583e+02
1.465785039489017265e+02
2.088333385317114477e+01
1.519385323752820227e+02
1.030414384265080088e+02
7.866114864913147642e+01
1.574417558227279414e+02
4.221699047100366897e+01
1.294655356670400295e+02
1.320617993818179627e+02
3.746095521463590217e+01
1.547725619961195775e+02
8.170116870381011154e+01
9.687461609149787023e+01
1.494491922832245621e+02
2.288572553599634674e+01
1.391685064512466852e+02
1.150405783505534316e+02
5.773146797409866338e+01
1.538778203738224306e+02
5.964416138272066092e+01
1.123053151996356576e+02
1.382595630858004654e+02
2.119686486763777467e+01
1.452402847751110357e+02
9.604287562748126561e+01
7.701207025138484141e+01
1.493840481966495020e+02
3.803139421451466973e+01
1.246111854755016992e+02
1.242527107480678268e+02
3.788497472468563387e+01
1.476740000240108657e+02
7.567299826472998348e+01
9.415809744609242671e+01
1.415360188945550419e+02
2.059623430097118657e+01
1.335759994648677491e+02
1.078809874612561543e+02
5.721402053878977512e+01
1.465409045965886321e+02
5.467113122127804559e+01
1.086351342414877053e+02
1.306470002567329800e+02
2.165581759405963780e+01
1.390875384206632077e+02
8.965353892093945376e+01
7.546312825336094932e+01
1.419931380864714470e+02
3.426597056295653232e+01
1.201217093920009660e+02
1.170929897446356165e+02
3.826459135196821393e+01
1.411379826435680229e+02
7.016162772228166489e+01
9.162933854596032290e+01
1.342637552417945415e+02
