1.448303233706713229e+02
1.174872759309109824e+02
9.892888668350825299e+01
1.526879980614011458e+02
8.804119942273396759e+01
1.319040542052823923e+02
1.387095031883457636e+02
8.435711681560616171e+01
1.533528432848224554e+02
1.092169867209759246e+02
1.132188089971057394e+02
1.536144068271449896e+02
8.462067932642789003e+01
1.446108210161277441e+02
1.327073795818473343e+02
9.465670220392506451e+01
1.595917309869162750e+02
1.011606153177538090e+02
1.281883399509861192e+02
1.520128183786279976e+02
8.599513168142270558e+01
1.557747419368444355e+02
1.251574245486566923e+02
1.082436393948248252e+02
1.633629336952364213e+02
9.493355091776422228e+01
1.428757407966639903e+02
1.480199600653720040e+02
9.279619632842467070e+01
1.649368743121175100e+02
1.169075804533277392e+02
1.237302189141067430e+02
1.645034324144779134e+02
9.230986218782463482e+01
1.565553554487617873e+02
1.419979377935647449e+02
1.043984171141141957e+02
1.717521915507126664e+02
1.091497282583574560e+02
1.399037040842459874e+02
1.630480268488707338e+02
9.487249946763080288e+01
1.685979870315060793e+02
1.344533599416402581e+02
1.193957138591099323e+02
1.759834404663214968e+02
1.035119799830235792e+02
1.558279910782683828e+02
1.591904529539361022e+02
1.031518779560197885e+02
1.786742325590844587e+02
1.264750997992000805e+02
1.363679286229508421e+02
1.775521866436327230e+02
1.019986226620695362e+02
1.706840445739080963e+02
1.532247430146026375e+02
1.162889770760301076e+02
1.862442101720863832e+02
1.191330038261090749e+02
1.540103436408332982e+02
1.763825278531777201e+02
1.059970884441215020e+02
1.840728448073715526e+02
1.460574632625902325e+02
1.329274076606519088e+02
1.911855164660084654e+02
1.145548507670331446e+02
1.715995976240673428e+02
1.729230680923241437e+02
1.159738099604396098e+02
1.952373755438729290e+02
1.384714228658660318e+02
1.517245274596496927e+02
1.934662783164712891e+02
1.145331420489855390e+02
1.880725635944054943e+02
1.673837350472030039e+02
1.310886982051635243e+02
2.039289481403037883e+02
1.320269074726108158e+02
1.714806802749567680e+02
1.930506131125585227e+02
1.204487680793343003e+02
2.031063757377672516e+02
1.607419305089865702e+02
1.500253920728127923e+02
2.102022221057750073e+02
1.289353183497105704e+02
1.912252262757687902e+02
1.904735497522805758e+02
1.327547711605147640e+02
2.160566277827159070e+02
1.543589108449416472e+02
1.714145323389699627e+02
2.136618502577070444e+02
1.310474547530945983e+02
2.101136538453810374e+02
1.858889904353872282e+02
1.507182641064241864e+02
2.269564042669028368e+02
1.497505042234620305e+02
1.939577940853870643e+02
2.147081638351372135e+02
1.399623841611166881e+02
2.279319049184150003e+02
1.807912417455168566e+02
1.728945054286898255e+02
2.355462630238261852e+02
1.490610370366547670e+02
2.165655608952274349e+02
2.137296301167639001e+02
1.556735645524199754e+02
2.438263174478223334e+02
1.768057618686012518e+02
1.980812432331762523e+02
2.414453978036653723e+02
1.548838953200228161e+02
2.393691953781856512e+02
2.116278601489723314e+02
1.779235580272025743e+02
2.577658715564156182e+02
1.746054275646801557e+02
2.246959682647702152e+02
2.451890837978021978e+02
1.676155560903884520e+02
2.612984867312194410e+02
2.096142231903460242e+02
2.046218474463926782e+02
2.699275080049313829e+02
1.785339679706460743e+02
2.523439589996391703e+02
2.471445283029590314e+02
1.886948567620241306e+02
2.822652911757112975e+02
2.093733776590951550e+02
2.358802750482537363e+02
2.805242264996741710e+02
1.900756331411512861e+02
2.820397970604319084e+02
2.499816113142292693e+02
2.173950257804371802e+02
3.030311101363972739e+02
2.147032919447102586e+02
2.703407261628480001e+02
2.896700426668413115e+02
2.104062273322849137e+02
3.125613316479310697e+02
2.545738191487398865e+02
2.523468830494949202e+02
3.230803123077398027e+02
2.274562395339740988e+02
3.089512427321236601e+02
3.019306764997131154e+02
2.433906607510782294e+02
3.438343236378311758e+02
2.643841453272459034e+02
2.969821474366779626e+02
3.446218598841490461e+02
2.503808294892351967e+02
3.525027846665448692e+02
3.171644250032961736e+02
2.868338555767675189e+02
3.804048379658844965e+02
2.862382774749206078e+02
3.513889816415414202e+02
3.738968095076871805e+02
2.911949157140550710e+02
4.022649709387581538e+02
3.423806992155733155e+02
3.463173829890973821e+02
4.235735031833611401e+02
3.244714531346203898e+02
4.163167002641288832e+02
4.094918938427047692e+02
3.547390544746273804e+02
4.688200883332337980e+02
3.854601618142050938e+02
4.279780421345811874e+02
4.849081601095502378e+02
3.889509175507854479e+02
5.060945590342275295e+02
4.733510932500815898e+02
4.480571205016394742e+02
5.598674047831656253e+02
4.699871027862830033e+02
5.501326669753276519e+02
5.836580523045726068e+02
5.094211343549723665e+02
6.464809381143675182e+02
5.936793882551384058e+02
6.120103073348676617e+02
7.197036971977056510e+02
6.319350881293956945e+02
7.525260177338733456e+02
7.775752877602930084e+02
7.499787928672948283e+02
9.141011357352499545e+02
8.670915317715300716e+02
9.598924520642918878e+02
1.090808052727348013e+03
1.049370948035768379e+03
1.264481534679245442e+03
1.350359899986267919e+03
1.434830516466354538e+03
1.741638243297425788e+03
1.869989320625077880e+03
2.241729194386142353e+03
2.763508622879007817e+03
3.278878685945931466e+03
4.302290029075482380e+03
5.233640618181035279e+03
5.311243823224497646e+03
4.625612841726879196e+03
3.591624862585678784e+03
2.704160886126979221e+03
2.271344224841697269e+03
1.864533024473264732e+03
1.521082982769836008e+03
1.417259969775253012e+03
1.153560978769824487e+03
1.033275990494704274e+03
9.968814531452001120e+02
7.937155028185900392e+02
8.177214069365285241e+02
7.299095715693156308e+02
6.030803898982114788e+02
6.647643365371073969e+02
5.153762202315912191e+02
5.187991038928877288e+02
5.354531191768272720e+02
3.884130082392237000e+02
4.792182187776987234e+02
3.995361984322221929e+02
3.397229244208717205e+02
4.254472806077652649e+02
2.814659924043047567e+02
3.407744906735039194e+02
3.394085572748481923e+02
2.195212816547153807e+02
3.375322460042575017e+02
2.423042758557855620e+02
2.408401043532881545e+02
3.047078514025811273e+02
1.628194050469078888e+02
2.620489806513597273e+02
2.236952238223438485e+02
1.494505555522728173e+02
2.611999359543377182e+02
1.373228889656763556e+02
1.906708080262546900e+02
2.160441642610794872e+02
9.070292460790230393e+01
2.208848083820454917e+02
1.448032873793412421e+02
1.320478475917649632e+02
2.071853459502899000e+02
6.318203445317541878e+01
1.794942762550971338e+02
1.568417369231432872e+02
7.917370163779045811e+01
1.985108685584587533e+02
8.602152557312993508e+01
1.342237055306277682e+02
1.684666372869708937e+02
2.469411365410147496e+01
1.688904883456495440e+02
1.079078353257869054e+02
9.171086330146127352e+01
1.689363256423875441e+02
3.256298333786573806e+01
1.420515190975214921e+02
1.300566155590799156e+02
4.613786929543501714e+01
1.565295977476800147e+02
6.109858499607663873e+01
1.135728665895548062e+02
1.414897879703655690e+02
1.436496102435699207e+01
1.449767531200051280e+02
8.979485754675518194e+01
8.489198346519069105e+01
1.466237953396637863e+02
2.502570366314000694e+01
1.298383971006325055e+02
1.127712362448162651e+02
5.506192011912921913e+01
1.450614279779773312e+02
5.504796844799817279e+01
1.128151821787760127e+02
1.309039871857143567e+02
3.655423181117905784e+01
1.421159365891005848e+02
8.526449943811421406e+01
8.711127876202691311e+01
1.388467121703356781e+02
3.572016819719177505e+01
1.281783919877991309e+02
1.045582353147396475e+02
6.789579284017843008e+01
1.440354005965334636e+02
5.765082198193618268e+01
1.173932033922093723e+02
1.237147556005314044e+02
4.971901799191075355e+01
1.476673217146851016e+02
8.470390960387292978e+01
1.000773161557186484e+02
1.415455736354523424e+02
4.488249371792595355e+01
1.393566210034426263e+02
1.066165580772527051e+02
8.008724312304023840e+01
1.530118694147325016e+02
5.873652448414297567e+01
1.260685345121642342e+02
1.312161578295727509e+02
5.981138154876875745e+01
1.516162175202286733e+02
8.054456020872028432e+01
1.106631351833252523e+02
1.484590862223373904e+02
5.045328166048645357e+01
1.514738301559023910e+02
1.102943857803073939e+02
8.736223532100235900e+01
1.587310633945878351e+02
5.372089936920537667e+01
1.451702594023090285e+02
1.403414920129903578e+02
6.226185035194451700e+01
1.697041944398910971e+02
8.599134547729873645e+01
1.230208852322567878e+02
1.612661653733242701e+02
4.676237193004583759e+01
1.715167483892349765e+02
1.202021858498489735e+02
9.758399950481067719e+01
1.817673509809968380e+02
5.601967951502268761e+01
1.637958447361438914e+02
1.587289246576009987e+02
6.717112519016045269e+01
1.973942287818622674e+02
9.748913403345750339e+01
1.370487416160976295e+02
1.883585218169681923e+02
3.904448338233818561e+01
1.980904068535209319e+02
1.454531783989585847e+02
1.013666196103967394e+02
2.126978062946910200e+02
6.304576704466172998e+01
1.813457429417084370e+02
1.887842639107368541e+02
5.610511287358075805e+01
2.262494610753162192e+02
1.190617017409243203e+02
1.484415644959266558e+02
2.261835237833017516e+02
2.868711779130912376e+01
2.216044883356775586e+02
1.761245836245978182e+02
1.015705355751633050e+02
2.540820775868642443e+02
8.591203966797291969e+01
2.003780561519439232e+02
2.335239640522701734e+02
3.701100674151631864e+01
2.630058266268325156e+02
1.580888066101257152e+02
1.560114801646790283e+02
2.778183630418743633e+02
4.637463993792113115e+01
2.512323506332264742e+02
2.316327876040346609e+02
8.720362380199509289e+01
3.016230971150041569e+02
1.327342439165973644e+02
2.114412561773673644e+02
2.914534080499810784e+02
4.107415033475091626e+00
3.006962716605506216e+02
2.182081884513289083e+02
1.490146217573064291e+02
3.341922669739803382e+02
9.430351901075120225e+01
2.743849526602070341e+02
2.988867610747857952e+02
6.299787292639541647e+01
3.521537180707981634e+02
1.984122574050051924e+02
2.153199700222500894e+02
3.606313900677751008e+02
5.136221356646512248e+01
3.374185785441739540e+02
2.952657432699010087e+02
1.324449717560274564e+02
3.994180343172932908e+02
1.655784202796871796e+02
2.900013022656061139e+02
3.806311436730525770e+02
4.047017750954555027e+01
4.027100599569575934e+02
2.823063496845550731e+02
2.104631968218259601e+02
4.414972149880269399e+02
1.227460452587307458e+02
3.701035895083240916e+02
3.901452983214060168e+02
1.052748694728068699e+02
4.689049242122399050e+02
2.557198632820250452e+02
3.000418475827206066e+02
4.791837033050140349e+02
7.799840446903371571e+01
4.566248185942707778e+02
3.901444570104648619e+02
1.932483767247166213e+02
5.336522377312021490e+02
2.155012390148282861e+02
4.027490217417611689e+02
5.102795929322454072e+02
8.626765232556921603e+01
5.506402522850439709e+02
3.775649562674583990e+02
3.014531713662519792e+02
6.006590080766555957e+02
1.688178685902028064e+02
5.172607459822382907e+02
5.323661662528630814e+02
1.699170426204240982e+02
6.508827637961696837e+02
3.507888647488332481e+02
4.306903261722231946e+02
6.650232131980093300e+02
1.277652011430190981e+02
6.486101476690060963e+02
5.440332277531362024e+02
2.956061675496800945e+02
7.600193707991179508e+02
3.088205625584480458e+02
5.868579257381404659e+02
7.270749136444658234e+02
1.566691505665301634e+02
8.040847326609195989e+02
5.449747953649499550e+02
4.585390535387712134e+02
8.810480300405828302e+02
2.559174961843791891e+02
7.788935413253321940e+02
7.892590659725711930e+02
2.862504124363267692e+02
9.876646103355194555e+02
5.288354400102527961e+02
6.779585289620900994e+02
1.022672600781401115e+03
2.204942440588009163e+02
1.024649246226260175e+03
8.513986538559458950e+02
4.987687383711106577e+02
1.222204418706856586e+03
5.002749441539516511e+02
9.756523234147155108e+02
1.195362055030688907e+03
3.013360417880629143e+02
1.362055096363801567e+03
9.210060612504162236e+02
8.203033332603224608e+02
1.539225456263747901e+03
4.617247445892398332e+02
1.417708052325363269e+03
1.432856879590029848e+03
5.711193124308381357e+02
1.866320103754673937e+03
1.005878021474401635e+03
1.360520393845334638e+03
2.040095411294281575e+03
4.912620624402692329e+02
2.165840147147182961e+03
1.813998397027115743e+03
1.161933035563304657e+03
2.791756447710889915e+03
1.166411128843112920e+03
2.431370358129350734e+03
3.030270902850443690e+03
8.826205200904561252e+02
3.833003109365938599e+03
2.688175263979886040e+03
2.693562159645545307e+03
5.220738314183371585e+03
1.705624243025233000e+03
5.814861174721975658e+03
6.448387865300834164e+03
3.273722860707045129e+03
1.187993992058137337e+04
7.967424609960644375e+03
1.613954156848802086e+04
4.378711623840667744e+04
5.688084123992786772e+04
4.497160005543779698e+04
1.755597430785126562e+04
7.459064561413233605e+03
1.213656895879344847e+04
3.736777321139198648e+03
6.369668953936632533e+03
6.185348853290687657e+03
1.609270169411802726e+03
5.258028418021814105e+03
2.977394960049937254e+03
2.579756163288867356e+03
3.989389026426650616e+03
1.081816523820181146e+03
3.032629788487359292e+03
2.630796448445521037e+03
1.104614713170331697e+03
2.870112790366513309e+03
1.344559678996631646e+03
1.796937780925904690e+03
2.307685539344557583e+03
5.650209719763818157e+02
2.084148669860799146e+03
1.515871336203493229e+03
9.898986237926724243e+02
1.971721114993334822e+03
7.225874623241594463e+02
1.452315601850503981e+03
1.547330654842560534e+03
4.854600703178269328e+02
1.612720492218136087e+03
9.610127800257050694e+02
9.294343696878200944e+02
1.468628510633131782e+03
4.200374176382645715e+02
1.244983772558847932e+03
1.099302856478786680e+03
5.152951146523057560e+02
1.308216634012929944e+03
6.205361837798790248e+02
8.853897181653455846e+02
1.135941153639982986e+03
3.026403104141855920e+02
1.092055131816015546e+03
7.943453523734060582e+02
5.564144469087814286e+02
1.085835504202764923e+03
3.994612076789596813e+02
8.429056026069911240e+02
8.903974985606211021e+02
3.047917656485947759e+02
9.665057981919948134e+02
5.714094342986523998e+02
5.856432125974304199e+02
9.078234625674652989e+02
2.649167917815522628e+02
7.975463698596033737e+02
6.964835166742182082e+02
3.501786419251506572e+02
8.556719616546293992e+02
4.018043384982529460e+02
6.000190945051391509e+02
7.570126499971502199e+02
2.136814492364915452e+02
7.484075465387894610e+02
5.372861882148333734e+02
3.977174110409591776e+02
7.541860470675933357e+02
2.758674871397923880e+02
6.022365300047326855e+02
6.257312517069198066e+02
2.295071305023579384e+02
6.956952081701338102e+02
4.050669995368110676e+02
4.349771851370052218e+02
6.589864652357597379e+02
1.951490328680569348e+02
5.924054484180995814e+02
5.084972554812903809e+02
2.728462267291007493e+02
6.401371128699355495e+02
2.960467892654784237e+02
4.601548438372017245e+02
5.689234908909184014e+02
1.687756080433110242e+02
5.738665219828136514e+02
4.053236941638304529e+02
3.147900020436310342e+02
5.799313529678100849e+02
2.103270923606682743e+02
4.729065866449246869e+02
4.825240210546120352e+02
1.880484237072811311e+02
5.462768494583043548e+02
3.127650318347062353e+02
3.503493963071014718e+02
5.182422984556645815e+02
1.555573178215152552e+02
4.750300539984987154e+02
4.007914234841790631e+02
2.254949227526109041e+02
5.119500184628805641e+02
2.330842664829864077e+02
3.760535000523201461e+02
4.553654901933244332e+02
1.414719305222345440e+02
4.672371585149015232e+02
3.241143052423975064e+02
2.635552599840793846e+02
4.717403988000193635e+02
1.694502225935715956e+02
3.917726451090969135e+02
3.920397232481938090e+02
1.615654148985091467e+02
4.511027987276311819e+02
2.535622655997699155e+02
2.957863772188708822e+02
4.271857911281892370e+02
1.298823630026129194e+02
3.980298915805839215e+02
3.295974686255237316e+02
1.948501358499586047e+02
4.276034315174875360e+02
1.913243708088646713e+02
3.201073335749237572e+02
3.794697159209028996e+02
1.232129894463810018e+02
3.953876377155621640e+02
2.691011205735979388e+02
2.285891061701048557e+02
3.979582252229164396e+02
1.415135481529071910e+02
3.359525483555829624e+02
3.296356803561649826e+02
1.430543835052326074e+02
3.849517367058458035e+02
2.122716483633294331e+02
2.575836292577492941e+02
3.633287422550532142e+02
1.119773464612365785e+02
3.436577984894051951e+02
2.791595860639981765e+02
1.729788725256500470e+02
3.675811744965528760e+02
1.615788438274194618e+02
2.799306606938951631e+02
3.249136613593125844e+02
1.100575154456212346e+02
3.434894988058202330e+02
2.292804193260361956e+02
2.030965932559373073e+02
3.442326811577787566e+02
1.212157370745803462e+02
2.951302000653089976e+02
2.839482542483839893e+02
1.292356650278935604e+02
3.362043440658005693e+02
1.820123449331626375e+02
2.290164854081554608e+02
3.157005256880928528e+02
9.872084908688184157e+01
3.029924816647115335e+02
2.413646159988885529e+02
1.565097285183709914e+02
3.224319135030004873e+02
1.391388270992883633e+02
2.496022706749274676e+02
2.836834301504769087e+02
1.000664397179691321e+02
3.040042811574884354e+02
1.989496411874447404e+02
1.836339191621132443e+02
3.031661951118130105e+02
1.058177209458264514e+02
2.637477800426949557e+02
2.486834830619957017e+02
1.187363541987792246e+02
2.985719566269591496e+02
1.582308562093517708e+02
2.072455292420622470e+02
2.791660262243989905e+02
8.868884227675415843e+01
2.715131296499256450e+02
2.120613884953445734e+02
1.436084052178555339e+02
2.872774512359333130e+02
1.217484396647576972e+02
2.258696513968042154e+02
2.513806238124761308e+02
9.229707741014114220e+01
2.730552873225425401e+02
1.751378418245016064e+02
1.682156166101004544e+02
2.707765555675126734e+02
9.373015672791159147e+01
2.389230088544463513e+02
2.208152824070140241e+02
1.102895948494736018e+02
2.687211293056008685e+02
1.395481798509690918e+02
1.896831699423283055e+02
2.498570737109307913e+02
8.075108676004114727e+01
2.462628398945075503e+02
1.885565570106871576e+02
1.331977563400222095e+02
2.590024067545024309e+02
1.077892125064971793e+02
2.066979186443977028e+02
2.253324563654526855e+02
8.607566734654655249e+01
2.479756999195833203e+02
1.558411466482382650e+02
1.556905693116539169e+02
2.444963651747766562e+02
8.404736502195287073e+01
2.187104430884360795e+02
1.981306530336301819e+02
1.033694177708091360e+02
2.443305468548490751e+02
1.243029996372513466e+02
1.752910016874575660e+02
2.258531726559300807e+02
7.437816744748639053e+01
2.255370745893438027e+02
1.692583462033437911e+02
1.246050085925870690e+02
2.357328007855330441e+02
9.635866023056210850e+01
1.908672861590154639e+02
2.038325510906492468e+02
8.095261433218674085e+01
2.272276874255562404e+02
1.398991511774548826e+02
1.452706014509060424e+02
2.226970938939647340e+02
7.613202992791512713e+01
2.018799870966259675e+02
1.792613887529602437e+02
9.760598168150613674e+01
2.240004050763011207e+02
1.116226712035993245e+02
1.632553418388135071e+02
2.058034955973044475e+02
6.917835478401836724e+01
2.081793000037138484e+02
1.531038036428008979e+02
1.173750034688877122e+02
2.162089397576875172e+02
8.683235843665543996e+01
1.775456422223847994e+02
1.857620113269128126e+02
7.669140429023127581e+01
2.097402477050745802e+02
1.264814836170947672e+02
1.364477707692266222e+02
2.042802434801525351e+02
6.957544150789036053e+01
1.876561239991018795e+02
1.633138745127203606e+02
9.271000542773548148e+01
2.067709152299442792e+02
1.009119650838728859e+02
1.530124700169097594e+02
1.887815697996537949e+02
6.487487489904903271e+01
1.934006898657870863e+02
1.393736082544534725e+02
1.111888110868099631e+02
1.995592022230928819e+02
7.878848995628389673e+01
1.661530856612762364e+02
1.703242077379811121e+02
7.309354184716774228e+01
1.947820280680237488e+02
1.150187235036939910e+02
1.288737001677458238e+02
1.885112900407907262e+02
6.407249485686271839e+01
1.754267553392486150e+02
1.496307003020885134e+02
8.849410133045591920e+01
1.919530062260375871e+02
9.174404837892906528e+01
1.441729896471338463e+02
1.741237089273227525e+02
6.127399726100680510e+01
1.806482201399635130e+02
1.275431135743538817e+02
1.058253033908240468e+02
1.851804895430798865e+02
7.191687304499997424e+01
1.562798346826348848e+02
1.569818010908102792e+02
7.000585420320365415e+01
1.818081349161401477e+02
1.051149033028604123e+02
1.222734889112397383e+02
1.748225709803422774e+02
5.942354930232585986e+01
1.647820234700965898e+02
1.377454530117759930e+02
8.482326711855083090e+01
1.790511614614376867e+02
8.380882552250400863e+01
1.364508327727813253e+02
1.613532887414148718e+02
5.823440588007343166e+01
1.695055458250121774e+02
1.172348773729396072e+02
1.011222248734081290e+02
1.726086297350601058e+02
6.599721097120580282e+01
1.476260830146145508e+02
1.453090339312936408e+02
6.734718607157003589e+01
1.704373342861219385e+02
9.645447015877968511e+01
1.164669744706915111e+02
1.628183872327112169e+02
5.545610715677506164e+01
1.554195906423662734e+02
1.273172877068521558e+02
8.158704684241853045e+01
1.676999105636621437e+02
7.687583158586606658e+01
1.296327039396705914e+02
1.501116604844678761e+02
5.564223470032974461e+01
1.596736256403150378e+02
1.081640106983682443e+02
9.695151888483295011e+01
1.615105396942678624e+02
6.085190237241432243e+01
1.399610073595831352e+02
1.349953449698195982e+02
6.500713607205960898e+01
1.603754919993595252e+02
8.883378141505292547e+01
1.113082562506609463e+02
1.521912135308385814e+02
5.206361100380706119e+01
1.471079929880850443e+02
1.180868607928102847e+02
7.871201774874467105e+01
1.576236475564686259e+02
7.077609770386995081e+01
1.235585560336664628e+02
1.401315023822855323e+02
5.342172940531210656e+01
1.509207151241673444e+02
1.001177092019268713e+02
9.322478871032200232e+01
1.516339280100334008e+02
5.636064290680678113e+01
1.331164626675928275e+02
1.258236541070388625e+02
6.294587054531435655e+01
1.513865190695718752e+02
8.206506667113647779e+01
1.066788367563750768e+02
1.426993960266559327e+02
4.914594561368414105e+01
1.396655522756281584e+02
1.098493353070740142e+02
7.613408306624599220e+01
1.486051448050556019e+02
6.537305436837620221e+01
1.180998402671643674e+02
1.311989347624860329e+02
5.150569272653376629e+01
1.430644951890304526e+02
9.292564619469172271e+01
8.986589240506260978e+01
1.427733181464895154e+02
5.241851612604501298e+01
1.269530702827727424e+02
1.175980528175841044e+02
6.111247437918742520e+01
1.433006861496001818e+02
7.601797555403392437e+01
1.024952114469590470e+02
1.341629556936757126e+02
4.663043984410704468e+01
1.329508423450863575e+02
1.024473505813802205e+02
7.380513417987883429e+01
1.404744177226936586e+02
6.056048407272952261e+01
1.131589857203019136e+02
1.231499204316908731e+02
4.984256981030917188e+01
1.359614677887089442e+02
8.645768903505803848e+01
8.681605551206247640e+01
1.347644797602487756e+02
4.894981215234873417e+01
1.213674097221860393e+02
1.101679549477963747e+02
5.947486988580251221e+01
1.359797098154809873e+02
7.057464462055703791e+01
9.869513743778689729e+01
1.264416450223861546e+02
4.444809065644609092e+01
1.268557542053075906e+02
9.575948859378669908e+01
7.168344869912726836e+01
1.330969607546471138e+02
5.625340617870819671e+01
1.086597691836263664e+02
1.158517146347908380e+02
4.838852090058959732e+01
1.295063124714914125e+02
8.060767579495143309e+01
8.402882532870968646e+01
1.274940105698681094e+02
4.588551631015018728e+01
1.162708901553750991e+02
1.034312289003697600e+02
5.798906825999974757e+01
1.293068676900467722e+02
6.566728628834218284e+01
9.520857751885689879e+01
1.194081573556845939e+02
4.256521995776802214e+01
1.212826847275956652e+02
8.967650522939736391e+01
6.974421360057849029e+01
1.263648708220899266e+02
5.238431368840718960e+01
1.045354688841438957e+02
1.092007879974586189e+02
4.711124460744982656e+01
1.235938415748109520e+02
7.529124428886903786e+01
8.146496665637705803e+01
1.208380492615183925e+02
4.317922602422854794e+01
1.115961296223416639e+02
9.726894746269314851e+01
5.665113448520600059e+01
1.232011036533550765e+02
6.120429895715410851e+01
9.200755630847588407e+01
1.129782688311936454e+02
4.092177732124073231e+01
1.161698906491128582e+02
8.412621813932192083e+01
6.795516738207147966e+01
1.201918265431151127e+02
4.889968479101369780e+01
1.007366692356991393e+02
1.031077336114953908e+02
4.598267574797874602e+01
1.181621336159520155e+02
7.043746350254005506e+01
7.909534270575640846e+01
1.147317106592985425e+02
4.078265690782011177e+01
1.072859242385496970e+02
9.162517441163245735e+01
5.542348592314695566e+01
1.175775777390311987e+02
5.714114216812955505e+01
8.904451555062773593e+01
1.070669279847726187e+02
3.949280451896107280e+01
1.114503322992275258e+02
7.903527854575327183e+01
6.629711759471517496e+01
1.145027126481667636e+02
4.575232084306843205e+01
9.721978570181379098e+01
9.750083831411285473e+01
4.497944525122812820e+01
1.131462269813629717e+02
6.598853123142974653e+01
7.689330620939999505e+01
1.091019209178561766e+02
3.865840065100294964e+01
1.032909871808039100e+02
8.643027016260825235e+01
5.429258401051480121e+01
1.123796825798813330e+02
5.343516482031994741e+01
8.628566166760698763e+01
1.016076335814162093e+02
3.825312515055897933e+01
1.070733678538546343e+02
7.434560905006790676e+01
6.475560443586671511e+01
1.092392602212180606e+02
4.290454458814826921e+01
9.394874094771435580e+01
9.232279254314555317e+01
4.408220127534453781e+01
1.084906747731440646e+02
6.189646106700512718e+01
7.483843837302136137e+01
