7.613044404952660216e+01
1.047697620335513733e+02
1.430571642897974414e+02
3.816725642625038972e+01
1.419629979708763301e+02
1.095318019462263237e+02
7.334761337934497760e+01
1.536457232482453321e+02
6.025144891361865263e+01
1.221929540942673498e+02
1.365835837718145456e+02
4.456901295699240251e+01
1.518703820803258964e+02
9.503524885340139861e+01
9.328238189816909198e+01
1.536846247157727134e+02
4.676498728136007799e+01
1.378463384998786410e+02
1.268656195989281485e+02
6.046393787732622371e+01
1.587717785057751598e+02
7.892436785856274639e+01
1.128399237703621054e+02
1.502406344140202634e+02
4.179158467798183096e+01
1.510693338513729600e+02
1.141760008477821060e+02
8.037702871368327351e+01
1.622823526818599191e+02
6.268543844170085322e+01
1.311526102259282425e+02
1.432927993902806350e+02
4.991126418375197460e+01
1.614199068886721875e+02
9.901990654146219129e+01
1.013958688544000495e+02
1.622086046320921184e+02
4.972191768880748697e+01
1.475476344799162405e+02
1.330073299258993416e+02
6.723599835042274719e+01
1.685356500951719454e+02
8.232165885149399287e+01
1.220130528935944056e+02
1.584504504942106280e+02
4.635784713716834915e+01
1.613930270639809805e+02
1.196360413740424633e+02
8.842862325784896882e+01
1.721052837737774439e+02
6.588971466586176007e+01
1.413334794699171084e+02
1.510372736831197642e+02
5.632018129089238556e+01
1.722657020957881286e+02
1.038104516658709855e+02
1.106862586406869724e+02
1.719434512628416485e+02
5.371083778416559085e+01
1.586113681334804824e+02
1.401293787654998368e+02
7.515563527744264150e+01
1.797249760321767269e+02
8.659952885059105654e+01
1.325513927111384760e+02
1.679158742642648008e+02
5.224601056205156624e+01
1.732840763994325073e+02
1.261144676561960125e+02
9.784513850678911240e+01
1.834883642396852395e+02
7.020050336336234409e+01
1.531271879508712743e+02
1.601183580892979705e+02
6.411076949653696033e+01
1.848389984173638823e+02
1.097088711471130296e+02
1.216065533726871735e+02
1.833467909235652371e+02
5.916113500333928243e+01
1.715693511081508973e+02
1.487266900329611303e+02
8.472116599418102112e+01
1.928114311530497389e+02
9.211244978386724824e+01
1.450887806972648377e+02
1.792435904549814722e+02
5.989253700020822890e+01
1.873869231963537629e+02
1.342347203070215471e+02
1.090677126816258919e+02
1.969822726979576544e+02
7.617428469078392084e+01
1.671279620553040388e+02
1.711422621430922675e+02
7.399047519482550683e+01
1.998656161476939417e+02
1.172678951691373754e+02
1.348177351448076706e+02
1.972449834048403829e+02
6.684834511018529213e+01
1.871782038876916374e+02
1.595349565782408376e+02
9.642089342278831055e+01
2.087132499549680915e+02
9.978809433071776880e+01
1.600232565159641922e+02
1.931341088630846059e+02
6.984274788038057125e+01
2.041656535538588741e+02
1.445024244872745101e+02
1.229527750138310154e+02
2.135828665114441378e+02
8.481915427426804399e+01
1.841933743250485804e+02
1.851087620346278868e+02
8.641700862746633049e+01
2.180703816447429801e+02
1.275958993449519454e+02
1.509427643450705432e+02
2.141788118846528448e+02
7.783842533887464299e+01
2.064346980913529421e+02
1.733645072933966276e+02
1.114068947293077372e+02
2.283164550786032407e+02
1.106582948643357582e+02
1.790371274096926868e+02
2.106510969730673253e+02
8.378270690515471131e+01
2.257112786803400866e+02
1.584702942706962858e+02
1.410896117578293740e+02
2.349291687388454761e+02
9.720833566421718785e+01
2.058681902827320584e+02
2.034049425036504886e+02
1.032641063252800819e+02
2.416555962683591758e+02
1.421641503815177430e+02
1.721290590911715412e+02
2.366705726961122593e+02
9.350059152402798190e+01
2.311744424938356133e+02
1.921386314963127404e+02
1.320795517235889918e+02
2.547379044777779313e+02
1.271055923106240897e+02
2.041155144573904749e+02
2.348639384744209906e+02
1.039620499734134000e+02
2.540268660650633024e+02
1.786069925439145436e+02
1.658867169568463567e+02
2.638133768267958885e+02
1.175571059586236231e+02
2.358461092111365360e+02
2.293368713118716471e+02
1.289705717332266204e+02
2.749228600968721139e+02
1.651913908339300860e+02
2.030487058677684331e+02
2.693354309689206048e+02
1.200908999136917714e+02
2.676040030306858171e+02
2.216383662627964668e+02
1.638247695580925267e+02
2.934289205944167520e+02
1.552119684326161746e+02
2.423427208910314619e+02
2.722963856657878523e+02
1.386348117714513819e+02
2.981755161170921156e+02
2.133690390501891727e+02
2.064174088268561036e+02
3.098581670917956785e+02
1.548355345895546691e+02
2.842990621194440450e+02
2.738251220235874825e+02
1.738069633099054272e+02
3.299405952080912812e+02
2.097974835382281071e+02
2.564283139016247901e+02
3.263034645571373176e+02
1.712711711248693121e+02
3.300150647386769265e+02
2.777277902375913072e+02
2.237429355025296616e+02
3.635039171905585249e+02
2.153872898997702521e+02
3.139213669720385269e+02
3.458254067874923976e+02
2.106168871603992727e+02
3.827971730563181723e+02
2.903154865894755403e+02
2.899323285429215957e+02
4.043086854731915878e+02
2.440926534415930007e+02
3.861324728959843355e+02
3.762054910790162694e+02
2.797238786335598206e+02
4.515899924590481191e+02
3.234889202625545863e+02
3.817316009082067012e+02
4.662961490007493808e+02
3.114050330311678749e+02
4.882516217976181565e+02
4.398043380974906995e+02
3.911987291419522990e+02
5.581168623474288779e+02
4.132308178754511800e+02
5.272127583533971347e+02
5.849526553555190276e+02
4.595113820891997989e+02
6.666270621803624863e+02
5.970595449893156683e+02
6.090435162640912949e+02
7.838427300892582252e+02
6.518491202584796156e+02
8.283311377431365372e+02
9.043690603218531123e+02
8.349878315818532428e+02
1.105270305250007596e+03
1.103483266996408702e+03
1.197796399131574844e+03
1.484908070892470278e+03
1.470762427569184865e+03
1.681617879222877036e+03
1.862284827578265322e+03
1.675151343447665795e+03
1.679557610289428339e+03
1.583431074936318737e+03
1.232915747790761316e+03
1.214732381434891522e+03
1.041094820443037406e+03
8.002294285031966865e+02
8.874400789604345618e+02
6.624855291107465973e+02
6.104406036173591019e+02
6.745366736829842012e+02
4.202976716842860014e+02
5.283470565823403149e+02
4.750936538324268099e+02
3.185137260493039548e+02
4.716922948784934420e+02
2.927675362770808647e+02
3.265058841457503718e+02
3.851005965639851070e+02
1.732674742278869644e+02
3.486951691268118338e+02
2.644744770438391583e+02
1.896741378102203157e+02
3.300282135733983182e+02
1.355572084026421180e+02
2.520049581399076715e+02
2.592530090210209437e+02
8.753835348177634046e+01
2.778488131108308608e+02
1.527547873107556882e+02
1.669101519655407344e+02
2.510041386518707611e+02
3.997388770670254132e+01
2.259661154116246280e+02
1.785820588970962319e+02
9.153198169932856842e+01
2.316291356248026716e+02
7.117869751027559744e+01
1.780369634433814952e+02
1.970760032209411747e+02
3.280284563298419442e+01
2.125849960643221550e+02
1.185401723707722823e+02
1.261225926421319770e+02
2.026003397577616738e+02
3.543705519608834464e+01
1.811300295479737770e+02
1.466611149636717641e+02
8.521882920839055942e+01
1.977218329182602190e+02
7.360640349164698648e+01
1.539494546475340826e+02
1.687997838589650996e+02
5.608622414006154600e+01
1.863941962488370052e+02
1.068806981279822281e+02
1.260856473674826788e+02
1.831692308542458818e+02
5.939860047585762715e+01
1.735115777610894554e+02
1.401064106513726415e+02
9.683316773361266883e+01
1.854880975002068624e+02
8.097624286110280423e+01
1.512328642772219212e+02
1.607663366855441893e+02
7.782419441350707245e+01
1.799943335971060492e+02
1.087793774138710035e+02
1.288017065541649799e+02
1.715830888674427968e+02
7.453347645112150133e+01
1.733857496751481051e+02
1.342766485888143109e+02
1.091293465505063125e+02
1.833157812208161204e+02
8.869045089495371315e+01
1.602459469919828905e+02
1.594923715483731144e+02
9.041576712478324396e+01
1.843325097364752025e+02
1.126781119750102391e+02
1.396702600448910232e+02
1.741939556677594680e+02
8.497881793568271291e+01
1.801508057728348717e+02
1.366744587273824436e+02
1.213508026583511281e+02
1.878813845213952050e+02
9.094207691794241555e+01
1.677095721802022581e+02
1.599379394041690716e+02
1.036543372398617038e+02
1.973228746394541986e+02
1.156065212812477796e+02
1.512664138964724714e+02
1.830483217865587449e+02
8.973769220338937203e+01
1.928365939098442539e+02
1.411210856982850146e+02
1.301999081594384222e+02
2.009434799417145143e+02
9.376076708336881893e+01
1.821115447808402905e+02
1.709536535168452644e+02
1.054031742440433987e+02
2.093543938199806576e+02
1.161669826159674130e+02
1.638573381117796828e+02
1.988831165194610833e+02
8.909654523119228031e+01
2.116907052523730783e+02
1.534148543260124598e+02
1.358794978750396751e+02
2.209235295722415060e+02
9.598078262053302012e+01
1.982608490404445831e+02
1.892029788445584302e+02
1.054720640807591252e+02
2.333856211544805888e+02
1.272197819386012867e+02
1.746440069821194356e+02
2.248794112453073808e+02
8.217087964105505193e+01
2.313167131620979546e+02
1.733187288029709805e+02
1.354401257644342422e+02
2.486360922340293769e+02
9.938094978384377498e+01
2.125988182281708418e+02
2.189598979537058199e+02
9.516177054391194190e+01
2.604510223282467223e+02
1.487242321958611626e+02
1.767582447877020684e+02
2.578635150583172049e+02
7.660564803694845182e+01
2.519819071007156026e+02
2.065126563119351601e+02
1.269561944018833373e+02
2.834484421949792363e+02
1.184929973919684869e+02
2.210808724234102272e+02
2.589440044932513274e+02
7.628114139983132702e+01
2.874348878362076221e+02
1.854293547317464856e+02
1.713678205659219316e+02
2.989501677341817754e+02
8.430002170446137200e+01
2.664340394586466800e+02
2.514213101908779322e+02
1.066649813575527475e+02
3.180398519950500713e+02
1.551545339679556719e+02
2.221459440906403131e+02
3.077071825734884669e+02
6.089688607551943278e+01
3.100222217496968256e+02
2.353236261176750475e+02
1.546379313082586293e+02
3.418893423661137376e+02
1.170149692807914903e+02
2.746016607811519634e+02
3.067258681921238122e+02
7.645795056525615507e+01
3.498766486633647901e+02
2.083142427740012863e+02
2.113097587023260360e+02
3.592950117256143017e+02
7.521392973010830474e+01
3.265735315354875752e+02
2.961655981729515474e+02
1.246323952665248385e+02
3.837570320436581710e+02
1.715909821560211981e+02
2.713856835244639001e+02
3.661157029040634256e+02
4.967462660433238142e+01
3.770794982205205770e+02
2.744179119011550938e+02
1.879793272592412734e+02
4.114217383320863064e+02
1.249146802909128127e+02
3.343286818926212050e+02
3.641855786630576972e+02
8.488723376874247606e+01
4.224192968274787745e+02
2.402567415227727565e+02
2.581826667281547998e+02
4.298612129097908792e+02
7.081316443586895559e+01
3.972924421796167849e+02
3.497354826577202402e+02
1.529590628173478990e+02
4.634356377123839934e+02
1.941974591054541008e+02
3.336574724783931174e+02
4.389599754649351553e+02
4.379374452926272454e+01
4.592193013416753047e+02
3.232640228281404688e+02
2.332618306477894521e+02
4.977078254126274146e+02
1.362538991495849530e+02
4.117810221348839264e+02
4.368596125934369070e+02
1.046666866743640725e+02
5.174917994794751621e+02
2.831589947448294424e+02
3.215905619762883703e+02
5.227874018077942537e+02
6.819737291787193101e+01
4.910832395469351468e+02
4.216135707983268048e+02
1.934100936819432945e+02
5.699829295369106603e+02
2.274715196570766977e+02
4.166147519024249846e+02
5.366979397948787209e+02
4.430513920372474956e+01
5.697192490153831841e+02
3.903303527926753986e+02
2.965195504876712675e+02
6.158732887858280947e+02
1.554131267382083479e+02
5.177793470609050246e+02
5.377566505812836795e+02
1.360071392449710572e+02
6.476680060597278725e+02
3.430217690105243378e+02
4.109078799567656120e+02
6.526497539965338319e+02
6.812993995837955197e+01
6.231055819984414939e+02
5.231519038192769813e+02
2.534847082496864630e+02
7.215644796130197847e+02
2.755952643734964909e+02
5.370559877337295802e+02
6.772551941279075436e+02
5.781395283169510435e+01
7.326724951320575201e+02
4.896193435004539651e+02
3.910842868665648098e+02
7.905371884413332282e+02
1.848290265222471476e+02
6.768805151440550389e+02
6.885641832582147117e+02
1.882557148824814703e+02
8.457501498743664570e+02
4.338037134784742079e+02
5.501723614412408097e+02
8.527315894301672188e+02
6.873503577955771959e+01
8.306060145647132913e+02
6.814853441672361214e+02
3.525748281091085232e+02
9.632799499248947086e+02
3.508193825844937805e+02
7.350704049855936546e+02
9.062366277538758368e+02
9.066188891126773797e+01
1.002462072897099574e+03
6.529706525777972956e+02
5.528826071455317788e+02
1.085395744554954945e+03
2.333187606068706828e+02
9.526553570068938370e+02
9.488080013376277293e+02
2.844335651109705623e+02
1.196425844793219312e+03
5.947584426713934818e+02
8.016121785288031560e+02
1.214447545843367152e+03
7.030985182046028115e+01
1.215061550136668529e+03
9.763953109290739576e+02
5.413447212526251633e+02
1.423839392005651234e+03
4.962293449960175167e+02
1.120161872179926377e+03
1.355801441208761844e+03
1.629695830118930076e+02
1.545536571252534486e+03
9.847499165023979231e+02
8.903559735809236599e+02
1.704896259876875774e+03
3.381454826531554545e+02
1.548205061720005233e+03
1.519443677696454643e+03
5.005649494354022977e+02
1.990373084414234654e+03
9.658786388621005017e+02
1.392619858021523896e+03
2.079404409634150852e+03
7.663458776258420357e+01
2.174279271665739998e+03
1.727050492968426852e+03
1.038580098509743493e+03
2.659448419789513537e+03
8.985051933796929688e+02
2.207220432941027411e+03
2.661998800068902256e+03
3.897531252956501930e+02
3.234125745462774375e+03
2.055429132638426836e+03
2.015573336056364496e+03
3.859612015679010710e+03
7.239852435878308370e+02
3.818548003126630192e+03
3.815927981739906045e+03
1.412220150284592137e+03
5.574380780293533462e+03
2.765746568119877793e+03
4.484134683715910796e+03
7.023525942212636437e+03
1.689030828448670718e+02
8.963708532049555288e+03
7.843286543302466271e+03
5.742191650274825406e+03
1.712436135780829500e+04
7.042826605143081906e+03
2.758571323347320867e+04
6.604659159808688855e+04
7.990334529163275147e+04
5.829415922124852659e+04
1.797319735122541533e+04
1.205596296033326507e+04
1.594872671185474974e+04
2.054070410016720416e+03
9.474822506898291977e+03
7.401576896150546418e+03
2.422291508401324791e+03
7.356486294261382682e+03
2.900403086672018162e+03
4.113923368570588536e+03
5.173654549973316534e+03
1.093575205980825871e+02
4.442025988299697929e+03
3.024811466780594856e+03
1.825816433912183584e+03
3.924144709748129117e+03
1.081973573349757544e+03
2.771143210225856819e+03
2.891884548099621043e+03
5.081877531199888836e+02
2.985378235332916120e+03
1.627370033079164386e+03
1.600627846997656434e+03
2.615263648659870796e+03
3.585500560025676009e+02
2.179022026702271432e+03
1.863384811963654556e+03
7.199581514458986931e+02
2.247265779055176608e+03
9.175449288455002943e+02
1.460205270946345081e+03
1.892524323215444838e+03
6.518818438856587250e+01
1.811493203410508613e+03
1.251391689868231879e+03
8.283828528022604587e+02
1.772997170234790474e+03
4.767395587199005718e+02
1.349268114106218718e+03
1.412244328597475942e+03
2.838548570318042721e+02
1.546542900562669047e+03
8.359340129145706442e+02
8.841766876558282320e+02
1.429623166948907283e+03
1.799003572556138408e+02
1.246876876927593230e+03
1.058371373398121932e+03
4.434176363573666890e+02
1.333137170900775573e+03
5.308303417561562583e+02
9.047081610041473141e+02
1.157088270778685228e+03
6.040729645526167246e+01
1.147790608654001062e+03
7.808536122963622574e+02
5.507748283428915101e+02
1.148331372386158819e+03
2.945047239340073588e+02
9.022391490325102268e+02
9.301954940763571358e+02
2.098288871562285181e+02
1.049553579587677405e+03
5.545879743893717659e+02
6.214204142678773906e+02
9.834160259661622376e+02
1.104418336311859719e+02
8.808606235458180436e+02
7.346218219101160685e+02
3.301663277683182400e+02
9.503290469201208452e+02
3.656097473883760927e+02
6.636617513778236344e+02
8.319063763502368829e+02
5.928723407604396556e+01
8.448755542128434399e+02
5.627165154169052812e+02
4.200927286682016302e+02
8.500111671417090520e+02
2.061292564142575259e+02
6.834078995304377031e+02
6.910279330412540730e+02
1.726310128047864225e+02
7.970225894018860799e+02
4.099831811427216621e+02
4.848906247394941715e+02
7.490326060263839736e+02
7.418431514552356987e+01
6.848054901709655269e+02
5.594316370140444405e+02
2.684816366535993666e+02
7.396720587535232880e+02
2.740681816230646177e+02
5.282855303443021739e+02
6.480104300276542517e+02
5.864313207392545735e+01
6.707232823795050081e+02
4.362954615902644946e+02
3.440531598976884311e+02
6.748594554763867563e+02
1.538647914149683800e+02
5.532723638561278676e+02
5.477770745812848645e+02
1.501175046729988480e+02
6.437401699016952534e+02
3.216184240253712119e+02
4.011190058994985179e+02
6.042526742177268488e+02
5.240527300288722756e+01
5.623503845025634291e+02
4.493652570190287747e+02
2.295647361277554523e+02
6.059929732238909992e+02
2.157065302153411324e+02
4.414615145883868195e+02
5.294662190594315234e+02
5.836586369750256864e+01
5.575398879366755409e+02
3.537414882703009198e+02
2.941217911674017955e+02
5.594116771162509849e+02
1.193594563239173567e+02
4.667529879406359896e+02
4.521421947482082828e+02
1.350151242571552928e+02
5.406324389664977161e+02
2.619692201711980033e+02
3.442852952106311477e+02
5.056873870408673497e+02
3.850123776072587845e+01
4.784132523176260747e+02
3.736290691586222579e+02
2.027249065265256149e+02
5.134365032551385184e+02
1.751819947165190285e+02
3.809290508309836127e+02
4.465745236353631071e+02
5.816440586178907068e+01
4.778486560650216006e+02
2.954573527653158180e+02
2.587351721243816201e+02
4.773922506863371495e+02
9.486951006085840277e+01
4.049189110915660876e+02
3.835831168229777290e+02
1.241690319215974085e+02
4.663800328600295870e+02
2.188752084367586974e+02
3.031664640942646542e+02
4.341732884915257955e+02
2.965347281152599734e+01
4.171593388932988660e+02
3.182515919304209433e+02
1.829691780346740586e+02
4.453207996771067201e+02
1.452504076219607327e+02
3.363215012879092569e+02
3.852778534165259430e+02
5.799180064333952345e+01
4.186286179370957257e+02
2.520641854434268225e+02
2.322875348528674522e+02
4.160203871047550592e+02
7.659323578338948835e+01
3.584932133673364092e+02
3.320223745502736392e+02
1.159161845082534228e+02
4.102521612252351701e+02
1.862849395117683571e+02
2.719117339656220906e+02
3.797749462288527411e+02
2.442547846227808250e+01
3.704416242627636393e+02
2.759651284640483482e+02
1.677948960141186774e+02
3.931047265331826566e+02
1.223977643605152537e+02
3.018185201201200130e+02
3.379052781644046490e+02
5.788159887913078450e+01
3.727570049821397902e+02
2.183962016892721181e+02
2.117629061247103266e+02
3.683052793271470478e+02
6.249801288993061377e+01
3.222337977763318690e+02
2.917247876823481079e+02
1.094095027420997894e+02
3.662190332081861470e+02
1.606858018128669414e+02
2.473368712134664804e+02
3.369570864859428525e+02
2.197715486835949505e+01
3.335055974187711172e+02
2.424963224070287140e+02
1.557708972773236837e+02
3.516833855908241162e+02
1.042410659237241077e+02
2.744227813937295082e+02
3.002369615793026014e+02
5.775613989750927146e+01
3.361381756665464309e+02
1.915200912473329424e+02
1.952854406730693881e+02
3.300530410433372026e+02
5.132741948304134638e+01
2.930841376852079634e+02
2.593071385602764849e+02
1.041505530877485626e+02
3.307265477874085491e+02
1.400542540439459458e+02
2.274544257690342874e+02
3.023173957600524204e+02
2.145725902360073079e+01
3.035483607080196862e+02
2.153467605195267254e+02
1.459639954319689537e+02
3.179788142460500353e+02
8.949710717333756804e+01
2.520625910827923519e+02
2.694949213108218942e+02
5.762950802752901325e+01
3.061766593695855931e+02
1.695321361074437334e+02
1.817556369167990340e+02
2.986735377261911708e+02
4.232504911530565295e+01
2.691034925853786035e+02
2.326478046393785064e+02
9.977505063415408415e+01
3.014547022497305306e+02
1.230607733377738668e+02
2.109954681738229567e+02
2.736752836854411157e+02
2.209368327874569360e+01
2.787108664613241444e+02
1.928495965214963519e+02
1.377896310325470211e+02
2.899749762576433341e+02
7.728831678166154973e+01
2.334287584145665733e+02
2.438965894758637774e+02
5.749735162722402038e+01
2.811651928827445772e+02
1.511926115697958721e+02
1.704173075099643029e+02
2.724286666026591206e+02
3.500051506921430899e+01
2.489900031537126779e+02
2.103135952654888854e+02
9.605199008649721293e+01
2.768506292355383493e+02
1.088072716217571951e+02
1.971128699895809575e+02
2.495564106601587184e+02
2.331189567663887274e+01
2.577481981993184945e+02
1.738797829601744240e+02
1.308524012355470916e+02
2.663026161274682408e+02
6.701655696589628519e+01
2.176305054084296557e+02
2.222236888527680776e+02
5.735353175573884954e+01
2.599293855528040922e+02
1.356461578176191551e+02
1.607492810132691545e+02
2.501077707016723650e+02
2.902621666604119710e+01
2.318445110738556423e+02
1.912867328470838402e+02
9.286002711306350932e+01
2.558646944190722081e+02
9.666563138930321486e+01
1.852416542844023581e+02
2.289605066684514156e+02
2.475276310603925367e+01
2.397971011000009298e+02
1.576612351629198656e+02
1.248698258561541934e+02
2.460025008404798541e+02
5.826217906539918090e+01
2.040442551276333063e+02
2.036172242435733324e+02
5.720222972081607793e+01
2.416591587982915144e+02
1.222950581803166870e+02
1.523954603066817697e+02
2.308885896278156054e+02
2.420297511773845400e+01
2.170339038104037570e+02
1.748942142709498171e+02
9.004813712755991162e+01
2.377134921870211599e+02
8.620935273550560396e+01
1.749291716092133413e+02
2.111299038663141800e+02
2.624559928762248262e+01
2.242159265615040908e+02
1.436135081915400065e+02
1.196456180555968558e+02
2.283765215408297991e+02
5.072360276572142368e+01
1.922101931017628544e+02
1.874516689698236291e+02
5.703633333620445001e+01
2.257383199507368374e+02
1.106948168666759358e+02
1.450787064582472681e+02
2.141257750309302992e+02
2.040959071144507320e+01
2.040857038789500564e+02
1.605883495516560231e+02
8.756811124852627870e+01
2.218450654282518997e+02
7.709228136666351361e+01
1.658891085010355653e+02
1.955381908318078104e+02
2.768570618995344290e+01
2.105525457761503958e+02
1.313261784428334522e+02
1.150276166256068677e+02
2.129102918352058964e+02
4.417545403456853848e+01
1.817940729481152573e+02
1.732623048726166530e+02
5.685872872910753273e+01
2.117280724224164032e+02
1.005170750834991509e+02
1.386075578218544422e+02
1.993702468160005878e+02
1.757380632649885754e+01
1.926520233711620733e+02
1.479885301257510832e+02
8.534652597313619538e+01
2.078435567957398007e+02
6.909057782809237835e+01
1.578733145806432105e+02
1.817712072189135029e+02
2.903933542973653559e+01
1.984527529462601478e+02
1.204798788595352761e+02
1.109053494140749478e+02
1.992160029517714008e+02
3.845618250559837747e+01
1.725379181921472025e+02
1.606979450311816038e+02
5.666891039711609324e+01
1.992876868204103857e+02
9.151420467650068247e+01
1.328309723316079101e+02
1.862726075052578665e+02
1.566010401841037414e+01
1.824695001386927515e+02
1.368154252302745419e+02
8.331941609578007046e+01
1.953655231227276659e+02
6.200686918517883583e+01
1.506972503078094405e+02
1.695072077455428428e+02
3.029117835496989741e+01
1.876439946480601577e+02
1.108262690772209709e+02
1.071917228402872269e+02
1.869894223955016912e+02
3.343823545552260867e+01
1.642409905288850211e+02
1.494825107039981731e+02
5.646579282084428542e+01
1.881485533429305974e+02
8.348835436700316848e+01
1.276296138024523827e+02
1.745524381665049702e+02
1.460246169980576703e+01
1.733236143964429630e+02
1.268214970463735654e+02
8.146462867760588722e+01
1.841685275897343104e+02
5.569671428035978522e+01
1.442247788187133324e+02
1.585049239168740201e+02
3.143603473247594238e+01
1.779162286989499364e+02
1.021751909727097427e+02
1.038184551419655008e+02
1.759938657370610144e+02
2.902672773035071074e+01
1.567486679769784814e+02
1.394026741038622106e+02
5.624739613956210604e+01
1.781011234982450731e+02
7.628843345769661255e+01
1.229059705714614807e+02
1.639836178702344966e+02
1.429429945403969349e+01
1.650521875891121795e+02
1.178161720208855598e+02
7.976277208239835659e+01
1.740542060812138629e+02
5.003098868121280418e+01
1.383599347743395356e+02
1.485802065293903240e+02
3.247001821955826983e+01
1.691096198067116632e+02
9.438158678368424148e+01
1.007287367846771957e+02
1.660420126707695658e+02
2.514948608371363648e+01
1.499413259641722789e+02
1.302873975007690035e+02
5.602027079335449855e+01
1.689931768428398300e+02
6.979606565595088341e+01
1.185952109253266400e+02
1.544157758829064733e+02
1.454377235963675119e+01
1.575260531711647332e+02
1.096767370174712113e+02
7.816504755071377986e+01
1.648578893953417719e+02
4.494338767693406567e+01
1.329842838291465625e+02
1.395597201456069740e+02
3.340705831787541769e+01
1.610730623780628719e+02
8.730890943004746418e+01
9.788524178628476591e+01
1.569816800283149405e+02
2.175759023734378772e+01
1.437146848081970631e+02
1.220021401392131537e+02
5.577051327277233383e+01
1.606685703394662141e+02
6.390827437648484022e+01
1.146222186891912997e+02
1.456733759506245747e+02
1.520074369519905133e+01
1.506331482010930358e+02
1.022449372899862965e+02
7.669493069980107691e+01
1.564623679040771265e+02
4.032885231754663380e+01
1.280623108406443293e+02
1.313375587515462257e+02
