7.977553877498968404e+01
1.193096032801946080e+02
1.454626616634587890e+02
5.721906629954086299e+01
1.515690108642293126e+02
1.107537886097137232e+02
9.199114623588879169e+01
1.587580102911962570e+02
6.810559066187995825e+01
1.355863533718242877e+02
1.385309716215276978e+02
6.646871470585942632e+01
1.604043089852886510e+02
9.757954869250319518e+01
1.105883962001517631e+02
1.579372149387140780e+02
6.136989190438630715e+01
1.500529694925668593e+02
1.287682893305348841e+02
8.201117538393654627e+01
1.662050568851039145e+02
8.414259396945899994e+01
1.289837643857566718e+02
1.538149123526871165e+02
6.310936101037210477e+01
1.621720798821172878e+02
1.166708445858051562e+02
1.007268202216846191e+02
1.687385590664351014e+02
7.276486775890610659e+01
1.461885253255689747e+02
1.465091212823537603e+02
7.388477866467452770e+01
1.714673501902814223e+02
1.031070771358180025e+02
1.205656295357060799e+02
1.678509069229626505e+02
6.705331087907997301e+01
1.615099032402559374e+02
1.362763524550541661e+02
9.083151928938521280e+01
1.775898363833936742e+02
8.955827093104394976e+01
1.401408466334656282e+02
1.635195103732036728e+02
7.036373723860270957e+01
1.743856814271590565e+02
1.237586908253998530e+02
1.110207112145278785e+02
1.803318439904462878e+02
7.873478867506590007e+01
1.585353059770195046e+02
1.559115661567208235e+02
8.278051003930976037e+01
1.843417126953246168e+02
1.099411029509849129e+02
1.322549375580287290e+02
1.794563539448299423e+02
7.428952111052311125e+01
1.749364048339062663e+02
1.453392843448266660e+02
1.013658132156986369e+02
1.909275495334738082e+02
9.648902404368369901e+01
1.533391413547852551e+02
1.750666082983318859e+02
7.935227836976835647e+01
1.887734028081922020e+02
1.325093091026631953e+02
1.232811070379840004e+02
1.940492240446203880e+02
8.648561841059910194e+01
1.731880267273568563e+02
1.673291935482336612e+02
9.387064425379790578e+01
1.997163043836068255e+02
1.186947091515334165e+02
1.464030749389272046e+02
1.935376562342687237e+02
8.385637858664792077e+01
1.910521512554894059e+02
1.565915046145377971e+02
1.143784617235173329e+02
2.071812163125378845e+02
1.058551650450727948e+02
1.692297311458499109e+02
1.892552649889594250e+02
9.124251673224986803e+01
2.062912357607074512e+02
1.437831863206804144e+02
1.385898103683565807e+02
2.110614910249970535e+02
9.720904931051016717e+01
1.910322591192058326e+02
1.815866406476446855e+02
1.079455421037121710e+02
2.186346997202450950e+02
1.303626733765414087e+02
1.638724745340173001e+02
2.110849790442721314e+02
9.687722223687941892e+01
2.111038995286936881e+02
1.713502569985622870e+02
1.309478019678993803e+02
2.272665231898060370e+02
1.184866515161853897e+02
1.892540825298859204e+02
2.075172398422647575e+02
1.072013057379174938e+02
2.283888048662368817e+02
1.589643324081947924e+02
1.578719696925149094e+02
2.324214976825766144e+02
1.121725545829016113e+02
2.140158629269049300e+02
2.006087106195989804e+02
1.265637196693424897e+02
2.427780221122799560e+02
1.467900232159308302e+02
1.866317239666760486e+02
2.340154847509209048e+02
1.149128152473783189e+02
2.369525639755979967e+02
1.916391818301689796e+02
1.534245430100200736e+02
2.537464455615290149e+02
1.371788061406733448e+02
2.155921408427225003e+02
2.318215795045368566e+02
1.291235449200248695e+02
2.574283822167720359e+02
1.801908495244169615e+02
1.841358400926887668e+02
2.616087220363999108e+02
1.341092302959823996e+02
2.442622939495390426e+02
2.269656652232214924e+02
1.531375839136198636e+02
2.754368465832644688e+02
1.706221249421463710e+02
2.179980554227566927e+02
2.663717836112465989e+02
1.420188037187628254e+02
2.718815577289547605e+02
2.202293674143487294e+02
1.857499089719324274e+02
2.914660225984218869e+02
1.661612910095434756e+02
2.527315274801021303e+02
2.673417295424941926e+02
1.628431028939109808e+02
2.993507742366379034e+02
2.139771332633426368e+02
2.237832517130059671e+02
3.047320281840239886e+02
1.704040993030438642e+02
2.900736930727637741e+02
2.683249305045135316e+02
1.946805089992247986e+02
3.251181242632451927e+02
2.120400460235236721e+02
2.667714553086476599e+02
3.160354834707903819e+02
1.887841524305558778e+02
3.288012148731140201e+02
2.696325710374469509e+02
2.393968814189998682e+02
3.522503705697866394e+02
2.187479260568574091e+02
3.165988686671403229e+02
3.302385340776203861e+02
2.239816850853873405e+02
3.707095679787240101e+02
2.771442332091518210e+02
2.942113278629313982e+02
3.814021440558277050e+02
2.417323873816037292e+02
3.731563905643634484e+02
3.485484382980503142e+02
2.777514151881626958e+02
4.187441525847652883e+02
2.976692084669111864e+02
3.641811774927772376e+02
4.188176994493318830e+02
2.895584989827989943e+02
4.435926271435775448e+02
3.809901554713305813e+02
3.572771173924771801e+02
4.842350509880806726e+02
3.472474763525114554e+02
4.572979639188257011e+02
4.774698142923338082e+02
3.766247571700938579e+02
5.407026336889334743e+02
4.470394435973406644e+02
4.767922416053482380e+02
5.816845519305235257e+02
4.461890006869179501e+02
5.993452921253253862e+02
5.883834181068759790e+02
5.309457888934659877e+02
7.019444638520816397e+02
5.929532792543456026e+02
6.840089076377514630e+02
7.789444029929391036e+02
6.783278951350516763e+02
8.773797454987782203e+02
8.589712421034388399e+02
8.825291356992079272e+02
1.099856381233001002e+03
1.033742219749896094e+03
1.226842397257843231e+03
1.402202978371048403e+03
1.429429411837096268e+03
1.803758932386832839e+03
2.018092462866599362e+03
2.299144066035512878e+03
2.875625419603667069e+03
3.192829963871674408e+03
3.344123067018434995e+03
3.258834686118852460e+03
2.672895155244063517e+03
2.188364264550053122e+03
1.947635206139133516e+03
1.480070753696319343e+03
1.322182570592452521e+03
1.217571394477008880e+03
9.106361304297861352e+02
9.556510187246444730e+02
8.002116408832057459e+02
6.662307927531168161e+02
7.605211269883157001e+02
5.412182198637772217e+02
5.827478690822197223e+02
5.806528077593829948e+02
3.793424631605399782e+02
5.269939123114406812e+02
4.031672481813115496e+02
3.471535325455986936e+02
4.508563485097631087e+02
2.505053876042232446e+02
3.650116608643704694e+02
3.407759372331905183e+02
2.034095344219704202e+02
3.633136136136655523e+02
2.126543966590392358e+02
2.488273089966017437e+02
3.103387260504993037e+02
1.171477453376966622e+02
2.897291142623188307e+02
2.167668296646990314e+02
1.500000231568078846e+02
2.807773961174916622e+02
1.017570414098003084e+02
2.187418480716284250e+02
2.238928585328891927e+02
6.475441438320088139e+01
2.440333652715633832e+02
1.253346004911992964e+02
1.538180698761345866e+02
2.266225565211983906e+02
2.434995200891434664e+01
2.090877590961500516e+02
1.607630521276716422e+02
8.862750106024982699e+01
2.152685949965879502e+02
6.317269413295608160e+01
1.674793299616213460e+02
1.819802372002224047e+02
3.524647550392839435e+01
1.960879542356550189e+02
1.037937866830310583e+02
1.236872796107288224e+02
1.881097709206977697e+02
3.122024601594702276e+01
1.751309381266449918e+02
1.363476699708467947e+02
8.388872273254104073e+01
1.852153314289666923e+02
6.252535777536951400e+01
1.496812628344546852e+02
1.575736358731297742e+02
5.632267588831401639e+01
1.791236833359222942e+02
9.932102784626705727e+01
1.223213687097474320e+02
1.689957883257218327e+02
5.424257968112274142e+01
1.698838019655074163e+02
1.283974299931156224e+02
9.542683130732189056e+01
1.755264579502810136e+02
7.051292458530888041e+01
1.535222727423292781e+02
1.526946982865889879e+02
7.609096673195674043e+01
1.777314591176611600e+02
1.009887932872320988e+02
1.298078791367086922e+02
1.674627135218112244e+02
6.956652967533800336e+01
1.678462847208276401e+02
1.251259064105520338e+02
1.137108538722754218e+02
1.803525288611502901e+02
8.075134864372405730e+01
1.569965919119966031e+02
1.505303810078794413e+02
9.237357380216434422e+01
1.815081158747473467e+02
1.029448005750872142e+02
1.428523969331231172e+02
1.702601351230821081e+02
7.889318166772686425e+01
1.768599343761093508e+02
1.264515901905568001e+02
1.242313171644168648e+02
1.864374581751932851e+02
8.639503485877391142e+01
1.690669907212214866e+02
1.536564756154676274e+02
1.015987656641403305e+02
1.913437738739175131e+02
1.037920638900314714e+02
1.567171864789392544e+02
1.779530348763639154e+02
8.631324610143451537e+01
1.961439068339772405e+02
1.336711039034649673e+02
1.346699835615768563e+02
1.999891288632712758e+02
8.696549827728726711e+01
1.876620365741977139e+02
1.662222430562346744e+02
1.074828952218618952e+02
2.108196421082209895e+02
1.092484461090507892e+02
1.733913715541104921e+02
1.981468956177501468e+02
8.639952354791738287e+01
2.156458226882780309e+02
1.447549871297118216e+02
1.443042715062035484e+02
2.232791302508918818e+02
8.628591002798766851e+01
2.052088511352753528e+02
1.840785402004490834e+02
1.112658218550832174e+02
2.397956379178836244e+02
1.171257087718228149e+02
1.817691241637112967e+02
2.213616700395822363e+02
7.829791356100955113e+01
2.417103393638738851e+02
1.652967116923062747e+02
1.485178506069406694e+02
2.544002839671347544e+02
8.614509168630807778e+01
2.286582231675970718e+02
2.177355497330890728e+02
1.016680830844250494e+02
2.726945582048230108e+02
1.378014041901095368e+02
1.951127443004960469e+02
2.632953192330342063e+02
6.828188791637704469e+01
2.727880241235639005e+02
2.039030263167599060e+02
1.442243883367449939e+02
2.981828309015621130e+02
1.038609028563926415e+02
2.451847391567558248e+02
2.640794304179167398e+02
8.230928042484875107e+01
3.113141354384110855e+02
1.783319957258966042e+02
1.967216046365714135e+02
3.151446228916415180e+02
6.574033640061013273e+01
2.975365599560811347e+02
2.564219200535486607e+02
1.262982447629874088e+02
3.446945218623534970e+02
1.423448400717551294e+02
2.563300931718691231e+02
3.250037242031923483e+02
5.269497712145381740e+01
3.473760293560503101e+02
2.368282521717958957e+02
1.867277310308398626e+02
3.737368351721910358e+02
9.820599916160317377e+01
3.172524185033246340e+02
3.243506560388981939e+02
9.478541931315120905e+01
3.943716946409301727e+02
2.066582363518663783e+02
2.540062970039444963e+02
3.934072321668962786e+02
4.794513934214538153e+01
3.789751119998828131e+02
3.120034071452039939e+02
1.616938580040689999e+02
4.351193757947817744e+02
1.618800594141422948e+02
3.282704657255569032e+02
4.041314579817054664e+02
4.799798162618960617e+01
4.405285446715736839e+02
2.873343580180753065e+02
2.407820449567904575e+02
4.697768976583734570e+02
1.047422294495303134e+02
4.057247760279124691e+02
4.028256535336934689e+02
1.205910045501869803e+02
4.990833451522556174e+02
2.474614981810112511e+02
3.300456768461465344e+02
4.961851976463861433e+02
3.541266343631045999e+01
4.863866642005030485e+02
3.881829175696929610e+02
2.129976382272471938e+02
5.544825498940531361e+02
1.919640970074929385e+02
4.279139505363607441e+02
5.129075412438943431e+02
6.035104306911554062e+01
5.688572706324124511e+02
3.592605985715649126e+02
3.184515655008905242e+02
6.033261241810776028e+02
1.188490674118151418e+02
5.318596184084234437e+02
5.145089293021172807e+02
1.666167161512173891e+02
6.520203123886449248e+02
3.112647849436092997e+02
4.393141018651445506e+02
6.432221570562703619e+02
2.139065154260711310e+01
6.487112425122135164e+02
5.042420410431411142e+02
2.933407596726024735e+02
7.359291010885825699e+02
2.427536729100132789e+02
5.784274906915520660e+02
6.786135640481745668e+02
9.369788376389458051e+01
7.687018678719093714e+02
4.729840537625906336e+02
4.429710367147065426e+02
8.161641172113847915e+02
1.476731035802094993e+02
7.351523563720975289e+02
6.979321127399729221e+02
2.423889879458212988e+02
9.006860337263607335e+02
4.176899575463663723e+02
6.237653217420954661e+02
8.957063100563053695e+02
2.961559892056717658e+01
9.152977769709920040e+02
6.993692549507858303e+02
4.324240493431639152e+02
1.048581361078078544e+03
3.332023312769019299e+02
8.435106103405800013e+02
9.729751844328536663e+02
1.591674183181395676e+02
1.130072924605460230e+03
6.810346971378411354e+02
6.745572779325350439e+02
1.214236523216079149e+03
2.069082384749276855e+02
1.120148998174553526e+03
1.046911838421849779e+03
3.977352233642352530e+02
1.394345445997335219e+03
6.282134744067733436e+02
1.003869304391747733e+03
1.414557551924503969e+03
6.644509388259974969e+01
1.493758851877454845e+03
1.126073390143976667e+03
7.412358553168737672e+02
1.747947106078395791e+03
5.331202836153164526e+02
1.471927319063494451e+03
1.676233818346550606e+03
3.235111017605531742e+02
2.031961011574024042e+03
1.210503766065595300e+03
1.280257740964124196e+03
2.272646319445109384e+03
3.620547896862463517e+02
2.220469831059973330e+03
2.068655560713189971e+03
8.668278483547643418e+02
2.933236457464292471e+03
1.314452712914582435e+03
2.265027361367627691e+03
3.211844199554054740e+03
2.229919439038514213e+02
3.702796716473983906e+03
2.830352794858748894e+03
2.080180063864556814e+03
4.939599109381003473e+03
1.504464681839514697e+03
4.812989261411009466e+03
5.749093803567710893e+03
1.383201219150279485e+03
8.532257876998739448e+03
5.565134639332601182e+03
7.319352598313544149e+03
1.530653464359091777e+04
3.025593137469802514e+03
2.991904124192892050e+04
6.174510883928166731e+04
6.902030511085322360e+04
4.602843398518981121e+04
1.059415646385876607e+04
1.268131794984764929e+04
1.263506953120836806e+04
8.831764561702711944e+02
8.885577942971289303e+03
5.322794862472840578e+03
3.361778980953818518e+03
6.311833619855406141e+03
1.506998800402813458e+03
4.260875976944484137e+03
4.086680131588900167e+03
9.235116599700303368e+02
4.093890838393203467e+03
2.061257817143669399e+03
2.205982735271240017e+03
3.319997772872379301e+03
4.261120197423769014e+02
2.749449759346801784e+03
2.211908632211823715e+03
9.801211380547952103e+02
2.675143838321078420e+03
1.009598765499996375e+03
1.771586205694683485e+03
2.153822072276150720e+03
2.212116691615939033e+02
2.080867351299207257e+03
1.357306330564176960e+03
1.000144108771334686e+03
1.958663393272499206e+03
4.820312283744152637e+02
1.522447864363200551e+03
1.507118471015417526e+03
3.953250387293859376e+02
1.679692069429368303e+03
8.544442881122201925e+02
9.974177321510741194e+02
1.505656174108200958e+03
1.881736489498380820e+02
1.343743298134073257e+03
1.081500347843015561e+03
5.262032545184925993e+02
1.393830836549924925e+03
5.180454875035128453e+02
9.770044041287393384e+02
1.178895975515621330e+03
1.510571393224972496e+02
1.196775096060388933e+03
7.719420997405262597e+02
6.094165275576212935e+02
1.167152521473935622e+03
2.777139625861490231e+02
9.437332377006051729e+02
9.233571030782675280e+02
2.691136720509301767e+02
1.067171946921143672e+03
5.327786403669130095e+02
6.596575796783554324e+02
9.777840603505658237e+02
1.205823256036196227e+02
8.987712153527921828e+02
7.128525394861013638e+02
3.715585246016267433e+02
9.470681802160801226e+02
3.419415625468668622e+02
6.848056761841004345e+02
8.119137545454618703e+02
1.208490622564332142e+02
8.456039094679626942e+02
5.350210241969920162e+02
4.472241946487613973e+02
8.331184878551067641e+02
1.902269313261979562e+02
6.903251664248558654e+02
6.633657842627299033e+02
2.113616600918515758e+02
7.847350635415288025e+02
3.811556199562976985e+02
5.009713531803423052e+02
7.246896778525389209e+02
8.892821710254862921e+01
6.805949141396300774e+02
5.292437593981952659e+02
2.938322534209735295e+02
7.195976189925453355e+02
2.512369698993914540e+02
5.325230682017223671e+02
6.184501230494381616e+02
1.048445273170138705e+02
6.573476165139621799e+02
4.066942365819980409e+02
3.584313201517316543e+02
6.486987414381749204e+02
1.416400463931871911e+02
5.484263666792361391e+02
5.165217128652617475e+02
1.782920371955349879e+02
6.234419363253388155e+02
2.953646880265217192e+02
4.062331328255325502e+02
5.745759271637796246e+02
7.131142887867405022e+01
5.499919924448960273e+02
4.187245487669290469e+02
2.464798243243874367e+02
5.807795964730179321e+02
1.956056717280364694e+02
4.386131812240341787e+02
4.984278538694521785e+02
9.479853166765433059e+01
5.391610330857035933e+02
3.256426565448044812e+02
3.021291077529539848e+02
5.310852848290812744e+02
1.106885565601476742e+02
4.570646796825897695e+02
4.214090268205944767e+02
1.567178799195635293e+02
5.177650383843288182e+02
2.382708096875011563e+02
3.447037371152167111e+02
4.758706829387999733e+02
6.074890234439310177e+01
4.630649914116881973e+02
3.448151307166589277e+02
2.146820266587562855e+02
4.872726647150777239e+02
1.580450644593624361e+02
3.748025840167393881e+02
4.165800816768192476e+02
8.782349646701403856e+01
4.580047886390601661e+02
2.697921313985116853e+02
2.631451340318772623e+02
4.494773684248054337e+02
8.942883234717245955e+01
3.931910250864453928e+02
3.547492966180460030e+02
1.414022797109708165e+02
4.431423384890219950e+02
1.978400758200910730e+02
3.010225783977866172e+02
4.055596566226345203e+02
5.403338761527118805e+01
4.008445086316825723e+02
2.917095140687296180e+02
1.918161819969119790e+02
4.198139050716877705e+02
1.308955435893448112e+02
3.285193821416754645e+02
3.570490181860512280e+02
8.269860494622642477e+01
3.986656500849021540e+02
2.288431138275163903e+02
2.344513178238184707e+02
3.892788990085143723e+02
7.407849999890775905e+01
3.461887489321999283e+02
3.054458029028970145e+02
1.299431794696698432e+02
3.876766037518426060e+02
1.677677032140270228e+02
2.683161054820583331e+02
3.529264819907558035e+02
4.968982346894004820e+01
3.539975609548376951e+02
2.516867281181996816e+02
1.744585172778246829e+02
3.687727546782053878e+02
1.104362149925646150e+02
2.932885133575790633e+02
3.117456510355087289e+02
7.871278229401588078e+01
3.533030695732135200e+02
1.975533784594465203e+02
2.123749382285099045e+02
3.431185900785520175e+02
6.247516120838527343e+01
3.095216795016311835e+02
2.671378437645197437e+02
1.210261297108850869e+02
3.445430954554992695e+02
1.443484960975189324e+02
2.428570126246266057e+02
3.118366804345577634e+02
4.680332867908065708e+01
3.174168065146535014e+02
2.203981841755995106e+02
1.607553947427866206e+02
3.286117510070470757e+02
9.438827585637314144e+01
2.655306041206461032e+02
2.759748167222202824e+02
7.556142482781665137e+01
3.173922145713019631e+02
1.727276033475345969e+02
1.948700244157249699e+02
3.064150940308296072e+02
5.363504974178951556e+01
2.804849625392207599e+02
2.367013116874668981e+02
1.138400232406358441e+02
3.100949865313376677e+02
1.256788733672780580e+02
2.224011440883107866e+02
2.788777734027900692e+02
4.489840885144135285e+01
2.879257370797419071e+02
1.951536062479445661e+02
1.497045289380990312e+02
2.962155455787473670e+02
8.151624804151698811e+01
2.430418488624951578e+02
2.470071785836821050e+02
7.298852428625495747e+01
2.882285998515069423e+02
1.525805764156725388e+02
1.805667829211480182e+02
2.765024123336794446e+02
4.678236748933861122e+01
2.567386324382850376e+02
2.118172426679609543e+02
1.079175482434511935e+02
2.818699278970651676e+02
1.104053551371165156e+02
2.055854128824157385e+02
2.518071347957238970e+02
4.363482332791189577e+01
2.636370765298318588e+02
1.743872397023600627e+02
1.405226010066897118e+02
2.694412714820257406e+02
7.098055511013762953e+01
2.244032439807621699e+02
2.230159549606025564e+02
7.083865657106557023e+01
2.640191469601309677e+02
1.358732896702068160e+02
1.686421387229476920e+02
2.516138667304179535e+02
4.144933324469806024e+01
2.369282730447690710e+02
1.910718893872443402e+02
1.029281844992825086e+02
2.582758636253618079e+02
9.767429268278552001e+01
1.914818356981490695e+02
2.291353996371206279e+02
4.279936878441901627e+01
2.432411594487626303e+02
1.569692147073850208e+02
1.327621359332787279e+02
2.469170610362729974e+02
6.223038496542098841e+01
2.086717911480945986e+02
2.027978449605866444e+02
6.899800355089567461e+01
2.435546197641914716e+02
1.217758091483016045e+02
1.585258392944324157e+02
2.305498386426480408e+02
3.730999201809357402e+01
2.201141694666378328e+02
1.734882341916886617e+02
9.865179770564913042e+01
2.382222152435905400e+02
8.690104324833946237e+01
1.794529787676270871e+02
2.098340708448438363e+02
4.226765086183194597e+01
2.258352970858377091e+02
1.421165669227688397e+02
1.261169437061474525e+02
2.276818057330874296e+02
5.486534927779053561e+01
1.952034706768442618e+02
1.855106190358862932e+02
6.740202618032290616e+01
2.260162172796922562e+02
1.097237054413785273e+02
1.498106543542734244e+02
2.124691832024010978e+02
3.413357242241220035e+01
2.056422253754347764e+02
1.583794685282858836e+02
9.493588848260961299e+01
2.209513154346387864e+02
7.766931104933284757e+01
1.690561163792884543e+02
1.931984593705239490e+02
4.192401882296879734e+01
2.107887097715552898e+02
1.293160244299652391e+02
1.203202561077153234e+02
2.110321268892557782e+02
4.863343782098730372e+01
1.835025684253703560e+02
1.705345985019069985e+02
6.599749786471127777e+01
2.107814451174807289e+02
9.928970333623827571e+01
1.422079227711090255e+02
1.967563215045098559e+02
3.173821720659692147e+01
1.930293953661802959e+02
1.452458492769740985e+02
9.166019472861786710e+01
2.058898500552232633e+02
6.967996113458514174e+01
1.599526674867093448e+02
1.786780704526488250e+02
4.172611779656169517e+01
1.976241811896999536e+02
1.181415393313679090e+02
1.152263954135011090e+02
1.964620329280805038e+02
4.330764006572806579e+01
1.732389846276803382e+02
1.574283574156572456e+02
6.474140957307821509e+01
1.974118960947704693e+02
9.016876643899564669e+01
1.355012244982216600e+02
1.829592645869040837e+02
2.997621486219160403e+01
1.819224330050593892e+02
1.337115790069643992e+02
8.874368041798156526e+01
1.926268423428685139e+02
6.270078489104876951e+01
1.519039326907404188e+02
1.658874289138810525e+02
4.161265189248734231e+01
1.859933972137007459e+02
1.082968103801098465e+02
1.106971782498522714e+02
1.835993717885160947e+02
3.876988235235903346e+01
1.641384931995996510e+02
1.458509345795839636e+02
6.360695816730030572e+01
1.855659531517367213e+02
8.212829728853300537e+01
1.295274630355552006e+02
1.707352641182577599e+02
2.872886026313894448e+01
1.720499220595670522e+02
1.234958336708242257e+02
8.612099577194175026e+01
1.808431223218888135e+02
5.656355055222165618e+01
1.447245840162376567e+02
1.545287020648842997e+02
4.155501255862667875e+01
1.756320764461269164e+02
9.957177250402499169e+01
1.066184145162399091e+02
1.721314521543545482e+02
3.489511700560973395e+01
1.559948924629545104e+02
1.355344696633430601e+02
6.257227178896786768e+01
1.749799072543086140e+02
7.498369916670090163e+01
1.241608659319471144e+02
1.598169767621356243e+02
2.788996074563893401e+01
1.632003727498385786e+02
1.143765859440272550e+02
8.374097148106750410e+01
1.702881452372779734e+02
5.113294560942100020e+01
1.382669376798003213e+02
1.443613354374949722e+02
4.153114691398041458e+01
1.663245533926973394e+02
9.177254658540404364e+01
1.029247425892360610e+02
1.618380406180548619e+02
3.160134521081382175e+01
1.486537339705507179e+02
1.262787412919196726e+02
6.161799846974902550e+01
1.654504056675136781e+02
6.859646587438098209e+01
1.193015575440251723e+02
1.499952291752166502e+02
2.737230340062545153e+01
1.552100405092502342e+02
1.061827409733982677e+02
8.156145317474401679e+01
1.607654441624762285e+02
4.630978696682937823e+01
1.324109435164159834e+02
1.351911317926910385e+02
4.153737784308855652e+01
1.579050811058433510e+02
8.474942441166543006e+01
9.956230910841667026e+01
1.525352948037435112e+02
2.880547419858586977e+01
1.420022666944381058e+02
1.179271865097064733e+02
6.072713434403669908e+01
1.568217520013729143e+02
6.285796810835868342e+01
1.148698002736226869e+02
1.411044393438835698e+02
2.710170443881042246e+01
1.479519508195275819e+02
9.877444519672690149e+01
7.955775732813773971e+01
1.521308838394857901e+02
4.200679826411558082e+01
1.270746993686831701e+02
1.268884239248115620e+02
4.154192023094355335e+01
1.502468584742075848e+02
7.841072064119275353e+01
9.646202211749047706e+01
1.440792740488357992e+02
2.648055406918075150e+01
1.359161622261627258e+02
1.103407508714695240e+02
5.989106869741983274e+01
1.489491231117926020e+02
5.767023981813343880e+01
1.108058131701729963e+02
1.330096407153895655e+02
2.701462563999923816e+01
1.413163732877269467e+02
9.204547958603761515e+01
7.769138421533800454e+01
1.442412512561102460e+02
3.816751247771146893e+01
1.221695133073888968e+02
1.193042021736308982e+02
4.156549107704651647e+01
1.432331436979698367e+02
7.262893711689545739e+01
9.361770161070903384e+01
1.363561166177285031e+02
2.455003977510259361e+01
1.303439379762475028e+02
1.034251498283423985e+02
5.909836433066862327e+01
1.417452802834686736e+02
5.296952357007786105e+01
1.070550803720895203e+02
1.256057709829520377e+02
2.706317654733646094e+01
1.352209521675883934e+02
8.590060767255756957e+01
7.595377642062319978e+01
1.370108047107530069e+02
3.472996525849412564e+01
1.176494380001763034e+02
1.123663779963102343e+02
4.157802973161103921e+01
1.367863864590235892e+02
6.736037419769293422e+01
9.096739311418154728e+01
1.292623515240175323e+02
2.299366701997076845e+01
1.252001861611489772e+02
9.708647355284617220e+01
5.834235485437831414e+01
1.351134669717272914e+02
4.869206318701581182e+01
1.035760182388252559e+02
1.188009500954586883e+02
2.720860438378161206e+01
1.295938383087806471e+02
8.026640692708990343e+01
7.432399473727666361e+01
1.303512423808691381e+02
3.165396167540930250e+01
1.134609481983181354e+02
1.059894542761185079e+02
