1.640089347442831524e+02
1.417001519480489549e+02
1.912614745144786923e+02
1.413056105301316165e+02
1.692815995135400442e+02
1.834183291214834810e+02
1.353142693799706819e+02
1.920261003183208572e+02
1.611031319191883711e+02
1.554413581411778580e+02
1.974467171381990340e+02
1.410236382550688177e+02
1.845756423174035774e+02
1.831668180959962058e+02
1.445345488563099252e+02
2.032019477268835601e+02
1.583958104074920641e+02
1.713638819923455969e+02
2.017349978044336467e+02
1.436099778892125869e+02
1.995704322042324463e+02
1.814650681981356399e+02
1.572220977299928109e+02
2.125490664872701529e+02
1.563646409676381097e+02
1.884706986496861134e+02
2.039616242235117340e+02
1.502992577002959820e+02
2.142719141756671775e+02
1.792531980682055064e+02
1.735426539351768440e+02
2.205187722783036293e+02
1.569246457372788939e+02
2.066374481185887930e+02
2.047463830767846389e+02
1.614887050714828831e+02
2.278017926137259792e+02
1.770547912295146489e+02
1.924379763300066770e+02
2.264981560965939025e+02
1.610117335112427952e+02
2.250627464261002331e+02
2.041158967545651421e+02
1.771493011391239349e+02
2.401243519695197222e+02
1.760783355002040196e+02
2.132305658667532668e+02
2.306474249956455367e+02
1.696319630760267216e+02
2.430700510146389490e+02
2.027823044847076233e+02
1.968169292815203448e+02
2.507319446306324267e+02
1.778384470400909834e+02
2.355212118565458184e+02
2.331986823098609705e+02
1.837569919061895973e+02
2.605122438303440049e+02
2.018408771685287206e+02
2.201333652303369490e+02
2.596170338881983639e+02
1.838133196931041198e+02
2.586418436648344823e+02
2.343804221195153445e+02
2.033833617287619404e+02
2.770686142325049559e+02
2.024785333112203602e+02
2.462776290442626248e+02
2.668519948855023358e+02
1.955888271057952181e+02
2.822442749778885513e+02
2.352288832547088475e+02
2.285032588754449137e+02
2.923537515975656902e+02
2.064867938653561907e+02
2.751974392310805229e+02
2.730089481391208324e+02
2.142544966264344168e+02
3.057268190158985135e+02
2.364970151689557838e+02
2.586495337651249429e+02
3.063465045256564849e+02
2.159936960004142463e+02
3.060267616927257563e+02
2.774305732571309022e+02
2.402961901333410424e+02
3.298912940224639101e+02
2.402209724495353100e+02
2.935153937564987814e+02
3.196368575543785937e+02
2.332117278927587165e+02
3.389898222701643817e+02
2.825889414642904285e+02
2.745535400823611667e+02
3.534502093544294326e+02
2.479816880335114604e+02
3.336492850178959770e+02
3.323246408661337341e+02
2.595171185069693820e+02
3.745562818924073554e+02
2.894455584318587285e+02
3.166382422607638887e+02
3.778964830970235766e+02
2.643887558216115394e+02
3.789906316778611881e+02
3.450690865845620579e+02
2.971904210225259817e+02
4.128634954470397815e+02
2.998528619517625202e+02
3.678927934980707164e+02
4.039175558730912030e+02
2.922558170735915155e+02
4.310950101154388676e+02
3.604066314943082716e+02
3.475463151919087750e+02
4.545586384875483077e+02
3.188407448169657528e+02
4.303811564565953631e+02
4.314000246093400506e+02
3.351116744779320129e+02
4.921521642787390078e+02
3.801298487198952785e+02
4.143542363250576841e+02
5.024992282638007737e+02
3.493973719843374965e+02
5.073738132122463185e+02
4.648723546690620196e+02
3.959761837761486163e+02
5.617276787228086050e+02
4.060038615832065716e+02
5.037928690653984631e+02
5.617326751856072633e+02
3.987771490138443369e+02
6.048944812316817661e+02
5.101010455853930807e+02
4.875632400282071330e+02
6.547275677119267812e+02
4.544891143024449320e+02
6.228830710600959719e+02
6.386920280176576625e+02
4.854311889473917745e+02
7.325684242501291692e+02
5.705317598344428234e+02
6.259193745745128581e+02
7.808513794885845982e+02
5.347903878670700806e+02
7.950905202284760662e+02
7.450782189543225513e+02
6.338639066269308842e+02
9.327946019429532498e+02
6.791835453133292049e+02
8.451402153428574593e+02
9.719868767603419428e+02
6.835888666251485120e+02
1.082211400057932224e+03
9.328797690189453533e+02
8.977264632256276400e+02
1.262480398765714654e+03
8.785321151114337681e+02
1.253547900339631042e+03
1.339108578430673106e+03
1.025281480629134649e+03
1.654438844259665757e+03
1.316795516058132534e+03
1.505121439024877191e+03
2.034438997912987361e+03
1.422112875634828242e+03
2.333076792943045348e+03
2.377825058126312797e+03
2.097918488408446137e+03
3.558712923434059576e+03
2.887002690886952678e+03
4.223397762356818930e+03
6.071943216771942389e+03
5.415481606825477684e+03
1.321736351978597668e+04
2.197952212185788085e+04
2.274604394167894134e+04
1.481334439363095953e+04
5.758574324821594018e+03
5.756199231240045265e+03
4.595895821841644647e+03
2.536969034893579192e+03
3.420456782855858364e+03
2.191022445237850661e+03
1.981159637733523141e+03
2.277043345702215902e+03
1.246671474028282546e+03
1.745793187000545913e+03
1.479448885255983441e+03
1.032363561714118077e+03
1.487145185018429856e+03
9.200439508756435316e+02
1.036045711767545072e+03
1.148315935859468937e+03
6.603567318861865942e+02
1.024943911239179215e+03
7.976815280441622917e+02
6.500539548144126911e+02
9.095678627960293170e+02
5.256323502172330109e+02
7.071799327833324469e+02
7.117506572910235718e+02
4.327328591352456328e+02
7.133625271660998806e+02
4.984701902803167854e+02
4.788061467703357721e+02
6.236669118165704049e+02
3.380000653970138842e+02
5.370487102128220158e+02
4.827013808268460480e+02
3.212458358733595674e+02
5.283181329589451707e+02
3.279002314084259524e+02
3.833171188102797942e+02
4.508140651245892059e+02
2.365012893094896640e+02
4.237526870760843849e+02
3.326996626736379312e+02
2.632193991091156136e+02
4.067947296212419133e+02
2.154286287240873605e+02
3.195163657104755544e+02
3.346801312455332322e+02
1.766474573466432219e+02
3.430334087943439272e+02
2.325685507727161792e+02
2.219294922165897219e+02
3.142783907476571699e+02
1.471818315441108496e+02
2.713041458164045707e+02
2.452354813894521612e+02
1.442061723267530056e+02
2.778080712973101640e+02
1.573133158942021339e+02
1.992828369502924204e+02
2.439293489151472727e+02
1.012302781878927362e+02
2.306792990779069328e+02
1.744614782538237137e+02
1.346605613483145021e+02
2.300847985409402838e+02
1.033088836762180449e+02
1.789577498280553698e+02
1.843778974626524132e+02
7.935305000588829216e+01
2.012242761866460228e+02
1.211734687643232178e+02
1.245426512066983520e+02
1.842315321752831210e+02
6.004165557537149311e+01
1.632176182013642460e+02
1.398322267394116523e+02
7.810468934513053796e+01
1.703344180895272757e+02
7.512294157409850470e+01
1.216435402169270219e+02
1.444743741210982364e+02
3.808551498456200335e+01
1.490763799113500738e+02
9.777262809343051231e+01
8.199220587939659310e+01
1.449871241724293611e+02
4.139053660403087775e+01
1.189688462110455447e+02
1.111299477668854934e+02
4.762489989037955240e+01
1.355355654901109403e+02
6.187614923446379578e+01
8.780676180288693899e+01
1.181924600933141960e+02
1.909795702724056810e+01
1.180436206114146245e+02
8.173004151706399512e+01
5.828469747162261427e+01
1.199073958079337103e+02
3.278049787917048974e+01
9.589098336703109737e+01
9.567731226353987495e+01
2.779579512633254978e+01
1.128360531222616316e+02
5.623504183888290697e+01
6.793505393732904452e+01
9.779026872751109067e+01
9.416490801766892460e+00
1.019262770126666879e+02
7.186946078712257702e+01
4.980993108633323629e+01
1.060353345939009557e+02
2.850089698439154873e+01
8.219925687645299206e+01
8.265594965101402636e+01
2.706281840188511367e+01
1.026653433961792246e+02
4.825999717736887362e+01
6.762512582437396702e+01
9.527458670739775926e+01
4.193171674694816886e+00
9.419641366598068544e+01
6.741729392975935298e+01
4.521407841991723586e+01
9.748272233735411874e+01
2.220234472114044877e+01
8.232578730156961910e+01
7.926825804392204589e+01
2.991010427725188592e+01
1.047013672184804278e+02
4.876520539288350875e+01
6.712864101846409426e+01
9.404902306797106348e+01
3.141362071765216868e+00
9.871008091740493740e+01
6.828557504517451093e+01
5.150750610805284424e+01
1.077575523320638951e+02
2.797829623858534376e+01
8.693622465519554510e+01
8.885148933885399458e+01
2.457489368174825017e+01
1.073699731261142887e+02
5.223479474714269344e+01
7.182536560899538358e+01
1.038723442870329592e+02
8.981107053664059592e+00
1.049356111898888315e+02
7.777802529979187796e+01
5.068141246063911609e+01
1.141203236613828977e+02
3.364359881305598776e+01
9.258746589888289691e+01
9.543669728110731398e+01
3.275231965700417902e+01
1.214818925771806448e+02
6.005649413350687382e+01
8.221063378695242818e+01
1.202113224712565938e+02
2.041204475569097454e+01
1.223139057920901962e+02
9.409618820980617215e+01
6.075069845156715331e+01
1.362686130331199479e+02
4.643075464687913012e+01
1.133550403573776890e+02
1.244603975275549743e+02
3.927815840724375107e+01
1.461483442084447972e+02
8.686603651136130111e+01
9.700486442770041151e+01
1.506669729564137583e+02
4.330249808688424906e+01
1.448427582058255894e+02
1.223054897146858764e+02
7.801419824608358056e+01
1.742530603360891632e+02
7.862400076962556739e+01
1.384023089869939724e+02
1.655755528934147662e+02
6.138151564317858089e+01
1.871288258431200688e+02
1.297683451805056905e+02
1.170885910808898274e+02
2.004164766348102944e+02
8.132460337571659181e+01
1.840928834069504774e+02
1.813443251496563562e+02
9.789169169800952375e+01
2.263878159201209428e+02
1.338720695751823939e+02
1.655983654699073782e+02
2.270255604016465441e+02
1.019514548043396616e+02
2.361242554159390750e+02
1.948726006038205014e+02
1.510072525690674752e+02
2.713543879357173410e+02
1.417170889880731863e+02
2.305400288660223680e+02
2.614466250890204719e+02
1.399817380999391503e+02
2.973950049814034173e+02
2.124304668183681599e+02
2.138796014637535450e+02
3.220482833335983059e+02
1.640663040296151109e+02
3.049644834023424664e+02
2.953279844450398741e+02
1.947137256361611435e+02
3.709659083374610873e+02
2.380256906811472390e+02
2.941312527837782795e+02
3.810055870532299878e+02
2.052292337734768637e+02
3.977531821537855308e+02
3.399860939697009599e+02
2.716796340073826173e+02
4.544811740885511995e+02
2.749112223339056413e+02
4.025841634630186263e+02
4.539384058837891871e+02
2.719633789902448484e+02
5.121243462562250670e+02
3.951423197038091075e+02
3.870709088403993974e+02
5.646697661350916633e+02
3.321747538035161824e+02
5.426949125991538949e+02
5.438289516865452242e+02
3.787437448818147345e+02
6.635342030691538184e+02
4.664566428811912147e+02
5.544667910062465808e+02
7.159935147824481874e+02
4.282560999920638096e+02
7.460162566786619891e+02
6.729706790714558338e+02
5.598401251302864239e+02
8.953260536459609966e+02
5.935850182567099864e+02
8.147051910815645215e+02
9.372749241796268507e+02
6.080087170287752087e+02
1.080281624881412881e+03
8.822840432356001656e+02
8.823493941246522354e+02
1.284493690731915649e+03
8.228486178292631621e+02
1.305060251043364815e+03
1.362905921345096885e+03
1.025949650519856050e+03
1.778276953668777196e+03
1.348908667652432086e+03
1.624480831219690117e+03
2.199063827485017100e+03
1.480146390331418843e+03
2.606637214627383855e+03
2.575225098975955007e+03
2.341913873499057900e+03
4.059958242984873323e+03
3.184212441261676304e+03
4.964821157389645123e+03
7.048220976173435702e+03
6.390912971722025759e+03
1.604444552196811492e+04
2.638363368241919306e+04
2.702794257296469004e+04
1.738801228363411428e+04
6.908516236784864304e+03
7.161835216474199115e+03
5.539580700669157522e+03
3.261107348012711100e+03
4.315422183364114062e+03
2.740953671355915958e+03
2.639053215450242533e+03
2.912371539550504167e+03
1.676391417868284634e+03
2.335408908949929355e+03
1.940610992746901047e+03
1.465758247618456380e+03
1.988420736747829096e+03
1.273520973709800046e+03
1.489848694128348143e+03
1.567803680024805544e+03
9.975125459200037312e+02
1.456942156157086401e+03
1.130752124826670297e+03
1.012533099958075582e+03
1.302915697378920186e+03
8.215875113344000056e+02
1.088580388995408384e+03
1.050658345124135167e+03
7.297661556332802775e+02
1.071620130801281221e+03
7.779482262490831772e+02
8.055563940202043796e+02
9.574432863965116667e+02
6.083383906940237011e+02
8.716486627680520769e+02
7.692106858067469375e+02
6.090642596819506025e+02
8.541198452035218907e+02
5.827742126631156907e+02
6.891357999920782049e+02
7.479517858990259356e+02
4.961877775523702212e+02
7.356517168145487631e+02
5.952568231935198355e+02
5.390087225657698582e+02
7.038562199715379393e+02
4.621959992515206181e+02
6.109626089144866228e+02
6.031114418221085316e+02
4.325778012478873507e+02
6.355001602580276767e+02
4.742301358210237368e+02
4.933627375570782192e+02
5.932516900946110354e+02
3.877898046982459164e+02
5.508137017060084872e+02
4.952661343416388036e+02
3.979704345439039912e+02
5.579117241134001688e+02
3.893376966949146549e+02
4.600310983644421867e+02
5.044818883154375726e+02
3.417825674691455333e+02
5.027605251571340546e+02
4.126763632774923849e+02
3.754081899717488682e+02
4.922105925317079027e+02
3.300869451460836785e+02
4.333648088659323889e+02
4.318197513077577696e+02
3.143556284411967567e+02
4.589905540437152922e+02
3.474985816442394935e+02
3.614957315649527914e+02
4.356834468556083948e+02
2.895708045416007508e+02
4.088977299539934620e+02
3.708506920643698095e+02
3.003166059281584808e+02
4.195186774439269470e+02
2.967512521505598784e+02
3.500183918109664205e+02
3.850366367713355089e+02
2.644141140592486181e+02
3.860885971148009617e+02
3.195944887278931219e+02
2.930561081956766998e+02
3.829602358021605255e+02
2.597429694229524557e+02
3.396866868833050717e+02
3.398024247922787140e+02
2.505594795458857789e+02
3.633268913079753020e+02
2.772947479525532799e+02
2.887381947610222710e+02
3.475387059236194318e+02
2.341476676129174166e+02
3.287958450712737886e+02
2.990148875915472786e+02
2.441878386201491082e+02
3.396815850401612238e+02
2.425637371206919397e+02
2.856580349223452799e+02
3.140454399874631122e+02
2.180590166127461202e+02
3.164141845380053724e+02
2.631152291473567288e+02
2.424065940478921846e+02
3.155295771125761917e+02
2.162727108501649127e+02
2.819583933008440795e+02
2.819825237151068222e+02
2.099244713028907086e+02
3.024572138591863109e+02
2.318738275419363788e+02
2.425607861347836547e+02
2.910592586360887708e+02
1.978729119735927782e+02
2.767759226779671735e+02
2.520141044401763111e+02
2.073715750508991391e+02
2.868196095978012181e+02
2.060063958386452043e+02
2.429456913796295794e+02
2.664505865995171803e+02
1.867171794224984467e+02
2.696770967734501596e+02
2.246466614004646090e+02
2.080489587191334806e+02
2.696367194547490271e+02
1.861403077122816114e+02
2.423128834642468803e+02
2.419603218091487236e+02
1.817109630893535552e+02
2.604419095405676785e+02
2.002328064969633203e+02
2.102627390993963559e+02
2.513455892878199052e+02
1.721667437630472079e+02
2.400095075966328864e+02
2.184187813767650823e+02
1.811717008854462279e+02
2.492377160059675987e+02
1.796909037006772962e+02
2.122527000583591814e+02
2.320656099084320658e+02
1.639330481979076808e+02
2.357433859743353821e+02
1.964356781882565031e+02
1.831751677211707090e+02
2.361520762309089605e+02
1.637491226785570859e+02
2.132526753099649284e+02
2.124503662158902273e+02
1.607792138476910964e+02
2.293739981395757184e+02
1.765850857270662573e+02
1.862229253176448083e+02
2.217589219351043823e+02
1.529369375650400116e+02
2.124683092312201609e+02
1.929900876596235264e+02
1.613098457153122638e+02
2.208040503524627240e+02
1.596513271655655899e+02
1.890114219366158750e+02
2.057970524944996953e+02
1.465466459323135382e+02
2.099900979844741187e+02
1.747674183060317148e+02
1.640323776633306068e+02
2.103572398066089306e+02
1.464802065460048368e+02
1.909168091756050387e+02
1.895005672078409873e+02
1.446219548593559807e+02
2.053069299062749167e+02
1.580206632307458676e+02
1.675839777447700385e+02
1.984268946339414299e+02
1.375611325683133259e+02
1.912201445456703084e+02
1.731701553867834491e+02
1.458354596201459117e+02
1.985744231528340720e+02
1.437542942421366376e+02
1.708985195375530850e+02
1.852053355610502479e+02
1.327668088408767062e+02
1.896586580359099798e+02
1.574846076294972761e+02
1.489319568078311704e+02
1.899975613060179001e+02
1.326808740034214793e+02
1.732072464431127798e+02
1.712213000818776152e+02
1.316946427328886386e+02
1.861139404897983241e+02
1.430872378023691738e+02
1.527022475004738453e+02
1.798341475707057668e+02
1.252431521860300307e+02
1.740727046882301750e+02
1.570961470272537781e+02
1.333507130869271862e+02
1.806242672015242192e+02
1.308150962330246045e+02
1.561903447290096949e+02
1.684111171533310198e+02
1.215171003586670224e+02
1.731493005118591952e+02
1.433705029626627265e+02
1.366338033264731564e+02
1.733377036410737162e+02
1.213249769853843389e+02
1.587588105112933192e+02
1.562001917009685314e+02
1.210595218328780760e+02
1.703806819451253887e+02
1.307800559371769680e+02
1.404748675175540029e+02
1.644973127372427086e+02
1.150738723017884695e+02
1.599306326411927444e+02
1.437247647373384893e+02
1.230130328914709992e+02
1.657518575226621351e+02
1.200341009062315720e+02
1.440407831768317806e+02
1.544348401136623181e+02
1.121405075773313058e+02
1.594536771581307164e+02
1.315745401073382936e+02
1.263843998414225354e+02
1.594144945803572284e+02
1.117938293255823083e+02
1.467135594106498218e+02
1.435824925280808202e+02
1.121359321398299613e+02
1.572087088073052428e+02
1.204036830922123897e+02
1.302416908783167457e+02
1.515970644254754518e+02
1.064833464403436807e+02
1.480678334257409574e+02
1.324338656481479006e+02
1.142986265562403077e+02
1.532136760496078978e+02
1.108883945018878734e+02
1.337984628912263645e+02
1.426079948486780040e+02
1.041881410841243536e+02
1.478590115652276609e+02
1.215345054272018359e+02
1.177104528992350083e+02
1.475994998566393974e+02
1.036604474216327532e+02
1.364863155317458734e+02
1.328344256066651212e+02
1.045450691175657596e+02
1.459852695475308337e+02
1.115116122254158881e+02
1.215201840793979926e+02
1.405705790257610488e+02
9.912450765938498876e+01
1.379319861428858474e+02
1.227424773680697427e+02
1.068420880983470909e+02
1.424665644759885765e+02
1.030175224175943356e+02
1.250168876842082852e+02
1.324240130241637132e+02
9.734878132691562769e+01
1.379010852720261369e+02
1.128660866533197975e+02
1.102515250960272510e+02
1.374137951911787354e+02
9.663314208352208823e+01
1.276754255836785319e+02
1.235273859267230563e+02
9.798766991345186739e+01
1.362905297137199341e+02
1.038022261841188083e+02
1.139932852763167261e+02
1.310116861319586690e+02
9.274277429982343790e+01
1.291605359912740312e+02
1.143106704830271951e+02
1.003818399712709777e+02
1.331370271038771875e+02
9.615807581241253388e+01
1.174011320972475687e+02
1.235561722342041691e+02
9.139488944386326352e+01
1.292366863930781733e+02
1.052941879326897521e+02
1.037654998052490782e+02
1.285226188144099240e+02
9.048780887205475665e+01
1.200033718303780290e+02
1.153797025081390188e+02
9.225999686708325953e+01
1.278261028279924858e+02
9.703696788033853693e+01
1.074125826811331876e+02
1.226393697649383796e+02
8.714453307198772336e+01
1.214769194058283972e+02
1.069039148334525464e+02
9.472052717102913277e+01
1.249452613851522642e+02
9.012412654583631877e+01
1.107195291239241612e+02
1.157487576273930330e+02
8.615996813211856420e+01
1.216215076387577909e+02
9.862116037028779658e+01
9.806211129003035865e+01
1.206812238253167919e+02
8.506236635694948234e+01
1.132412675829223474e+02
1.081749407513495811e+02
8.720604320740631010e+01
1.203501067351431146e+02
9.104865545833602880e+01
1.016014296768483263e+02
1.152232251864264327e+02
8.218984827528315407e+01
1.146809260356539255e+02
1.003301879435516923e+02
8.971015630686314068e+01
1.176822419212432749e+02
8.476459543549185582e+01
1.047971863265206025e+02
1.088092771177726235e+02
8.151334244036361554e+01
1.148539515509520328e+02
9.266813176005435082e+01
9.299578652860704153e+01
1.137110211440743228e+02
8.024023281465258606e+01
1.072310228235951683e+02
1.017588981820863836e+02
8.271519136351876966e+01
1.136873687300472682e+02
8.570829182831923276e+01
9.643163342131239801e+01
1.086028740256966074e+02
7.777451693237655661e+01
1.086206847737407912e+02
9.445275662700660746e+01
8.524289562609618542e+01
1.111909890281390432e+02
7.997252444763495305e+01
9.950840079915839453e+01
1.025960178078637028e+02
7.736318060084832382e+01
1.088020565621118152e+02
8.733852683195647160e+01
8.846418830225904628e+01
1.074583599403017757e+02
7.591817048510431221e+01
1.018429452927042149e+02
9.599497937849898221e+01
7.869137601635874546e+01
1.077026348544447103e+02
8.090558602596121318e+01
9.179119952410704286e+01
1.026476690010609190e+02
7.380907499756270340e+01
1.031719268290970035e+02
8.916039048763910557e+01
8.122949455727811596e+01
1.053445889051974120e+02
7.565857676280784005e+01
9.474936470099801511e+01
9.699223490821067628e+01
7.362783017465726232e+01
1.033451326273275441e+02
8.252870463762553754e+01
8.438048527397809551e+01
1.018113779330580542e+02
7.202134798312994235e+01
9.697765924108233548e+01
9.077931210347720992e+01
7.506265849639683552e+01
1.022966862818363580e+02
7.656674254550790693e+01
8.759893846889063695e+01
9.725816411574228937e+01
7.022882255191946399e+01
9.823972858509191042e+01
8.436536925330553061e+01
7.760022986632294817e+01
1.000453908687660203e+02
7.175287130494564281e+01
9.043610857553096594e+01
9.190693818514409941e+01
7.024898151589246709e+01
9.839114349137223314e+01
7.816204182342886497e+01
8.068041478628201446e+01
9.667691793706522674e+01
6.848571869769450871e+01
9.256401768100020888e+01
8.603595820385569937e+01
7.176814236067730235e+01
9.738253546003966221e+01
7.262003770399397240e+01
8.378554134327549718e+01
9.235320794052688598e+01
6.697611862225095081e+01
9.374855034495178074e+01
7.999870105909940321e+01
7.429855582019870042e+01
9.521574184220884263e+01
6.819814796747907337e+01
8.650668927461121882e+01
8.726971749878150320e+01
6.717123414470115961e+01
9.387416132746560038e+01
7.418214382701569320e+01
7.729983221122192560e+01
9.199277078675820007e+01
6.526814095219906164e+01
8.852283212787072841e+01
8.170708590458625054e+01
6.876542316168156788e+01
9.287775030707103951e+01
6.902001223796446538e+01
8.030080541450081455e+01
8.785639492236019521e+01
6.401083928649683230e+01
8.963778350230325032e+01
7.599957729754611080e+01
7.127880708356052253e+01
9.078863339546784061e+01
6.495112731970287712e+01
8.290240348666101511e+01
8.301413267065174750e+01
6.436349821585311304e+01
8.972545545306819292e+01
7.052987355181113571e+01
7.420959305690134045e+01
8.768957971444231703e+01
6.232145306170563259e+01
8.482132091475831714e+01
7.773181893519168284e+01
6.601269712040812010e+01
8.874152329659460747e+01
6.571334988880730066e+01
7.709852185570692029e+01
8.372539761002821024e+01
6.129140866788631570e+01
8.585566977400002031e+01
7.232517850653462688e+01
6.850470041711618308e+01
8.671332777382484380e+01
6.197041338012756739e+01
7.958593622448688620e+01
7.909719597222684229e+01
6.178323772029481376e+01
8.590462987728935218e+01
6.717196013251884779e+01
7.135844377199194355e+01
8.372126164094903800e+01
5.961431984677332707e+01
8.140022904096674949e+01
7.406225472516263153e+01
6.347936612803281520e+01
8.492577830646315817e+01
6.267422687111111657e+01
7.414342588211476937e+01
7.991064363408520421e+01
5.879195690405372687e+01
8.236034112127573792e+01
6.893332650951346352e+01
6.594570669358023451e+01
8.294538308609595845e+01
5.922314094100326543e+01
7.651869735651160909e+01
7.547611362866879858e+01
5.940292889994319836e+01
8.236694718410035421e+01
6.407095528813570695e+01
6.872203645804843575e+01
8.004885597055104540e+01
5.711977655927841369e+01
7.823208273865407136e+01
7.066961085034294854e+01
6.113842284283879280e+01
8.138589512133364678e+01
5.986433275277062194e+01
7.140406905604380938e+01
7.637403844877268000e+01
5.648345749433595131e+01
7.911708914505017276e+01
6.579250940912206147e+01
6.357445813058051698e+01
7.944809991197998045e+01
5.668464794954631714e+01
7.367062779124458416e+01
7.211617130906979867e+01
5.720119101850855259e+01
7.908050502379259683e+01
6.119804974821017396e+01
6.627341508748952492e+01
7.663645758693958498e+01
5.481275409061117188e+01
7.528508176736320934e+01
6.751832073419654989e+01
5.896782375893877770e+01
7.809373891780009558e+01
5.725936899212906894e+01
6.885570839488875095e+01
7.308645267306194171e+01
5.434388230372461237e+01
7.609603216507373702e+01
6.287624712265952098e+01
6.136874917991370637e+01
7.619001374584757968e+01
5.433215236199782083e+01
7.101613989731944798e+01
6.898853808904969753e+01
5.515765264543094304e+01
7.601580266981177658e+01
5.852884405131779744e+01
6.399115457172420207e+01
7.345257604114351579e+01
5.267205485664622699e+01
7.253626113224311212e+01
6.458015283201289947e+01
5.694677523940494979e+01
7.502469830505698667e+01
5.483707751683623854e+01
6.647434512736650447e+01
7.002137992141764755e+01
5.235567991559000944e+01
7.327103895833154468e+01
6.015751295895329065e+01
5.931265808091998082e+01
7.314646932749188579e+01
5.213892362098380318e+01
6.853775741116972142e+01
6.607239624788651611e+01
5.324430564345318118e+01
7.315297715489363384e+01
5.604649334767147906e+01
6.184761000093867978e+01
7.048238321834307385e+01
5.068454938245409380e+01
6.995288274980930510e+01
6.184385043543346683e+01
5.505984027793533642e+01
7.214043898716512615e+01
5.258400890477151535e+01
6.424308127612215458e+01
6.714825268679447845e+01
