1.006070006320550903e+02
3.996222925498852163e+01
1.268112065266668225e+02
5.865193297771263303e+01
8.715817173822277653e+01
1.197271319105728509e+02
1.823819363564071239e+01
1.196109522327995478e+02
8.913632895448800753e+01
5.797169059169559802e+01
1.290671368949905116e+02
4.243578606336791381e+01
1.021105123089196240e+02
1.132083280342965850e+02
2.692113372524200443e+01
1.275692259485313684e+02
7.530298916247954821e+01
7.587856322346812021e+01
1.282686614264538605e+02
2.699253951222462433e+01
1.151676984592296265e+02
1.037839743008061220e+02
4.407271366910966748e+01
1.327204260088356307e+02
5.957555985884904004e+01
9.284620995343072991e+01
1.243408719461493774e+02
1.999168976622976501e+01
1.259210086527109098e+02
9.163963179363291545e+01
6.286186654200916024e+01
1.348240136497103947e+02
4.278467716639704577e+01
1.083325458036881344e+02
1.173274887853529975e+02
3.050881198377194181e+01
1.340204926435828270e+02
7.709138083180296519e+01
8.149509124168916685e+01
1.337546195981690573e+02
2.741005492286416256e+01
1.218166874646763773e+02
1.073010924380074300e+02
4.863229573302660214e+01
1.391861589853880048e+02
6.066084941922485996e+01
9.913732750122504456e+01
1.294537440297541195e+02
2.233654486065207223e+01
1.328531165355744861e+02
9.445148901730530611e+01
6.826877858357516971e+01
1.411717754371337605e+02
4.337431203458251616e+01
1.151738457993355524e+02
1.218868843210864412e+02
3.460391591480788520e+01
1.411515199896326749e+02
7.917509677047114280e+01
8.769036186182357540e+01
1.398219682857515522e+02
2.831247993590120160e+01
1.291570587740215217e+02
1.112397181759384779e+02
5.373470817729455717e+01
1.463429473957084781e+02
6.202218289169760368e+01
1.061009389757070380e+02
1.351255074535051506e+02
2.537826274989524933e+01
1.405619277791732316e+02
9.766732010935841402e+01
7.431477658286681276e+01
1.482353275845069049e+02
4.429876086860443962e+01
1.228192809787249757e+02
1.270477593661461242e+02
3.931398732247041750e+01
1.490806990307497699e+02
8.160775539518127175e+01
9.465212560774334349e+01
1.466288114056133338e+02
2.985364099092935675e+01
1.373974008960129254e+02
1.157337621862415205e+02
5.954363208749141023e+01
1.544196423981201747e+02
6.380355606594288531e+01
1.139522840057179707e+02
1.415854603276706314e+02
2.931198873536947147e+01
1.492691272816136916e+02
1.014506915235417921e+02
8.117658556931931457e+01
1.562516062511868995e+02
4.578751806663077417e+01
1.314690526349277206e+02
1.329547229345621133e+02
4.484367509269808494e+01
1.581566968422697528e+02
8.463448379791773846e+01
1.026212952235472926e+02
1.545163685133172748e+02
3.239240291724511422e+01
1.467900906389322984e+02
1.210759353281137578e+02
6.626564613204664056e+01
1.637037002478134298e+02
6.631545105243542082e+01
1.229433587121285854e+02
1.491122756334852681e+02
3.434283279875130290e+01
1.592809835205523825e+02
1.060930473160718890e+02
8.917494526160636781e+01
1.656192844808639677e+02
4.829026900572452519e+01
1.414779060788362983e+02
1.400681977296350738e+02
5.142674332023101158e+01
1.686412596632990244e+02
8.862309433434215578e+01
1.117425889922618722e+02
1.636151650208163346e+02
3.625448333209651253e+01
1.577554989911969017e+02
1.276060891383780245e+02
7.409887882226206557e+01
1.744175567039138741e+02
6.968873968430986565e+01
1.334550909173344735e+02
1.580177999616854549e+02
4.100703368825999462e+01
1.711074683587704044e+02
1.118317104436087419e+02
9.869421043724376830e+01
1.768305234659813721e+02
5.216321843606830555e+01
1.531784821459043542e+02
1.485485928717222066e+02
5.962849214182487145e+01
1.812103048212926808e+02
9.388356426314115311e+01
1.228935520244293542e+02
1.748332426354895972e+02
4.235141175740827180e+01
1.708725168540139805e+02
1.356177595423323794e+02
8.417255029806787547e+01
1.877959835786818417e+02
7.478767323144330703e+01
1.464092349013396870e+02
1.692756309318461660e+02
4.966431489442052083e+01
1.856278630423592801e+02
1.195829326550998957e+02
1.107109969029291108e+02
1.907561502200718166e+02
5.838274724243135694e+01
1.682387720457767841e+02
1.598566221344868552e+02
7.072400379756345501e+01
1.973262565005011311e+02
1.015737072149808711e+02
1.374551668395374691e+02
1.897447552514838662e+02
5.182279589682045895e+01
1.878997079119770603e+02
1.469578777394026758e+02
9.769395176156517380e+01
2.055278929409561499e+02
8.350173329138006295e+01
1.637199503255502862e+02
1.849716740635930705e+02
6.283835657481476744e+01
2.052501170046538164e+02
1.315747432486133448e+02
1.273112164241891122e+02
2.101775152658832440e+02
6.990887844663306794e+01
1.888479908224682902e+02
1.765971232670281950e+02
8.726196687175507805e+01
2.199751193711697965e+02
1.148743869903771468e+02
1.580554929105768736e+02
2.114580641644197669e+02
6.910061892439850340e+01
2.129398017908665395e+02
1.656457962039696099e+02
1.186320550658505368e+02
2.321941594231531383e+02
1.004030085247467099e+02
1.896921463404151780e+02
2.100246838340458737e+02
8.557948661332369511e+01
2.358707508537453350e+02
1.538655288205582394e+02
1.540568062005341972e+02
2.420181840448744595e+02
9.416178033583268814e+01
2.221263883412445068e+02
2.067107675739337651e+02
1.164485502960318257e+02
2.584160110849055627e+02
1.440481493716279147e+02
1.939255714183782686e+02
2.516050550657467113e+02
1.051338684112252082e+02
2.573861587847179635e+02
2.054608767814293344e+02
1.589158414707790996e+02
2.830816645406540033e+02
1.432269157573813914e+02
2.397320967223084267e+02
2.644426162954333677e+02
1.369737077617168097e+02
2.977142582701254128e+02
2.113946914023446197e+02
2.124747537052523398e+02
3.143804309968627422e+02
1.623454807729338256e+02
2.962010320207397172e+02
2.880647770000441596e+02
1.934880893570734770e+02
3.520020177011934379e+02
2.364426936672685997e+02
2.866551121590191542e+02
3.688229531820646798e+02
2.189221817185846248e+02
3.785226326799642038e+02
3.456097299837863943e+02
2.844263573375860119e+02
4.476133878917652851e+02
3.209352326263002055e+02
3.955536466595697220e+02
4.766586952154024743e+02
3.383201992782086336e+02
5.085645927885291258e+02
4.824516817832790707e+02
4.188780911507507767e+02
5.883858706927890125e+02
4.682963814546400840e+02
5.077855535792405703e+02
6.154619897741647492e+02
4.494947730091293465e+02
5.491243441620597423e+02
5.455539725533618594e+02
3.912736959793947449e+02
5.322626978139935545e+02
4.222679917980170217e+02
3.437423578211846120e+02
4.616063951715271401e+02
2.801821452235753895e+02
3.394935271283734437e+02
3.692255243621816021e+02
1.879261855966326209e+02
3.367647931217233577e+02
2.522311778709325552e+02
1.872565845262033690e+02
3.072384634686210347e+02
1.360598093159744053e+02
2.289969581167088393e+02
2.397233683190776503e+02
8.363036764438399473e+01
2.484441282742263581e+02
1.449568709070750288e+02
1.436439170132508139e+02
2.283567620940838765e+02
4.758341584093059851e+01
1.934528418493839013e+02
1.654968381016202272e+02
6.889246499040024219e+01
2.039187708994933814e+02
7.709137955355461713e+01
1.432483478735056508e+02
1.746351659397369929e+02
1.750972419704361727e+01
1.808251347926010340e+02
1.110821507788844968e+02
9.953978154344783036e+01
1.786353342543259828e+02
3.725463052837494615e+01
1.522689149673122131e+02
1.359703898725054501e+02
6.161936361202960910e+01
1.718504493121031373e+02
7.316930268376685831e+01
1.234734458864748916e+02
1.520787393564902459e+02
4.122647439384814305e+01
1.587944166041084486e+02
1.031426586786995472e+02
9.565363996556631321e+01
1.589858582286647675e+02
4.987231100952479323e+01
1.427000298113005954e+02
1.278899106217574513e+02
7.017383932050383066e+01
1.584209569727092344e+02
7.595335029359770829e+01
1.224356670523273465e+02
1.439038615522790963e+02
5.787587434812870413e+01
1.527200018790601632e+02
1.009911348915937594e+02
1.002422565133941248e+02
1.531245166737929253e+02
6.154087248270339927e+01
1.418085639380034308e+02
1.229884141340321690e+02
7.886099323135842099e+01
1.562326759168954879e+02
7.714351650535147087e+01
1.256552790252509055e+02
1.408269504375095948e+02
6.616771853525847291e+01
1.563626251519840480e+02
1.018346098639079997e+02
1.063495769870040988e+02
1.544261812750785907e+02
6.422420866035906784e+01
1.473838685663182275e+02
1.248194529519768707e+02
8.643730756492389844e+01
1.631938608811110214e+02
8.030796659442384566e+01
1.337924088568905461e+02
1.475151227626333821e+02
6.856354421591035475e+01
1.637648615733498616e+02
1.052461967736737307e+02
1.124893239789282973e+02
1.643411764504377004e+02
6.564960343735376114e+01
1.559298246487297490e+02
1.326199774700052956e+02
8.747115249357989342e+01
1.749708569667357665e+02
8.414266016385323610e+01
1.382740624940256566e+02
1.585842869855166839e+02
6.478128824534597641e+01
1.729597169148337059e+02
1.128358446542337532e+02
1.149614119432055617e+02
1.782136729420882943e+02
6.386400736904143116e+01
1.649749714877938231e+02
1.471847596902077271e+02
8.294539885858112882e+01
1.886041504490297029e+02
9.084380441098278425e+01
1.432694188448645605e+02
1.768692383628626601e+02
5.687266061285198759e+01
1.863807565211254200e+02
1.295385266143409524e+02
1.105774116820766579e+02
1.976268140946328629e+02
6.805804856935438352e+01
1.713019929808873201e+02
1.686143078911651401e+02
7.143891224831656928e+01
2.051182135833148266e+02
1.081857037569494793e+02
1.416570886731212511e+02
2.000081183089022545e+02
4.976445247219334789e+01
1.975890213404577196e+02
1.552741891469017901e+02
9.853848804651683224e+01
2.180114982501682448e+02
8.288352116219080301e+01
1.724509225765459064e+02
1.957885719610048056e+02
5.411573723679243386e+01
2.199072914795357292e+02
1.355790115727835996e+02
1.318272763160152863e+02
2.249282286875846921e+02
5.560524870762606753e+01
2.024685413772470213e+02
1.859669055062868495e+02
7.949810834854524444e+01
2.370661713675649764e+02
1.104322728241121752e+02
1.663251476190259268e+02
2.253471920118654452e+02
3.989865905663069157e+01
2.291629532929042909e+02
1.690171592712664506e+02
1.145869609419106894e+02
2.486289444911904809e+02
8.011337851596870507e+01
2.005800380061676549e+02
2.192884206002981671e+02
5.488252966656305176e+01
2.517369041236328258e+02
1.458308710491342310e+02
1.526200044532799041e+02
2.542062665659903757e+02
4.915690668116166506e+01
2.319950202618535684e+02
2.057785143356719573e+02
9.020156441089491750e+01
2.687660290289344971e+02
1.160079347991253229e+02
1.912100148631139120e+02
2.526098391296349348e+02
3.359016064295163062e+01
2.604423932172193759e+02
1.853564820627420033e+02
1.314764798934721171e+02
2.798719484449728157e+02
8.120877015798401999e+01
2.284018944515347869e+02
2.434221642424079448e+02
6.057830892163611480e+01
2.841846988587923875e+02
1.573890183379071459e+02
1.752255178225896373e+02
2.845668888222504620e+02
4.446708387980613253e+01
2.636264212625443406e+02
2.273519149479403723e+02
1.036972958315409841e+02
3.023003025769971259e+02
1.231370886602585557e+02
2.185557282260288616e+02
2.816029668514663626e+02
3.109205185787148906e+01
2.945796225609479961e+02
2.030418307203439667e+02
1.517045724649147189e+02
3.140973081633613333e+02
8.302030594702668509e+01
2.604178194573365772e+02
2.707686363313629840e+02
6.948165792711792221e+01
3.207121420107082486e+02
1.713007017672652239e+02
2.009007426243516647e+02
3.183713596147426301e+02
4.037841074946605602e+01
2.993228090532983856e+02
2.515271463051728063e+02
1.207880997888713210e+02
3.408773278181930664e+02
1.323091143686364433e+02
2.496615917112670786e+02
3.144674109907715547e+02
3.253541005767098682e+01
3.339451341312818613e+02
2.238747013782839588e+02
1.752883016361999466e+02
3.533151187656570755e+02
8.613985353334301465e+01
2.969845681051218662e+02
3.019225645313583186e+02
8.204810054909535211e+01
3.628963427305498044e+02
1.873732349545137481e+02
2.312933829697470571e+02
3.577692085199542475e+02
3.680763890568135821e+01
3.407501233391542996e+02
2.795610510705031970e+02
1.416009075621438171e+02
3.854164509690717182e+02
1.425470147117132740e+02
2.869475635933822559e+02
3.530449229649505014e+02
3.806168228449571700e+01
3.801816806482648872e+02
2.477413535718133630e+02
2.045118828963848046e+02
3.997733588170897292e+02
8.950171154602708157e+01
3.411021822776431804e+02
3.385934237883392370e+02
9.899384271833609716e+01
4.136594900513906623e+02
2.059963024323482443e+02
2.691310086414694638e+02
4.052249775330071770e+02
3.250081704140914951e+01
3.919292441496897368e+02
3.134581279767652404e+02
1.682717619916581100e+02
4.400699343539363326e+02
1.546545114058624790e+02
3.335572258625878703e+02
4.002749490251973725e+02
4.825649797512753025e+01
4.381932436471376491e+02
2.774041892619190435e+02
2.414178518013971484e+02
4.575602871135179157e+02
9.356970125377239356e+01
3.969020809971751191e+02
3.845002010766118588e+02
1.215188898011148808e+02
4.780071104759709328e+02
2.297255215348445745e+02
3.169771467258188977e+02
4.650498580594199893e+02
2.739301386762120671e+01
4.570904186314509730e+02
3.564825194048707431e+02
2.027873479565338073e+02
5.100074144138712313e+02
1.703435612285938703e+02
3.933678624095852001e+02
4.610109773979074816e+02
6.310457533964513743e+01
5.125881028925135752e+02
3.154220200310737710e+02
2.893847872949101543e+02
5.324291353478413384e+02
9.911582826045663808e+01
4.692055926764355718e+02
4.441201354452919645e+02
1.512759252557737568e+02
5.618036763836338423e+02
2.605868665700942870e+02
3.799967261211072582e+02
5.437084367668346658e+02
2.139160754752819571e+01
5.428792901051638182e+02
4.131224053207832299e+02
2.489009607597920706e+02
6.028112462547936730e+02
1.911962575957485058e+02
4.732590340558875255e+02
5.420024944001532958e+02
8.438089295700663683e+01
6.126729865327155267e+02
3.665798389385765859e+02
3.544669393079537940e+02
6.337252629545198488e+02
1.066697922962871132e+02
5.678539862986549451e+02
5.255173554235992697e+02
1.923660122333842253e+02
6.766630739840665001e+02
3.029144101189592106e+02
4.671634637919603392e+02
6.524675501241041502e+02
1.535322343880942775e+01
6.623358216153749254e+02
4.921448898490713191e+02
3.136690237673307138e+02
7.329897054996621364e+02
2.205403154311906633e+02
5.862031771633023709e+02
6.566921336816305939e+02
1.155444983918163757e+02
7.552874505413836914e+02
4.396269417187039039e+02
4.480575058183033548e+02
7.794329988413683168e+02
1.174980919574362446e+02
7.110931379409900046e+02
6.439208383516210006e+02
2.528299102404978100e+02
8.450835070432883640e+02
3.651539896623370396e+02
5.960742144388078714e+02
8.135892475118296261e+02
1.665772937103726292e+01
8.411650061810250918e+02
6.106981856986720913e+02
4.117525724851251994e+02
9.302620877917692042e+02
2.651942230949976533e+02
7.588815427759593604e+02
8.325228053612858048e+02
1.646341050436464286e+02
9.765749485626480464e+02
5.532977306788245642e+02
5.949556483248078393e+02
1.008746278991008467e+03
1.345872862205188483e+02
9.390920949964938700e+02
8.329629776161390282e+02
3.509257018419541510e+02
1.117883853287993361e+03
4.662449947188958959e+02
8.077240409223244342e+02
1.079213635304056425e+03
3.602401036004158641e+01
1.139994804941510665e+03
8.097962040706604512e+02
5.782955114893932205e+02
1.266565867648211906e+03
3.414249558095173143e+02
1.058486262876916044e+03
1.139501504414324472e+03
2.516051235297410926e+02
1.369475251875171807e+03
7.576745083758736428e+02
8.582929203034412922e+02
1.424438318005843712e+03
1.657110171367420719e+02
1.360904146875802326e+03
1.185813161156393789e+03
5.364088248464887556e+02
1.637664840861121775e+03
6.604493655830665375e+02
1.220548025013723418e+03
1.602436413479039402e+03
8.320861298628601332e+01
1.743237068120856293e+03
1.216166208688897541e+03
9.240882158176783605e+02
1.972761567500028377e+03
5.034571212856119473e+02
1.705982754736666948e+03
1.812212467791276367e+03
4.466742126223117566e+02
2.258504471195865790e+03
1.223712140550180948e+03
1.484512820611623511e+03
2.425093771917280719e+03
2.423156324561657868e+02
2.416626489526097885e+03
2.088069957949759555e+03
1.022566389357309276e+03
3.031964622384930863e+03
1.194533051940414452e+03
2.389920859207134981e+03
3.128510826076287685e+03
2.263991866627990532e+02
3.615473108295695965e+03
2.525420215922521948e+03
2.074775378695086147e+03
4.426133064613086390e+03
1.094616702807102001e+03
4.166990026859047248e+03
4.506051248940937512e+03
1.275353094108302230e+03
6.271212050757701945e+03
3.479459233853822752e+03
4.748822373296609840e+03
8.115624133138446268e+03
7.182146793891911329e+02
9.863673302595614587e+03
9.371757493308228732e+03
5.643208869546361711e+03
1.930614564446941949e+04
9.397677857528075037e+03
2.887180621814700862e+04
7.313607153309082787e+04
9.083290400416911871e+04
6.814730814898344397e+04
2.272424671905640935e+04
1.253033498548122770e+04
1.842832479797847191e+04
3.190596645398140026e+03
1.041749402755739357e+04
8.808468665332120509e+03
2.213015991231944099e+03
8.304545531742560343e+03
3.679409521711060279e+03
4.368979870639297587e+03
5.996203892992390138e+03
3.399478817338676890e+02
4.916017442511832996e+03
3.643300246959817287e+03
1.811403855651030426e+03
4.459316656477660217e+03
1.460843050609494185e+03
2.982634724165488024e+03
3.381618681084896252e+03
3.513126039158352114e+02
3.318716628327389117e+03
1.992992620866837115e+03
1.652495162196367346e+03
2.992395465939765018e+03
5.731325734313210205e+02
2.369591508700630584e+03
2.198635396927849342e+03
6.591304899023002690e+02
2.517355170583959080e+03
1.159936630107372139e+03
1.541774111964303074e+03
2.180460774150795260e+03
9.329176758705663985e+01
1.991473799933753753e+03
1.498929424302853704e+03
8.209544774659210589e+02
2.003234396382704745e+03
6.444496193602255971e+02
1.445758224529093013e+03
1.641827540898777670e+03
2.089324096191617741e+02
1.714385756435388657e+03
1.022849728296610579e+03
9.095088920196691333e+02
1.627469659296023337e+03
2.909729548555915812e+02
1.352626641208667024e+03
1.245179264300643354e+03
4.093715638624122448e+02
1.489711257021829397e+03
6.729877224463058383e+02
9.513728331252025328e+02
1.328036102005518387e+03
3.583900632201437020e+01
1.257378663237180490e+03
9.329724893144478983e+02
5.459087190563553804e+02
1.292793423135543208e+03
3.994797841896201476e+02
9.643879012718892909e+02
1.078441911308099407e+03
1.605107961150367544e+02
1.159836830773813062e+03
6.777337932438060761e+02
6.383438455174053843e+02
1.116067660770952216e+03
1.826915301048007336e+02
9.529686083605190561e+02
8.621157216805991084e+02
3.067541029433265294e+02
1.058773021923757142e+03
4.634827437413571261e+02
6.970754253667964804e+02
9.525967121722734419e+02
1.373081259981278457e+01
9.232122965716541785e+02
6.711881092453984365e+02
4.168970211936915007e+02
9.545602246713851855e+02
2.811347112330805089e+02
7.291621711287589278e+02
7.995190356396042262e+02
1.362936287049313364e+02
8.786919684362469525e+02
5.007173582579854383e+02
4.978513003564348196e+02
8.481808708495659630e+02
1.253966199220466535e+02
7.394236992734430487e+02
6.554555545711381228e+02
2.509368321724121245e+02
8.222815299623420060e+02
3.479640553493527477e+02
5.542039371105752252e+02
7.405296510332892694e+02
1.382674409907090762e+01
7.315553577003680630e+02
5.199243469120468717e+02
3.418615112499630868e+02
7.563558374102042308e+02
2.113116512515124157e+02
5.894052969531538793e+02
6.326893196987347210e+02
1.217367477852999684e+02
7.084199768420266992e+02
3.928267568976572193e+02
4.117590240233271857e+02
6.830145469784647503e+02
8.989825772092500245e+01
6.062867639172259260e+02
5.258917191842429020e+02
2.157814635110373160e+02
6.724920295165098878e+02
2.744467934365164865e+02
4.627524656969502530e+02
6.041499575391342205e+02
2.081128320520040731e+01
6.071632035579001467e+02
4.213092772976679612e+02
2.926983595170364083e+02
6.259720608092533212e+02
1.652035103787809476e+02
4.966908572666985151e+02
5.215900960245456872e+02
1.119392807017549814e+02
5.940591665055022759e+02
3.201230377061718855e+02
3.534550055382750315e+02
5.708020905793943029e+02
6.576109013384267143e+01
5.151859820327716761e+02
4.369344107808429385e+02
1.915500366460256032e+02
5.689408724536010595e+02
2.234701861766737352e+02
3.991035668223455559e+02
5.089544584287735915e+02
2.670545939095253729e+01
5.197488492696699041e+02
3.518268712223463694e+02
2.579137991043047009e+02
5.335088732119497763e+02
1.324240203707732633e+02
4.305691442454228195e+02
4.421217354193360052e+02
1.049443889235674590e+02
5.118647875783285031e+02
2.677163436686629439e+02
3.113381608777108340e+02
4.895285744559478189e+02
4.832502966087466234e+01
4.488181483040841613e+02
3.719824995754942734e+02
1.738122516688890187e+02
4.929660093867996125e+02
1.859661892161109620e+02
3.522426444767078806e+02
4.386787307404205194e+02
3.126087842706461473e+01
4.549129392605955786e+02
3.002008561624337517e+02
2.319703502356252898e+02
4.644829619154739930e+02
1.079438809747203862e+02
3.809659474185843351e+02
3.824370353031777086e+02
9.962390583248389930e+01
4.498407464804795381e+02
2.281323438695997652e+02
2.794066535933646378e+02
4.278650508950570952e+02
3.520104893426965020e+01
3.982597180486729940e+02
3.224728517779387857e+02
1.601782036132196652e+02
4.347715137982838769e+02
1.572679151705021070e+02
3.161063868385246565e+02
3.845136317654233835e+02
3.484043249433695166e+01
4.047704014391695750e+02
2.602263084646136235e+02
2.118517803184063553e+02
4.108819555065586542e+02
8.892907232484107283e+01
3.423182644111066111e+02
3.358873383124288239e+02
9.543484082880461017e+01
4.012908418778820874e+02
1.971286200299317102e+02
2.543107843112758246e+02
3.793757353088740274e+02
2.502524453103483992e+01
3.583926531784748590e+02
2.833818450114272309e+02
1.494037351630632600e+02
3.887124222862616989e+02
1.345273819716004766e+02
2.874454305935731213e+02
3.415026226318026943e+02
3.768849595242905792e+01
3.648191388117725182e+02
2.283690478053184449e+02
1.957427812608236479e+02
3.680067685059499922e+02
7.373920595809062206e+01
3.113042557270392763e+02
2.985206237962082128e+02
9.204497289562122830e+01
3.622180548514133989e+02
1.721716473393275066e+02
2.340493422602641544e+02
3.402321371937732692e+02
1.710818638806696512e+01
3.261048779317043227e+02
2.517274509726280769e+02
1.406231314789817475e+02
3.512956336066973790e+02
1.160673288636502605e+02
2.640903430679974804e+02
3.064638191249786132e+02
3.999727224664759717e+01
3.321848300172644599e+02
2.023514277576362304e+02
1.825332826736820664e+02
3.328936889475991734e+02
6.132917015741391964e+01
2.858314894072782977e+02
2.678489725511997790e+02
8.920561907546037617e+01
3.300343353388505534e+02
1.516345563491704524e+02
2.173026418001326192e+02
3.079162430152190950e+02
1.118790405341484551e+01
2.993771881783279127e+02
2.255368357959154935e+02
1.333150197845784817e+02
3.202577823028170769e+02
1.007739231943098588e+02
2.446593903061499873e+02
2.773355183605260663e+02
4.189522222551739361e+01
3.049857710687479084e+02
1.806827870966490366e+02
1.714797607760551443e+02
3.035726925274033761e+02
5.100519073193556352e+01
2.644974381217654127e+02
2.421873792456580645e+02
8.678546872582280969e+01
3.030326665126313515e+02
1.344290927623420089e+02
2.031999097729802770e+02
2.807512869659438479e+02
7.684546561435710466e+00
2.768531774556246887e+02
2.034867356804540748e+02
1.271193491444261383e+02
2.940621255394905802e+02
8.789272972877816414e+01
2.282096974147938511e+02
2.527123297927680312e+02
4.346838849063576760e+01
2.819275904538322379e+02
1.623386607255903300e+02
1.620659599640512170e+02
2.786729372488589433e+02
4.227597517861512699e+01
2.463393833498681147e+02
2.203593936216961140e+02
8.471227941320675825e+01
2.800386702760868616e+02
1.197884197288383206e+02
1.911585499949375446e+02
2.575886424833969954e+02
7.460255400055344488e+00
2.575951477957058273e+02
1.846619054416155166e+02
1.217800146298516211e+02
2.716320122830169339e+02
7.689208612809751742e+01
2.140832933010505599e+02
2.316035439527149151e+02
4.479108046176695268e+01
2.621198409913794194e+02
1.466052131944263408e+02
1.539430761484325387e+02
2.572653865014890471e+02
3.482631234868316739e+01
2.306758817848255774e+02
2.015790857668906426e+02
8.286679766208136755e+01
2.601772847232879826e+02
1.071834182847474182e+02
1.807109596571270345e+02
2.375633619009641109e+02
9.564219007714752863e+00
2.409024436346533378e+02
1.683765153666063554e+02
1.171207527609475818e+02
2.521835456723839002e+02
6.738548374176356504e+01
2.017966022217835302e+02
2.132892589404129069e+02
4.590179592627241334e+01
2.448822981238839418e+02
1.329469916920918422e+02
1.468358259998759081e+02
2.386185538762187832e+02
2.839329284581646107e+01
2.170011866045079785e+02
1.852091442565466082e+02
8.123569413166733000e+01
2.428408076435351859e+02
9.619998127701960300e+01
1.715662547871867787e+02
2.200776165338116641e+02
1.229313494771584203e+01
2.262852172061212457e+02
1.541498104585749616e+02
1.130029596095530025e+02
2.351415815830094118e+02
5.908842382305294905e+01
1.909959819030879089e+02
1.972346922262339888e+02
4.684316106084745712e+01
2.297343594446382440e+02
1.209757316964111880e+02
1.405562152429552327e+02
2.222262532594008917e+02
2.280955277940567072e+01
2.049421964467706800e+02
1.708118671712380774e+02
7.976588315154630493e+01
2.275611137703292570e+02
8.655397391558200582e+01
1.634663661430061836e+02
2.046562004747754600e+02
1.499917697048096876e+01
2.133566693526885274e+02
1.416032577686800380e+02
1.093275812680231383e+02
2.200705221946239760e+02
