3.141157416600095686e+01
1.366839439740825810e+02
9.644404935415555258e+01
7.393530315272410292e+01
1.441574130369619695e+02
4.744662541711173986e+01
1.196575540906121375e+02
1.241368916235109339e+02
4.257839383025907409e+01
1.447902868015104048e+02
8.142450815672940223e+01
9.297623457656501955e+01
1.426502979342651258e+02
3.538224602901195937e+01
1.334601581630421379e+02
1.134139008509466038e+02
6.043610554904091003e+01
1.498202185299452083e+02
6.501385055155147086e+01
1.111189966024988536e+02
1.377621891541707839e+02
3.479321989810178195e+01
1.447380530983269296e+02
9.994125888321428874e+01
8.031912477128103944e+01
1.515214135412835503e+02
4.894485987719715325e+01
1.276639515698382183e+02
1.295471952082796747e+02
4.751042148608977556e+01
1.531051006736887530e+02
8.422743443078961434e+01
1.002652068269472778e+02
1.497808232319873412e+02
3.769184639694027084e+01
1.419877140527716790e+02
1.181905466526522730e+02
6.653774601490707141e+01
1.581240454559296609e+02
6.719655881764735739e+01
1.192933451318618410e+02
1.444269832681900141e+02
3.898905214910607953e+01
1.537195680302120309e+02
1.039376970336615784e+02
8.754492462193060476e+01
1.597859649563933431e+02
5.103243351923912030e+01
1.366343651924840401e+02
1.356803990086489762e+02
5.328689027026447178e+01
1.623664765571389808e+02
8.748998770603229502e+01
1.085700703846474084e+02
1.577833714091062802e+02
4.080210030289791945e+01
1.516706544709168725e+02
1.236281720102975328e+02
7.359759226390588083e+01
1.676187853233982423e+02
6.998425713300767370e+01
1.286005398432244249e+02
1.520882713358033698e+02
4.414328275002846169e+01
1.639424708695152333e+02
1.086827574237132552e+02
9.583125365190423395e+01
1.692431786652072105e+02
5.394369225277587532e+01
1.468781614143670993e+02
1.427917570323881762e+02
6.011335383437476310e+01
1.730324210124660169e+02
9.158357523543833167e+01
1.181194906520096026e+02
1.670849228095678427e+02
4.513125203515771489e+01
1.628020276811562326e+02
1.301539247450649839e+02
8.177827154771019025e+01
1.785269459068852882e+02
7.366375980145721769e+01
1.392897572444549326e+02
1.610541141642838738e+02
5.056643878501028411e+01
1.756986317087316252e+02
1.144595515332857190e+02
1.054448563161298438e+02
1.801997500148141853e+02
5.798963828799339382e+01
1.587421876674307555e+02
1.512448388926461007e+02
6.823683403315827434e+01
1.854216182031424864e+02
9.678444537845329876e+01
1.291019768626119912e+02
1.779240236287229493e+02
5.103206646095824084e+01
1.757208203747584037e+02
1.379725407096419190e+02
9.154817694361065605e+01
1.913460507546430449e+02
7.874699358961890994e+01
1.518668458707084028e+02
1.716622459293110126e+02
5.876360604119091846e+01
1.896548888451524988e+02
1.217353074171351750e+02
1.170635800744436921e+02
1.933577837669900816e+02
6.395343347232889641e+01
1.730052904431452703e+02
1.617244891968193485e+02
7.830443285222955296e+01
2.002464044637752068e+02
1.038123615524904011e+02
1.425790188029773731e+02
1.912555008075211163e+02
5.918930412393022067e+01
1.913145186458152978e+02
1.480135439506216528e+02
1.035508697180442965e+02
2.068087127953745039e+02
8.597893575435317359e+01
1.674075346990311175e+02
1.850562546374656279e+02
6.952496290848236526e+01
2.067151727165707769e+02
1.314267904567360858e+02
1.312677682994269901e+02
2.095727320249866636e+02
7.269239441256912926e+01
1.902439502593786358e+02
1.748211609290625006e+02
9.163981435268334508e+01
2.187598386176798613e+02
1.135522842562008918e+02
1.593961292867304849e+02
2.079638070393855571e+02
7.079550902464340822e+01
2.109494475086498824e+02
1.611673065219189880e+02
1.195035164586146692e+02
2.269108037622010841e+02
9.680381213000865159e+01
1.871003368382929182e+02
2.025696718619075511e+02
8.415202061865589656e+01
2.285305916021729331e+02
1.450636479699590211e+02
1.501663091767945559e+02
2.307910037646165335e+02
8.621694518456440903e+01
2.132314171983629478e+02
1.929171202500040181e+02
1.097536537670038825e+02
2.432841986048407250e+02
1.282265128531560947e+02
1.824960057913062599e+02
2.314108800973047835e+02
8.899014896838112065e+01
2.376139558026851262e+02
1.807231041539158696e+02
1.418213598303750587e+02
2.543769416359978379e+02
1.147016295831659676e+02
2.145297983575275964e+02
2.275061732953047056e+02
1.075804742191341177e+02
2.599380933410830039e+02
1.666709020803705243e+02
1.785301339190537249e+02
2.625884009899180569e+02
1.103554109657025748e+02
2.473989963925548921e+02
2.219035688431262656e+02
1.391279002382059105e+02
2.804490136256625306e+02
1.547485682599213135e+02
2.178153718298409274e+02
2.678918666585147434e+02
1.211485502819657398e+02
2.794960325904178262e+02
2.147577121930374062e+02
1.798862338168048893e+02
2.992870395978169995e+02
1.497678239082589471e+02
2.612039733573809031e+02
2.727146751157645781e+02
1.504581308827162047e+02
3.130513404822614234e+02
2.103140743425422556e+02
2.287342882484992117e+02
3.191326577055473308e+02
1.599845221191810651e+02
3.075586589946705658e+02
2.780174579001478037e+02
1.973980399663126093e+02
3.509227980112996761e+02
2.155899120270477738e+02
2.880034210792185263e+02
3.437366300484287081e+02
1.953280909973044004e+02
3.658967387558558926e+02
2.954685116020399391e+02
2.637476603765366576e+02
3.988389163880351589e+02
2.426538917120029168e+02
3.636648438182887162e+02
3.829288983867519391e+02
2.614819662365001705e+02
4.415578712621561408e+02
3.369389422491739197e+02
3.620434679810505259e+02
4.758159076830289109e+02
3.158772040764699796e+02
4.759449086987193596e+02
4.636667209003501853e+02
3.843842967064086338e+02
5.718122032020786492e+02
4.500781304538380141e+02
5.287467785387566437e+02
6.333739777928313970e+02
4.974606432413156654e+02
6.996474115006991497e+02
6.842772085699369882e+02
6.508447966126431083e+02
8.804871551460641967e+02
7.904575156678961321e+02
9.018260530215027302e+02
1.074749823796271812e+03
9.786052794078543684e+02
1.174283664402386194e+03
1.228042363420892798e+03
1.087272574882805657e+03
1.227790698909915591e+03
1.116214934168361651e+03
9.267970230629382513e+02
1.004952461985190439e+03
7.924031769182955713e+02
7.044516446608880642e+02
7.523191903892837900e+02
5.061714213876222743e+02
5.809719691694814401e+02
5.445742484805023196e+02
3.511351941880415097e+02
5.007843820649856070e+02
3.496686896693223616e+02
3.252982239813553065e+02
4.209445181276981884e+02
2.058344650844639148e+02
3.409791626098809729e+02
3.033166928023647984e+02
1.670464095714076507e+02
3.343008961386348687e+02
1.759592420665652241e+02
2.265083194882675173e+02
2.799850386216218681e+02
7.952313030214357070e+01
2.677468102075731053e+02
1.882471291906133217e+02
1.323066028966228203e+02
2.581141970503304037e+02
7.303103601104862719e+01
2.033286520445527117e+02
2.022698199173954379e+02
5.543786273015682298e+01
2.321457156793255763e+02
1.145806790675863311e+02
1.407751681202197744e+02
2.067445820872744378e+02
1.098377447562836373e+01
1.940451955025197890e+02
1.423548927981282191e+02
9.215496131243045852e+01
2.023843002854596591e+02
5.758301071342371813e+01
1.620504973440867502e+02
1.667795319115323593e+02
5.291225641836084037e+01
1.913201936940876067e+02
9.870791826792439849e+01
1.262829114159772104e+02
1.789404554356445374e+02
4.369119093963479372e+01
1.725025527695168535e+02
1.296655900936402190e+02
9.291424182873640802e+01
1.811737544988995126e+02
7.002920216787585161e+01
1.503285889722517368e+02
1.513698200365568596e+02
7.323481813557576459e+01
1.778989442089817601e+02
9.792036376372476525e+01
1.260170524385163731e+02
1.652720000168900469e+02
6.688329284689868359e+01
1.674817264423339225e+02
1.226492220452619790e+02
1.057156335798893139e+02
1.751424041248402261e+02
7.587176922536704637e+01
1.531910339575504736e+02
1.473749980445051904e+02
8.788654835826544343e+01
1.774913070065131535e+02
1.003079231884506726e+02
1.353081113463272516e+02
1.641101433775010037e+02
7.720899199544309965e+01
1.731596063056538242e+02
1.255169028124004029e+02
1.150856936954923100e+02
1.767185226696976770e+02
8.254343800680500465e+01
1.610185575023438673e+02
1.487463451711966798e+02
9.592202460383495577e+01
1.819049294979164415e+02
1.019818781295846151e+02
1.457629743773203757e+02
1.683702539212097520e+02
8.229956903437562232e+01
1.830522403876188093e+02
1.285080538556117347e+02
1.230416286773348702e+02
1.847535883607770870e+02
8.448885160560730867e+01
1.726732532077112126e+02
1.548984771257840123e+02
1.006595850615106968e+02
1.947168269443377255e+02
1.045043871016188319e+02
1.569235750769293816e+02
1.822388366530909991e+02
8.325913442547435750e+01
1.951690002286174774e+02
1.351967475757815862e+02
1.315211690259030206e+02
2.010756878318323686e+02
8.476931866124479598e+01
1.879843797387914606e+02
1.701707295884508824e+02
1.011946344830337949e+02
2.138794244307962060e+02
1.108435936571842007e+02
1.658240476928693852e+02
2.020890223102192351e+02
7.874175582487420400e+01
2.139029590579676494e+02
1.505629357626355898e+02
1.323705369852246747e+02
2.255272169479251829e+02
8.488003087432102234e+01
1.990580162950191152e+02
1.936164366604924680e+02
9.417543157716671942e+01
2.366552865141208599e+02
1.260588157382061496e+02
1.705500837405857624e+02
2.307177356714009875e+02
7.014636512666686485e+01
2.320765936825635549e+02
1.780054102690204161e+02
1.260267076166998947e+02
2.546467100025036245e+02
9.758076379621121532e+01
2.082497199789451372e+02
2.271009746926968660e+02
7.712034380300067937e+01
2.610272413271008531e+02
1.559352996527684070e+02
1.657311046715659302e+02
2.647265806880810715e+02
6.935372363348471936e+01
2.456315006375996006e+02
2.158466499106450556e+02
1.086439573570537362e+02
2.838990775073804116e+02
1.255082103045782986e+02
2.090681881860381850e+02
2.668729014664889405e+02
5.838223874535318458e+01
2.816851395458627394e+02
1.972302925615433651e+02
1.517963268620967199e+02
3.009877219547130949e+02
9.069657407792361425e+01
2.531593044773360646e+02
2.618016274697358767e+02
8.203744036919120219e+01
3.113929830632928883e+02
1.689079349521494464e+02
2.005816100847620191e+02
3.105485040650948463e+02
5.658314935829747583e+01
2.948779961451655822e+02
2.466715127306255226e+02
1.276653759990061729e+02
3.362824080794297288e+02
1.331883394048863067e+02
2.509242485419032676e+02
3.111767828863725072e+02
5.212339298176102886e+01
3.339650513072357398e+02
2.228185577610583437e+02
1.813833842229112463e+02
3.536222891551539647e+02
9.063565763158152322e+01
3.014001487901538212e+02
3.027728832964033927e+02
9.308817253802256175e+01
3.671653695278277496e+02
1.884476861329971200e+02
2.397541238508376296e+02
3.624748537198076406e+02
4.787763674954812387e+01
3.500788105151489731e+02
2.834273825594389109e+02
1.531464765013202225e+02
3.965702180635084915e+02
1.463886683019825057e+02
2.985447623820960530e+02
3.621628838681988896e+02
5.292623203600283688e+01
3.943349720935932510e+02
2.537024598601990704e+02
2.184523936283379157e+02
4.152174346556965929e+02
9.310197314322931561e+01
3.591410795969565015e+02
3.513873124978463807e+02
1.123033524895763691e+02
4.350348544072386971e+02
2.135979840708872359e+02
2.879876541166634638e+02
4.256762790519611599e+02
4.028329026378856526e+01
4.173875191629129517e+02
3.292199062566139673e+02
1.853335365540684734e+02
4.681961135817973627e+02
1.614308591755732323e+02
3.605548185289343905e+02
4.262421245446539046e+02
6.171048242936407036e+01
4.718499183605147778e+02
2.944193090059315523e+02
2.656504426037101894e+02
4.929766976380134338e+02
9.848347440063385250e+01
4.333974512525707041e+02
4.145181384727887348e+02
1.388805061504824323e+02
5.211229319785128382e+02
2.464206466398422890e+02
3.512152176140442634e+02
5.074873431976201914e+02
3.369544097527617055e+01
5.046314526663226729e+02
3.884599966786074106e+02
2.301547984691043496e+02
5.638292464213807307e+02
1.842228256173029308e+02
4.405663830364396745e+02
5.098670680752852604e+02
7.858406513239214064e+01
5.736770579174719842e+02
3.479329842246943940e+02
3.303269349581048573e+02
5.969157733531378653e+02
1.067796973230497883e+02
5.330632437435157271e+02
4.983894928916374170e+02
1.786540162387841235e+02
6.386910611252560557e+02
2.909059007081492041e+02
4.389650494844184436e+02
6.192921702769866670e+02
2.653250148449955859e+01
6.265877951116938220e+02
4.706867945430706754e+02
2.943677958786760200e+02
6.969947928589903086e+02
2.147874851748928791e+02
5.558071996146134097e+02
6.283372561613126663e+02
1.075301602767847555e+02
7.201776105821742249e+02
4.239332060153018347e+02
4.256379245820575647e+02
7.475774886668596082e+02
1.182912562209350540e+02
6.804110703509161340e+02
6.213369344008003736e+02
2.398431176530857272e+02
8.133692949281261235e+02
3.559807445050021784e+02
5.725593116476909472e+02
7.880340520164359077e+02
2.275037277647556522e+01
8.124596305968550496e+02
5.949599157878641336e+02
3.961715774873060809e+02
9.043800097534568749e+02
2.627645945915161860e+02
7.364709677834988497e+02
8.143223041041610486e+02
1.567689835749838494e+02
9.535981718968556606e+02
5.454044732570204133e+02
5.797762458222774740e+02
9.915506104219033432e+02
1.377082270436307567e+02
9.222692772961997889e+02
8.246081590558870857e+02
3.416985938821202922e+02
1.104941691851436190e+03
4.664611417576708163e+02
7.975052720183434758e+02
1.074251075307710153e+03
3.258880652643133402e+01
1.134478682284033994e+03
8.126077577007239370e+02
5.738287804123351634e+02
1.269856704418052459e+03
3.477882329835197766e+02
1.062350529599718811e+03
1.152355404464214871e+03
2.485704961815326897e+02
1.385376434658731114e+03
7.727760193547419476e+02
8.704733480638903984e+02
1.456135554828715613e+03
1.759504159612937713e+02
1.393302392433689874e+03
1.224378271436195746e+03
5.468528017670964800e+02
1.694163968463913307e+03
6.918014592839479064e+02
1.266234918357630249e+03
1.677920690271399963e+03
7.882726884662906741e+01
1.832096985422223497e+03
1.291759649423428755e+03
9.723320571949234363e+02
2.103246826601876819e+03
5.489202761569832774e+02
1.827451841686427997e+03
1.962854112636268610e+03
4.760046102385804829e+02
2.467017606660454021e+03
1.355598652547749225e+03
1.633087617972722683e+03
2.705004610184831108e+03
2.830086351231914819e+02
2.730860875145268892e+03
2.392788337965411301e+03
1.168922582818166347e+03
3.535794608659928144e+03
1.424103676855170079e+03
2.840403127846158895e+03
3.792870311689603113e+03
2.600779013569817266e+02
4.509306347928553805e+03
3.226545767492364121e+03
2.691166517635539549e+03
5.916096874687939817e+03
1.522073125681382407e+03
5.925488610170094034e+03
6.709072082538821633e+03
1.920634078605946115e+03
1.030467653477826934e+04
6.222298247693933263e+03
9.215507503296174036e+03
1.813916881754278802e+04
2.066068755763655645e+03
3.727675817133472447e+04
7.467934664829856774e+04
8.200663046668902098e+04
5.349934416106114804e+04
1.111250018972882208e+04
1.554401664645524397e+04
1.467071079918716350e+04
1.014203550095657647e+03
1.065062714777871224e+04
5.988800526516313766e+03
4.230889839381887214e+03
7.437889651236384452e+03
1.474188382042052353e+03
5.158224418008800967e+03
4.691690506944078152e+03
1.224945162360385439e+03
4.871943950388068515e+03
2.262662488580905574e+03
2.725527427655544216e+03
3.872537113560179478e+03
2.480361347691217873e+02
3.306494136522125700e+03
2.509142710080167490e+03
1.255990403866197767e+03
3.160458168402367392e+03
1.059714228170811793e+03
2.162337843721152240e+03
2.490704306448361422e+03
2.554478073605555437e+02
2.485181900113801021e+03
1.515570101158647503e+03
1.250434326455033897e+03
2.298098398203672332e+03
4.551882748456969807e+02
1.835692995023811818e+03
1.723816983854241016e+03
5.110475114340737832e+02
1.987919542909585971e+03
9.289766668278897441e+02
1.223629266176147894e+03
1.748748487659750026e+03
8.951097613255359420e+01
1.605897332297465027e+03
1.220393774148922830e+03
6.625162261836068183e+02
1.635655921789853664e+03
5.350173825518593276e+02
1.183607797179916588e+03
1.355682532131741709e+03
1.696013965241814105e+02
1.418552520466958185e+03
8.546177236579454757e+02
7.526561941707312826e+02
1.358918124803568844e+03
2.503126237567824433e+02
1.131229859505042441e+03
1.049296818564131399e+03
3.406669412228674219e+02
1.255264699183703669e+03
5.726630025545416629e+02
8.030148726737381821e+02
1.128431382568660638e+03
4.511175063697007914e+01
1.068488501601426151e+03
7.988487683482919692e+02
4.626855562062132776e+02
1.105570944703690429e+03
3.471221925813867983e+02
8.244008242325521678e+02
9.281079512892583807e+02
1.365266792304169599e+02
9.975149721929723228e+02
5.878552463764896174e+02
5.480189747674570526e+02
9.651384674348749968e+02
1.638298590584413148e+02
8.234623951940761799e+02
7.499300175855391899e+02
2.637654043202164189e+02
9.195679687868699830e+02
4.070918567967536319e+02
6.043001395963065079e+02
8.312220935545482234e+02
2.823831872539098597e+01
8.046568528750686937e+02
5.891083134214150050e+02
3.622657147701009421e+02
8.357385929393623201e+02
2.504022056312458062e+02
6.374388487368177039e+02
7.032054184943090149e+02
1.188506063445395142e+02
7.715140492154531557e+02
4.432991427286294197e+02
4.360937204302994701e+02
7.477557686272789397e+02
1.156743347557862194e+02
6.507950465776943929e+02
5.805037967614338186e+02
2.199052378201638476e+02
7.265022527828009515e+02
3.109110493440628602e+02
4.886366894999462716e+02
6.567765016381202940e+02
2.434524862719925764e+01
6.476121974950212916e+02
4.634602914495747541e+02
3.016335969093738640e+02
6.718968074924902112e+02
1.913516903017601578e+02
5.225617775439983461e+02
5.641855656045742080e+02
1.078544865445629455e+02
6.302894998603311478e+02
3.524781867223647396e+02
3.653744512863931959e+02
6.096879539002090951e+02
8.506680738329067992e+01
5.401050570472704067e+02
4.713382764859908320e+02
1.915214110516733683e+02
6.009897320627283079e+02
2.482087515614858262e+02
4.126110737660854966e+02
5.416971876362445073e+02
2.589390341902036852e+01
5.431708279044273695e+02
3.795445894302781085e+02
2.610006417348433843e+02
5.616379988341808485e+02
1.514833767766729977e+02
4.446696153342542743e+02
4.695623418874874915e+02
1.003067432410571342e+02
5.334703293959540815e+02
2.899846315730714537e+02
3.165784967322369994e+02
5.140804890918661840e+02
6.399767800773605586e+01
4.629275176259325804e+02
3.949919427729124095e+02
1.715789144356303382e+02
5.126450581464084735e+02
2.039581036779468945e+02
3.587801766840160553e+02
4.599870643320636532e+02
2.878853363237023899e+01
4.685401641823867180e+02
3.194091939397321198e+02
2.318474538043744531e+02
4.822661694300838917e+02
1.227332142853575334e+02
3.882957831042612042e+02
4.009198983157359066e+02
9.478051440731586297e+01
4.629041018566538241e+02
2.443784703488108789e+02
2.808038876971307900e+02
4.440341247067680683e+02
4.903726114107148248e+01
4.055048374594471170e+02
3.382275036514616886e+02
1.568080624881370966e+02
4.468652916222271756e+02
1.709175803616190024e+02
3.185531018791309634e+02
3.987524242099765388e+02
3.175404332911950078e+01
4.124804135321557510e+02
2.741389790579458463e+02
2.097954757747542942e+02
4.221841940389012962e+02
1.009566170977364976e+02
3.454710697931965910e+02
3.486576132433587532e+02
9.053252457284388299e+01
4.088964415090305238e+02
2.093472737927837954e+02
2.533583881640713571e+02
3.898731658639237025e+02
3.725433126654876759e+01
3.620290765443637611e+02
2.948938342838599738e+02
1.453112192703383130e+02
3.961174725944756574e+02
1.454578060862456255e+02
2.873304964327832067e+02
3.512431852836203348e+02
3.428353780857091238e+01
3.687623095515206728e+02
2.388198570922473891e+02
1.925442098767170478e+02
3.751746130715348500e+02
8.395153251609828260e+01
3.118389785228931146e+02
3.076069044070848122e+02
8.713918266349107000e+01
3.663475355926416910e+02
1.817820621892540771e+02
2.316206864820609610e+02
3.471472493838197124e+02
2.860394082698490337e+01
3.271443453011399356e+02
2.602495667138283579e+02
1.361362097242156040e+02
3.555615388492786337e+02
1.251043043700636730e+02
2.623253988822557972e+02
3.131697999640440457e+02
3.646243628936809955e+01
3.336342371967073746e+02
2.104326558469073802e+02
1.786215004985513701e+02
3.372711776402285864e+02
7.028755748032230599e+01
2.846379384083381865e+02
2.743980745027431567e+02
8.436222212825632027e+01
3.318411369144123455e+02
1.594240542419696851e+02
2.139416979669074976e+02
3.124029346311471045e+02
2.217491669554168254e+01
2.986819635085341815e+02
2.319836594396788598e+02
1.286151044091375866e+02
3.223928672848381893e+02
1.084711027087844997e+02
2.418169804701217629e+02
2.819517174222941662e+02
3.830416320647786677e+01
3.047492987821252655e+02
1.871013717956922449e+02
1.671187470924155321e+02
3.060229010359583981e+02
5.908654655813712253e+01
2.621456066980172750e+02
2.469527256975962359e+02
8.202938704166565742e+01
3.032501604021068715e+02
1.409140984122985572e+02
1.992416889570096146e+02
2.835472018915136232e+02
1.770295036081384410e+01
2.749845401560214100e+02
2.084620555420086134e+02
1.223136905446471729e+02
2.947204394990370133e+02
9.461971189871259469e+01
2.246568361128880440e+02
2.558556720739771606e+02
3.986535642121574341e+01
2.805416963577029605e+02
1.675706529214842249e+02
1.574280859967981883e+02
2.797786619567307866e+02
4.975533878201097338e+01
2.431994499960593998e+02
2.238587560211923346e+02
8.003066136746521408e+01
2.791371066451624756e+02
1.253248092607040718e+02
1.868014012119961649e+02
2.591700777677279461e+02
1.509664330819381028e+01
2.549124119504261614e+02
1.885636486734136099e+02
1.169334264855187797e+02
2.712416190846130917e+02
8.290335546722641880e+01
2.100501200527961032e+02
2.336749362165070352e+02
4.120482883890758075e+01
2.599201480558512571e+02
1.509426368362310313e+02
1.491569687876748560e+02
2.574061397516113061e+02
4.187276112398659222e+01
2.270135622669688757e+02
2.041508881633635042e+02
7.828266581769747745e+01
2.585029243071231804e+02
1.120129512711178563e+02
1.761128562524771439e+02
2.382800450478843004e+02
1.419359897442416418e+01
2.376677342925407572e+02
1.714933669348021965e+02
1.122794617372027801e+02
2.510557074015308103e+02
7.286450618732541784e+01
1.974546706449034446e+02
2.145911758045122042e+02
4.233659322296286831e+01
2.421250311382337372e+02
1.366350278933316247e+02
1.419640953641693386e+02
2.380714050371873611e+02
3.517532826510992550e+01
2.129774737273359904e+02
1.871034102050535637e+02
7.673140088654855617e+01
2.406077839976963446e+02
1.004985766163250389e+02
1.668122380214169596e+02
2.201548642611140281e+02
1.459031322789638452e+01
2.226655280948790505e+02
1.566771474792608103e+02
1.081906785750518623e+02
2.334798420673588737e+02
6.416922654155669647e+01
1.864482057302919884e+02
1.979588416459111215e+02
4.331449724987290750e+01
2.265809810523264503e+02
1.241597988683490428e+02
1.356608192415926339e+02
2.211794132832304456e+02
2.943324467896447061e+01
2.006891981278780293e+02
1.722083767135934238e+02
7.533601672644472558e+01
2.249291861193553359e+02
9.044370417619404634e+01
1.586263451485673954e+02
2.042633255100129759e+02
1.576129146739218179e+01
2.094759855271983042e+02
1.436836053249642191e+02
1.045636043973928082e+02
2.180260557862415283e+02
5.656586794100056181e+01
1.767368980322235643e+02
1.833294466477613582e+02
4.414969183713994738e+01
2.128699600356430892e+02
1.131841889648399757e+02
1.300746567971793013e+02
2.062875186702474934e+02
2.453316286454739981e+01
1.898129917782336804e+02
1.590687806380834672e+02
7.406523714866780495e+01
2.110583460632010713e+02
8.158455425458511456e+01
1.513519518787688014e+02
1.902039497548594795e+02
1.729507240054732620e+01
1.977719023112274783e+02
1.321907161677258102e+02
1.013116237008311629e+02
2.043162514336086701e+02
4.986832050159444663e+01
1.680910792623390648e+02
1.703560297837580606e+02
4.486008575265781673e+01
2.006743611503320039e+02
1.034677820855391843e+02
1.250562621412118318e+02
1.930292971561983393e+02
2.037412021340456292e+01
1.800964228126713635e+02
1.473754686072749394e+02
7.289655636762847735e+01
1.986804431005138269e+02
7.371558695255374971e+01
1.448307505417485572e+02
1.776633989560555165e+02
1.894376877076635424e+01
1.872965669167968770e+02
1.219439292843901654e+02
9.836768750845428144e+01
1.920524686679385979e+02
4.392791350704977305e+01
1.603284435103690555e+02
1.587586461409138678e+02
4.546309318558883206e+01
1.897348354630517235e+02
9.479078506232966106e+01
1.205222727519029462e+02
1.811439960763990769e+02
1.691322077109103006e+01
1.713505296411715335e+02
1.368965563512886945e+02
7.180958466682494645e+01
1.875522261107472559e+02
6.668044131750778547e+01
1.389376585351768085e+02
1.663959117077338874e+02
2.058173245587757805e+01
1.778521324026573893e+02
1.127466080409917879e+02
9.567828482668215884e+01
1.810022568232497235e+02
3.863450865982413518e+01
1.533006687523996447e+02
1.483104288297179210e+02
4.598292136026027777e+01
1.798521925130137049e+02
8.698267767402170136e+01
1.164042291391851052e+02
1.704164742389920661e+02
1.412840679407005240e+01
1.634392589826335325e+02
1.274537112456567201e+02
7.078983624643984740e+01
1.774895971690887109e+02
6.036004681940979566e+01
1.335731351928772597e+02
1.562083767078400172e+02
2.214884463537942239e+01
1.692844116268724690e+02
1.044392534122419818e+02
9.321222608541326338e+01
1.709950749392699834e+02
3.389641879793600765e+01
1.469088385741836476e+02
1.388630698275838142e+02
4.640990478551839260e+01
1.708754090794788283e+02
7.994189379465419165e+01
