1.140457985450130423e+02
1.123274030510123538e+02
1.477138188869305679e+02
9.482351521447692733e+01
1.378531644529119546e+02
1.325791573386063362e+02
9.972066202868994367e+01
1.518420002310670611e+02
1.086485622064104888e+02
1.247327866112894981e+02
1.476945438257761509e+02
9.584153453315299487e+01
1.480527905142531040e+02
1.277021393037786368e+02
1.101635424965202503e+02
1.562384079005912554e+02
1.045671310006757011e+02
1.373390979673640970e+02
1.457600869427134853e+02
1.007891887407195384e+02
1.568055586144520248e+02
1.222874049732466233e+02
1.226511111548761903e+02
1.585529564015911319e+02
1.030093642058409529e+02
1.494659198618785751e+02
1.421635349471763732e+02
1.094687390657413886e+02
1.637414573667444984e+02
1.171935651269824916e+02
1.361890358308144471e+02
1.587759466587974657e+02
1.050696528172085209e+02
1.606145937664767303e+02
1.374396530195913328e+02
1.212064038916611821e+02
1.687254716967434263e+02
1.137353628180479035e+02
1.500051629462017218e+02
1.571058487325122144e+02
1.111597427693443052e+02
1.701881014676848736e+02
1.323162880636680541e+02
1.349955846900191716e+02
1.715131572101205109e+02
1.131122900228151025e+02
1.633103491026031406e+02
1.538315208503812812e+02
1.212963711915811871e+02
1.779348381126937966e+02
1.277434699266585909e+02
1.498342727967653900e+02
1.720449796204127608e+02
1.163085664532098633e+02
1.755130138254380370e+02
1.493309648083301227e+02
1.345058575358062569e+02
1.836130048982741414e+02
1.252057296957934085e+02
1.653236544304770348e+02
1.709063842021982396e+02
1.241036591654178238e+02
1.864340199830794518e+02
1.448928927710128107e+02
1.502164738979588776e+02
1.873655850179217168e+02
1.260032087021861145e+02
1.802352567330888178e+02
1.681751861468304412e+02
1.361713507468918749e+02
1.955336772992603471e+02
1.413238233454341923e+02
1.671504210002355819e+02
1.889233685570289651e+02
1.309364333465638310e+02
1.942651283320927860e+02
1.647763875065143111e+02
1.516699002191979275e+02
2.026159177275011132e+02
1.401523755865646592e+02
1.844819806334490977e+02
1.886713842832143939e+02
1.407951499886886495e+02
2.068386036480929988e+02
1.614175231324657602e+02
1.695163769744520152e+02
2.073743883641023729e+02
1.426282082497415615e+02
2.016828311374089822e+02
1.871541383293106833e+02
1.554849285230305895e+02
2.177986085252568103e+02
1.592123230209594738e+02
1.891804664388779997e+02
2.108542228222746076e+02
1.505791278371082740e+02
2.182587326603891427e+02
1.851120223452899438e+02
1.737469603418990403e+02
2.270611460507829804e+02
1.607347562502849883e+02
2.096428505505326427e+02
2.122638548123874784e+02
1.635577992683624018e+02
2.335357051995365794e+02
1.837618877089259115e+02
1.955621795794823754e+02
2.344129438313306935e+02
1.663093067285619497e+02
2.308691987317301368e+02
2.130950046907756246e+02
1.812297038035341075e+02
2.476955207467435969e+02
1.847626073546105943e+02
2.190034912483240817e+02
2.404510839667349558e+02
1.778865874214285441e+02
2.512599094232663788e+02
2.142970664006060133e+02
2.046755440647752380e+02
2.607385299150826086e+02
1.899272756811856198e+02
2.442485265268376224e+02
2.453829353306265375e+02
1.958798482571409352e+02
2.710902991211350468e+02
2.164214440928880663e+02
2.324476261034637901e+02
2.734831035947039481e+02
2.007398956025331813e+02
2.704265904754247458e+02
2.500397646285096300e+02
2.199386346799654461e+02
2.913141909744693407e+02
2.229004892776326869e+02
2.626365434023409762e+02
2.848081574586709053e+02
2.191048477088848756e+02
2.989257196983512586e+02
2.580613911306021464e+02
2.511317576666613149e+02
3.116979741208526207e+02
2.363972208021810104e+02
2.965045424097505133e+02
2.963267739809319892e+02
2.471023754917793838e+02
3.297103511260501705e+02
2.702429500852030628e+02
2.906758604938444819e+02
3.340101880950585951e+02
2.576744034623990274e+02
3.367258290645249872e+02
3.138400065161772545e+02
2.845028227873523861e+02
3.629297735484558416e+02
2.897609901551751364e+02
3.360593698919727785e+02
3.592218960699034938e+02
2.914048234224001135e+02
3.816829504766697028e+02
3.373624560002750741e+02
3.349537867879547548e+02
4.018886473902051080e+02
3.223926046956748905e+02
3.948674857167536061e+02
3.945382879087655965e+02
3.426580108746191513e+02
4.371109901876426420e+02
3.733163914127831049e+02
4.024414682704417601e+02
4.552417461282873319e+02
3.764275860040968382e+02
4.681307577215441142e+02
4.462401844918501297e+02
4.219015627505555130e+02
5.131833908187848010e+02
4.368412676300349631e+02
4.997345938526009945e+02
5.321570469329597017e+02
4.668491820306879845e+02
5.788422758411261384e+02
5.354142102355023098e+02
5.452612807747631223e+02
6.338668552811441259e+02
5.546263308893780959e+02
6.524515757642822109e+02
6.687294631921838572e+02
6.322768280286476283e+02
7.642518145302359471e+02
7.085818260417290730e+02
7.666927677897431295e+02
8.594596294737216340e+02
7.998253416175273287e+02
9.535183408065881849e+02
9.702562689873044519e+02
9.911455458994815899e+02
1.178384428811890984e+03
1.149111942993446974e+03
1.309021040184549065e+03
1.480583264347681279e+03
1.535682732051166795e+03
1.886616166351339416e+03
2.083398128967192406e+03
2.417866170928884003e+03
3.079615612929153031e+03
3.659195841122595994e+03
4.927019140260967106e+03
6.466225396557434578e+03
6.788840523274139741e+03
5.672647122272385786e+03
4.161741732542473983e+03
3.144069929543428771e+03
2.531615526521786251e+03
2.058876103309979044e+03
1.707087261329031890e+03
1.504793568572196364e+03
1.309032120605624641e+03
1.147203968505610874e+03
1.056522094571109392e+03
9.013813778061114590e+02
8.562170699897828854e+02
8.064626325310075572e+02
6.716488368549065626e+02
6.778624126152819827e+02
6.021044299666637016e+02
5.453640276624433909e+02
5.722165096194780745e+02
4.640892568039251955e+02
4.840726941416697287e+02
4.690237255783489445e+02
3.758052068493430511e+02
4.386723059409895882e+02
3.615694580679214027e+02
3.326412874436780953e+02
3.749401885052812418e+02
2.742795091805926404e+02
3.265745627840937004e+02
2.965947335925373523e+02
2.309231006504637378e+02
3.116173907476180602e+02
2.214993892608463000e+02
2.407244263287361719e+02
2.692849396222329688e+02
1.665120131358317224e+02
2.481280480267047039e+02
1.994196727230193744e+02
1.699722941044310573e+02
2.404960674368088007e+02
1.352462179302478660e+02
1.930734004660468486e+02
1.934164493051868021e+02
1.076196650543422777e+02
2.034528252784692768e+02
1.300227335031241580e+02
1.400787917619482812e+02
1.865607328088645431e+02
8.256346417031745943e+01
1.666596705942516508e+02
1.320994901074945744e+02
9.548856099155844390e+01
1.725022291149277009e+02
7.059542818646522733e+01
1.343772997342932172e+02
1.439400877724890790e+02
5.177570956197288865e+01
1.516460868785408707e+02
8.411777375804147994e+01
9.780151444608303279e+01
1.435975077265592574e+02
2.977221410347150865e+01
1.322257968130917902e+02
1.015129092517580744e+02
6.279886919098741771e+01
1.404992489857806675e+02
4.283235248635300252e+01
1.115958587671899522e+02
1.177683287261369713e+02
2.656393855131292980e+01
1.336904958474626426e+02
6.937079937132939733e+01
8.215518891232105148e+01
1.245032744757312884e+02
8.208167420345832355e+00
1.197066655126214698e+02
8.949722753932871910e+01
5.546748341698286566e+01
1.276942252028603946e+02
3.561709898524799911e+01
1.001223805107845521e+02
1.042508579703555824e+02
2.730791525401367181e+01
1.213128888746188920e+02
5.770123496231089177e+01
8.137088665727355874e+01
1.136187285020269115e+02
1.467481031951801640e+01
1.171186251805573875e+02
8.142968066237557423e+01
6.234939511885205121e+01
1.224388211058243030e+02
3.018278025231109396e+01
1.046784593065260509e+02
1.002518309202638989e+02
3.840219255830442791e+01
1.210339354655224327e+02
5.131821858097771383e+01
9.266793092018070865e+01
1.162435851398587090e+02
2.438689793555269247e+01
1.227356839718466546e+02
7.992540208732998508e+01
6.970370303402431489e+01
1.255237018186444402e+02
3.146869140706464307e+01
1.126082699191294125e+02
1.003326177088573843e+02
4.752490612984693286e+01
1.289815451882372486e+02
5.075895712478880029e+01
9.895518447486675484e+01
1.164806626773453218e+02
2.975499659366574434e+01
1.341328206169046382e+02
8.071900440397259047e+01
8.287216368306862080e+01
1.336026389412024287e+02
2.125705945198126301e+01
1.290892913300514806e+02
1.067198808507450423e+02
6.108507411717797453e+01
1.500437113353596885e+02
5.598119920520605319e+01
1.156317249907544920e+02
1.342727062349671598e+02
3.057585174633760872e+01
1.505140631491045156e+02
8.699510476517210122e+01
9.557601325605962472e+01
1.564590857818974996e+02
2.578522714729770016e+01
1.449700645305910598e+02
1.211013642247157520e+02
6.436770081629029505e+01
1.697573154698277733e+02
5.970372502439793294e+01
1.339491852226676940e+02
1.572330866489152470e+02
2.647325521698809681e+01
1.775930042361234769e+02
1.065992548077551163e+02
1.046095817284705447e+02
1.839028459632108081e+02
2.749775489171887699e+01
1.706845601391464413e+02
1.506273819270671197e+02
6.625746135634167899e+01
2.039327948241324577e+02
8.153383434660997864e+01
1.497573676607297273e+02
1.932396123577021569e+02
1.320460162804222293e+01
2.079519783549397403e+02
1.394960998020150669e+02
1.114069583774064114e+02
2.245591781891703818e+02
5.116686797924955243e+01
1.935451981903984233e+02
1.919093231619032736e+02
6.238121528862572518e+01
2.435663608472561350e+02
1.189467884724025311e+02
1.658349086537834580e+02
2.430316787426631322e+02
2.559508796173569678e+01
2.430541138959560215e+02
1.908412654511209894e+02
1.115682049494031247e+02
2.730484498599470840e+02
9.327149491659406522e+01
2.205290806869418532e+02
2.543249058072397020e+02
5.404778585098684829e+01
2.861003327270656769e+02
1.756536819957352122e+02
1.733064421767178658e+02
3.015716692545223623e+02
6.932172524462902174e+01
2.761163220391946993e+02
2.549893458709163667e+02
1.108486121206813237e+02
3.319080409055334258e+02
1.553319232955757627e+02
2.390665041253163565e+02
3.245468958708511877e+02
6.731468798007333021e+01
3.360011344589445343e+02
2.508838262077680099e+02
1.759859227322967570e+02
3.741856695593398285e+02
1.330287405325718737e+02
3.094680019983464376e+02
3.401459579282995946e+02
1.059975087241991076e+02
3.957277629968540396e+02
2.386373908901784660e+02
2.505788956233666909e+02
4.097271742851570480e+02
1.120059414491355341e+02
3.844260322029970780e+02
3.461368989205026310e+02
1.742815985740415101e+02
4.550250154631298187e+02
2.158332448791177853e+02
3.394250647175798576e+02
4.421995478870621810e+02
1.215471561537197971e+02
4.676024797125083978e+02
3.436298319687624598e+02
2.638503160412201396e+02
5.175058876976813735e+02
1.908269937964117275e+02
4.401047108195735404e+02
4.705541413629057388e+02
1.769754489119934249e+02
5.573310919402647414e+02
3.340125448068457672e+02
3.716693093658494718e+02
5.778654949538185974e+02
1.789468462543223950e+02
5.559177750926113504e+02
4.903117934836355971e+02
2.755788990529194393e+02
6.569928760244755495e+02
3.156007129881205628e+02
5.068998308503346948e+02
6.418775056695283183e+02
2.086874760271452942e+02
6.921095211707117869e+02
5.041317106782149153e+02
4.123846320060917492e+02
7.701657167166346198e+02
2.994845369543033939e+02
6.741837061730528831e+02
7.083006015422721475e+02
3.045100084414078196e+02
8.571949216859742364e+02
5.138546324087682251e+02
5.984287421247448719e+02
9.022306780677801044e+02
3.059795793893374025e+02
8.905583770647511983e+02
7.818068162987181040e+02
4.742256659787066724e+02
1.065490352260677128e+03
5.227617695989833919e+02
8.585536660354006244e+02
1.067619863880331650e+03
3.858596278007956357e+02
1.189854925492903703e+03
8.710184982320040490e+02
7.467761558392521692e+02
1.358341962351861639e+03
5.558171468676566747e+02
1.239874667782773486e+03
1.297553322554017996e+03
6.138170590662419954e+02
1.637310957665624983e+03
9.941452975201727895e+02
1.217260208993536480e+03
1.817273126946951834e+03
6.622755731960201047e+02
1.901424439009766957e+03
1.685666750430083539e+03
1.113339992888085135e+03
2.464845774467456977e+03
1.258045682906632010e+03
2.143576680459259023e+03
2.718695770002748304e+03
1.108032906887680383e+03
3.383579510580826536e+03
2.584762759319609358e+03
2.462579204642819150e+03
4.630971844351741311e+03
2.067273999440939406e+03
5.147786551834195961e+03
5.947775116298382272e+03
3.446348684464678172e+03
1.046199968266086216e+04
8.056413244265901994e+03
1.403653189767720869e+04
3.737162259151838225e+04
4.909262701148753695e+04
3.957085948536599608e+04
1.664069517158640883e+04
7.168875264812987552e+03
1.077656777059969500e+04
4.094026790122102739e+03
5.637110483031403419e+03
5.596179647622948323e+03
1.963045452607288325e+03
4.665601046487545318e+03
2.895605874137162573e+03
2.367226717566477419e+03
3.566137771162622357e+03
1.335073140274088018e+03
2.689403441060709611e+03
2.432217185328532651e+03
1.158562578888652297e+03
2.548619335626604880e+03
1.376465489431061087e+03
1.617362755654393823e+03
2.083024643190223287e+03
7.555734727350256890e+02
1.849168253215515051e+03
1.436588351311121414e+03
9.470398467333175176e+02
1.756374327713893535e+03
8.033646136098180932e+02
1.294785950142856336e+03
1.412884278096770458e+03
5.763675400627989802e+02
1.429585535771009518e+03
9.393327001455999152e+02
8.571673987670325232e+02
1.319274076939599126e+03
5.238885412330381541e+02
1.105514799071385141e+03
1.020132831926435983e+03
5.349802850943993917e+02
1.165661209452868889e+03
6.411314777039636965e+02
7.984227284187813893e+02
1.029451809031438188e+03
3.941261342018632945e+02
9.692486077099540580e+02
7.556585670769717353e+02
5.332362035482124156e+02
9.712018424114941126e+02
4.495252089081536155e+02
7.536455266829507309e+02
8.167988382878321545e+02
3.546986542222599610e+02
8.599968567496474634e+02
5.637438731362474300e+02
5.395826763951791918e+02
8.175795176229198660e+02
3.318725313736290445e+02
7.102863889107036357e+02
6.499655302624674960e+02
3.604950660642968501e+02
7.639401790251417879e+02
4.193670846644708377e+02
5.432439769367952067e+02
6.886964098092647646e+02
2.741002219960022899e+02
6.666163173883383024e+02
5.145359667840484690e+02
3.809983859185462620e+02
6.769912114501113365e+02
3.142452670451272638e+02
5.399607592294059941e+02
5.766658215424969285e+02
2.628444229454143510e+02
6.207353671639241384e+02
4.029094839659042009e+02
4.017482790509176880e+02
5.958663599166060294e+02
2.457481763248783864e+02
5.294476464972561871e+02
4.777244719404387752e+02
2.779966875610178931e+02
5.724495748765149301e+02
3.119417794464449685e+02
4.172963837679735661e+02
5.193319112336805574e+02
2.137156094720121189e+02
5.123353725120265381e+02
3.902839022267398832e+02
3.012860226077959283e+02
5.220750664793108626e+02
2.423125763716082304e+02
4.250891451989098755e+02
4.465020408539292589e+02
2.122881572472573453e+02
4.886250945455715282e+02
3.134699104523374444e+02
3.239160809102687040e+02
4.700463578543751169e+02
1.963845558937642579e+02
4.253533456713812484e+02
3.779084944071286145e+02
2.290406969785607032e+02
4.595412592610267666e+02
2.483649098489538858e+02
3.416681390967413563e+02
4.172393255810947608e+02
1.767122097544958876e+02
4.181684657115263235e+02
3.140357399084650751e+02
2.518239868785583440e+02
4.259040948444607011e+02
1.973437197173610684e+02
3.528222743602522655e+02
3.642560258205409696e+02
1.800121786051044808e+02
4.044765970960671098e+02
2.561889387128334761e+02
2.735846136802104525e+02
3.886334183953633783e+02
1.641311754065870332e+02
3.570604874800216635e+02
3.122618656289988053e+02
1.967733450370517971e+02
3.848094163824194993e+02
2.060156703548508972e+02
2.911386824715270336e+02
3.488082925744280942e+02
1.517256123479139376e+02
3.545977582241417849e+02
2.623989724784013333e+02
2.180234079777416412e+02
3.601800505431248212e+02
1.664804395069413374e+02
3.030162038411397702e+02
3.074704185926742639e+02
1.574602982335383672e+02
3.458629548029289253e+02
2.161758591796531732e+02
2.382589980739487601e+02
3.314546083789404065e+02
1.415286218448306670e+02
3.088070833796269312e+02
2.656999218439845549e+02
1.737456580163734827e+02
3.315853810641782502e+02
1.757318818214894520e+02
2.548226811127583460e+02
2.996823023649275797e+02
1.337167824978903639e+02
3.085510739519413050e+02
2.249324085797261148e+02
1.933397306289003268e+02
3.123326302466995799e+02
1.440266810050004267e+02
2.664447094131535323e+02
2.658270820653564215e+02
1.408275006492395676e+02
3.027100788977088541e+02
1.870395327641984409e+02
2.118784059189888467e+02
2.886174493800317578e+02
1.244297346209544628e+02
2.726712908058335074e+02
2.307834256657210119e+02
1.562096169037170341e+02
2.913672895276342274e+02
1.528121793866035318e+02
2.273038209160966403e+02
2.623719883077152417e+02
1.200093011528197735e+02
2.735351086495900859e+02
1.963181861750231860e+02
1.743658207587829168e+02
2.756196080756869264e+02
1.267311895284475014e+02
2.383650156561452604e+02
2.336456534068764483e+02
1.278146481096366642e+02
2.691863579306429415e+02
1.636934766684806561e+02
1.915094821204286575e+02
2.559517947931867639e+02
1.116125148343301703e+02
2.446080359035546223e+02
2.037007014190542691e+02
1.425814573263776595e+02
2.600921088299612052e+02
1.350528419114637302e+02
2.057221863431875875e+02
2.331724476962633332e+02
1.093086837657812396e+02
2.459961153628217119e+02
1.738325653485570115e+02
1.593685036280012923e+02
2.466862097716925177e+02
1.131842067453763008e+02
2.160796204919870434e+02
2.081835600722716038e+02
1.175442626375568551e+02
2.426511881846667222e+02
1.455172331722286856e+02
1.751671054922443034e+02
2.296323633380244189e+02
1.012363423411627821e+02
2.220910775315001331e+02
1.819570267884342059e+02
1.315507684689709151e+02
2.348886107106557688e+02
1.207485336595871388e+02
1.883083646080930578e+02
2.096189325637917875e+02
1.006270225623140675e+02
2.236727837495438962e+02
1.556369628879740219e+02
1.471492943378037239e+02
2.231770036541560671e+02
1.022177682549182975e+02
1.979115901052772415e+02
1.874675233476127119e+02
1.091322582240050707e+02
2.209303159224810997e+02
1.306723808166619847e+02
1.617476348301808287e+02
2.080513678492347367e+02
9.277802312403416352e+01
2.035770397130889364e+02
1.640860619009657739e+02
1.224417135476630278e+02
2.141305596766574126e+02
1.090005104690977333e+02
1.738831441259342796e+02
1.901530384210454940e+02
9.349557328162447334e+01
2.051864869341291353e+02
1.405761232750750764e+02
1.369796513494195551e+02
2.036580171528481173e+02
9.316194070663516413e+01
1.827794048560936062e+02
1.702263538402869756e+02
1.021068869968876385e+02
2.028172946037514066e+02
1.183192411586104100e+02
1.505052986298875624e+02
1.900170648639676187e+02
8.575967668630551088e+01
1.880522458448002112e+02
1.491231568472240951e+02
1.147729789808638401e+02
1.967008822502248790e+02
9.917955096211181854e+01
1.617255354974447528e+02
1.737822857255552265e+02
8.750551535661119829e+01
1.895829448770779777e+02
1.278946523386705110e+02
1.283637645308492381e+02
1.871700730160129638e+02
8.558167363613149803e+01
1.699464535788462456e+02
1.556313797324705774e+02
9.614613100816156077e+01
1.874441739387157213e+02
1.078677787157890151e+02
1.409255715082459517e+02
1.746901305820764492e+02
7.984942772506288122e+01
1.748180124989643502e+02
1.363935692341554216e+02
1.082134131841530547e+02
1.818235298248362142e+02
9.084801520588766266e+01
1.513180458182060875e+02
1.597884551585570989e+02
8.241111004275757068e+01
1.762246470438926167e+02
1.170571284403222450e+02
1.209557657601925200e+02
1.730333935554869242e+02
7.913458404878981867e+01
1.589121166585418621e+02
1.431096983465414496e+02
9.101716871024193267e+01
1.742146350912186108e+02
9.891084551210092002e+01
1.326495056144166540e+02
1.614858003338160586e+02
7.480720342858913341e+01
1.633873821562757200e+02
1.254233536186819578e+02
1.025261276619668394e+02
1.689666399683884208e+02
8.369653593069148201e+01
1.422874455848825050e+02
1.476882156643686130e+02
7.802013946674789224e+01
1.646286281661633382e+02
1.076880172011079964e+02
1.144989039491337763e+02
1.607561859983197792e+02
7.360334263049894332e+01
1.492989703107213018e+02
1.322309993459171267e+02
8.655463522926002895e+01
1.626889334354717676e+02
9.114830622818239192e+01
1.254127704786286870e+02
1.499773492106208153e+02
7.046528311142674283e+01
1.533917389082272109e+02
1.158631946542516573e+02
9.754110456886559177e+01
1.577185982185377213e+02
7.749676515449107228e+01
1.343644638384334655e+02
1.370983956972899307e+02
7.419932683171457199e+01
1.544530046513152115e+02
9.949304823361761407e+01
1.088172688431118900e+02
1.499841219947900584e+02
6.880673339947982470e+01
1.408381986197536264e+02
1.226853249887353172e+02
8.262763742044759852e+01
1.525412759998455385e+02
8.435354531923441357e+01
1.190206459393526188e+02
1.398452040334859419e+02
6.668886931474492030e+01
1.445649240980258980e+02
1.074489019813827184e+02
9.312697380310869733e+01
1.477865336555258011e+02
7.207499051801420364e+01
1.273437771643719572e+02
1.277435912671860478e+02
7.084825765487403260e+01
1.454529897161924055e+02
9.227814515730575806e+01
1.037646640331012833e+02
1.404455207966223043e+02
6.462002331961150503e+01
1.333198612952409974e+02
1.142346257727326417e+02
7.914237119480392835e+01
1.435305996051365867e+02
7.836441010345188829e+01
1.133207802431716544e+02
1.308470699717527452e+02
6.337991530947370222e+01
1.367019810957447419e+02
9.998512135504796561e+01
8.918380501143886363e+01
1.389433584263807120e+02
6.730091063881569369e+01
1.210692231494592335e+02
1.194220750246357312e+02
6.787487413572686989e+01
1.374048279839867348e+02
8.586789281663007500e+01
9.923352642873356899e+01
1.319250039801080163e+02
6.094117189795099421e+01
1.265837506850997727e+02
1.066932652952126830e+02
7.602292729983969366e+01
1.354616515483596118e+02
7.304526272977435042e+01
1.081977264489370043e+02
1.227940609928923692e+02
6.046200954005212225e+01
1.296414508939731149e+02
9.331480221228962080e+01
8.563442607962451802e+01
1.310082237468223525e+02
6.307031502544120372e+01
1.154159138668523354e+02
1.119591364092836017e+02
6.522188111539360023e+01
1.301623744997211816e+02
8.013822369220916642e+01
9.513992050018188706e+01
1.242610256209884199e+02
5.769102014625150332e+01
1.205038563801999203e+02
9.991813853556870129e+01
7.321251599969835411e+01
1.281854008304711670e+02
6.829368394515898899e+01
1.035599013345645290e+02
1.155372664974361356e+02
5.787229480508255364e+01
1.232560131678138049e+02
8.731628281267909131e+01
8.241715886733483387e+01
1.238359504446121662e+02
5.930398732597610234e+01
1.102913491796354606e+02
1.052198538132876706e+02
6.284254771319380239e+01
1.236033959284962549e+02
7.497855461255679188e+01
9.142199881072122025e+01
1.173288063297192281e+02
5.479823647339651416e+01
1.149834062792253491e+02
9.379848012052578099e+01
7.065990535022768881e+01
1.215833423270519233e+02
6.402760518285859348e+01
9.933527712617522809e+01
1.089587336994505762e+02
5.555870779829058392e+01
1.174500008225097645e+02
8.189154952374124719e+01
7.948080985851026981e+01
1.173232914695035021e+02
5.593259213842274136e+01
1.056138672716964635e+02
9.910989046578151829e+01
6.068677538115221637e+01
1.176237765773499149e+02
7.032237060803163331e+01
8.801468902379451720e+01
1.110147234281533315e+02
5.222437292637120265e+01
1.099359103273310865e+02
8.823503106734473533e+01
6.833441411896089335e+01
1.155590341476410430e+02
6.017926703763841090e+01
9.546336267292043942e+01
1.029642810894988258e+02
5.348296146455644617e+01
1.121324574065600217e+02
7.696242908141535111e+01
7.678702222580584191e+01
1.113632766887348566e+02
5.290699735234013446e+01
1.013242016852100846e+02
9.352456479473414674e+01
5.873557296097872182e+01
1.121523847088904517e+02
6.608608206283560094e+01
8.488707170127192114e+01
1.052439082169599089e+02
4.991097400967562692e+01
1.053028314298828292e+02
8.315903843894736269e+01
6.619579954744466477e+01
1.100335795911365722e+02
5.669394769864372563e+01
9.189878499198556483e+01
9.747526909950121876e+01
5.161124967844686751e+01
1.072474709230325800e+02
7.246330733516811051e+01
7.430226524673577160e+01
1.058963024163853390e+02
5.017950817817910547e+01
9.736913246305930159e+01
8.841100550245769796e+01
5.694964972858100083e+01
1.071135624932859827e+02
6.222462234674439685e+01
8.199480080204516241e+01
9.993994865187467269e+01
4.783036389404445998e+01
1.010269719330608638e+02
7.850594779937632950e+01
6.422262647953469639e+01
1.049433320937597642e+02
5.352722202582496891e+01
8.859926753246334385e+01
9.242616346804085481e+01
4.991389762729549062e+01
1.027360632325542724e+02
6.833971087912365761e+01
7.199804576422368996e+01
1.008568592377334170e+02
4.771196224417963094e+01
9.370381089285255882e+01
8.370642020433615471e+01
5.530823918805177186e+01
1.024569565061566436e+02
5.869704181235045581e+01
7.930591125260120577e+01
9.504413142716684604e+01
4.595659302189058337e+01
9.706243056855460338e+01
7.422225325536197715e+01
6.239516718842602216e+01
1.002351680082737175e+02
5.064072313347664078e+01
8.553207301696178888e+01
8.776586952156000621e+01
4.836915271651304238e+01
9.854992058687645340e+01
6.454782082147654876e+01
6.985332487437459292e+01
9.619081458357483427e+01
4.547402587234045512e+01
9.029568137113740534e+01
7.936310688479058228e+01
5.379068020593113886e+01
9.813360242498778518e+01
5.546176922327911285e+01
7.679567096082470812e+01
9.050642651147063589e+01
