1.853723260515118056e+02
2.377963350495875545e+02
2.236393052196118845e+02
1.977008719297038226e+02
2.534786419125058785e+02
2.006490574417734081e+02
2.287627920334514044e+02
2.476356510814496517e+02
1.946117443816096966e+02
2.568213304112880451e+02
2.252452012146832487e+02
2.168547077677639550e+02
2.661523605418560123e+02
2.044948768734946327e+02
2.514053921869225690e+02
2.529998373039241528e+02
2.086836201783498268e+02
2.757699491533616651e+02
2.272651974836376212e+02
2.398103428204730960e+02
2.775244760535798036e+02
2.121765253553076320e+02
2.753086229557216598e+02
2.572818357600203854e+02
2.282007344429711964e+02
2.941437921399546553e+02
2.307699118334404318e+02
2.662523730745267017e+02
2.875381991831648634e+02
2.250612624718710606e+02
3.002584823242990524e+02
2.613453051383223169e+02
2.532710284582202291e+02
3.117534454897008231e+02
2.374602846121689481e+02
2.956996031457385357e+02
2.963762693225341991e+02
2.444523478716520231e+02
3.258496175830329662e+02
2.661690597003390621e+02
2.838050430415395340e+02
3.285151227233375835e+02
2.493673752248509174e+02
3.281050010250456239e+02
3.047522048411875062e+02
2.711569553089969986e+02
3.518866205798261717e+02
2.735383735935225218e+02
3.196614384021588648e+02
3.445508650499737655e+02
2.685652506174977248e+02
3.630009386376243583e+02
3.134023703040882083e+02
3.058712832125827958e+02
3.782965065097045567e+02
2.857171852533318201e+02
3.610725354486701804e+02
3.603546635763516974e+02
2.970148871819528722e+02
4.005843274984027289e+02
3.241600598051736597e+02
3.494363558754448036e+02
4.055789247768162795e+02
3.055945070672393626e+02
4.080739202778736967e+02
3.768391172772306277e+02
3.367153058506112302e+02
4.410557415348729364e+02
3.394631478947727601e+02
4.024549176419151308e+02
4.337201230377783645e+02
3.364614623984415402e+02
4.620492160119316623e+02
3.961433569764482172e+02
3.898832691144429532e+02
4.852158563019678468e+02
3.628635083292932677e+02
4.672131459835471219e+02
4.655780751825075185e+02
3.834801249392701834e+02
5.240614898796800389e+02
4.206922195904784303e+02
4.602423064366536778e+02
5.358976074939813543e+02
4.004336071650994313e+02
5.460378665046115430e+02
5.021569520683933092e+02
4.506125653604474905e+02
5.975913231923881312e+02
4.559893742548944715e+02
5.524331434371158593e+02
5.969875783813262160e+02
4.608575731940658216e+02
6.447322130600828132e+02
5.496266159964085318e+02
5.484306489861195359e+02
6.903156199225144292e+02
5.115996453516735301e+02
6.737190713783194269e+02
6.721719654816650973e+02
5.542460796408716988e+02
7.744933908186769713e+02
6.177426083795883187e+02
6.872684373486081313e+02
8.107108602433077067e+02
6.022053049513913265e+02
8.418892189531231907e+02
7.770591665297700956e+02
7.053784312070849865e+02
9.543871669266432036e+02
7.239809368926620436e+02
8.996252547638047190e+02
9.849837921115217796e+02
7.607282635112027265e+02
1.100202199184508800e+03
9.447658221954264945e+02
9.602591831819030403e+02
1.237455268222654240e+03
9.204313015267377978e+02
1.258147661005990358e+03
1.278835686155839994e+03
1.063506795241224154e+03
1.545213157325399834e+03
1.256194963348252031e+03
1.445763686991702571e+03
1.760129325360602024e+03
1.333225192928967545e+03
1.972184467219906765e+03
1.882233044811557193e+03
1.776083610353953418e+03
2.559540117956751601e+03
2.025767823408731147e+03
2.716416650394424778e+03
3.198131126132206191e+03
2.641935094622603629e+03
4.300565667753342495e+03
4.095860142674897816e+03
4.828429366596851651e+03
7.604520184293680359e+03
7.130312489960727362e+03
1.445224970254483014e+04
2.566201860758664043e+04
2.869674543633654321e+04
2.079004617035289266e+04
9.434041381326962437e+03
7.389899428095132862e+03
6.607758579677267335e+03
3.748515456578881640e+03
4.467724595551831953e+03
3.376000179260865934e+03
2.552075436113883825e+03
3.100267443514444494e+03
1.976410205288835186e+03
2.236093944869060124e+03
2.170731048338514938e+03
1.429006638208895083e+03
1.956979649085802293e+03
1.462533853086974887e+03
1.341979735839280920e+03
1.610246699335451467e+03
1.017941830992397854e+03
1.332492578221575741e+03
1.220630913938457979e+03
8.864859505805811750e+02
1.237628825384070524e+03
8.690674968683754287e+02
9.272804605693424946e+02
1.040331833130037921e+03
6.617201241008760917e+02
9.518802024454140565e+02
7.953969174501850148e+02
6.527599288574122056e+02
8.848814229082801148e+02
5.768779941324645506e+02
7.189974642172181802e+02
7.422981139807247928e+02
4.890934819902548725e+02
7.330415835959736341e+02
5.574046550779316931e+02
5.291709226206959329e+02
6.695699625583750958e+02
4.121372697409595389e+02
5.853603112816226712e+02
5.458756036189562337e+02
3.924281175637954107e+02
5.892592542302462562e+02
4.044430067246980229e+02
4.474522811822716335e+02
5.208672246050221020e+02
3.163630808620249582e+02
4.914593927763443730e+02
4.097642415624223986e+02
3.330441932192821355e+02
4.774704730987827475e+02
2.976509745101240583e+02
3.898779343499901415e+02
4.082752653355231018e+02
2.571002636592336330e+02
4.173381317645819308e+02
3.084603749265418742e+02
2.976053929831338110e+02
3.917633992566765073e+02
2.272730227294188410e+02
3.454100783102844616e+02
3.182142844670215709e+02
2.208586074658923621e+02
3.571154975250934172e+02
2.312093990001638417e+02
2.695670785865908101e+02
3.190741853953246618e+02
1.756076626659956332e+02
3.052700308120064392e+02
2.469508731251519862e+02
1.966716971140203327e+02
3.000123149293361280e+02
1.718308621060149619e+02
2.476574309329823791e+02
2.567617834657792173e+02
1.471681608705424651e+02
2.698215860239412223e+02
1.855032903077408264e+02
1.833694583568426140e+02
2.535126593317673382e+02
1.272281759661296405e+02
2.239082568714775050e+02
2.022594773171775273e+02
1.275798330009009192e+02
2.313273887988866022e+02
1.339114733128425598e+02
1.717217125459874012e+02
2.065619919349912834e+02
9.741120046439758084e+01
2.004147292477737778e+02
1.501472408632342592e+02
1.237024294112582510e+02
2.008142326799103330e+02
9.327231122666728425e+01
1.603911136532645969e+02
1.630407768884866186e+02
8.017493745321623067e+01
1.797852760886447356e+02
1.101232911465028650e+02
1.182431723156492609e+02
1.641381859065956519e+02
6.169143724788170857e+01
1.513180372182933411e+02
1.255849261037318314e+02
7.822789001388879626e+01
1.548264973202011276e+02
7.137729692544222360e+01
1.191023135583888717e+02
1.330334246981766455e+02
4.951027506723112026e+01
1.385095132615744546e+02
8.667255769033680224e+01
8.473187119154627567e+01
1.316573210206059628e+02
3.719418620842935042e+01
1.197189177079641524e+02
1.040469173880309484e+02
4.952876220548336761e+01
1.261226621314749821e+02
5.565845105397198722e+01
8.973008348028415071e+01
1.080892885519058240e+02
3.008332405322040159e+01
1.182446150273661232e+02
7.633766294794254748e+01
5.960200100169407023e+01
1.105036372070938882e+02
2.689014224218503912e+01
9.620923039652893749e+01
8.799371352878651464e+01
3.689254645980541625e+01
1.082862260056174790e+02
4.779866198669348165e+01
7.151407576648296072e+01
9.300388578108216109e+01
1.613528463971725913e+01
9.676794542085073658e+01
6.259500529989161777e+01
5.234153087594792453e+01
9.747710641767824313e+01
2.010015806999166799e+01
8.072519580487492874e+01
7.482035319017974473e+01
2.968094714219308727e+01
8.980352330643380299e+01
3.275844722812176713e+01
7.193041384901358981e+01
8.512431360609113540e+01
1.216734565900634735e+01
9.118386390397107277e+01
5.615367359452940832e+01
5.069334524382303897e+01
9.052810765844928653e+01
1.611393054197643337e+01
7.693530778120744174e+01
6.513691929346623510e+01
3.672025913480912607e+01
9.499849405906127231e+01
3.667086604402327765e+01
6.675462166377441520e+01
8.002743545161067118e+01
1.679057188663382760e+01
8.973496904370868776e+01
5.333743908954839696e+01
5.093311916255030525e+01
8.524567778567943321e+01
1.174173453703973991e+01
8.516518696275214495e+01
6.969476964534463548e+01
3.629877905302475938e+01
9.035988761915491807e+01
2.731495873961751286e+01
7.899879507700845238e+01
8.604368834505547170e+01
1.993875312107964604e+01
9.752062820565430457e+01
5.658234745064815030e+01
5.924497209673108244e+01
9.442939846027192630e+01
2.136359425732550221e+01
9.372340927149882361e+01
7.543168332709585400e+01
4.616304909116959010e+01
1.039481867471611594e+02
3.924540902858726099e+01
8.812205943475130709e+01
9.526985970417973704e+01
3.149280187198761638e+01
1.089228625202851219e+02
6.119590765863288340e+01
7.904476685811472692e+01
1.159164705535250164e+02
3.279809881397399351e+01
1.123507255166529575e+02
9.317720811328301522e+01
6.225750533473871684e+01
1.308578875967592694e+02
6.047107811422329604e+01
1.073757378337608230e+02
1.226343862863023730e+02
5.458649544621603411e+01
1.380450739280228731e+02
9.208959630282858200e+01
1.004648933080009101e+02
1.483776152143231855e+02
6.744723202380417604e+01
1.469214076236005440e+02
1.316738520272809865e+02
8.811407417880630533e+01
1.708255077721522923e+02
9.921620102708422451e+01
1.460522597636271200e+02
1.742605978080967759e+02
8.946788542671293953e+01
1.862219286830022611e+02
1.478722448626022015e+02
1.352352830870537161e+02
2.060792766650952785e+02
1.212333876781071496e+02
1.963014062041114016e+02
1.973780220192775232e+02
1.361174420821420483e+02
2.402569274698603863e+02
1.726722518067837200e+02
2.001365669267001692e+02
2.544957632946159265e+02
1.596546818638644254e+02
2.634955774261467809e+02
2.377670099094435727e+02
2.047281796535510239e+02
3.091657921509226412e+02
2.170586960388276054e+02
2.842240956571865240e+02
3.175702263335815587e+02
2.288585327947093901e+02
3.592945307114771367e+02
3.016592784628540471e+02
3.029049753405736851e+02
4.049532257305915550e+02
2.915096788141543129e+02
4.026411936283006412e+02
4.121090875230809161e+02
3.378335612945301705e+02
4.894027176841236724e+02
3.961188415027748420e+02
4.538014424709384684e+02
5.509136704770519373e+02
4.227782025583673544e+02
5.950198951601526005e+02
5.674483673620621857e+02
5.217933722772615965e+02
7.144827242088786079e+02
5.816151539537667077e+02
7.155921569849286925e+02
8.047658438119794937e+02
6.664330259818827926e+02
9.448956040493804949e+02
8.755446910513536523e+02
9.114693648226547111e+02
1.188363797447309253e+03
9.989861565471643416e+02
1.315366205331853280e+03
1.435234166837941757e+03
1.317372314679623969e+03
1.885465473273641010e+03
1.772940150151857324e+03
2.059129399198057399e+03
2.745622589439631156e+03
2.585166423358356042e+03
3.875213506330898326e+03
4.768503452667020611e+03
5.938746843965099288e+03
1.138424730290252410e+04
1.584669380297371208e+04
1.491871226257799935e+04
9.509303796255480847e+03
5.300358830869508893e+03
4.873730916980045549e+03
3.509521259346844545e+03
2.804171997688403735e+03
2.847396983392506627e+03
2.019086027812293651e+03
2.033685716432426034e+03
1.874190544370646649e+03
1.455048152628113485e+03
1.644129112707248169e+03
1.336006896146817326e+03
1.244458448570825794e+03
1.320699201973732670e+03
1.027850374337578614e+03
1.140222810541687977e+03
1.054628197480552672e+03
8.929251969531851501e+02
1.015945016119150296e+03
8.323865598605743799e+02
8.435510804695284151e+02
8.775403770166441291e+02
7.076941038167303759e+02
8.085065894851638859e+02
7.330416149859113375e+02
6.647657321944658406e+02
7.479208384056224759e+02
6.157509653499520255e+02
6.569735381191237593e+02
6.608742638453351219e+02
5.542634270369247815e+02
6.390268655602043282e+02
5.648676152321227164e+02
5.423002944435014570e+02
5.962158506088775312e+02
4.934056426830405258e+02
5.450247852200661782e+02
5.301193372683962934e+02
4.628689073867690240e+02
5.326659066136722913e+02
4.631412220193774374e+02
4.667942340078312213e+02
4.977055003330665954e+02
4.176381744283922899e+02
4.700141107056711576e+02
4.428702806226381199e+02
4.053331638724800428e+02
4.582463137307003080e+02
3.929961854763597557e+02
4.144005726426884735e+02
4.267033962345558393e+02
3.666678413896003690e+02
4.191506989787945940e+02
3.828926225142182034e+02
3.648509660836165835e+02
4.038382068495217254e+02
3.440792888035630881e+02
3.740990395989529134e+02
3.726312350858968330e+02
3.293589213364242028e+02
3.760162017875024389e+02
3.346391870051512569e+02
3.339076365621630771e+02
3.607566174040044871e+02
3.081136898619952262e+02
3.426430946665423676e+02
3.296583751350013358e+02
3.010273953345337645e+02
3.418469625725861647e+02
2.992954719255301370e+02
3.097989146628876256e+02
3.240724951513448104e+02
2.800666296203746697e+02
3.170550413456744536e+02
2.963109509584915031e+02
2.800127971020362452e+02
3.115260601573110648e+02
2.692356585587535278e+02
2.888491179200256624e+02
2.928974039612424463e+02
2.589640679586236729e+02
2.948268716491282930e+02
2.674744203231966821e+02
2.630391322164026064e+02
2.869104435357609759e+02
2.476913817199084917e+02
2.725573806379265989e+02
2.671730827817636396e+02
2.426390522150800280e+02
2.748209450150829980e+02
2.442442949500463953e+02
2.499372991658892147e+02
2.646733469104905794e+02
2.300548804817798896e+02
2.580955489060959280e+02
2.446962486818176217e+02
2.296667900438868344e+02
2.570528601857262743e+02
2.252356885274366789e+02
2.387095433384006071e+02
2.447897619068159258e+02
2.161676458399701914e+02
2.447686121325353668e+02
2.253841311195997719e+02
2.197341531062710942e+02
2.408700979037004117e+02
2.094473548285093329e+02
2.284497308298042526e+02
2.266260115341545429e+02
2.052013284760818124e+02
2.323391028650742101e+02
2.088519689128681307e+02
2.115723979550273555e+02
2.256342212483157255e+02
1.967513863850508926e+02
2.195111354925093679e+02
2.106095231401436365e+02
1.965740915037496848e+02
2.203527410572401095e+02
1.945972573510163954e+02
2.043975836982909016e+02
2.113896182694025185e+02
1.867887326258894518e+02
2.108454545752727256e+02
1.960571238935374367e+02
1.898886558912092823e+02
2.089707849593098672e+02
1.827231319457663403e+02
1.980648169967240904e+02
1.980795819297446201e+02
1.788743374655411742e+02
2.023233328532129462e+02
1.832263810852554684e+02
1.845280498115786827e+02
1.978763589854602287e+02
1.729217484054009617e+02
1.921291429010297520e+02
1.857020770713623108e+02
1.727138051788253961e+02
1.939991272629803234e+02
1.721412862930071981e+02
1.797662104718133094e+02
1.870655299174422623e+02
1.651660787567666659e+02
1.861054381137490168e+02
1.741814536729775966e+02
1.678869850513698907e+02
1.854309468376559096e+02
1.626505312157179333e+02
1.755767948777339313e+02
1.765983720547530140e+02
1.590505626769619312e+02
1.799976467776345999e+02
1.637727748926361642e+02
1.640993807762341135e+02
1.768344877885936626e+02
1.547762496251881146e+02
1.716115003821190612e+02
1.667644373713211507e+02
1.545052930030372522e+02
1.738423782207865997e+02
1.547400321406149146e+02
1.610145622209727776e+02
1.684011435224823003e+02
1.485113618922130172e+02
1.672535027404917685e+02
1.573097393281632606e+02
1.509816922733430431e+02
1.672547114158887496e+02
1.469002170540118470e+02
1.580871181035151665e+02
1.598425316002770273e+02
1.436613590898328425e+02
1.627198083807317630e+02
1.486404349592405651e+02
1.482964610375992436e+02
1.603791440582195946e+02
1.403671890129117514e+02
1.552279458105248295e+02
1.515161474576718490e+02
1.400421145362381310e+02
1.578433241430801672e+02
1.408646588161029172e+02
1.461128128783187492e+02
1.533624172551470508e+02
1.351489762819151110e+02
1.521135288237180987e+02
1.435607667604938626e+02
1.374239845408752387e+02
1.525798224509913439e+02
1.341591971286671026e+02
1.440872347159288722e+02
1.461698425767374658e+02
1.311761614446706119e+02
1.486806340574068201e+02
1.361218379157714935e+02
1.354851856486320116e+02
1.469413887225676660e+02
1.285973407933369401e+02
1.420670253323685017e+02
1.390757045197595119e+02
1.282739768449604298e+02
1.447963497400262156e+02
1.294215107504613513e+02
1.339608402316769116e+02
1.409732518305775386e+02
1.241520773116277354e+02
1.397336373864995664e+02
1.321690258017181918e+02
1.262806710287043472e+02
1.404619129258106227e+02
1.235900738965652863e+02
1.326003460834762961e+02
1.348118051056970330e+02
1.208243939412366643e+02
1.370542436647163527e+02
1.256722839944178958e+02
1.248857176813638432e+02
1.356885503682018452e+02
1.187322110839759546e+02
1.311369655301330681e+02
1.286102997549338340e+02
1.184855624932308444e+02
1.339056095792158203e+02
1.197698274170415260e+02
1.238574112293261180e+02
1.305596805767672777e+02
1.149097541584478392e+02
1.293874486282857106e+02
1.225214824511872820e+02
1.169346906123020489e+02
1.302661792562575158e+02
1.146363188121772083e+02
1.229401779829837267e+02
1.251648495633614004e+02
1.120994218257240647e+02
1.272570397295550038e+02
1.167567209939565487e+02
1.159592027990972127e+02
1.261619497747940528e+02
1.103435562508168744e+02
1.218914717302537554e+02
1.196734275579253080e+02
1.101767417620561105e+02
1.246308575059203179e+02
1.114945103703642388e+02
1.152816488462123772e+02
1.216436729853855070e+02
1.070096981226034245e+02
1.205711909592676392e+02
1.142334869698728141e+02
1.089815780165583021e+02
1.215101953040906722e+02
1.068968163143219243e+02
1.146869696256331821e+02
1.168505019274192733e+02
1.045989498798493287e+02
1.188408974375043812e+02
1.090490394134523910e+02
1.082969728096218347e+02
1.179086963320910826e+02
1.030961066261422161e+02
1.139652365837268775e+02
1.119114220690388919e+02
1.030066902991401321e+02
1.166249238152366559e+02
1.043063845336145334e+02
1.078853497364137866e+02
1.138934344526564928e+02
1.001650702204138241e+02
1.129441036507878380e+02
1.069982695775591708e+02
1.021011939982362691e+02
1.138970711999770060e+02
1.001628159727092253e+02
1.075503099179273505e+02
1.095745720900738718e+02
9.807626825894715239e+01
1.115237871226021014e+02
1.022914100950294625e+02
1.016464304446344045e+02
1.106964186701991366e+02
9.675679087324810723e+01
1.070594649626511483e+02
1.050924234115128115e+02
9.676363617524299343e+01
1.096168819366508558e+02
9.797905065957637305e+01
1.014482258689110523e+02
1.070781815973917475e+02
9.415352860514097699e+01
1.062765369621659346e+02
1.006092923526444309e+02
9.607025376132492056e+01
1.072096711786080760e+02
9.422420372456257098e+01
1.012873085373021951e+02
1.031476558136982362e+02
9.234441857623627925e+01
1.050839588085784584e+02
9.630803049171404950e+01
9.580855806109734374e+01
1.043225357390180648e+02
9.115192655402610455e+01
1.009810389093751866e+02
9.904398943563047908e+01
9.125562687783384774e+01
1.034206930178254709e+02
9.236623200868240247e+01
9.577056660757385487e+01
1.010276702962426896e+02
8.883326168818517488e+01
1.003759791638674983e+02
9.492651504530951456e+01
9.074232423422574811e+01
1.012576582764208126e+02
8.893793202580150137e+01
9.574784436317456482e+01
9.741491039950986419e+01
8.725868088257847432e+01
9.936280031767731202e+01
9.096421413503738052e+01
9.063050291917291190e+01
9.863360514493963649e+01
8.615685193792113239e+01
9.557510146249863681e+01
9.362832267364629502e+01
8.635941855928393807e+01
9.788771370316588616e+01
8.733813772603568282e+01
9.071438451637949640e+01
9.560053024226596108e+01
8.408150933345706335e+01
9.510420647191496357e+01
8.981876726870540040e+01
8.599921205576674765e+01
9.593005572240139145e+01
8.420079407942802163e+01
9.080543193965712589e+01
9.226130403609843711e+01
8.270971761280156898e+01
9.423569297805846645e+01
8.615599403014515190e+01
8.600334315697116949e+01
9.351459607494122395e+01
8.167038134434430674e+01
9.073357180515804998e+01
8.874608869673477329e+01
8.197262741194437297e+01
9.291199004868313693e+01
8.280763487688574287e+01
8.618485862684600818e+01
9.070643538333220590e+01
7.981057764912674202e+01
9.036297772037427478e+01
8.520237639656235729e+01
8.173666901014235009e+01
9.111554281255187959e+01
7.992133849098529197e+01
8.635670192185500582e+01
8.759497156626133574e+01
7.861421962108057926e+01
8.960557648906429051e+01
8.180032157827282902e+01
8.183836903199156154e+01
8.887692849747394064e+01
7.761449019165661412e+01
8.636241316521406475e+01
8.431408490593094029e+01
7.801463484154902517e+01
8.840216844804294283e+01
7.869673863439719241e+01
8.209333375722832216e+01
8.625382638550802028e+01
7.594260826094908623e+01
8.607295584499738084e+01
8.100714197855535303e+01
7.788366638093354766e+01
8.674175375858047232e+01
7.603705257551456498e+01
8.232706428340141258e+01
8.334368374936637736e+01
7.490324471989262634e+01
8.539825279986543194e+01
7.783212059825002882e+01
7.806283821458930561e+01
8.464967298853515842e+01
7.392735358614945085e+01
8.238857235453184558e+01
8.026805034589995103e+01
7.442423987701431543e+01
8.428888924464307308e+01
7.494573766447250307e+01
7.837902533685351614e+01
8.218557785018718675e+01
7.242191873005442915e+01
8.216424322177877571e+01
7.716858973290555923e+01
7.437748649766020037e+01
8.274485879010363476e+01
7.248915298132372698e+01
7.865375629257999890e+01
7.945215616186843022e+01
7.152115426276056098e+01
8.155160731095359949e+01
7.419993687165509755e+01
7.462184033113605608e+01
8.077597791034780528e+01
7.055794996294508792e+01
7.875905564494706823e+01
7.655771892335029349e+01
7.114449646038231378e+01
8.052239237884640488e+01
7.151182378170683762e+01
7.497903536882186870e+01
7.845317932104281056e+01
6.920624845664249847e+01
7.857378327615761293e+01
7.364414943101040478e+01
7.117532949953883303e+01
7.906536237210492857e+01
6.923617334933142331e+01
7.529027321938637840e+01
7.586803377473202659e+01
6.842458188208166803e+01
7.801680822787305658e+01
7.085960467022665910e+01
7.146821985983369530e+01
7.720672257191687038e+01
6.746769401096362628e+01
7.542353016134764232e+01
7.313674545550516370e+01
6.814070280262170343e+01
7.705150694579219817e+01
6.835074509226487294e+01
7.186097088445332304e+01
7.501006647576821251e+01
6.625308377080118305e+01
7.526707365535510519e+01
7.038833110338488552e+01
6.823327444769240913e+01
7.567063062706884580e+01
6.623927993012479476e+01
7.219274170624154863e+01
7.255758529974625048e+01
6.557779526230066836e+01
7.475247348604629849e+01
6.777593419054021240e+01
6.856675012885560250e+01
7.390492208069910873e+01
6.461924751986690296e+01
7.234569738926177251e+01
6.997172663454971087e+01
6.537238215832614685e+01
7.383896831355349377e+01
6.542984618055740498e+01
6.897934428842904708e+01
7.181411482567563098e+01
6.352878239259753457e+01
7.221220044058543408e+01
6.737884038597100300e+01
6.552128269964696017e+01
7.252350426710178510e+01
6.347083846237317317e+01
6.932891248661037764e+01
6.948588757951570472e+01
6.294978348256861977e+01
7.172604208936695613e+01
6.491772317062921616e+01
6.588361400790967082e+01
7.083888317373161669e+01
6.198482345910089464e+01
6.949147349224811876e+01
6.703247271901619797e+01
6.281362677545846651e+01
7.085403156897098143e+01
6.272172875269070857e+01
6.631154322121579980e+01
6.884498929089043884e+01
6.100674172148021768e+01
6.937104196559509717e+01
6.457994880319846231e+01
6.300776213612342502e+01
6.959422367540045684e+01
6.090354177416106296e+01
6.666852193248470826e+01
6.662646463108410444e+01
6.051550916438274186e+01
6.890837589684120701e+01
6.226113920642008992e+01
6.339394794943400058e+01
6.798135111570267952e+01
5.954136770572289805e+01
6.683527031850272238e+01
6.429451207610382824e+01
6.044066808043400130e+01
6.807001113732847841e+01
6.020355222301927967e+01
6.383158066327166580e+01
6.607338139558443402e+01
5.866482954089166668e+01
6.672402493080078045e+01
6.197084496764289696e+01
6.067086510182345194e+01
6.686017554702250720e+01
5.851498951940526183e+01
6.418807925514772705e+01
6.395689526552303761e+01
5.825237123987953680e+01
6.627568354701878661e+01
5.978385147026434510e+01
6.107478819271669579e+01
6.530962136689612407e+01
5.726631690380402517e+01
6.435389935341488865e+01
6.173660203246947731e+01
5.823043949724729629e+01
6.546416981063126173e+01
5.785505570515559981e+01
6.151633708093193320e+01
6.347806829083040014e+01
5.648289983672100334e+01
6.424851048524018893e+01
5.953239129273983110e+01
5.849006318253430692e+01
6.429898727056297503e+01
5.628666693889416450e+01
6.186748012157467258e+01
6.145656475494799054e+01
5.614149765116109592e+01
6.380850414446855012e+01
5.746725150161935858e+01
5.890659812446070021e+01
6.280485153929119946e+01
5.514231669036662709e+01
6.202817803443540612e+01
5.934047336116308458e+01
5.616572088986794142e+01
6.301936919587631536e+01
5.565868871160849096e+01
5.934845164951577345e+01
6.104562268603286412e+01
5.444294554980584167e+01
6.192202960233137787e+01
5.724768576345361737e+01
5.644740513452271102e+01
6.189270721058044700e+01
5.420374752060627799e+01
5.968827664263785948e+01
5.911005659491709707e+01
5.416744872932880384e+01
6.148805413355562166e+01
5.529827316836215090e+01
5.687334802548988222e+01
6.044899102911330147e+01
5.315643520332466210e+01
5.984200128391000106e+01
5.709079730497608551e+01
5.423112923331831325e+01
6.071902525021411634e+01
5.360276491333362969e+01
5.730857668031000429e+01
5.875695764760862971e+01
5.253732220840981171e+01
5.972940645201363452e+01
5.510262687227403688e+01
5.453467011304675793e+01
5.962178299280498806e+01
5.224987556146498946e+01
5.764092307545612925e+01
5.689959941388301701e+01
5.231481198050094861e+01
5.930211985912553274e+01
5.326052867367209132e+01
5.496045488696877612e+01
5.822755098986401379e+01
5.129368536510273202e+01
5.778099075133761886e+01
5.497157615473627601e+01
5.241378247910404298e+01
5.854876971450093492e+01
5.167006196487088232e+01
