1.133877982197421659e+02
1.150752913640498889e+02
3.818389495742081863e+01
1.363961935161221959e+02
7.323827600702500717e+01
8.803701866308522028e+01
1.332095594383962691e+02
2.753113434629382539e+01
1.260572954038189835e+02
1.042803073284174928e+02
5.630055531565039217e+01
1.405680509594420755e+02
5.685204138779627669e+01
1.050570836252558848e+02
1.279483072364949123e+02
2.829216759515234614e+01
1.362189306421009292e+02
9.083614534585746014e+01
7.555357572548514611e+01
1.415442233422568279e+02
4.058495512893760804e+01
1.203731944032238061e+02
1.195128219185818494e+02
4.252611248642480035e+01
1.435273473899201804e+02
7.520875523254117923e+01
9.444365947811684237e+01
1.391888195426733432e+02
2.910851866705932522e+01
1.334764886416038223e+02
1.080590842903627475e+02
6.163405371660970644e+01
1.476890901546156556e+02
5.821276245847867870e+01
1.121642847685254480e+02
1.334618315014228926e+02
3.185975588926848445e+01
1.439617294848993367e+02
9.389179497067708269e+01
8.180446891731848780e+01
1.485015438753451917e+02
4.175157085759602182e+01
1.281086663342435372e+02
1.244604828255258440e+02
4.748486038782919394e+01
1.514327658187216628e+02
7.750628428483683763e+01
1.015979760339363196e+02
1.458571323716553820e+02
3.136168070945563713e+01
1.417349752162863297e+02
1.123317398978185366e+02
6.766369819026684240e+01
1.556280983635008965e+02
5.991998927216372550e+01
1.201429457801058049e+02
1.396874404802082665e+02
3.613212440848964491e+01
1.526335548732270979e+02
9.744579060515975755e+01
8.883226262313225163e+01
1.563355936839240883e+02
4.348717755971838983e+01
1.367703000904065789e+02
1.301116411426485797e+02
5.316353853594165457e+01
1.602841028312474236e+02
8.030847859224286367e+01
1.096464955538615129e+02
1.533643792337845753e+02
3.452528487565677295e+01
1.510365020676138386e+02
1.172419198947752506e+02
7.456545298301097091e+01
1.646241366793151997e+02
6.223135481982870942e+01
1.291486216419290827e+02
1.467706570103289039e+02
4.140187297960301294e+01
1.624282212065005524e+02
1.016035515998497232e+02
9.696710625454352339e+01
1.652747182249874527e+02
4.605557465263338912e+01
1.467203212606081593e+02
1.366360300598783795e+02
5.991508018069598762e+01
1.705437967362308314e+02
8.383965887375656223e+01
1.189106606276194924e+02
1.621382454615786628e+02
3.891179525633619107e+01
1.616977662322638309e+02
1.231034222726384257e+02
8.262413138286379422e+01
1.749999938685565155e+02
6.536498393944899021e+01
1.396331125985722679e+02
1.551671246987761492e+02
4.781593101310205185e+01
1.737673102134131398e+02
1.067604432403722683e+02
1.063860917090017750e+02
1.757089265326976033e+02
4.976106586777266472e+01
1.581619930040882309e+02
1.443604894548953723e+02
6.794855783327946597e+01
1.824636155577296108e+02
8.843515817552835756e+01
1.298433573072489651e+02
1.724745860875888184e+02
4.481984648590639608e+01
1.743148569246321813e+02
1.303428711062277046e+02
9.229415679836684205e+01
1.873947450141648687e+02
6.998928640432275472e+01
1.519654331009725752e+02
1.651689113296495179e+02
5.610586583999887011e+01
1.874876348850604302e+02
1.134885891059360574e+02
1.177075743271251724e+02
1.883638310935147331e+02
5.546588980443790717e+01
1.721997915970667350e+02
1.544014806767453933e+02
7.765727945889896944e+01
1.967440822814728847e+02
9.484388765098647411e+01
1.429316657773539987e+02
1.851249065917458552e+02
5.300134769500638754e+01
1.895843963410056006e+02
1.397034519150840879e+02
1.041291907274153345e+02
2.025918248836923965e+02
7.680002403993773896e+01
1.668936841612681121e+02
1.778436799308778120e+02
6.678398589125377782e+01
2.040938985695856331e+02
1.226608167336998179e+02
1.317513815193782420e+02
2.039161290102112218e+02
6.407961123436500372e+01
1.892292668990263280e+02
1.667367028422192163e+02
9.083738341274438710e+01
2.148941813589117373e+02
1.038943126364468412e+02
1.599036561833494261e+02
2.016274798465546496e+02
6.504509062287408483e+01
2.091669063555612240e+02
1.525003399593159656e+02
1.201016316217213529e+02
2.223013081423674464e+02
8.732831416189520723e+01
1.869396229132434541e+02
1.951508283680725526e+02
8.219928485681582231e+01
2.262635839793743457e+02
1.359527738314247927e+02
1.512496318473363601e+02
2.255061610883109608e+02
7.835104852819951304e+01
2.130334575035512614e+02
1.853730039329970793e+02
1.100032583652348563e+02
2.403048808136298362e+02
1.193317329537945000e+02
1.837045756863516317e+02
2.254969479914202282e+02
8.468336916966926253e+01
2.369849107333168376e+02
1.725550711989575916e+02
1.438299577077223432e+02
2.514116864582401831e+02
1.070679778517838940e+02
2.165209502424002324e+02
2.222688288948118327e+02
1.080812916123262539e+02
2.598502057030454466e+02
1.596296817868388871e+02
1.823007751940727132e+02
2.603243846332596831e+02
1.060945685850044953e+02
2.500374071170192565e+02
2.173619142192541176e+02
1.427617159494057830e+02
2.814355614314150671e+02
1.501312441798307304e+02
2.239624752890958916e+02
2.677028672217984990e+02
1.234246583488901337e+02
2.850568013217771863e+02
2.132868414822937950e+02
1.876899905886623117e+02
3.043758482665224960e+02
1.515953085353332597e+02
2.695620450530117296e+02
2.755637606567779017e+02
1.604158924629250862e+02
3.235674710792574160e+02
2.146777562521712639e+02
2.429559019167089957e+02
3.308396981708793874e+02
1.729576764563930169e+02
3.269964333116577109e+02
2.930769701890504848e+02
2.193734465630893169e+02
3.751399876813487140e+02
2.371520643581999366e+02
3.165001392050370441e+02
3.746661030858881531e+02
2.286505586700545791e+02
4.040150199597917435e+02
3.369323051469987149e+02
3.077328897801340304e+02
4.517852927325325822e+02
3.033568694363723921e+02
4.261331941499634013e+02
4.590789319142284626e+02
3.418958417636435456e+02
5.340678198501971110e+02
4.507155200810898918e+02
4.690761037042619250e+02
6.163080823675225020e+02
4.757388380393590523e+02
6.305328241790233506e+02
6.764966497391579878e+02
5.773579078707990675e+02
7.925100294555018081e+02
7.403807863830235192e+02
7.393547382692398742e+02
9.220296586928063789e+02
7.832379513672736948e+02
8.225970471492341858e+02
8.884588611373832236e+02
6.785130745896271947e+02
7.649501248651238257e+02
7.237315375837230249e+02
5.190953676562560304e+02
6.444001970587189589e+02
5.094382913820557519e+02
4.240403419409771004e+02
5.268908429151218797e+02
3.156279524355074386e+02
3.883965428256676660e+02
3.959331542578615881e+02
2.129386372084966297e+02
3.798885431721872692e+02
2.628224663251211268e+02
2.215216498165017924e+02
3.329450396727353905e+02
1.375902077976523117e+02
2.632186174565073884e+02
2.471494029505171852e+02
1.070877848799772778e+02
2.720401290298398749e+02
1.349686089438402234e+02
1.742872485284984236e+02
2.345507012988427107e+02
3.855685421273923197e+01
2.233646590991579615e+02
1.583789019475223085e+02
1.053324745848819077e+02
2.256804508994319463e+02
6.067793213410988074e+01
1.745524017539681552e+02
1.794880935034680078e+02
4.368447993618952552e+01
2.055055205099683633e+02
1.044075766258578568e+02
1.252605087788200251e+02
1.870886408901047844e+02
2.302024784333046981e+01
1.766650872340676983e+02
1.336860610238526021e+02
8.505905619726047462e+01
1.863660192934704298e+02
6.237673093852796313e+01
1.473190542233109568e+02
1.548181331561296474e+02
5.420204535132238277e+01
1.753104357315148718e+02
9.582653747996407390e+01
1.197652271862610149e+02
1.662623581982727501e+02
5.111908033787173622e+01
1.640320278948893815e+02
1.253099825338565125e+02
8.985408073867576206e+01
1.692428309830422108e+02
7.007378762760406232e+01
1.461377001834591169e+02
1.464111411846174633e+02
7.112642574148810581e+01
1.692170736114218528e+02
9.799741569111213835e+01
1.219638382838424064e+02
1.570328363760061450e+02
6.440436498819161670e+01
1.624335126842920261e+02
1.212461537942689773e+02
1.006206825731525640e+02
1.681227422654478119e+02
7.506590763468173577e+01
1.466179806015051952e+02
1.418727809928175532e+02
8.311311867137925447e+01
1.711424200790362420e+02
9.781591128635075449e+01
1.315127323061387301e+02
1.616282284576394659e+02
7.282702177686695677e+01
1.661584370584658359e+02
1.225309337856355114e+02
1.092964275177159550e+02
1.721572968923875351e+02
8.042845550602775972e+01
1.561685238496407351e+02
1.455063210626496186e+02
8.918908296859878249e+01
1.790477809206051916e+02
1.003942345209848384e+02
1.407303017056667613e+02
1.689234319710354839e+02
7.602701923100023862e+01
1.778199824871755652e+02
1.281421779250771635e+02
1.161963840013825688e+02
1.841949228102051563e+02
7.968464502699757190e+01
1.665285530898401589e+02
1.570265107861951890e+02
9.080822843951305856e+01
1.923868607908498518e+02
1.051635226473665057e+02
1.470294920053576391e+02
1.822654990414416716e+02
7.269279964360994484e+01
1.917117944012436510e+02
1.399101839167281582e+02
1.170958643310711125e+02
2.005634080912116417e+02
8.065753585914401924e+01
1.778455655154804163e+02
1.745498735933263106e+02
8.468967173403851234e+01
2.102938088767566001e+02
1.156310155878934296e+02
1.504248431862968687e+02
2.043191738258873613e+02
6.641418090309647937e+01
2.052956701184762665e+02
1.588816750314504418e+02
1.136148108900343487e+02
2.249165901266390506e+02
8.861884018671715069e+01
1.845387071815520983e+02
2.007110374389728236e+02
7.252307535397339677e+01
2.303423062049413659e+02
1.382355790838397525e+02
1.469386250697062053e+02
2.318582583558316230e+02
6.466701387168184567e+01
2.175071697105205999e+02
1.897894822163951574e+02
9.861178730778564727e+01
2.488224922483050250e+02
1.104627144353347461e+02
1.849190147037240308e+02
2.326656081994654528e+02
5.545977857125241428e+01
2.467668597468084783e+02
1.708557517956427034e+02
1.361234807592647087e+02
2.626118881267254324e+02
7.994603530294273241e+01
2.224929429781837200e+02
2.266466261852387163e+02
7.644405885180910332e+01
2.715566304105454947e+02
1.455198558691040489e+02
1.772890841685067471e+02
2.686194428749984127e+02
5.161109498311284938e+01
2.574894663555662646e+02
2.120632458167453365e+02
1.148853652689042235e+02
2.908807385068284930e+02
1.136143772754372208e+02
2.195910740788066562e+02
2.671950697587682839e+02
5.033297610320506976e+01
2.885146945657392621e+02
1.890925548356860304e+02
1.601886841658401863e+02
3.033220479814370378e+02
7.641096825085723765e+01
2.608640383550278443e+02
2.572668719527712824e+02
8.519114645629714744e+01
3.150264879611797255e+02
1.586554440855848895e+02
2.079016276070446736e+02
3.078772362215486282e+02
4.296601448734042350e+01
2.997126506813769424e+02
2.386102628949699067e+02
1.340492253950147301e+02
3.352574371409967284e+02
1.204494568976669910e+02
2.565679671223010700e+02
3.043934009318304561e+02
5.141647226925437764e+01
3.345273391934048846e+02
2.111639719931276602e+02
1.878499949015564709e+02
3.480135248516954789e+02
7.581408518087414450e+01
3.038803463454647726e+02
2.918071555958519525e+02
9.960027636285774122e+01
3.638127663760096198e+02
1.744917833923512376e+02
2.440351805703708976e+02
3.527182881993140882e+02
3.575343238589867667e+01
3.482358575342905738e+02
2.693894419189604719e+02
1.588351642987418302e+02
3.867214731735952569e+02
1.295390254988877814e+02
3.004748347806414586e+02
3.480636116920846916e+02
5.771255634150409008e+01
3.884505027191714248e+02
2.373012488530403061e+02
2.220874358174506256e+02
4.011146304465906383e+02
7.663059259240299070e+01
3.556969599299384868e+02
3.333252425650071018e+02
1.194513977687524289e+02
4.227240979918455537e+02
1.946084068130620039e+02
2.880109886145211249e+02
4.068586972851585415e+02
3.004996768312504685e+01
4.074486814558271703e+02
3.072938621587615557e+02
1.900191760405220691e+02
4.495830597558786508e+02
1.418157035928553853e+02
3.543784368468510593e+02
4.017340576103955527e+02
6.983526998163829091e+01
4.547800587105224963e+02
2.696858683683518620e+02
2.652980885560742763e+02
4.672256487477154678e+02
7.943461331259365465e+01
4.197199745078531237e+02
3.845668638561213584e+02
1.460801359362795893e+02
4.961204392918851909e+02
2.196607370433503945e+02
3.441937175230420394e+02
4.747035077881495795e+02
2.564721208155122767e+01
4.828510752752200119e+02
3.549874244087022248e+02
2.312554216515765404e+02
5.296918264964382388e+02
1.572694863500476288e+02
4.246158980766666673e+02
4.702794164688166347e+02
8.923989028327386563e+01
5.414027899656045975e+02
3.113220707402382459e+02
3.230884769290526037e+02
5.534870521780546824e+02
8.246234474172761963e+01
5.051560248042750914e+02
4.520310939984142351e+02
1.833656410255983644e+02
5.940041899761083641e+02
2.525115883299294239e+02
4.203402793318833801e+02
5.656035364668697412e+02
2.546424099967579835e+01
5.849807456314608771e+02
4.189362323782474391e+02
2.888735637475326143e+02
6.390211758261381192e+02
1.779695225232469795e+02
5.216912586050502796e+02
5.643503744394677142e+02
1.184837826284244642e+02
6.615643589249178831e+02
3.687099624712915329e+02
4.044351430867822046e+02
6.737056012560085492e+02
8.624896078057894044e+01
6.264257958322365312e+02
5.472751754381572482e+02
2.375955926822302331e+02
7.337291447467828220e+02
2.994265865909816853e+02
5.300359604734680943e+02
6.964090846051726658e+02
3.448841905645713979e+01
7.332880434098877913e+02
5.120087330297118342e+02
3.734185032530126591e+02
7.992628815079228843e+02
2.086568122968777459e+02
6.652986429211871382e+02
7.039243999453707374e+02
1.632253316180330955e+02
8.413081488117426261e+02
4.551193460563520148e+02
5.272528503278914513e+02
8.560499631262067624e+02
9.311525450557623174e+01
8.111805456508013776e+02
6.934692809816501722e+02
3.211764628176038627e+02
9.494976684101172850e+02
3.723609786057932638e+02
7.016067938414072387e+02
9.016954694434334669e+02
5.739369938823693928e+01
9.691271570156791313e+02
6.608951128230318091e+02
5.094000003915683124e+02
1.057948725778767312e+03
2.586201713162062674e+02
9.004115815225383130e+02
9.336673664714863889e+02
2.382875060138805452e+02
1.140821187395622019e+03
6.000430157914198617e+02
7.351177872558366744e+02
1.166106803605873438e+03
1.052176486548116259e+02
1.130608797648386826e+03
9.475348632570493237e+02
4.691210811455684393e+02
1.331567225098822291e+03
5.020313254456906975e+02
1.011769498436176832e+03
1.275549747778516803e+03
1.040274293719320440e+02
1.405284791868684124e+03
9.386906669962459091e+02
7.671518815978249677e+02
1.552111584198992432e+03
3.557658182736289518e+02
1.358748112022855821e+03
1.386766546077886915e+03
3.890424294880216962e+02
1.746474221107342146e+03
8.977864743847213731e+02
1.164890574132759639e+03
1.816589798278725766e+03
1.311615144713403822e+02
1.821648944336016029e+03
1.505169087593897530e+03
8.005925301699476222e+02
2.199002831656521266e+03
8.007234240501459226e+02
1.743835016486739050e+03
2.173598693684445152e+03
2.223356362248591438e+02
2.497218580807284070e+03
1.649284420561017896e+03
1.443470985189701878e+03
2.879228532065894342e+03
6.230574752597761972e+02
2.659218892136431350e+03
2.709704021482358257e+03
8.441626651225036539e+02
3.630582303910973678e+03
1.852709726614697956e+03
2.615738206635011466e+03
4.098379646080539715e+03
2.325678729394217612e+02
4.471474410742313012e+03
3.762308649705742937e+03
2.215495886395802700e+03
6.154837801976398623e+03
2.275601067683214296e+03
5.588396257858871650e+03
7.332265913956296572e+03
1.001688553662664958e+03
1.034525464964781531e+04
7.509439872442610067e+03
8.060715078408406043e+03
1.893609474927198244e+04
4.945845507253876349e+03
3.453912677420266846e+04
7.497694761814440426e+04
8.617830923823206103e+04
5.937209128663746378e+04
1.529567429444875415e+04
1.478818915714745708e+04
1.625985000581297390e+04
4.559558443406377251e+02
1.076420797941229466e+04
7.086565426775146989e+03
3.614816573009677086e+03
7.907207137950838842e+03
2.297812077668778784e+03
4.974018413364186927e+03
5.254162746409242573e+03
6.813156068721025349e+02
4.976879891714714176e+03
2.801231549224829450e+03
2.447264228253411602e+03
4.156137171031178696e+03
6.850552425588945198e+02
3.253524967705378913e+03
2.873502731858915467e+03
9.501836058817109461e+02
3.275497042404477270e+03
1.416765462168406430e+03
2.016697135307604412e+03
2.717089666362493517e+03
5.179895401741912053e+01
2.488929057460136391e+03
1.790746113448594315e+03
1.057513919554680342e+03
2.416179512608431651e+03
7.134836722684351571e+02
1.766248243043220327e+03
1.921987322503616497e+03
3.028033241323889229e+02
2.026818828066862579e+03
1.152490847708933870e+03
1.101246840019486399e+03
1.875022624530987969e+03
2.894616301846901365e+02
1.576246656881378158e+03
1.395320769191697991e+03
5.096288051311146887e+02
1.693910325532113120e+03
7.214842311029818802e+02
1.105413911989981443e+03
1.478801559937648562e+03
2.394251018242879425e+01
1.420149070190517932e+03
1.011639700252486136e+03
6.412562374620570154e+02
1.430178832621929132e+03
4.062975470186540292e+02
1.087347112903165680e+03
1.169922742988399932e+03
2.112381760451444848e+02
1.278964746304392747e+03
7.137936586908128902e+02
7.241162477032351035e+02
1.208633027573120671e+03
1.680003847118211127e+02
1.049983841888432607e+03
9.148357011020020764e+02
3.610197013410356703e+02
1.145270152124686774e+03
4.732117928929317827e+02
7.715511693056503191e+02
1.013137590681814345e+03
2.914542768430998976e+01
9.992429549706454281e+02
6.980566713077827217e+02
4.699475531503283037e+02
1.016459707174895470e+03
2.748531103686767665e+02
7.921698684282754357e+02
8.369985671738910469e+02
1.702391886434068340e+02
9.372712671410453140e+02
5.101759493715262010e+02
5.467771804815039332e+02
8.908201855553728592e+02
1.098238120132724589e+02
7.915594134445908594e+02
6.761068242468636527e+02
2.862942347156451319e+02
8.662118039219554930e+02
3.455468916878984373e+02
5.979119651702912961e+02
7.684210376663244233e+02
3.541746865907046526e+01
7.734915682946286779e+02
5.282476818877903497e+02
3.762862350639075544e+02
7.880710272568466053e+02
2.012446538564332741e+02
6.270993909984549646e+02
6.489467232998511008e+02
1.469414859069050578e+02
7.411501425301925110e+02
3.922697981228878916e+02
4.437214864155174041e+02
7.045554961275392998e+02
7.575527444554910517e+01
6.377825682575149813e+02
5.331187848728063727e+02
2.412840648961947352e+02
6.969884260525429909e+02
2.676494219958953522e+02
4.913317590411224387e+02
6.173049604880603738e+02
3.993478782316601894e+01
6.325664203745481018e+02
4.216418880099518560e+02
3.172021865610401505e+02
6.432037285448791408e+02
1.543410733674535038e+02
5.213306053110574112e+02
5.278499259048624026e+02
1.318868830348792756e+02
6.137260901134842470e+02
3.153358560772493888e+02
3.760767271749076031e+02
5.818040212930769712e+02
5.336146909878098654e+01
5.356788842877804200e+02
4.377776848969492676e+02
2.111180156734336038e+02
5.831908569379958180e+02
2.150573908120213389e+02
4.191452121905637682e+02
5.145470165961205566e+02
4.319842395288805648e+01
5.360511299726798597e+02
3.483682506232003675e+02
2.764563643707713254e+02
5.429491943312591502e+02
1.217866430029283435e+02
4.476787797827367399e+02
4.432625765722515325e+02
1.212725479866887213e+02
5.240857231780717029e+02
2.610739976476984907e+02
3.281824982878396213e+02
4.946481788894507758e+02
3.768655265177669378e+01
4.628184705852547154e+02
3.695165657374472516e+02
1.895139550830495807e+02
5.013545065799035001e+02
1.771538065666952093e+02
3.669116067878480862e+02
4.400277500923565981e+02
4.562466582009908933e+01
4.656941187004056815e+02
2.948406950461376255e+02
2.465860854684789558e+02
4.693380283570445499e+02
9.789312746399346565e+01
3.932748133000796429e+02
3.806527897813578534e+02
1.134352728507202670e+02
4.575190259091344274e+02
2.206777478232346255e+02
2.924756820041692436e+02
4.295350025590831251e+02
2.646346196416842389e+01
4.080845106818945283e+02
3.181650214908277690e+02
1.731941690256576578e+02
4.395038765319429785e+02
1.484468758539282476e+02
3.273222244589763363e+02
3.834240676513942390e+02
4.748680873772623556e+01
4.120322362202255704e+02
2.539371846813602644e+02
2.237284284332767754e+02
4.128812088004398788e+02
7.951993954842131984e+01
3.515087209590751627e+02
3.324897964015507910e+02
1.073208051316440930e+02
4.060417551319728773e+02
1.894213880932866800e+02
2.647458525247212719e+02
3.789253536314110988e+02
1.851253886723199216e+01
3.654442305147238699e+02
2.781108731030232093e+02
1.604045064619059531e+02
3.910773667419034041e+02
1.259652782506276196e+02
2.962148433277575919e+02
3.389198352720552521e+02
4.894478775705400864e+01
3.697051079647864071e+02
2.216622120147737292e+02
2.056129910398109928e+02
3.681728494801776037e+02
6.503419646041442093e+01
3.182735856454264649e+02
2.941600522639658948e+02
1.024370146758480473e+02
3.649860110359695113e+02
1.644827504249630294e+02
2.425520040262353518e+02
3.384156498551440677e+02
1.361335003224011686e+01
3.311966214698113617e+02
2.459283608689745506e+02
1.500965507632270430e+02
3.520704325830604375e+02
1.078671976505034280e+02
2.710735546380822711e+02
3.029458307343597312e+02
5.010948488924896793e+01
3.353997192214154097e+02
1.954959649758943669e+02
1.908831593492879222e+02
3.318307736370412044e+02
5.330697894687614991e+01
2.911819122367192563e+02
2.629101198715675309e+02
9.842260595037285498e+01
3.314267979525091050e+02
1.440995043211374025e+02
2.243588461229096254e+02
3.052153800839530504e+02
1.186730790682073966e+01
3.030526955131036289e+02
2.194860781602860129e+02
1.415810481469696640e+02
3.199318813095611063e+02
9.297767073697308149e+01
2.502960279634210963e+02
2.732313621756018733e+02
5.104684116588074261e+01
3.069857690134221571e+02
1.738317547732834214e+02
1.786433134811286436e+02
3.016660155597758148e+02
4.363928843135761326e+01
2.686355245035362600e+02
2.369132769628644724e+02
9.504923356967050552e+01
3.034419834165132102e+02
1.271149944189993306e+02
2.091439165071724631e+02
2.774751143950914525e+02
1.271042610512842508e+01
2.794766668675257506e+02
1.973543856884029992e+02
1.344002578517972495e+02
2.929485907652010610e+02
8.050571969820110496e+01
2.328012885887205243e+02
2.482324243352287567e+02
5.182376455220762779e+01
2.830402140007825551e+02
1.555880211690070496e+02
1.682860636414821442e+02
2.761938171440328347e+02
3.555967430668459173e+01
2.495475239652011226e+02
2.149268770546904932e+02
9.215406345679730293e+01
2.797083231333394338e+02
1.127342497459359834e+02
1.961967319983383504e+02
2.539054278809111338e+02
1.483950394388478600e+01
2.594034735515745069e+02
1.785172291792461294e+02
1.282735719526724267e+02
2.699567937182633273e+02
6.989659286461770193e+01
2.178626075854480746e+02
2.269065987681165382e+02
5.245203655659996400e+01
2.625545516318380805e+02
1.400040845509495284e+02
1.593872306727851083e+02
2.543718913866871389e+02
2.874608936080475630e+01
2.331541896294178855e+02
1.960677235999123411e+02
8.963982564095525163e+01
2.593110706894890995e+02
1.003973795836754164e+02
1.850353119988652395e+02
2.336314987691168312e+02
1.730736026623326040e+01
2.420868411980477219e+02
1.623056663468469196e+02
1.229353161621349386e+02
2.500917152400490409e+02
6.077689482225269302e+01
2.049097581254484339e+02
2.084615174651150937e+02
5.296640723920890537e+01
2.447934892933795652e+02
1.265182419824820101e+02
1.516435287111735022e+02
2.354423280234339586e+02
2.298131219444339735e+01
2.188967841419782587e+02
1.796984845449773331e+02
8.741553576034644379e+01
2.415551699651890090e+02
8.968917334710060629e+01
1.752832242746057148e+02
2.159643853924416419e+02
1.975862845993459516e+01
2.269661991825422547e+02
1.481673126334349888e+02
1.182589944697265878e+02
2.327450487133399406e+02
5.283989903129717902e+01
1.935743547076112634e+02
1.923486883497040196e+02
5.338364204273203484e+01
2.292370859013876441e+02
1.147351645138892735e+02
1.448260067656653405e+02
2.188494391594008164e+02
1.813199461326494344e+01
2.063655980421414711e+02
1.653436809783419221e+02
8.542938220824288464e+01
2.259481452384299018e+02
8.030710094792230791e+01
1.666778126883860693e+02
2.004275881318784513e+02
2.204133037788333738e+01
2.136312234269107648e+02
1.357295916076131164e+02
1.141049543727704361e+02
2.174485091448565299e+02
4.588639160466441069e+01
1.835418601087955608e+02
1.781323324004373490e+02
5.372038799693558531e+01
2.154764597198119134e+02
1.043430320623040188e+02
1.387651093562911626e+02
2.041701330937641785e+02
1.414960845930559863e+01
1.952469785556079671e+02
1.526434162190974746e+02
8.363500361877615319e+01
2.121033983960180365e+02
7.201570381233136686e+01
1.590168293085642119e+02
1.866487717303915304e+02
2.412099159251582137e+01
2.017715069011986486e+02
1.247097227478489714e+02
1.103644284049712923e+02
2.038331757869580088e+02
3.974987097519401402e+01
1.745784012721389615e+02
1.654796722293649509e+02
5.398832326694493844e+01
2.031981089008380934e+02
9.510239622755796063e+01
1.333286276481029518e+02
1.910766525159068863e+02
1.108552265634972578e+01
1.852959315819431936e+02
1.413164061845364472e+02
8.199634524912930544e+01
1.997198161610668308e+02
6.463288194021433242e+01
1.521370207424772900e+02
1.743301083354020022e+02
2.599911735274355351e+01
1.911334771157740988e+02
1.148618920353874557e+02
1.069778009016791600e+02
1.916273152454915021e+02
3.430338621766560436e+01
1.665096764316516840e+02
1.541381382561319811e+02
5.419535582927250061e+01
1.921600991248455159e+02
8.682911888255991073e+01
1.284123598176257417e+02
1.793116949757776410e+02
9.102922039030097778e+00
1.763240624983552891e+02
1.311449182123140531e+02
8.048402292778835942e+01
