2.473879424893235637e+02
1.843879131709088313e+02
2.170953080689272667e+02
2.396051437545947635e+02
1.750994279322533487e+02
2.489410435608386649e+02
2.119095950393761143e+02
2.006341104986593962e+02
2.585007300866728883e+02
1.851421375205814570e+02
2.401724106426753735e+02
2.419280996179531655e+02
1.885504326825196699e+02
2.669622755521896806e+02
2.101152477947491377e+02
2.242628606100472268e+02
2.674443983954092801e+02
1.903035787620846691e+02
2.639218595641389129e+02
2.425781242146962313e+02
2.080877443321648457e+02
2.836112037739752623e+02
2.098334883163580571e+02
2.510154031957631560e+02
2.742488928403192858e+02
2.014354441087548366e+02
2.877072467027572884e+02
2.423892015537129510e+02
2.332922699293701498e+02
2.984672942081134579e+02
2.129431499978920499e+02
2.799849068470753650e+02
2.790488145559251620e+02
2.197682352465106987e+02
3.110593695518327877e+02
2.426216819924650849e+02
2.635109087916254680e+02
3.113818592219033121e+02
2.217862370326217558e+02
3.104945450817828601e+02
2.822568510005702365e+02
2.457009100793172252e+02
3.335320869414957770e+02
2.450170032533300173e+02
2.980701634217935521e+02
3.224344122136546957e+02
2.384049756378932727e+02
3.420618307656884554e+02
2.852360330629056762e+02
2.793899020077549267e+02
3.548482878026086951e+02
2.523311325510559300e+02
3.365683882985017590e+02
3.318126702715413785e+02
2.646375347088817875e+02
3.745733452674463138e+02
2.893676797531102238e+02
3.202698662974900117e+02
3.752043412448186359e+02
2.676867046072176208e+02
3.786399070606230453e+02
3.406407699389401387e+02
3.013453413213916861e+02
4.073784499657609217e+02
2.977535587780474202e+02
3.689114989563830704e+02
3.946712242905824155e+02
2.946568539496504968e+02
4.250228639201442320e+02
3.503988420582675758e+02
3.498028407851472821e+02
4.416118642740295286e+02
3.135402244344055589e+02
4.246456325321623808e+02
4.140722405144452409e+02
3.354247588247222893e+02
4.750651850604672291e+02
3.637230038532911180e+02
4.111628932772945859e+02
4.773179021149682626e+02
3.421928539733721095e+02
4.904413986880442167e+02
4.359246361717124501e+02
3.930881509061268275e+02
5.307985183563575902e+02
3.854013978842127131e+02
4.871378440486682848e+02
5.167724602367239868e+02
3.894184144312273474e+02
5.663401111719198298e+02
4.627617177500894172e+02
4.735453852381332354e+02
5.950096382511844695e+02
4.226284327293703313e+02
5.836506319079713876e+02
5.639876014631548742e+02
4.639754798176132908e+02
6.603530385874107651e+02
5.029072779821111681e+02
5.817128082349660190e+02
6.725241184628275732e+02
4.859570300299963037e+02
7.050545102209151764e+02
6.223147353789714771e+02
5.757055987912016235e+02
7.781114974388488008e+02
5.653390931783425231e+02
7.330685446986723264e+02
7.730232612457465393e+02
5.931053789899548292e+02
8.738869381278259425e+02
7.114158712835143206e+02
7.496995152318054352e+02
9.425291451312751860e+02
6.708007057320668309e+02
9.509805108735765771e+02
9.192626534138009902e+02
7.771628400651289894e+02
1.120417941059012264e+03
8.560898580898634691e+02
1.029102328483230394e+03
1.195790135972052894e+03
8.775422097718253553e+02
1.312769655396062490e+03
1.167734720479572616e+03
1.122625580710402346e+03
1.548503705398244165e+03
1.145928691397609782e+03
1.556181638483889628e+03
1.674529725726398055e+03
1.329702317284014725e+03
2.040778280060263342e+03
1.713411951519132344e+03
1.915099251859551941e+03
2.512846252440780063e+03
1.890244880513869930e+03
2.903553423083951657e+03
2.981045288605796486e+03
2.786108636492123878e+03
4.454812244807853858e+03
3.797366184384819007e+03
5.413775949642521482e+03
7.601572143326327023e+03
7.338568753988103708e+03
1.652185241966577087e+04
2.672139073928108701e+04
2.744631751915012501e+04
1.804636788535260712e+04
7.825873516287012535e+03
7.445550064110808307e+03
5.812761946021447329e+03
3.585515437948095041e+03
4.349198138994924193e+03
2.880198541069129988e+03
2.715380385906942593e+03
2.905097950693164421e+03
1.788872544103946666e+03
2.307698728416291033e+03
1.916364133799356978e+03
1.477833910422325289e+03
1.904944091985756586e+03
1.254002355595803010e+03
1.422687410326401277e+03
1.464853851456005032e+03
9.732789490393769256e+02
1.360693023903652374e+03
1.054567952024242004e+03
9.503141484453695966e+02
1.181321229709697036e+03
7.646423896685762429e+02
9.862586357676915441e+02
9.320001256671085912e+02
6.754221201642142205e+02
9.456769352694241206e+02
6.791743259707000107e+02
7.177929859580430048e+02
8.223235958212202377e+02
5.307945915005724373e+02
7.476581149937774171e+02
6.397313295165237150e+02
5.238331728440588222e+02
7.075547681518303307e+02
4.731269794029026912e+02
5.760589586286945405e+02
5.991515422426144823e+02
4.056691661731904333e+02
5.950653439799791613e+02
4.598093007057707950e+02
4.377226055261585884e+02
5.471997251144292704e+02
3.496165243754397807e+02
4.839662164163475495e+02
4.497590716206357797e+02
3.301693915927017429e+02
4.821747101671357427e+02
3.384307472650828572e+02
3.771871863120769035e+02
4.287250979648198381e+02
2.721894350649518515e+02
4.099581716600224013e+02
3.416733270720250744e+02
2.860896625121072816e+02
3.925032527178401551e+02
2.545467797904115912e+02
3.326118697961451858e+02
3.379271246389486123e+02
2.242051132173384929e+02
3.444609283193572651e+02
2.553612233490624135e+02
2.575965791824228290e+02
3.216089575789309265e+02
1.959001975320528004e+02
2.901278741659589855e+02
2.627585832807101269e+02
1.978263153186642853e+02
2.906605943863272046e+02
1.900316142040252316e+02
2.324554429949992596e+02
2.595005362513269915e+02
1.565779348820135226e+02
2.521353283783571726e+02
2.008767667736317151e+02
1.766603535118611319e+02
2.414048488655094502e+02
1.451971523201320338e+02
2.068385906719081504e+02
2.016849322274935332e+02
1.387107386380702394e+02
2.201423604570235000e+02
1.486220417879965794e+02
1.595676863502753804e+02
1.964714822566248529e+02
1.139549269908607982e+02
1.843320204958114914e+02
1.546770549170176423e+02
1.226945107885599526e+02
1.803866423265232584e+02
1.076579977949359801e+02
1.516900356287655143e+02
1.548366223791422556e+02
9.249191904969046618e+01
1.636754459761165492e+02
1.141778490754098812e+02
1.120205295310063178e+02
1.481630841258692044e+02
8.060703904974134559e+01
1.367772644142498848e+02
1.183090860709048542e+02
8.307478093061637026e+01
1.352175045305237120e+02
7.964894425376878928e+01
1.097898959857088528e+02
1.174168584276443568e+02
6.641301606376572408e+01
1.221233917037605750e+02
8.415862418019270308e+01
8.513656133752346022e+01
1.144743881600759465e+02
5.377638864208679337e+01
1.018383465667300669e+02
8.951965945734490049e+01
6.178190045934110231e+01
1.044863244922825061e+02
5.863007822970192962e+01
8.500751728175571031e+01
9.059820700825146389e+01
4.872932176532852111e+01
9.544221804750689842e+01
6.256785102817883626e+01
6.396597891048619289e+01
8.731986802746104104e+01
3.952513519259056096e+01
8.044880199938613430e+01
6.568250684798840666e+01
5.099512892947474541e+01
8.513175472143868205e+01
4.363672255708328862e+01
7.065484546859968873e+01
7.196088404700951457e+01
3.755242504797855219e+01
7.529396297193542864e+01
4.521981475593413080e+01
5.689544033304267856e+01
7.065953324179797335e+01
3.672802491853819618e+01
7.401095239588381958e+01
5.418828159927295474e+01
4.639651964402992945e+01
7.034158432730502852e+01
3.292620949664998165e+01
6.455751482042767009e+01
5.734003595316777790e+01
3.457924470158460650e+01
6.962117790183519617e+01
3.990164056918495561e+01
5.417121607978481990e+01
6.108147969228186724e+01
3.355005784792319901e+01
6.550775412557075583e+01
4.631300535719837086e+01
4.808233427000941163e+01
5.975774406245967896e+01
3.249976418664073918e+01
6.390848216133608872e+01
4.972822344337480160e+01
4.662148734979812303e+01
6.702722735056353542e+01
3.353631327878885315e+01
5.947700827484186448e+01
5.759095355639833969e+01
4.175464427369014686e+01
6.827547959301281821e+01
4.345017953470831884e+01
5.368404847714764827e+01
5.802270895772144854e+01
4.282345862349467325e+01
7.257982226917812341e+01
5.169869697566906552e+01
5.459058616558121457e+01
6.858270850814794528e+01
4.626275319545793252e+01
7.119424352026163660e+01
5.941512887052025604e+01
5.586673684478955693e+01
7.325928835622380575e+01
4.819146030634881583e+01
7.094840657718994237e+01
6.844898927889509821e+01
6.109266406022596385e+01
7.983212763713453342e+01
5.724464046022706043e+01
7.936790979053631645e+01
7.816312909103500317e+01
5.891736041947417846e+01
8.805893670777551563e+01
6.831366635222704531e+01
8.510910864204123527e+01
9.453479183449353229e+01
6.547903920161512303e+01
9.731719322133496064e+01
8.287689511247508278e+01
8.484384141858994610e+01
1.062284102949301712e+02
7.764189724609146026e+01
1.066379181696041627e+02
1.003850691992769839e+02
9.412068643451425487e+01
1.224861982386145058e+02
9.089181037486349624e+01
1.199830804964839075e+02
1.217283423930534667e+02
9.767989095276691103e+01
1.429910125287643439e+02
1.131878940355550895e+02
1.292023249589307454e+02
1.554396387652964506e+02
1.149884962501343750e+02
1.579006848733788502e+02
1.464198381163280089e+02
1.404227333907975321e+02
1.787555437859311382e+02
1.381879311154644370e+02
1.773750041554779955e+02
1.810285833246606728e+02
1.587608981162569535e+02
2.123247066513019661e+02
1.717050743219442097e+02
2.007310754707580998e+02
2.268743491764003863e+02
1.738606894527606244e+02
2.418078196075085486e+02
2.196089972828346788e+02
2.193444212744434196e+02
2.773150880795018907e+02
2.158671553187332677e+02
2.812218070447552805e+02
2.853642998475664285e+02
2.413292204364069562e+02
3.335828731150003819e+02
2.773617333476378803e+02
3.091293122642891831e+02
3.635319390440853340e+02
2.897442010327566777e+02
3.880575086369394171e+02
3.630676635906749539e+02
3.530983815420724454e+02
4.531494726114481750e+02
3.625955429727421233e+02
4.515105179600216729e+02
4.773295736143705881e+02
4.117561335773028190e+02
5.610907447337325493e+02
4.818279141058999357e+02
5.357478430068429134e+02
6.465234925909820731e+02
5.184034444418372232e+02
6.919235971001091912e+02
6.731110143151739749e+02
6.482533823908354407e+02
8.682270369032414692e+02
7.157474435628832907e+02
8.840465233108786833e+02
9.985121360533144070e+02
8.500310045215105674e+02
1.197587511545377083e+03
1.105042063279747254e+03
1.187540894954909163e+03
1.559183228424570189e+03
1.306132841306329283e+03
1.765758852385488353e+03
1.927251512580286317e+03
1.860271742763994553e+03
2.786761163034985657e+03
2.644434363286761709e+03
3.495479355453707740e+03
4.945518353318871959e+03
5.234506685045012091e+03
1.036334797085113678e+04
1.657485986262980441e+04
1.740845384934039248e+04
1.203990808449753786e+04
5.867720858337069330e+03
5.184619906969492149e+03
4.201363443110622029e+03
2.761141447130381039e+03
3.079519587152890381e+03
2.254585531944142076e+03
2.038172207444402147e+03
2.129209698994357950e+03
1.480636288755573105e+03
1.720672852716384796e+03
1.491581844813265207e+03
1.195451699702931819e+03
1.441010119525464688e+03
1.070101569127206176e+03
1.139394483942883880e+03
1.169029139905660486e+03
8.668951143238583654e+02
1.080439341607955839e+03
9.002843824108540502e+02
8.250474614017075510e+02
9.672710548501933090e+02
7.107000984488421409e+02
8.340366612983561936e+02
8.038361281572887265e+02
6.390170190050686188e+02
8.086056538513953456e+02
6.419674248389995910e+02
6.563481646156690203e+02
7.271344554684062587e+02
5.387046008646952941e+02
6.738254287138282734e+02
6.056919270210355535e+02
5.255318682548968354e+02
6.500247326944978568e+02
4.943353622992171950e+02
5.570501377668222176e+02
5.778165507547483912e+02
4.442007276472343165e+02
5.709145514021261079e+02
4.790336067391567667e+02
4.590782975635438561e+02
5.433499598288168499e+02
4.066662749553897243e+02
4.924608102732574935e+02
4.741061537958639747e+02
3.899365769799025543e+02
4.976583634692183864e+02
3.953569694574546816e+02
4.192054008961052318e+02
4.624260834860154432e+02
3.484683532229663001e+02
4.455819612069750519e+02
3.986399971756435434e+02
3.571572813539215190e+02
4.400589759551832003e+02
3.348719290252582255e+02
3.888808718033508285e+02
3.992160194136100131e+02
3.123848047954480762e+02
4.063647846982262308e+02
3.385796175130876691e+02
3.328422722915223062e+02
3.907215752320187221e+02
2.927419939002807041e+02
3.637547918135736040e+02
3.467424065900566461e+02
2.894067304070179603e+02
3.712999582088804686e+02
2.930831012778288027e+02
3.165859349354340679e+02
3.472715112059227636e+02
2.646823715127042078e+02
3.419882399510088931e+02
3.020762648670686303e+02
2.759674273163519729e+02
3.403880447331564483e+02
2.583517223435860615e+02
3.042860891146407880e+02
3.095933703100317871e+02
2.458523187764467366e+02
3.212446222755398253e+02
2.652695644295051807e+02
2.660127408193748124e+02
3.101046501610912287e+02
2.331589338964930676e+02
2.929532368100125268e+02
2.756450778470727982e+02
2.343846791671359995e+02
3.005320820489153562e+02
2.352373989993034513e+02
2.597135414097767239e+02
2.820527947658113703e+02
2.153672658041571992e+02
2.806331994076081173e+02
2.453890601058702714e+02
2.282366898291226391e+02
2.799704577999522144e+02
2.117215034931084006e+02
2.542483607223861100e+02
2.556364587490155316e+02
2.044780259939331870e+02
2.682262044993736367e+02
2.196046542119154594e+02
2.245968490939105493e+02
2.595115796884589372e+02
1.946965298211459583e+02
2.476108087735200058e+02
2.307378298557098901e+02
1.992486788214867488e+02
2.545410951450192840e+02
1.976411212928287000e+02
2.222559536450513065e+02
2.389606536175903670e+02
1.834108654509851419e+02
2.406131180903665836e+02
2.081369356845252128e+02
1.966022243127976594e+02
2.398090043531331332e+02
1.807379319768936057e+02
2.197844326061243407e+02
2.186925639171425075e+02
1.770398793546982006e+02
2.320218330556506601e+02
1.881171460152905013e+02
1.959382811250018221e+02
2.241497230011453894e+02
1.683772181983270002e+02
2.165157355523348883e+02
1.992270030552000435e+02
1.742563181846481939e+02
2.220928333556567225e+02
1.713782599754381977e+02
1.956729590957091602e+02
2.080846379431672233e+02
1.607564597879949133e+02
2.118530065582786222e+02
1.812152222840505260e+02
1.740123152672772733e+02
2.107107714711335973e+02
1.582645307133127517e+02
1.949912881855698856e+02
1.917020152113011306e+02
1.568149450387673483e+02
2.056565942903933433e+02
1.651264740522802583e+02
1.747420419664083227e+02
1.981767201294736935e+02
1.491148239529296688e+02
1.932637159146898398e+02
1.758045963063358670e+02
1.558843158386082166e+02
1.977458922835529904e+02
1.515253996183218135e+02
1.758031184852438571e+02
1.850288391823789595e+02
1.438148519153885161e+02
1.902895343857714465e+02
1.611029186232083532e+02
1.568051712340285917e+02
1.885440883515728103e+02
1.412133096979035258e+02
1.759159838992787570e+02
1.711535354278931891e+02
1.413538941154109807e+02
1.851216896716557017e+02
1.474231163906102609e+02
1.584008649320253710e+02
1.779740521467069243e+02
1.340449717905286775e+02
1.750205791280553456e+02
1.576162767552521018e+02
1.415085508487308346e+02
1.786446310178466206e+02
1.361799005783349799e+02
1.599134873917840309e+02
1.665024658923884147e+02
1.301619504069466871e+02
1.726527509104141416e+02
1.447509273095742230e+02
1.431347185001663149e+02
1.707667721312589322e+02
1.276295130563336357e+02
1.607392825193772978e+02
1.546761522678218341e+02
1.290460959218787593e+02
1.687064166049055984e+02
1.332950570566154909e+02
1.452570138855478774e+02
1.616284907382844267e+02
1.220412502765793050e+02
1.603512160199987022e+02
1.428548241321061312e+02
1.299658389323040808e+02
1.632091830846455593e+02
1.237384728473878397e+02
1.471460969940754921e+02
1.516337143318972096e+02
1.192995503198549727e+02
1.585046930055343353e+02
1.316462931749628069e+02
1.320216187512395152e+02
1.562819034091571382e+02
1.166319843503746938e+02
1.482318727371868761e+02
1.411285389436272055e+02
1.189903670055696807e+02
1.551616993229521029e+02
1.216461959768750773e+02
1.344222297743120293e+02
1.481903740937629550e+02
1.122078798744081354e+02
1.481562662629633564e+02
1.306414865001879093e+02
1.204052286932160314e+02
1.503379818808432731e+02
1.134449531484824547e+02
1.364859250611836217e+02
1.392114580922728635e+02
1.103291590414259389e+02
1.466877380273051301e+02
1.207116054044746676e+02
1.227507752479711627e+02
1.441373020691810893e+02
1.074716676587084265e+02
1.377517965814763841e+02
1.297812173435844727e+02
1.106000659210267543e+02
1.437702459471520342e+02
1.119102088187810011e+02
1.253031416478423239e+02
1.368184834855397867e+02
1.039394231153794834e+02
1.378505470397555825e+02
1.203455715445923460e+02
1.123490572910114338e+02
1.394156347357917412e+02
1.047652503853177421e+02
1.274543181354110857e+02
1.286712202040464490e+02
1.027461815879101721e+02
1.366149528881770721e+02
1.114324536880258592e+02
1.148766549659708005e+02
1.337751697117711558e+02
9.970419437870133095e+01
1.287892825796076295e+02
1.200888626819196787e+02
1.034546370829875741e+02
1.339883323566870956e+02
1.035896977279419389e+02
1.174911003141012600e+02
1.270636680666989946e+02
9.691239079301061565e+01
1.289952697124662677e+02
1.115074157663358960e+02
1.054554190113917684e+02
1.300119052515084093e+02
9.733220397928617729e+01
1.196722050970974323e+02
1.195822138046891752e+02
9.624411898661176679e+01
1.279098737421003449e+02
1.034409383747643574e+02
1.080782140062859042e+02
1.247967143765268361e+02
9.302457442602813842e+01
1.210276862318927584e+02
1.116941749096813226e+02
9.727874807040261373e+01
1.254992983937661393e+02
9.641112638991172901e+01
1.107024892892876267e+02
1.185845870279837726e+02
9.084093171992284965e+01
1.212648593807287085e+02
1.038303206461524866e+02
9.946332517979065813e+01
1.217866429123401986e+02
9.088418175419685952e+01
1.128728674342045508e+02
1.116412277005152873e+02
9.059830297312845460e+01
1.202829771491923907e+02
9.647500076981702932e+01
1.021325164674326089e+02
1.169235932870977592e+02
8.722253836821781192e+01
1.142023726508306112e+02
1.043341239392758979e+02
9.190344346571971812e+01
1.180212012687831020e+02
9.012697672505558444e+01
1.047481833646413492e+02
1.111109973204792851e+02
8.553339897440628192e+01
1.144612682860578872e+02
9.707611758961250814e+01
9.419560850297125398e+01
1.145339530040583469e+02
8.523515928829729660e+01
1.068627657599982967e+02
1.046278682334572494e+02
8.564585251244783137e+01
1.135306031905602424e+02
9.033513191318245106e+01
9.688547572806224650e+01
1.099494403468844865e+02
8.211725736946141296e+01
1.081493545978219686e+02
9.781856128089226843e+01
8.715832465263615347e+01
1.113825399813857757e+02
8.458351882814635303e+01
9.945824152099014270e+01
1.044691383259058171e+02
8.085087173909903413e+01
1.083982279175927204e+02
9.108228383783115589e+01
8.951938489775362484e+01
1.080622694250870950e+02
8.023595595630928301e+01
1.015052054076283952e+02
9.837875107563444033e+01
8.125773232962360737e+01
1.074948817113104553e+02
8.487350971743691730e+01
9.220230512482351060e+01
1.037108658044536895e+02
7.758979224106870731e+01
1.027320996192631384e+02
9.199860573752590653e+01
8.292658731092009816e+01
1.054245403910159098e+02
7.963912860618954426e+01
9.471781878229022311e+01
9.852445148049736190e+01
7.669191823437076039e+01
1.029479150281412956e+02
8.572349009275910703e+01
8.534400063560244121e+01
1.022473109093673855e+02
7.578089175281186840e+01
9.668845495265905754e+01
9.276643355613663289e+01
7.734134072530599724e+01
1.020574632802222936e+02
7.998406810162512670e+01
8.799726229379031395e+01
9.809156325519741415e+01
7.354852554076678928e+01
9.784677614894482645e+01
8.676454287716401836e+01
7.913620932725142154e+01
1.000506468861430989e+02
7.521377389398401192e+01
9.043730636658584388e+01
9.315138284487446185e+01
7.296663656880888027e+01
9.801782989672413748e+01
8.089422680980044333e+01
8.157899546484625830e+01
9.698335662652634426e+01
7.178253596460743324e+01
9.232551444760056825e+01
8.769177558827840357e+01
7.382109819935801909e+01
9.712406933594120062e+01
7.557553686133168469e+01
8.419072893682229619e+01
9.299390420071212304e+01
6.991486758540646917e+01
9.340706860287765778e+01
8.202449150282002677e+01
7.571026726889525094e+01
9.515802377597678685e+01
7.122000401650167589e+01
8.655373674449126042e+01
8.827266825415240703e+01
6.961056596241809302e+01
9.352865986400593101e+01
7.651893772795354209e+01
7.816429797923021283e+01
9.218700583509387059e+01
6.817372334735374295e+01
8.834900667674756392e+01
8.307278034991546178e+01
7.063633732020082334e+01
9.262153181068354968e+01
7.157787927210745238e+01
8.072209227822963840e+01
8.834185241688157930e+01
6.663213411881623927e+01
8.934659857734150989e+01
7.770556095147324527e+01
7.260360230226304168e+01
9.068281758831814443e+01
6.759503061896806742e+01
8.300699950692600737e+01
8.381062967767189775e+01
6.656577458095223676e+01
8.942023931893616862e+01
7.252946374640929150e+01
7.504737399728466585e+01
8.779606844694062318e+01
6.489739802302612759e+01
8.470385652635168583e+01
7.884922207157366358e+01
6.774025342052183873e+01
8.848923279387422269e+01
6.793280928541919650e+01
7.754892888280444652e+01
8.407587120350152077e+01
6.364484819967382379e+01
8.562210505476606670e+01
7.375577680604922648e+01
6.975870233926291064e+01
8.657576492034954185e+01
6.429500356884692280e+01
7.973819088704701130e+01
7.971732739399051582e+01
6.379476957398256332e+01
8.562879752064969807e+01
6.887932364404697694e+01
7.219039832627801445e+01
8.374831795100172371e+01
6.191092962583295645e+01
8.134655370630164839e+01
7.496652382532568026e+01
6.509118523904398046e+01
8.467741671207595289e+01
6.459873104093021823e+01
7.462473241610982200e+01
8.014176456868655407e+01
6.092382120789195454e+01
8.217959627484945884e+01
7.012171992879348181e+01
6.715531314593027901e+01
8.278083762891085939e+01
6.127255267814432216e+01
7.672386848859638064e+01
7.593638775745998259e+01
6.125765858443080703e+01
8.212693512967440768e+01
6.552080896576363500e+01
6.955667553429537975e+01
8.000924883564485413e+01
5.917649193048450229e+01
7.823807854142306439e+01
7.138412588254016100e+01
6.265975968830816356e+01
8.114593922235442847e+01
6.153259317400181772e+01
7.192245246522826108e+01
7.650137161759874971e+01
5.842585770623379915e+01
7.898773883528700424e+01
6.676788780971934045e+01
6.474771535213503171e+01
7.925667650331421044e+01
5.849610459622170566e+01
7.393161624320278236e+01
7.243979487790615224e+01
5.892853269252246662e+01
7.887365919545659665e+01
6.242333800500954766e+01
6.711888539023047429e+01
7.653676205291985468e+01
5.666479150277437782e+01
7.534846775365603833e+01
6.806428214414356148e+01
6.041747670338391885e+01
7.786100643667786869e+01
5.870410778941128171e+01
6.941209088738044386e+01
7.311863372621991175e+01
5.612866785606274078e+01
7.601507401737599423e+01
6.366044261628825041e+01
6.252088313695703192e+01
7.597725622801928580e+01
5.593604208554143042e+01
7.132909158751623124e+01
6.918756956078419762e+01
5.677949258595128157e+01
7.583893680273395432e+01
5.955457164748575138e+01
6.485376581103690796e+01
7.330017884059898847e+01
5.434917841749748391e+01
7.265336061411319690e+01
6.497788312588524207e+01
5.834169002114098390e+01
7.479537647364490738e+01
5.608742253039138603e+01
6.707150225259636045e+01
6.996519074095257906e+01
5.400924125900512962e+01
7.323666788375973624e+01
6.077231535906226156e+01
6.045182017926462947e+01
7.291280301976188127e+01
5.356887715056672050e+01
6.889757256703336452e+01
6.615470955057345748e+01
5.479096484293544478e+01
7.299937531428298598e+01
5.688958610303851060e+01
6.274107532966652201e+01
7.027436954430866933e+01
5.220742987976211680e+01
7.012940213829679692e+01
6.209984483818826817e+01
5.641301846610739545e+01
7.192310238900921604e+01
5.365917568645567570e+01
6.488131015375206800e+01
6.701481575324005746e+01
5.204697732126286525e+01
7.063047034968927562e+01
5.807935181594693574e+01
5.852240268435875237e+01
7.003846103196774209e+01
5.137352161274227313e+01
6.661907943462540516e+01
6.331569611084579208e+01
5.294458526925580344e+01
7.033591346730632665e+01
5.440533820221364181e+01
6.076307128549274239e+01
6.743864304806793086e+01
5.022033380949927306e+01
6.775708366737706001e+01
5.940827517085441656e+01
5.461619636383711907e+01
6.922354641082669957e+01
5.139748866961114970e+01
6.282819675565016837e+01
6.424780505546627296e+01
5.022067121284979407e+01
6.818301550077035245e+01
5.556443357597810717e+01
5.671206881106301267e+01
6.734123166146767403e+01
4.933456742999946698e+01
6.446783440902684958e+01
6.065530452264975025e+01
5.122621521809374912e+01
6.782143497543211197e+01
5.208839953802876721e+01
5.890707027391335515e+01
6.476697517816890581e+01
4.837518836530038868e+01
6.552354761245851478e+01
5.688305898594047250e+01
5.293614231051665797e+01
6.668119927991328666e+01
4.929118333108453953e+01
6.089131144130370643e+01
6.164420358566089675e+01
4.852762992517963170e+01
6.586822348314304065e+01
5.320435688012438646e+01
5.502292109333643566e+01
6.479297746453684681e+01
4.743064217669012095e+01
6.244897729123478314e+01
5.814945742410443330e+01
4.961812943709219326e+01
6.545588052772941978e+01
4.991720798652837487e+01
5.715679854458255704e+01
6.225234798420661519e+01
4.665406219074711913e+01
6.341177981112240047e+01
5.450975020033223473e+01
5.136115963993322708e+01
6.427950542063491923e+01
4.731921448551413079e+01
5.906464720229005394e+01
