1.445462133046573854e+02
2.022459274399084563e+02
1.966958187665065338e+02
1.508977814866131268e+02
2.233800113543576629e+02
1.649723849247052954e+02
1.863720618963953939e+02
2.197368145090925680e+02
1.477616615638578423e+02
2.205820695227809836e+02
1.931050690598453343e+02
1.678454075381993391e+02
2.340513790552919602e+02
1.613816071141223460e+02
2.075945198806268195e+02
2.208146602742801292e+02
1.564876727410298258e+02
2.375057500876893073e+02
1.882958958913515630e+02
1.887535866450690207e+02
2.420238744007217235e+02
1.612362167300240969e+02
2.295622486349434723e+02
2.195391882729674649e+02
1.715343265618376449e+02
2.527175193427859199e+02
1.837147063067022543e+02
2.126782208195270982e+02
2.471513346196532837e+02
1.666067640454534455e+02
2.514544319297088180e+02
2.163182915630341370e+02
1.924040487490996725e+02
2.658277471208907059e+02
1.812429994896418748e+02
2.386085045383549925e+02
2.496158904725615741e+02
1.788199920794802722e+02
2.722544206178156401e+02
2.122873968442929709e+02
2.182628473316825080e+02
2.761964452894999340e+02
1.832422526761214101e+02
2.656384895098887569e+02
2.494549175665370910e+02
1.986032163273310118e+02
2.915017886537019081e+02
2.087859670633537235e+02
2.481058753756170461e+02
2.839314737638587758e+02
1.922045834581912516e+02
2.929256473527736375e+02
2.474989590490928038e+02
2.256955665818555303e+02
3.086844081154217179e+02
2.084524590548587923e+02
2.809993756019941884e+02
2.886235395445786480e+02
2.096352496611394542e+02
3.198791635339537720e+02
2.449587681544461759e+02
2.594131760061132468e+02
3.236316244885611582e+02
2.138087723107374245e+02
3.159091230276827105e+02
2.912450270943727446e+02
2.371683837288464360e+02
3.460675911152738422e+02
2.439375390532907772e+02
2.984840011803372022e+02
3.359641437025244954e+02
2.286291878058265468e+02
3.523659915101248430e+02
2.923380645172795766e+02
2.743145137355805900e+02
3.706344248237767829e+02
2.474766873357340842e+02
3.428373970233890873e+02
3.456020537051059023e+02
2.553027073007455101e+02
3.905139102520982419e+02
2.934470006633400772e+02
3.205446033572868600e+02
3.941710551153635151e+02
2.604669314250047023e+02
3.926564153045236480e+02
3.544454695337265093e+02
2.960801457371736660e+02
4.302717844347008622e+02
2.988963773590898541e+02
3.768657933924246777e+02
4.166405053662140858e+02
2.859885466414729080e+02
4.469057860205409156e+02
3.633636058413191563e+02
3.508070211656844890e+02
4.703805734981906994e+02
3.116415949305662707e+02
4.427982308656642658e+02
4.391988132632960742e+02
3.308905640712462173e+02
5.061119252594341447e+02
3.747962552796349200e+02
4.238998970079067590e+02
5.124822906390606931e+02
3.396475504937243954e+02
5.234274727731892654e+02
4.627773442286334102e+02
3.980355620990703187e+02
5.764701352434451564e+02
3.959888724754595160e+02
5.173897274198628793e+02
5.626067645938461510e+02
3.918251018002484329e+02
6.175614490665794847e+02
4.921154174844748468e+02
4.962626828279658184e+02
6.584423510259553041e+02
4.323602441042468172e+02
6.362540957491149811e+02
6.203808195744339855e+02
4.793480048780708103e+02
7.381246142875232863e+02
5.356254526916738996e+02
6.324716591769182514e+02
7.594034397450658389e+02
5.033253695903857192e+02
8.003088153019598394e+02
7.002053858565791415e+02
6.207649492073945794e+02
8.997126191478524788e+02
6.120951265559623380e+02
8.369444840073144860e+02
9.017138175855284317e+02
6.406740644221948742e+02
1.039414173819038069e+03
8.220145376255466090e+02
8.605168051938146618e+02
1.144009674459127837e+03
7.580842808402795754e+02
1.171349858748596489e+03
1.132969121108778154e+03
9.120253324731414750e+02
1.443882880950580784e+03
1.051131456944832280e+03
1.321145522088333792e+03
1.601459504515845765e+03
1.095613680439468908e+03
1.832385093625577156e+03
1.618390148950135881e+03
1.568741940513232748e+03
2.353996944383975915e+03
1.643891321407576925e+03
2.515262103325311273e+03
2.834581330144336334e+03
2.210838986093224321e+03
4.019633607527992353e+03
3.454492371014497621e+03
4.414239151673968991e+03
7.008932870456789715e+03
5.903720711574750567e+03
1.396339232330800405e+04
2.477834829064651058e+04
2.684041167490246517e+04
1.831285572776953632e+04
7.206227378847686850e+03
6.525904016200363003e+03
5.584479643051829044e+03
2.853871103871569176e+03
3.968349157487748926e+03
2.707018495886418805e+03
2.196831251842218990e+03
2.682681642580907464e+03
1.477979563791470582e+03
1.995858834726789837e+03
1.777452467392371318e+03
1.151599272377852458e+03
1.739465424117462362e+03
1.125525285812465881e+03
1.179352504338231938e+03
1.357633191297665007e+03
7.605508690045819549e+02
1.185032642424213009e+03
9.606681561691999605e+02
7.518524074459153326e+02
1.068506686839319400e+03
6.330496765490153166e+02
8.310159858833599174e+02
8.470665951333247676e+02
5.118301229442660087e+02
8.403830769332583941e+02
5.961145958530016742e+02
5.754179545212906532e+02
7.449327944083945567e+02
4.131844610435919662e+02
6.392920086371966590e+02
5.709712752029809053e+02
3.966337399500740162e+02
6.295076769221959694e+02
3.920075025588299127e+02
4.741119763850222739e+02
5.375379976461115348e+02
2.999309801403347819e+02
5.178160405371647812e+02
3.958232457750404478e+02
3.363282636342026422e+02
4.895088199947444991e+02
2.694778586945466259e+02
3.978894330705768425e+02
3.919545893943993633e+02
2.408027157099884050e+02
4.202104607313891620e+02
2.775723985603556230e+02
2.990227741020015060e+02
3.720331862817716910e+02
1.890100731348620684e+02
3.482693162487877316e+02
2.888353577279490310e+02
2.118346633834845250e+02
3.435477374659510019e+02
1.907929614345596292e+02
2.656488965655838115e+02
2.863415304522966380e+02
1.525445477879318901e+02
2.916489499761177058e+02
2.000185386213018148e+02
1.974269873540007723e+02
2.739541101945061996e+02
1.312567664959461240e+02
2.406480929373477124e+02
2.112893021956822110e+02
1.334989468053548762e+02
2.478522861460850777e+02
1.375027613508080151e+02
1.835577929423686783e+02
2.138521942144215870e+02
9.837674678573063147e+01
2.113506650019645861e+02
1.522867165394956714e+02
1.306003893501336108e+02
1.977368595946955736e+02
8.579577658350162039e+01
1.743068522553155049e+02
1.602431359052414734e+02
8.831210385898765480e+01
1.813154359012528687e+02
9.579910538843365941e+01
1.324370594232260601e+02
1.610829078008751196e+02
5.983889071909350577e+01
1.553205012991606964e+02
1.086182932628719016e+02
9.043548665683664467e+01
1.525025595432360888e+02
5.893256174116670820e+01
1.263948453552726932e+02
1.176433855366894505e+02
6.042771299796621065e+01
1.380673390673509573e+02
6.616244684873858262e+01
9.717547166752471810e+01
1.202172642460165690e+02
4.244658689967960896e+01
1.216560314613496985e+02
7.809373243204242954e+01
7.222647518153223700e+01
1.192124291682206234e+02
3.628081311699718725e+01
1.023171276099121769e+02
8.813455303507316785e+01
4.509263170239770346e+01
1.111183438146576350e+02
4.487856608842812278e+01
8.397351929001527537e+01
9.718237591799983477e+01
2.484351656487851656e+01
9.787646214510671427e+01
5.653716422018324295e+01
6.487629152045587944e+01
9.645088326934190093e+01
1.978265549180957805e+01
9.027645287725815137e+01
7.014509549054605486e+01
4.097569329362386270e+01
9.221765839012569188e+01
2.965068695242237595e+01
7.667314072215087606e+01
7.621611910137663415e+01
2.631054505933505894e+01
9.086476631693544448e+01
4.502520596405234699e+01
5.944485803217144593e+01
7.903891052856572230e+01
1.678128896073688381e+01
8.051714167897873153e+01
5.117433112489011648e+01
5.179975958143269565e+01
8.055370483518363756e+01
1.428343967302785700e+01
8.291448300478043620e+01
6.618977063500308589e+01
3.489501395265723005e+01
8.651130704911632563e+01
3.042987727871564019e+01
6.839670259258947738e+01
7.249625317760003895e+01
2.400918745897011419e+01
8.280762171151495465e+01
3.853177857410548768e+01
6.384433214473342844e+01
8.175182476761789019e+01
1.918826594130334229e+01
8.769120656415573478e+01
5.673203809951878185e+01
4.966684317824194750e+01
8.985619727684785119e+01
2.199863735088440109e+01
8.167531245283863939e+01
7.138687366177323668e+01
3.912303891731263406e+01
9.533783249779068569e+01
3.807743199885446472e+01
7.588710077574792479e+01
8.512372957007269747e+01
2.728471746009696020e+01
9.654695424861105835e+01
5.325431074509574358e+01
7.210788306943014447e+01
1.012080291082047125e+02
2.481547751942746771e+01
9.932579221245073597e+01
7.518160148263923759e+01
5.926313847006425561e+01
1.121714297797795723e+02
3.977916867830974468e+01
9.951546236674545298e+01
9.874595111454704011e+01
4.926855049487647875e+01
1.248799609213550781e+02
6.911105478429834648e+01
9.040719561110500990e+01
1.168140053809603671e+02
4.578031424118348980e+01
1.272675570348684033e+02
9.047607024996739256e+01
8.671250624091634052e+01
1.387709039190004034e+02
5.855212954944956039e+01
1.325960601452197807e+02
1.193792666343854449e+02
7.888567308452437032e+01
1.611534710830609356e+02
8.487318738223370929e+01
1.331879637218674475e+02
1.572279587780347754e+02
7.526423998394335513e+01
1.759104183724813311e+02
1.232048543096495479e+02
1.240554034461349602e+02
1.906386366375346597e+02
9.229395475761300816e+01
1.848584039212980201e+02
1.708696765410868466e+02
1.190825102146344818e+02
2.228951074738384079e+02
1.317291551577423832e+02
1.850606456609365580e+02
2.215272842990298159e+02
1.209144041570326067e+02
2.420282783786311711e+02
1.839595567098000686e+02
1.816729319820439343e+02
2.700378551645356993e+02
1.485511275051044038e+02
2.568632109503690799e+02
2.489401417211249168e+02
1.767431980902244675e+02
3.128825470372099176e+02
2.047371327038863740e+02
2.665148922683884507e+02
3.243764565400086326e+02
1.877220612075669806e+02
3.467316968832308248e+02
2.844815520372945912e+02
2.645778380636505176e+02
3.979841212056630297e+02
2.391439873307514574e+02
3.722102409867254096e+02
3.864006135871837841e+02
2.660687259808620979e+02
4.624902818239293651e+02
3.325481918198407811e+02
3.830614562657004853e+02
4.953218214478197865e+02
3.058909133738933974e+02
5.236552106322280906e+02
4.662170222262046764e+02
3.943659825422266749e+02
6.197921824273029188e+02
4.126033682876076796e+02
5.719044645665131839e+02
6.387841576405520527e+02
4.307792262654230626e+02
7.425591791510515804e+02
5.906818037869318232e+02
6.138239336641852333e+02
8.517079528888143614e+02
5.525048566720836334e+02
8.716034099171425851e+02
8.608058421310753374e+02
6.736755138001451542e+02
1.102690176921583770e+03
8.076111617310147039e+02
1.030028191252434226e+03
1.264864274295592168e+03
8.553987089924240763e+02
1.471892881568693838e+03
1.316424769461376627e+03
1.269919426587828184e+03
1.928610079899328639e+03
1.364173293634146830e+03
2.115706622726457681e+03
2.402005261460245947e+03
1.887435331367355502e+03
3.434588268988319669e+03
3.013656206833324177e+03
3.911280712696916453e+03
6.175934743075963524e+03
5.412460936716571268e+03
1.258454664670671627e+04
2.219065093839007750e+04
2.410317968631836993e+04
1.658380777869808298e+04
6.788840239344218389e+03
6.108788583027387176e+03
5.208152764802154707e+03
2.845814071908293499e+03
3.786615031025946791e+03
2.621374165480352076e+03
2.228200031761299670e+03
2.636445591204346783e+03
1.532509318099025222e+03
2.018477291243138552e+03
1.812835164802192367e+03
1.252874932929979877e+03
1.772201639690932780e+03
1.202734701877798898e+03
1.274505573636195322e+03
1.428051733820672780e+03
8.844729984708754955e+02
1.282345592559380975e+03
1.060525893249674709e+03
8.749645682817756551e+02
1.174442663576360701e+03
7.592985935462201041e+02
9.502380709929821023e+02
9.678900586092166805e+02
6.530035792704427422e+02
9.622736827394221564e+02
7.256325737124539046e+02
7.099726705735469068e+02
8.767616275349125772e+02
5.591397978181214512e+02
7.778280541486851689e+02
7.098258299545163936e+02
5.424768658321445400e+02
7.782308832197487618e+02
5.409191775515707832e+02
6.152140930225940565e+02
6.895348313057446603e+02
4.532404215578845879e+02
6.673108045469939498e+02
5.517848543034858722e+02
4.848093026431765793e+02
6.453700888109683547e+02
4.268548816985630765e+02
5.549581123739760642e+02
5.578161142139148296e+02
3.942940434100055427e+02
5.814634762793697291e+02
4.384539644972903147e+02
4.504554480950692437e+02
5.456485424993164770e+02
3.548214890914598527e+02
5.060826570489808773e+02
4.573322566407363752e+02
3.660756699560774337e+02
5.159380219534729122e+02
3.598457299321953542e+02
4.251095911637888776e+02
4.653230244244240339e+02
3.152731984604938589e+02
4.669948918968785847e+02
3.801586063359274590e+02
3.493878742378853985e+02
4.570346773649346233e+02
3.032139503071175000e+02
4.044181099766273633e+02
3.990216096076464964e+02
2.919511565123065111e+02
4.277539149606432716e+02
3.186008105848579817e+02
3.391373870925210099e+02
4.039651027275673414e+02
2.666797444418548935e+02
3.844092289163155556e+02
3.413409969366803693e+02
2.818274935190880228e+02
3.919879064454740956e+02
2.715271286607696766e+02
3.310307406342274703e+02
3.563452277986419858e+02
2.462127641384870742e+02
3.640235604913092970e+02
2.925034882200072843e+02
2.782225529330427776e+02
3.570883854906265924e+02
2.379445125403815666e+02
3.237264311769688447e+02
3.130065132205551777e+02
2.361930219905178774e+02
3.428158813386501720e+02
2.521308930039320444e+02
2.765787468242190812e+02
3.233603154026342281e+02
2.161795310060618647e+02
3.137673555742177314e+02
2.735370870425467160e+02
2.334016088333140999e+02
3.199333332051959928e+02
2.204607457394660912e+02
2.752551979781592877e+02
2.902824304787360461e+02
2.043899066248458212e+02
3.020349619853000149e+02
2.389344889510325345e+02
2.343649551215562497e+02
2.958923571897072975e+02
1.974727505406037267e+02
2.724857603020357715e+02
2.587820652414409324e+02
2.003666215139239739e+02
2.879233591266811345e+02
2.095420886651791648e+02
2.363790322864560096e+02
2.710611367124127469e+02
1.831048442611330813e+02
2.674447672603209867e+02
2.292747467871305105e+02
2.012149386268804960e+02
2.716891284140066887e+02
1.861947770470730745e+02
2.377046328159938184e+02
2.460310682453744278e+02
1.763405863550952688e+02
2.598024059603095566e+02
2.025907754715114777e+02
2.043085351446520121e+02
2.536496088678237300e+02
1.695970897877226662e+02
2.371632506283021371e+02
2.213327137500456843e+02
1.753309045309655971e+02
2.495455276692606503e+02
1.798380391675222825e+02
2.078895201128542851e+02
2.342146562112015431e+02
1.597816776459237929e+02
2.342918449550331559e+02
1.977484993204963359e+02
1.779880708006918724e+02
2.370008300552859737e+02
1.617707091213001434e+02
2.103298472529354797e+02
2.139009644396815020e+02
1.559652317019412067e+02
2.289199927337758993e+02
1.762918001201846039e+02
1.821930556429727233e+02
2.224740109114323730e+02
1.492350750676734776e+02
2.109302826887906974e+02
1.935433372895728041e+02
1.568044170277542833e+02
2.209822177533918932e+02
1.577662603380294399e+02
1.862459927838596059e+02
2.062336101801422785e+02
1.422231245572274645e+02
2.094208750113852489e+02
1.741282990831853397e+02
1.605313927049772644e+02
2.109106676045990696e+02
1.434586783389732716e+02
1.893720950599301318e+02
1.894690308049454188e+02
1.405488125578495726e+02
2.052702873973312023e+02
1.561459173796118307e+02
1.650650080368182842e+02
1.985634523073032938e+02
1.336740136163966213e+02
1.905403076373073077e+02
1.722044824550132489e+02
1.425345325463406709e+02
1.987681162582419745e+02
1.407368790720909999e+02
1.694363447340975029e+02
1.848112761698988891e+02
1.288353134135514608e+02
1.895800840259355482e+02
1.554586078707783940e+02
1.465486207841584871e+02
1.900219686282211740e+02
1.289106736177008372e+02
1.726212383686516318e+02
1.700721021976112866e+02
1.283078063797484845e+02
1.862698105963176829e+02
1.400849704016476949e+02
1.513433978532416688e+02
1.793864481342797887e+02
1.212763541197622175e+02
1.741077342672332406e+02
1.550283880996275627e+02
1.309006726445544757e+02
1.807246969919563639e+02
1.270568888545681432e+02
1.557506815842836545e+02
1.673179251080602512e+02
1.179336342985415769e+02
1.734855307838417673e+02
1.403931817187537945e+02
1.352271475698058225e+02
1.730707114057899219e+02
1.172168137553346696e+02
1.589802779594855338e+02
1.542901671578489982e+02
1.183334590310846011e+02
1.707357746340350388e+02
1.270557202490606699e+02
1.400601628282348088e+02
1.636510073752561993e+02
1.111591870364751315e+02
1.605317276035853808e+02
1.409494044568218953e+02
1.213489056668129109e+02
1.658157501635928099e+02
1.158256745107219388e+02
1.443737147048323379e+02
1.528311239718983359e+02
1.089406080577500262e+02
1.601206511957384464e+02
1.279776001494573165e+02
1.257946017982331739e+02
1.589568514306526765e+02
1.075489957693312562e+02
1.475299372451251543e+02
1.411349099281902397e+02
1.099982368557989076e+02
1.576779675759956092e+02
1.161970094498490624e+02
1.305481520232677042e+02
1.504327096742963761e+02
1.027332737325272944e+02
1.490778356006516105e+02
1.291335501597314703e+02
1.132956238202575179e+02
1.532370243300250650e+02
1.064392254523373680e+02
1.347332964559306276e+02
1.406148001483806524e+02
1.013887540708898030e+02
1.487678897188727660e+02
1.175143695321142872e+02
1.177804782913536741e+02
1.469710933117133038e+02
9.941497301085603056e+01
1.377634572856291015e+02
1.299776814606436517e+02
1.029313997755156436e+02
1.465402472073725448e+02
1.070222697346109726e+02
1.224070868437616326e+02
1.391531442290991265e+02
9.560242863952261416e+01
1.392445834872718251e+02
1.190731584127156424e+02
1.064301098463361086e+02
1.424466736364669828e+02
9.844783162950825783e+01
1.264238865964123733e+02
1.301367911619464337e+02
9.493939669888280264e+01
1.389740232260276969e+02
1.085539216265035094e+02
1.108666158172753455e+02
1.366458417826508480e+02
9.247167640379142028e+01
1.292975518265562016e+02
1.203648787953356418e+02
9.685524602843996433e+01
1.368962092433779958e+02
9.913634273759801374e+01
1.153432398408028519e+02
1.293991147902680439e+02
8.946998812356710573e+01
1.306911231682187235e+02
1.103845622354060083e+02
1.004527330040531297e+02
1.330633991405130416e+02
9.157767955979741714e+01
1.191618889757012880e+02
1.210344533440439818e+02
8.936639438466433205e+01
1.304138670868030374e+02
1.007908246561983105e+02
1.048228841274614069e+02
1.276310718941376905e+02
8.647080358236824793e+01
1.218755584348329961e+02
1.119965799581145802e+02
9.155399374421126879e+01
1.284339810513302496e+02
9.229737022950361336e+01
1.091256253483627887e+02
1.208468662987646383e+02
8.415914087015504208e+01
1.231561753836750484e+02
1.027823820207126602e+02
9.521491705654045745e+01
1.248025445291017945e+02
8.558617674982379242e+01
1.127612693968925726e+02
1.130407700171239185e+02
8.448804538873206127e+01
1.228578331796408776e+02
9.399586895155039201e+01
9.947755009576846419e+01
1.196738166369572269e+02
8.123420362917561022e+01
1.152973752254044513e+02
1.046216151997789297e+02
8.688944864536486534e+01
1.209432644652402473e+02
8.629833119818306386e+01
1.036108160038937740e+02
1.132813569877898914e+02
7.948530423183103721e+01
1.164561774769077402e+02
9.607609193280980264e+01
9.056113938568620370e+01
1.174644289558678167e+02
8.032153417540700957e+01
1.070487516545249775e+02
1.059499480995820591e+02
8.018050221207961670e+01
1.161170147185238193e+02
8.798599608196700217e+01
9.470999977213442378e+01
1.125891250216139099e+02
7.661243712351998170e+01
1.094091539843560810e+02
9.806794643131610201e+01
8.273632297330361496e+01
1.142405468083865827e+02
8.097614066634004359e+01
9.866380554327966479e+01
1.065367616068019458e+02
7.535928851462639955e+01
1.104531946996882965e+02
9.011374076829925173e+01
8.639697249303166871e+01
1.108964889881599021e+02
7.566207087656215435e+01
1.019094986605631448e+02
9.961395994573859980e+01
7.634876965637900526e+01
1.100572348026037446e+02
8.263721640204185803e+01
9.042337239837698348e+01
1.062312424545766021e+02
7.251087428101614307e+01
1.041024539050683302e+02
9.220527383629219287e+01
7.901610381201423650e+01
1.082061511208225539e+02
7.624149002731465430e+01
9.419772087033857133e+01
1.004705530305223959e+02
7.167679002065827376e+01
1.050269816418677635e+02
8.477211002170207621e+01
8.263927591594801925e+01
1.049641734686031498e+02
7.150311321839944867e+01
9.725580207391755039e+01
9.390928013657011775e+01
7.291046118401044396e+01
1.045713404513925440e+02
7.784145539234106081e+01
8.653782885016768489e+01
1.004849692667139180e+02
6.884421793963221603e+01
9.928462178807380667e+01
8.692268611958591862e+01
7.565619310323404534e+01
1.027331243801870500e+02
7.199485992270717816e+01
9.013511605950637318e+01
9.498143954250338084e+01
6.837014544645879255e+01
1.000856459079951435e+02
7.995304284204999590e+01
7.923349571505465860e+01
9.958045048591709758e+01
6.777047636395670338e+01
9.301395265076742191e+01
8.874401407606356429e+01
6.980523968671543855e+01
9.957196209851345259e+01
7.351710736927991263e+01
8.299417627964361088e+01
9.525871906054001670e+01
6.554609985252888293e+01
9.488300874787385908e+01
8.213382732393951358e+01
7.260299039962637835e+01
9.773993002559396359e+01
6.816573269826103854e+01
8.641688330934020712e+01
8.998293467637130050e+01
6.538624741823861086e+01
9.556502837579708398e+01
7.558137717110992071e+01
7.612254001613727894e+01
9.466093148155681547e+01
6.439867898274972902e+01
8.912682597994944445e+01
8.403821107695877402e+01
6.698355235229291793e+01
9.499495729391324517e+01
6.959521588002976955e+01
7.974423988745303404e+01
9.048382563062934025e+01
6.256235964719923004e+01
9.084113967749161134e+01
7.777171914698300270e+01
6.981326368578314145e+01
9.316275498502511709e+01
6.469198269390378186e+01
8.299946858910146830e+01
8.541499388467194365e+01
6.267028500909564315e+01
9.141114485599493378e+01
7.160505129300864269e+01
7.325629889868622513e+01
9.014706968481507943e+01
6.134525725289849873e+01
8.553635786339221170e+01
7.973268965798253305e+01
6.440763445943413501e+01
9.077580872015460045e+01
6.602427040072885234e+01
7.674669078587403703e+01
8.609575972958913326e+01
5.985180730584391995e+01
8.710733413521994351e+01
7.377903196301792832e+01
6.725070636259910373e+01
8.894131966166331438e+01
6.153056504746305677e+01
7.984160223845357507e+01
8.121567089154110874e+01
6.019614463717437758e+01
8.757466437801478776e+01
6.796607461794170035e+01
7.061078410606398847e+01
8.598150862420088458e+01
5.856159905344835437e+01
8.221471144859758340e+01
7.577422548644854317e+01
6.204230647843091617e+01
8.687712405308047892e+01
6.275822854809506879e+01
7.396931995909824309e+01
8.204982321329160300e+01
5.737745485884018848e+01
8.364577714376933670e+01
7.011022483139471717e+01
6.488526393415453697e+01
8.503641195808006614e+01
5.863894586752364546e+01
7.690781670611501397e+01
7.734101340167352134e+01
5.792118765600877595e+01
8.400946050136886356e+01
6.462214393090098952e+01
6.816059826613245320e+01
8.213080007146309924e+01
5.601844567352093662e+01
7.912484679386983544e+01
7.212421416003559216e+01
5.986083120321790574e+01
8.325580596558715740e+01
5.976095694377505652e+01
7.138473395916689412e+01
7.830291957385465196e+01
5.510799337095441786e+01
8.042300156246270149e+01
6.672733095893457289e+01
6.268868222495212450e+01
8.140793267180811199e+01
5.598786108660839744e+01
7.417105350897344351e+01
7.375392951147729548e+01
5.583025993225850669e+01
8.068896730203499601e+01
6.154121951361985055e+01
6.587662405439414215e+01
7.854905124645235048e+01
5.368277657036824735e+01
7.624007959690568725e+01
6.874433521421084947e+01
5.783983380538439434e+01
7.988052260027966156e+01
5.700133825156910916e+01
6.897017538970251849e+01
7.482044508527792459e+01
5.302041309802861946e+01
7.741236063925394717e+01
6.359695613494495348e+01
6.064304123428118487e+01
7.802639236951065982e+01
5.354890535692751996e+01
7.160829061041818022e+01
7.042090332025227895e+01
5.389834315898314543e+01
7.758310275251889720e+01
5.869164323842404229e+01
6.374315434479643727e+01
7.520988546281387244e+01
5.153098077180003855e+01
7.353844064264103508e+01
6.560587907787508755e+01
5.595966838006334143e+01
7.672427245166247189e+01
5.445298302307144667e+01
6.670605823569439963e+01
7.157339659310746072e+01
5.109310011660476647e+01
7.459009394694619743e+01
6.069111909749229028e+01
5.873112846690636246e+01
7.486428474931840071e+01
5.129723708985229536e+01
6.920137718075523026e+01
6.731314925517246195e+01
5.210475652305555627e+01
7.467079508740474125e+01
5.604764524153675609e+01
6.174150022520641556e+01
7.208933315787132301e+01
4.954208769633733311e+01
7.099857676998961153e+01
6.268287291200413591e+01
5.420474275708134826e+01
7.376400513948513549e+01
5.209007200732132503e+01
6.457776897366578339e+01
6.853970401265925716e+01
4.930198848924295874e+01
7.193830392525838135e+01
5.799032619376834674e+01
5.693044437484857667e+01
7.189979719605743469e+01
4.921578501922356708e+01
6.692913458640022384e+01
6.441254557576348816e+01
5.043679203488918006e+01
7.192856414600737480e+01
5.359367638541445444e+01
5.985401264970393242e+01
6.915843513540175991e+01
4.770168469232783082e+01
6.860245256054825802e+01
5.995244091603356651e+01
5.256105194812131742e+01
7.097809806652161058e+01
4.990011569401531233e+01
6.256561874674174106e+01
6.569275149444231943e+01
4.764653504703298381e+01
6.943127864635798119e+01
5.546492386022033116e+01
5.524873636186907788e+01
6.910761123629767155e+01
4.727796766953163399e+01
6.479355975385560384e+01
6.169050862169660832e+01
