2.847363946813021016e+02
1.985032192041467169e+02
2.895263392917665328e+02
2.526330142348597576e+02
2.263420862985059898e+02
3.067133539358433723e+02
2.159798366551164008e+02
2.770166994520939738e+02
2.905117036093297429e+02
2.137235892314759553e+02
3.153340878445968656e+02
2.511742538983791349e+02
2.565716937302841529e+02
3.216670244770529052e+02
2.206386330385539054e+02
3.097006846348308500e+02
2.940795531318653389e+02
2.372603742621645608e+02
3.403432052320233652e+02
2.507540739785586936e+02
2.920645630707793998e+02
3.342518160215259400e+02
2.328135060926363167e+02
3.437774913101670222e+02
2.959981769393497189e+02
2.694375861105455670e+02
3.640788695467394405e+02
2.537196987670152737e+02
3.321368169053268957e+02
3.444191181087052200e+02
2.547384005124379769e+02
3.788316684474070826e+02
2.976696087182427846e+02
3.100425798040603809e+02
3.863132070043342310e+02
2.632706013541128414e+02
3.763966781763296581e+02
3.529733943854341192e+02
2.881833212212421245e+02
4.143372527915655041e+02
3.012449932499878855e+02
3.587895446601306730e+02
4.070959130340894490e+02
2.836314457718457902e+02
4.245742581600233052e+02
3.603738360666895346e+02
3.339477222593965848e+02
4.504162630572623129e+02
3.101219348445285391e+02
4.157409972465771943e+02
4.267522414407641804e+02
3.175554714555542546e+02
4.764571609766271081e+02
3.691572848081820553e+02
3.932487149844060355e+02
4.874019674978634953e+02
3.299663452248170756e+02
4.816600709849661826e+02
4.461700612798708789e+02
3.697859874420966548e+02
5.335796521829780659e+02
3.825788615767457372e+02
4.675432211323874299e+02
5.263335007429118377e+02
3.665659861691055426e+02
5.583880646706811604e+02
4.680521790544461282e+02
4.428642508096817778e+02
5.967607990289277495e+02
4.069592118199565220e+02
5.597924025385058258e+02
5.684653204409519276e+02
4.271144708190839765e+02
6.483478371700350635e+02
4.948869029543664055e+02
5.430390191986558648e+02
6.708062878769345616e+02
4.515494490776926568e+02
6.765053704708781197e+02
6.198230258178906524e+02
5.221229110602624814e+02
7.593289426307439953e+02
5.383344990865720092e+02
6.789624991570453858e+02
7.598469133164253435e+02
5.311772501665916479e+02
8.283259949766955970e+02
6.863399194789283229e+02
6.666527818915701573e+02
9.030774501209386926e+02
6.115952397257899520e+02
8.710426529227664787e+02
8.802371906276248410e+02
6.702933359134394777e+02
1.037009966899790697e+03
7.851989279862216335e+02
8.929945907065680331e+02
1.107335417346389931e+03
7.468232502008014535e+02
1.160860348579296442e+03
1.061308115232844102e+03
9.191144302362420149e+02
1.362482563374620895e+03
9.668286167837419498e+02
1.276267106180715928e+03
1.440994206733514602e+03
1.030116290887405739e+03
1.662559283824282829e+03
1.388245661961678024e+03
1.419165942908560737e+03
1.964975679355801731e+03
1.357884924886334147e+03
2.058166624110857811e+03
2.122485591887279952e+03
1.711628213349018552e+03
2.803198389430775023e+03
2.192303774620906097e+03
2.739049417204557358e+03
3.610983678191902072e+03
2.605829904393699053e+03
4.580603850920797413e+03
4.625990800708007555e+03
4.723738394532381790e+03
8.446519275059485153e+03
7.449435722944450390e+03
1.425919775233654582e+04
2.822307444690681587e+04
3.355810974403830187e+04
2.551401118614190636e+04
1.147621218623219829e+04
7.756481606225092946e+03
7.693873635959557760e+03
3.972943233931173836e+03
4.851060901751760866e+03
3.953985253964864114e+03
2.609862392266814368e+03
3.535041187930553860e+03
2.226368895750230422e+03
2.357251915725965773e+03
2.545602426965472660e+03
1.481125185281009408e+03
2.163050594359293882e+03
1.711577424554893469e+03
1.374759703404110724e+03
1.854412215013641344e+03
1.128936341327698756e+03
1.429630092123968325e+03
1.430716990060837361e+03
9.051999728350151599e+02
1.393938296944322019e+03
1.011755879789102323e+03
9.712854347295509569e+02
1.215217463701207407e+03
7.199465553226679049e+02
1.048078957125756915e+03
9.420350755257061337e+02
6.761360472101573578e+02
1.016318877892597470e+03
6.661419083940468227e+02
7.705509244455766975e+02
8.723049364266353223e+02
5.181495632341050168e+02
8.265407335097119130e+02
6.626456420842976058e+02
5.561560923930884428e+02
7.843148880601023620e+02
4.729826093469898183e+02
6.431371033568351550e+02
6.505132345203444402e+02
4.146360349899222228e+02
6.734970585714038407e+02
4.790760168266924666e+02
4.842092677518006099e+02
6.170599913259596860e+02
3.516957713899598730e+02
5.542164702200727788e+02
4.939115189111035420e+02
3.552444457693459867e+02
5.579254447407917041e+02
3.537398299613054746e+02
4.343566519563584620e+02
4.913747487590682113e+02
2.813305470016911727e+02
4.821902525432413427e+02
3.764381006726021042e+02
3.241316570989937418e+02
4.656896927195953140e+02
2.643189568817131203e+02
3.931272710222348223e+02
3.916305693661117289e+02
2.415409507459843894e+02
4.190306809543835698e+02
2.850404813052152235e+02
3.011588491966802508e+02
3.864334811683942803e+02
2.044327706405285028e+02
3.545665164378568761e+02
3.079574651500635127e+02
2.218556240480356792e+02
3.613910745743086750e+02
2.123960060866795629e+02
2.817866761307811316e+02
3.163706933840985016e+02
1.688916172634623933e+02
3.188204234693770900e+02
2.358893593038528991e+02
2.093625228721722067e+02
3.092647861732609726e+02
1.605260760351640386e+02
2.634933073413036482e+02
2.553090000077600337e+02
1.530379990435924356e+02
2.831741852219399789e+02
1.771517038672286617e+02
2.027542794942019668e+02
2.587500343587236102e+02
1.228812447410022486e+02
2.426188536339573716e+02
1.967269138667895163e+02
1.446583417001820919e+02
2.485324067589890831e+02
1.300331541979641941e+02
1.940793649752824592e+02
2.100073847343104489e+02
1.020496889402974006e+02
2.205512717899133577e+02
1.466098811654652820e+02
1.458875711807360176e+02
2.133262630883570239e+02
8.822320189817271796e+01
1.837469748823218367e+02
1.671138822853276906e+02
9.619724084586798085e+01
1.963810296995287672e+02
1.032621542788683939e+02
1.423323902383183395e+02
1.747175120378015833e+02
6.475346090106802421e+01
1.724283459174335746e+02
1.253260963907912071e+02
9.725675660353334706e+01
1.711962087060103670e+02
6.942921627074947821e+01
1.386393288578666159e+02
1.381021846155416597e+02
6.079451844618161971e+01
1.560053171781265462e+02
8.515552238042926092e+01
1.037649376466256257e+02
1.440369020596736789e+02
4.000673897560405834e+01
1.335879330760388655e+02
1.052078651796159505e+02
6.313576647638686268e+01
1.346114307320370642e+02
5.116132654510170852e+01
1.051267695957872093e+02
1.121725268496972774e+02
3.814053887720542946e+01
1.235269144673211912e+02
6.699804933596001888e+01
7.933088309057067988e+01
1.174787791226411429e+02
2.531258421610471387e+01
1.071885069697902679e+02
8.400766087233166957e+01
5.038666194373641360e+01
1.139038505539732142e+02
3.841454243360124821e+01
8.479663733888394006e+01
9.214781357963099140e+01
2.954829789557890862e+01
1.081905566432786969e+02
5.904248865117396861e+01
6.254182670432031443e+01
9.752086980346643941e+01
1.366020577504789024e+01
9.144411201555605828e+01
7.142162877301937840e+01
3.929466672957692452e+01
9.485627271744849054e+01
3.121947590957247343e+01
7.285525136569084736e+01
7.503395929242248030e+01
2.533592827566276284e+01
8.945701508642004285e+01
3.988275540982761669e+01
6.550055614381091118e+01
8.723987441154733347e+01
8.533817638016085283e+00
8.364904734653406138e+01
5.603622814641168048e+01
4.635315132214175549e+01
8.886555902350224301e+01
1.877137178991606348e+01
7.699315077101768168e+01
7.145667127606476754e+01
2.909643819084520899e+01
9.061521218042054215e+01
4.039791736964075142e+01
5.982996073544896376e+01
7.613023258532712134e+01
1.493480197846210977e+01
8.515222868167943204e+01
5.082801476952221265e+01
5.027238053344135693e+01
8.584649279791648269e+01
1.590163362300911842e+01
7.991822788518678067e+01
6.664345081893792155e+01
3.536870304908249096e+01
9.049135019794617563e+01
3.281314334949667000e+01
6.965132405775041491e+01
7.934744498534857371e+01
2.376837143401899155e+01
9.036813389196123580e+01
5.116817811848046915e+01
6.150496462646370333e+01
9.105696316896460019e+01
2.347163200527319304e+01
9.008799776038613061e+01
7.144836378379869757e+01
4.684442355579032125e+01
9.834447319700389301e+01
3.848732869997663641e+01
8.123692376952313055e+01
8.595081334131916151e+01
3.916524225931306091e+01
1.027632675809036726e+02
6.007253285757794004e+01
7.641658834296798375e+01
1.015536750384169835e+02
4.261266291695397967e+01
1.062306173922575141e+02
8.135705034595017082e+01
6.943583428993521522e+01
1.142280097290445298e+02
5.427681159059833504e+01
1.092462598044911459e+02
1.050670645481039429e+02
6.457839768241498746e+01
1.306684773315334951e+02
8.133381731879212850e+01
1.050784995726146462e+02
1.293301354941652619e+02
7.473915093690678191e+01
1.431520066901419170e+02
1.129645601192155198e+02
1.065741044918575682e+02
1.575251773163213898e+02
9.554425847872394684e+01
1.482822979089978332e+02
1.478286760063999452e+02
1.089690588928252595e+02
1.746353475416862295e+02
1.261004015287442286e+02
1.575270182183183465e+02
1.862869503861351745e+02
1.312954289764687701e+02
2.012581157544771884e+02
1.759963591901356210e+02
1.706789568080034201e+02
2.212702202384121506e+02
1.623838441473411365e+02
2.242330312961071854e+02
2.239036950229532010e+02
1.902001455352587698e+02
2.688523156010884918e+02
2.216813562481318343e+02
2.530830522760158487e+02
2.870966856648064436e+02
2.334215373542096472e+02
3.156652512210709460e+02
2.897433094749608244e+02
2.909866549240590530e+02
3.610811497365900777e+02
2.983619538087680212e+02
3.689663958389741651e+02
3.793307261433164967e+02
3.491068705474229432e+02
4.495674437286446050e+02
3.976467315361132364e+02
4.429525131740160759e+02
5.022497703865017797e+02
4.523092547106288634e+02
5.721913802140642247e+02
5.519883106077065804e+02
5.678874114740560799e+02
6.853282451204469226e+02
6.163757812726322527e+02
7.382230175656196707e+02
7.874577503501794808e+02
7.735431996503131131e+02
9.668600347389061653e+02
9.327098121433897404e+02
1.059602576055028976e+03
1.226403835426852083e+03
1.211414740082740536e+03
1.532966200289870130e+03
1.604599957293458147e+03
1.790744321551827625e+03
2.298378684979808895e+03
2.437303794578869201e+03
3.273520334443114280e+03
4.118368381170780594e+03
5.167089090510599817e+03
8.611851286745204561e+03
1.166770608873182027e+04
1.129140730716201324e+04
7.937460989320606132e+03
5.045863411029559757e+03
4.177758830158893034e+03
3.208452402625309787e+03
2.641868389888099955e+03
2.421371493526005452e+03
1.922387384554686150e+03
1.837943723765897630e+03
1.633796722594188168e+03
1.417011430507326168e+03
1.441700158574404895e+03
1.227179243230382554e+03
1.179497267874106910e+03
1.142011991135821290e+03
9.861702510681755030e+02
1.020154519487559583e+03
9.173898510911959647e+02
8.617811192464091619e+02
8.803411802362506933e+02
7.707934901358793240e+02
7.971705403099991827e+02
7.568152568310392780e+02
6.930992043638552786e+02
7.305696525411210587e+02
6.476249023147886419e+02
6.472752381042008665e+02
6.464839857391320947e+02
5.757399868272011645e+02
6.137731753320097141e+02
5.668457835799813438e+02
5.453370933843701778e+02
5.700046056921861464e+02
5.047710201772607661e+02
5.268062524658919301e+02
5.093259028438184259e+02
4.705913008370664556e+02
5.045880743582804939e+02
4.562604897741541095e+02
4.637403755011381463e+02
4.697631698889322251e+02
4.196165131314481300e+02
4.528708721191895279e+02
4.235833126227000776e+02
4.080215800874772185e+02
4.320470304559729016e+02
3.848470929414845045e+02
4.060793663631333743e+02
3.983101486035677112e+02
3.685641928694277567e+02
4.003394732302077159e+02
3.612913066311907073e+02
3.658187246734302107e+02
3.781047372017752650e+02
3.361491879409154535e+02
3.656661902638149400e+02
3.458445676123690191e+02
3.309566900430538112e+02
3.568639736588658025e+02
3.162984002970335951e+02
3.340255393920793381e+02
3.338883915977831407e+02
3.027197227876881129e+02
3.333446364211994819e+02
3.044766985089489140e+02
3.049204627415041955e+02
3.217605479810094948e+02
2.836095832148126306e+02
3.096005504082820039e+02
2.973923066188989424e+02
2.782737434010147126e+02
3.065432130069822847e+02
2.729973847742503494e+02
2.844967938958282048e+02
2.905092414299153916e+02
2.593844449893250044e+02
2.890280727774461411e+02
2.675803141543055403e+02
2.611274789549335651e+02
2.820196211997962905e+02
2.474199546752315655e+02
2.683670955747288644e+02
2.637908071017413363e+02
2.413974393194265247e+02
2.700914672750703858e+02
2.424365792810918379e+02
2.477843742097921620e+02
2.596921476036493459e+02
2.282687588765138571e+02
2.547661722209664674e+02
2.407586143962627148e+02
2.286755404544483667e+02
2.523763668916328129e+02
2.215723494926857597e+02
2.367759925793101559e+02
2.386757085259476128e+02
2.136745709107082405e+02
2.419034047610720393e+02
2.197569365395647480e+02
2.186141331991521497e+02
2.359814282455457146e+02
2.054837529187934706e+02
2.274835978729106500e+02
2.202140755425797636e+02
2.034711223913524805e+02
2.291199787972480806e+02
2.022717510574230175e+02
2.115047033270686256e+02
2.198727904182438238e+02
1.926499660213946754e+02
2.186129576268134542e+02
2.029517679154564576e+02
1.958377203090641956e+02
2.167428019547544693e+02
1.878462907546095835e+02
2.051270397968876296e+02
2.044395326126365546e+02
1.835086582445735246e+02
2.099364708111810671e+02
1.876570990153966534e+02
1.902259622781122061e+02
2.043326273752258544e+02
1.763392689409832883e+02
1.991767610824186647e+02
1.900669099209692661e+02
1.769780502366902795e+02
2.006725964173818966e+02
1.745728934271846811e+02
1.858430642544354328e+02
1.918471712413641512e+02
1.677944670966849117e+02
1.931199775293705159e+02
1.767156576732857900e+02
1.726472085573198569e+02
1.911865133591572885e+02
1.639418567088382588e+02
1.820614133668735235e+02
1.796528325959327788e+02
1.618038987944748044e+02
1.865296258152017970e+02
1.645996738809698741e+02
1.695230479644409343e+02
1.812149731634918339e+02
1.554876663066862363e+02
1.780302156353605199e+02
1.678118070536524726e+02
1.577781496210043599e+02
1.793307706077436592e+02
1.542285039044902533e+02
1.669885556763426280e+02
1.708455076651675597e+02
1.492578509192649392e+02
1.735995894266379480e+02
1.567364584090800292e+02
1.551735890001267251e+02
1.715516890874525302e+02
1.457091181394849571e+02
1.644106672277167718e+02
1.606800521195265503e+02
1.454850478264677349e+02
1.686802671616921998e+02
1.469887017787172283e+02
1.536182047289523211e+02
1.633105295849738354e+02
1.394540782692449170e+02
1.617445571941773608e+02
1.507237639420865492e+02
1.428318018552413662e+02
1.626042037827441504e+02
1.384936262318838374e+02
1.521428696240708689e+02
1.544192829707855310e+02
1.349946369247046505e+02
1.583387158451684513e+02
1.413194737557969631e+02
1.414759466929966720e+02
1.560094097504538695e+02
1.317612379605131139e+02
1.505694729573993982e+02
1.455211551055097345e+02
1.323057103689804421e+02
1.541318467318502030e+02
1.329327113704131307e+02
1.407393392745564711e+02
1.487335096969223116e+02
1.267459245424363559e+02
1.485388830425777087e+02
1.368676782465981034e+02
1.309148155636463571e+02
1.490752979745300593e+02
1.258500588403537392e+02
1.400527467928946805e+02
1.409997845141505479e+02
1.234952319232424287e+02
1.457787623370958272e+02
1.286963145044921930e+02
1.303660834578918468e+02
1.432251012778828283e+02
1.202778721675915818e+02
1.391078758781968929e+02
1.331315291799381271e+02
1.217072029402772273e+02
1.421820633957278517e+02
1.214403730491260376e+02
1.302166612341355005e+02
1.367447513756823696e+02
1.163422800792647962e+02
1.375844882147574424e+02
1.254217708835109164e+02
1.210408523144128168e+02
1.377681543070055454e+02
1.154166709517774478e+02
1.299940584796461280e+02
1.298212199044683075e+02
1.139719110273336184e+02
1.352708631802631487e+02
1.182270187894125968e+02
1.210697676012390076e+02
1.325066183095388510e+02
1.108006422800755644e+02
1.294515548710710675e+02
1.227384865141278425e+02
1.129023881378585088e+02
1.321165480976519291e+02
1.118571774214553187e+02
1.213415533972958542e+02
1.266325790158473552e+02
1.076754941466560922e+02
1.282537184452880865e+02
1.157988147790253777e+02
1.127698502494389885e+02
1.281007944542176631e+02
1.066602600704623853e+02
1.214991323427573064e+02
1.203229037011081743e+02
1.059515834391388438e+02
1.262662206887545864e+02
1.093469636353729442e+02
1.131932042434025476e+02
1.233056508297790401e+02
1.027825934900059934e+02
1.212095053221910632e+02
1.138590509079277808e+02
1.054170273896364876e+02
1.234469326052796134e+02
1.037141986600408359e+02
1.137687728932386904e+02
1.179136427553987119e+02
1.003011810255693632e+02
1.202378210079747873e+02
1.075414365517651021e+02
1.057015427806687455e+02
1.197720013379844204e+02
9.916862092126368111e+01
1.141404446934305099e+02
1.121083326524534840e+02
9.911961716843103432e+01
1.184905381697065536e+02
1.017031184989765080e+02
1.064144318686502828e+02
1.153531432748469285e+02
9.589034149986736111e+01
1.140214616279664597e+02
1.061663483568442103e+02
9.897171479418135220e+01
1.158878374486983915e+02
9.668065272932692267e+01
1.071829740290707207e+02
1.103222464236438185e+02
9.394566988442329603e+01
1.132230248584484684e+02
1.003621955606449916e+02
9.955911425272141457e+01
1.124728070717291502e+02
9.268658298048330835e+01
1.077046952796102062e+02
1.049272967102197072e+02
9.317640322025621913e+01
1.116338331967274371e+02
9.505232174131813849e+01
1.004836037582416424e+02
1.083361746946344226e+02
8.992022874961880063e+01
1.077041338759901805e+02
9.940295366782017084e+01
9.336312171601321097e+01
1.092164785131495393e+02
9.051503063960578288e+01
1.013978388326261495e+02
1.036312202850803601e+02
8.838942557444106285e+01
1.070183715275353933e+02
9.405361661096493719e+01
9.416971451847597052e+01
1.060074956161492992e+02
8.700765222009347610e+01
1.020102189102323251e+02
9.857338121946756360e+01
8.797183602955281856e+01
1.055498852111543755e+02
8.918407781762496711e+01
9.524355793346455812e+01
1.021067761953733282e+02
8.466914481292917571e+01
1.020889418695788322e+02
9.341599867052258332e+01
8.841339426504062260e+01
1.032728958243132098e+02
8.508406935687925454e+01
9.625494926573124133e+01
9.767023107187843323e+01
8.349961175053472573e+01
1.014802010736169535e+02
8.845311841822177712e+01
8.939479262601793152e+01
1.002283811834736440e+02
8.198075314051222051e+01
9.692161978186040017e+01
9.290120710060234899e+01
8.335786892839068685e+01
1.000915390449410864e+02
8.396358601065212213e+01
9.056748802195062353e+01
9.651915509590918418e+01
8.000897460886855583e+01
9.704994553386862322e+01
8.806270411034920187e+01
8.400158967938358501e+01
9.792417245972561091e+01
8.024764989990282515e+01
9.163925412926242586e+01
9.230948523079057111e+01
7.914616223463546874e+01
9.648670881351921480e+01
8.342911025571073935e+01
8.511297147241933203e+01
9.501717574978012237e+01
7.750693435346801152e+01
9.234651911741293873e+01
8.780260716510143482e+01
7.924411114979608328e+01
9.516648351533441996e+01
7.929127058340742451e+01
8.636863381807846451e+01
9.147871195666766653e+01
7.585053566803208014e+01
9.249745418275804809e+01
8.324587926965699580e+01
8.004751470866267482e+01
9.307939717473767871e+01
7.591055444113273154e+01
8.747325257113809016e+01
8.746356653291509531e+01
7.524756514499543414e+01
9.196024386753408919e+01
7.890700909162033838e+01
8.125967606035268886e+01
9.028875148903755132e+01
7.348733095306039331e+01
8.819310697762561801e+01
8.318200329653664937e+01
7.554285728500781261e+01
9.068513374895390200e+01
7.507456172372504000e+01
8.256349809073526558e+01
8.689324847829536225e+01
7.210788856196117536e+01
8.834852102441169563e+01
7.887314201991019047e+01
7.648075954036553981e+01
8.866905555308562725e+01
7.199556077874174775e+01
8.368498183954335445e+01
8.305391439344573712e+01
7.173105917694330458e+01
8.782826659479246700e+01
7.480563822710539057e+01
7.776365964119686680e+01
8.596994673430050682e+01
6.985380895330133910e+01
8.440263542678681574e+01
7.897261293269278326e+01
7.219079935626523081e+01
8.658442710854627933e+01
7.125073146660056977e+01
7.909407794729352759e+01
8.269724894324423303e+01
6.872524193497231693e+01
8.455118085316613019e+01
7.488368800631955935e+01
7.324173704236395110e+01
8.462396903974642726e+01
6.843625425015108021e+01
8.022319007904174271e+01
7.901712320488626062e+01
6.853766086662184875e+01
8.403897921816120231e+01
7.106466016695596011e+01
7.457175957743933736e+01
8.200672962024401613e+01
6.655201547579655141e+01
8.092406865268264937e+01
7.511590952117481379e+01
6.914068015483620400e+01
8.281556327241993642e+01
6.775730131743050322e+01
7.591824730639125107e+01
7.884748787284107152e+01
6.563831139074214605e+01
8.105940066425449686e+01
7.123702049243804879e+01
7.027025270020673986e+01
8.089744627536305188e+01
6.519661022241879778e+01
7.703037039345012715e+01
7.530260578589496845e+01
6.563011914113830869e+01
8.053844922533603778e+01
6.763467676190322209e+01
7.164444748804000085e+01
7.834997623154134772e+01
6.353696032303300001e+01
7.771391168381242665e+01
7.156849920965950673e+01
6.634953319951998196e+01
7.932954659783626994e+01
6.455979898299378306e+01
7.299347948911122330e+01
7.528985466292463968e+01
6.282280098614094044e+01
7.783263651049014697e+01
6.787866121673282294e+01
6.754438918442201611e+01
7.744476587569494086e+01
6.222222747804662646e+01
7.408524626813660063e+01
7.187004772938705344e+01
6.296212751220183890e+01
7.729883118106606332e+01
6.447829653750468992e+01
6.894394803246154879e+01
7.496412160893633825e+01
6.077325453648873577e+01
7.473943224840985522e+01
6.828917334221846147e+01
6.378416189240655143e+01
7.609593279993272574e+01
6.161410718404867026e+01
7.028628607214888291e+01
7.199274552386171422e+01
6.023105027136211476e+01
7.482954322926998714e+01
6.477263044461021479e+01
6.503281101676067522e+01
7.424393258101915194e+01
5.948923477667344883e+01
7.135195020272738020e+01
6.868904924346750818e+01
6.050785285849180184e+01
7.428428425827765125e+01
6.156276126198189047e+01
6.644377571292655205e+01
7.181477710517543755e+01
5.822728278171673821e+01
7.197204846987396820e+01
6.524785297588242372e+01
6.141399310242916698e+01
7.308316446608931471e+01
5.889470781564714486e+01
6.777053121786627798e+01
6.892447353376833519e+01
5.784416761474568602e+01
7.203291721165628303e+01
6.189326266695307766e+01
6.270293129079777117e+01
7.125563419001348109e+01
5.696283477962066399e+01
6.880381556461121306e+01
6.572764283818622744e+01
5.823954069518750742e+01
7.146832062313721678e+01
5.885941267787006836e+01
6.411994141288502647e+01
6.887587341537859231e+01
5.587585649560986667e+01
6.938867189101650013e+01
6.241768977064677415e+01
5.921816882208655386e+01
7.026716253797087575e+01
5.637522629072417857e+01
6.542510401796360497e+01
6.605984474156528563e+01
5.563677156749206176e+01
6.941666011774962897e+01
5.921308158616518824e+01
6.053838575433044156e+01
6.846085330538819846e+01
5.462105574720974488e+01
6.642314329783663140e+01
6.296319077784421836e+01
5.613496793227251658e+01
6.883151697672880687e+01
5.634534912686952168e+01
6.195084002128016465e+01
6.612491750512057820e+01
5.369533407408064107e+01
6.696775192400575349e+01
5.977524567005973921e+01
5.717451361794257281e+01
6.762639160181429077e+01
5.403282461697623518e+01
6.322836096999041189e+01
6.337673490243602004e+01
5.358764333479679465e+01
6.695882558345797975e+01
5.671008896876721650e+01
5.852033016348396899e+01
6.583782294456884188e+01
5.244311353394908082e+01
6.419147587400641441e+01
6.037425499693532061e+01
5.417555895909136865e+01
6.635481888083758406e+01
5.400029579485641307e+01
5.991968363192179936e+01
6.354191009705511561e+01
5.166709310356414875e+01
6.469284169704739895e+01
5.730048220480460941e+01
5.526739792647404670e+01
6.514406390104468869e+01
5.184757006707609150e+01
6.116761347722172104e+01
6.085939359122455272e+01
5.167763865242115884e+01
6.464931674776359216e+01
5.437114848037618486e+01
5.662494675772198605e+01
6.336945835069060706e+01
5.041426042691016818e+01
6.208668762815469933e+01
5.794435093654539060e+01
5.234796949863025617e+01
6.401702839754482000e+01
5.180791598265022913e+01
5.801344068150586253e+01
6.110910511478167706e+01
4.977740401755210087e+01
6.254897488090724522e+01
5.497784908560832662e+01
5.348311637016809783e+01
6.280229621844726040e+01
4.980652385100446367e+01
5.922756584690904447e+01
5.848778634956043732e+01
4.989585353162763681e+01
6.246794474024885346e+01
5.217492526111703199e+01
5.484968197764037257e+01
6.104038557082890293e+01
4.851847562082939191e+01
6.010546433666176114e+01
5.565484480880311935e+01
5.063767549903366216e+01
6.181392086856489954e+01
4.974992410173507551e+01
5.621764511229118710e+01
5.881663902822536727e+01
4.800710795470116921e+01
6.052169777874405554e+01
5.279362996067350622e+01
5.180661109781748053e+01
6.058816755243838514e+01
4.789274363703992066e+01
5.739645860565811830e+01
5.625079378284687692e+01
4.822441805989082297e+01
6.040566289930488608e+01
5.011164973407000645e+01
5.317363255936645317e+01
5.883820219530298345e+01
4.674335589393547252e+01
5.822826517522111089e+01
5.349569863948363491e+01
4.903229964176780697e+01
5.972576489950070311e+01
4.781738890103068229e+01
5.452159795008495280e+01
5.664776265274930012e+01
4.634947149899215191e+01
5.860143224485818081e+01
