2.212596998532152099e+02
2.721066364574249974e+02
3.105851799174099597e+02
2.025953536421792194e+02
3.234684767863445813e+02
2.666183462685693257e+02
2.442964703692001081e+02
3.402305018900332811e+02
2.196558349847754528e+02
3.092059971176195745e+02
3.152698729847982690e+02
2.226115651161097730e+02
3.536515666413266104e+02
2.624153126912084986e+02
2.824850551959809195e+02
3.563843218435142717e+02
2.248440747246418994e+02
3.487070374786059119e+02
3.168751033843129221e+02
2.535490138860625677e+02
3.827557605271700822e+02
2.593959599426035538e+02
3.269453781567027022e+02
3.696020883457147761e+02
2.403803408779202755e+02
3.897442326886607020e+02
3.163741858524018653e+02
2.954039639013572582e+02
4.101509293628487285e+02
2.610523259679134753e+02
3.769274466577886642e+02
3.796542886951817195e+02
2.694774834612352379e+02
4.321527040308083656e+02
3.153755224790136822e+02
3.477144960952323345e+02
4.358515502639634178e+02
2.722134004657737023e+02
4.318877646510586032e+02
3.870846675418094947e+02
3.140413756278086908e+02
4.755263252633230877e+02
3.165256902969857151e+02
4.096069682634353057e+02
4.590914961001092820e+02
2.979574735734677802e+02
4.919944405208077001e+02
3.931587912526958348e+02
3.748081097978089247e+02
5.195286374803100671e+02
3.258838750735450276e+02
4.840065226184726157e+02
4.817771325382990995e+02
3.442410676758898944e+02
5.583971259777288196e+02
4.005562663871518794e+02
4.536233093539080983e+02
5.655507523139209525e+02
3.496088012882699445e+02
5.700036283868240616e+02
5.041013694484689722e+02
4.152913229060344520e+02
6.320632222815754631e+02
4.139550362247312592e+02
5.536423703542257044e+02
6.150450565230191842e+02
3.984471345189937210e+02
6.722977178308857447e+02
5.291218112190880447e+02
5.170109454971276364e+02
7.171033124497599829e+02
4.427084059752002076e+02
6.804713689911546908e+02
6.709579067429812085e+02
4.840577567044280158e+02
7.973612945645339778e+02
5.624374725091270193e+02
6.588981462717845261e+02
8.200265368621658126e+02
5.027406667703621110e+02
8.467627893530570873e+02
7.409583794070008480e+02
6.254900164742805373e+02
9.605004386218244008e+02
6.189895138756776305e+02
8.616216532100895620e+02
9.543957203111100398e+02
6.213756983547206119e+02
1.078814549363757578e+03
8.393869113415400989e+02
8.500602934589186361e+02
1.187935713997619814e+03
7.254727770790294699e+02
1.170409894242117844e+03
1.151917124281872702e+03
8.462563432594891992e+02
1.434443044182854919e+03
1.006357395618194232e+03
1.234577174862800121e+03
1.550736831067740695e+03
9.595749309313675894e+02
1.707310523454368649e+03
1.496667968105708951e+03
1.312123851160231197e+03
2.086941242882421648e+03
1.354916172503433017e+03
2.033663606301217669e+03
2.304068709718259470e+03
1.566111953119979944e+03
2.916099433719515218e+03
2.326040699917019538e+03
2.574964864223898985e+03
3.860862173189852911e+03
2.502507941488769575e+03
4.615957452707583798e+03
5.024489005982886738e+03
4.269101771988866858e+03
8.741448479460936142e+03
7.631833132626830775e+03
1.361401259719052541e+04
2.981705522740029483e+04
3.728270996431173262e+04
2.941911419083467263e+04
1.314127591642143489e+04
7.599656033271203341e+03
8.625960533365390802e+03
4.110800087330603674e+03
4.929354621165399294e+03
4.433954955792926739e+03
2.417698944074156316e+03
3.774951580485224895e+03
2.450870039480707419e+03
2.284734126580743578e+03
2.795447619434704393e+03
1.447298300551984994e+03
2.248337773764569647e+03
1.919907543215963187e+03
1.286589979743263484e+03
2.014110268446386499e+03
1.207809945544341190e+03
1.423380787496334278e+03
1.602223740145763941e+03
8.596001906605295062e+02
1.475060787799852505e+03
1.131423136288452952e+03
9.204236259296923208e+02
1.338325681740605432e+03
7.377852735285277959e+02
1.064334345373021506e+03
1.060804650964865459e+03
6.224600306076090419e+02
1.092786968193054690e+03
7.367807064746465358e+02
7.497702003600087437e+02
9.763471629856994696e+02
5.045490338996914943e+02
8.614220105388689035e+02
7.551487532691792239e+02
5.126505339163584267e+02
8.559325630763534036e+02
5.084719830728413967e+02
6.425251975675050744e+02
7.393098706949756433e+02
3.843488418810950407e+02
7.156428915529589858e+02
5.453100710460920482e+02
4.576688353350757552e+02
6.909458226664110043e+02
3.657679744509777606e+02
5.653351574831633570e+02
5.677582970796767086e+02
3.249659118959390298e+02
6.067217482467225409e+02
3.995829924403151381e+02
4.211805384562003383e+02
5.586336130385489014e+02
2.740448424523512472e+02
5.044968231295837882e+02
4.363835307791048308e+02
2.973043097389235072e+02
5.169198356461591857e+02
2.920123225689163178e+02
3.923917283748612022e+02
4.510366866885510717e+02
2.215820584745717667e+02
4.501474371519651072e+02
3.311800736904631890e+02
2.835908816145426954e+02
4.386192886507151343e+02
2.134289220859645297e+02
3.666716778601090141e+02
3.618334849891255089e+02
1.974160690928088684e+02
3.999726686005011516e+02
2.488701885607567874e+02
2.748675505950686784e+02
3.686981024227408170e+02
1.636864404663966468e+02
3.393098946881262350e+02
2.851880324082912921e+02
1.924604520782792179e+02
3.496336438566390825e+02
1.804308000763768405e+02
2.665913055673311192e+02
3.031014416768872479e+02
1.341641515374959397e+02
3.099786148770406271e+02
2.157260494823210024e+02
1.922297665245936287e+02
3.019918017962900194e+02
1.285867664053273529e+02
2.569690912785553678e+02
2.444382329273017831e+02
1.251356654984492565e+02
2.804417104278170427e+02
1.585354517094185383e+02
1.929282515596318035e+02
2.550925522650285586e+02
9.156459127620901484e+01
2.417563056188938617e+02
1.903846358305478361e+02
1.289311334722492006e+02
2.487273670516995026e+02
1.081912732039000247e+02
1.896149418674316394e+02
2.102662572382767507e+02
7.797365273853895928e+01
2.213389595616279735e+02
1.387618496931409879e+02
1.362301102166954649e+02
2.147019960880803069e+02
6.854014489946072786e+01
1.869050172901763460e+02
1.689582960833328684e+02
7.739171671002844732e+01
1.996122577777803428e+02
9.659218356125258254e+01
1.361044049076201645e+02
1.756904464992416024e+02
4.526145941491080293e+01
1.742465947631201857e+02
1.241906227317720095e+02
8.901189872577440099e+01
1.710707030687935344e+02
5.161667815166536144e+01
1.421970077156183834e+02
1.419197334823180654e+02
4.642260461717168596e+01
1.591751424233636101e+02
8.097557326930996169e+01
1.028737452168019644e+02
1.465143893963004587e+02
2.205824385230464912e+01
1.381593269863960813e+02
1.028104211394006171e+02
6.692994083480623146e+01
1.474294429310668875e+02
4.674412741141453864e+01
1.102277971574122262e+02
1.193562467249978170e+02
2.690915879793637444e+01
1.324302507722833013e+02
7.079661120175954636e+01
7.916913279455593511e+01
1.230123717457600065e+02
1.042212301933521168e+01
1.151454733856461132e+02
8.913886265153385580e+01
5.033807769609213523e+01
1.234521927079450450e+02
3.893625309377233634e+01
9.170360125521006012e+01
9.987417882874720476e+01
2.278090320865822349e+01
1.172704415942975800e+02
6.347467797768997855e+01
6.705379679774513590e+01
1.062152782035872463e+02
6.443756505614687491e+00
1.010562100888762984e+02
7.702184059550057782e+01
4.615948486521503469e+01
1.089139575692720427e+02
3.180136089615043105e+01
8.660353773322599125e+01
9.300507585829871005e+01
1.719424588133294307e+01
1.003355208093110775e+02
5.077815811157805825e+01
6.442933969448390030e+01
9.404970340442137910e+01
4.093357029113563472e-01
9.567410507088095528e+01
6.824209944263206751e+01
4.783230851672399098e+01
1.007527998718222477e+02
2.386549836035748484e+01
8.443296262747954017e+01
8.491086412238398395e+01
2.085537121706105879e+01
9.369778212296756692e+01
3.954940224831805295e+01
7.027270355127438961e+01
9.145113733513989018e+01
4.910005247765083958e+00
9.371787498471847755e+01
5.906222167550122748e+01
5.533568123808980488e+01
1.012982140021545376e+02
1.849293438754570928e+01
8.737774889001416057e+01
7.960663678127311016e+01
3.118502586801871601e+01
1.002128857645904532e+02
3.774609454936801001e+01
7.652654166402112423e+01
9.186906424824393014e+01
1.520740128837946692e+01
1.046713291564854984e+02
6.334069395504526767e+01
6.070532314929385365e+01
1.050491363675129861e+02
1.679995350705663881e+01
9.581426063113497094e+01
8.062384142762462602e+01
4.505718490370570350e+01
1.144565073423431727e+02
4.496905081540419502e+01
8.937354688904075317e+01
1.004112171821750366e+02
2.928893633339715308e+01
1.232067590734207698e+02
7.479526756493500272e+01
7.391397399575649274e+01
1.208632005728030663e+02
3.426520778666938583e+01
1.167126229958808636e+02
9.907409705603434702e+01
6.099700130927281805e+01
1.335753194288924703e+02
5.871402738979075053e+01
1.155088776641257056e+02
1.293236964369940836e+02
5.567682522916275900e+01
1.499627679376976346e+02
1.002129201037542572e+02
1.029502473198727728e+02
1.559870344967103506e+02
7.137068305157754367e+01
1.495812028137949881e+02
1.341196687973129542e+02
1.002102297864860390e+02
1.801947426575545705e+02
1.072296131007592095e+02
1.563373471712871776e+02
1.755103712337125046e+02
1.031946420767712311e+02
2.021070604530340802e+02
1.552512325576478815e+02
1.607789988643894787e+02
2.214432055709465033e+02
1.344229874294738920e+02
2.199363454280249357e+02
2.120405576963703140e+02
1.705783453369020606e+02
2.658466038639636508e+02
1.914890500982684500e+02
2.398307195805755612e+02
2.813989571814828423e+02
2.009287287454835962e+02
3.042126427181061672e+02
2.653877797827076961e+02
2.620699117738927839e+02
3.504985386661914504e+02
2.612044294618426079e+02
3.502375907590081283e+02
3.652981353703529521e+02
3.075199534059494795e+02
4.306039044349557798e+02
3.649888116401980369e+02
4.106818795532599893e+02
4.909966734305041882e+02
3.977330792434243563e+02
5.272607453536675166e+02
5.189159324033637404e+02
5.034791092646963762e+02
6.466422209082194286e+02
5.660851509853627022e+02
6.776745066695623336e+02
7.486156778871493316e+02
6.892933876146535113e+02
8.958080324775486361e+02
8.636447579479334991e+02
9.510425311084487703e+02
1.164628492798015941e+03
1.093514439951206896e+03
1.393535745698204437e+03
1.535698975027988809e+03
1.605558422879844784e+03
2.135783218164526716e+03
2.263687540600985812e+03
2.846714865102633667e+03
3.789540470605227256e+03
4.564495042080134226e+03
7.276605460536163264e+03
1.034407975774976694e+04
1.068476224057405489e+04
8.039438184826846737e+03
5.123507997214392162e+03
4.102251522710171230e+03
3.286697275686133707e+03
2.540887203720445996e+03
2.354929758943645083e+03
1.956931846903552696e+03
1.738133913110256572e+03
1.638131449655171309e+03
1.411737846989057743e+03
1.361439154392699265e+03
1.241295518468048385e+03
1.131516480445344996e+03
1.114477817478370980e+03
1.001534986873422326e+03
9.610123860490257357e+02
9.253204580386380940e+02
8.481705535940922118e+02
8.352566681236123713e+02
7.893584302697655630e+02
7.556954290932510503e+02
7.387239758944746200e+02
6.917838063343291424e+02
6.761061989489663802e+02
6.531613209097486106e+02
6.262780418934338513e+02
6.141203398303790664e+02
5.886591152301608645e+02
5.727431710685141297e+02
5.571510936718775611e+02
5.385276013271135298e+02
5.261092154967946044e+02
5.147072911937959816e+02
5.033051185472265274e+02
4.865756166449590978e+02
4.799178435715275555e+02
4.697487252908758819e+02
4.565692850836796879e+02
4.523193586155725825e+02
4.359866697450081574e+02
4.315795083698928352e+02
4.252762142157511676e+02
4.091929466236895223e+02
4.130387125540447641e+02
3.991675627199134624e+02
3.911116059354181402e+02
3.933616250413709849e+02
3.738333852311570809e+02
3.781540335514379194e+02
3.713793347459734377e+02
3.562494547822636264e+02
3.651895954216963105e+02
3.467960501498802728e+02
3.451533994177088402e+02
3.490110136968750112e+02
3.293887827798831722e+02
3.392764999026225610e+02
3.282518535291158059e+02
3.192568649161681833e+02
3.304479908938685071e+02
3.074756480473247393e+02
3.135354727144202798e+02
3.146218948104165634e+02
2.949658581883045372e+02
3.090726815800086342e+02
2.936106429525010526e+02
2.900273606024397282e+02
3.009376741095879879e+02
2.782199865573505804e+02
2.894978647717072135e+02
2.842640289131259124e+02
2.699969023578395877e+02
2.861938827389102471e+02
2.659397342767927057e+02
2.698490196932192475e+02
2.758859962034635487e+02
2.534799074532034524e+02
2.712253098833959939e+02
2.592501952598454409e+02
2.500573920821845775e+02
2.666996689092634369e+02
2.427180988975499361e+02
2.526972941301254423e+02
2.542107494694543561e+02
2.340047225786848060e+02
2.538852089118320805e+02
2.371441695229349023e+02
2.345447208810678603e+02
2.477483091751097390e+02
2.236808378667836053e+02
2.392381871358756769e+02
2.340746401172783919e+02
2.192124418600633362e+02
2.391698677004689273e+02
2.181056416029742309e+02
2.231274555945896623e+02
2.308733072643162529e+02
2.082915502925540636e+02
2.280453459102401723e+02
2.163796765575384882e+02
2.084729029972741898e+02
2.262710708868054041e+02
2.022387095941178075e+02
2.140735842758843148e+02
2.154200642261880603e+02
1.960288368457245554e+02
2.173218279399304151e+02
2.001787466517328085e+02
1.998171157387288019e+02
2.131816255706690697e+02
1.888375006929690869e+02
2.062612223500566699e+02
2.005905622223431806e+02
1.870273477205550421e+02
2.078345278684147956e+02
1.860210476285062953e+02
1.929337414822342680e+02
2.005210866715056568e+02
1.780633060110490362e+02
1.992718510762859694e+02
1.869813566112212584e+02
1.799436035850800693e+02
1.980357639110783907e+02
1.741698200701782753e+02
1.875895772802037698e+02
1.883163087047246051e+02
1.697809320434978417e+02
1.921065444079986548e+02
1.743576990988331090e+02
1.749718265310365837e+02
1.881898809803193728e+02
1.640619087473333479e+02
1.826258638927507434e+02
1.765606372949420688e+02
1.638014588650166559e+02
1.848571635853606949e+02
1.631452854350231121e+02
1.710948882149447172e+02
1.781986123726100857e+02
1.562968753397098567e+02
1.777974433159052694e+02
1.652261878788145850e+02
1.595451382505677316e+02
1.772831686484786644e+02
1.535562451137388962e+02
1.678622285729481405e+02
1.681071794263460220e+02
1.504820378470294884e+02
1.727317300174627235e+02
1.548297401507014115e+02
1.565846914502028540e+02
1.691839530761366177e+02
1.456264404771121406e+02
1.646903186377025463e+02
1.580882185495486567e+02
1.465561758028030113e+02
1.673294586948155143e+02
1.455997426049031276e+02
1.544551450983037455e+02
1.609181141443158651e+02
1.396400139823486199e+02
1.612384954307247256e+02
1.485254955100233758e+02
1.439576214037945192e+02
1.610312813788013955e+02
1.376313068024259962e+02
1.525239725463439697e+02
1.522296451352069937e+02
1.355422646545547138e+02
1.575130985924522520e+02
1.396314522527484883e+02
1.422485906678078038e+02
1.541559551485709960e+02
1.313523986110091641e+02
1.505646604042480305e+02
1.435202579089247195e+02
1.328749982288015588e+02
1.529830856779570070e+02
1.316655565696823658e+02
1.411794552545015335e+02
1.468579820788332313e+02
1.266632624456794929e+02
1.481173943346313422e+02
1.351021375326498344e+02
1.314417866004980056e+02
1.477402825455431241e+02
1.249622639064029670e+02
1.402081060324478017e+02
1.392632859853727609e+02
1.236289203044778162e+02
1.450705882157000417e+02
1.272594077876403134e+02
1.307392264210136830e+02
1.417962679811546138e+02
1.197682630451108992e+02
1.389807654672183617e+02
1.315109258649390540e+02
1.219131928162636029e+02
1.412818894072235878e+02
1.203117178784543029e+02
1.303903599107536593e+02
1.353033870012634736e+02
1.160594895573653815e+02
1.371803597037068982e+02
1.239933840915204115e+02
1.212347678349085669e+02
1.366956507323310177e+02
1.145495919838623564e+02
1.299986100204758657e+02
1.284280868329104521e+02
1.138130353108020785e+02
1.346705790729733110e+02
1.169983245204045943e+02
1.211835601434452059e+02
1.313991537488230108e+02
1.101740612698261117e+02
1.292403630818346016e+02
1.214360887241079894e+02
1.128317602539038091e+02
1.313905483098683362e+02
1.108568648957817118e+02
1.213407927512076299e+02
1.254921973847986294e+02
1.072330034606062128e+02
1.279054601433162475e+02
1.146203047438192328e+02
1.127107331001470953e+02
1.272912009672623839e+02
1.058244277854448256e+02
1.213568425011391554e+02
1.192210646703137940e+02
1.056457996419264020e+02
1.257947956217365544e+02
1.082967811519386316e+02
1.131167016599416684e+02
1.224716616020156863e+02
1.021113197685077978e+02
1.209632676769592479e+02
1.128170144136456798e+02
1.051542506889146722e+02
1.228808316658110158e+02
1.028010758103026916e+02
1.136161807059532123e+02
1.170437561126145027e+02
9.975732646932043224e+01
1.199126570682093984e+02
1.065721576867014164e+02
1.054627555823719831e+02
1.191560573004705077e+02
9.837716077898637934e+01
1.139293703476506465e+02
1.112546084309653622e+02
9.865742383276001704e+01
1.180875996639431094e+02
1.008086397058360006e+02
1.061734811223529817e+02
1.147039455658381968e+02
9.519772323773423750e+01
1.137527651011378822e+02
1.053364736912876225e+02
9.857506465137826979e+01
1.154418557084667043e+02
9.585384853288792328e+01
1.069287765598537874e+02
1.096627687529186232e+02
9.333326692284839510e+01
1.129151605571787798e+02
9.956024769971780586e+01
9.919239723418232302e+01
1.120020373473636113e+02
9.192798928509634493e+01
1.074330087718254845e+02
1.042640565958040497e+02
9.262867053350134938e+01
1.113025496292885208e+02
9.428116972538616380e+01
1.001381847560539455e+02
1.078475636238087247e+02
8.921455553523063031e+01
1.074256335667578810e+02
9.874313047629894413e+01
9.286582355293229796e+01
1.088749688967371583e+02
8.977011783189520600e+01
1.010740255315522660e+02
1.031395559347859319e+02
8.773005153293915725e+01
1.067395774964319202e+02
9.339491429398368894e+01
9.370868596650525717e+01
1.056592168681869737e+02
8.628260148907193638e+01
1.017026241060149800e+02
9.807187934888536063e+01
8.735441939695800784e+01
1.052784664759482212e+02
8.852045920580439997e+01
9.482033039150846321e+01
1.017562185532072334e+02
8.396113206458809941e+01
1.018043321627369835e+02
9.290093618737158465e+01
8.783706392033911925e+01
1.030114143672656013e+02
8.440657904124101663e+01
9.587315960868787101e+01
9.731544966740277403e+01
8.280797683667476861e+01
1.012232757465575332e+02
8.791205763458881961e+01
8.885895594832470579e+01
9.998240248046582224e+01
8.129751852872044537e+01
9.659368667729287949e+01
9.253928172945155950e+01
8.268900831473096957e+01
9.986727930121284658e+01
8.339462853990977464e+01
9.008398091897737459e+01
9.628101758809737021e+01
7.930456298563512973e+01
9.675871785127600333e+01
8.767002158075776208e+01
8.337052927139151848e+01
9.773214056235954672e+01
7.963510473311917792e+01
9.121466746526091640e+01
9.207099195415669612e+01
7.843532983380046630e+01
9.624908750505501587e+01
8.299672358537375771e+01
8.452555616777709702e+01
9.485220714002841191e+01
7.684922632511111829e+01
9.198334655350761579e+01
8.754767139841337098e+01
7.854264918845430543e+01
9.498100480333710038e+01
7.880359750775467376e+01
8.583986445959639866e+01
9.133202335530921800e+01
7.515383907494332050e+01
9.220383054888507957e+01
8.295830615137080599e+01
7.937333706030381109e+01
9.294223372919041992e+01
7.535602818906799882e+01
8.701398924601545559e+01
8.732063566876102811e+01
7.452525943986356083e+01
9.173719460503576784e+01
7.856540569882713498e+01
8.063149973943441751e+01
9.019284253459487388e+01
7.286354914438273056e+01
8.781128554977991030e+01
8.302309580625110641e+01
7.481628987772718631e+01
9.053122082544001614e+01
7.466000969753466165e+01
8.199781366379154690e+01
8.682417403165577241e+01
7.142314914092203537e+01
8.805041408955746363e+01
7.867497746994288832e+01
7.577427759388270090e+01
8.857789768565108091e+01
7.149425068659037663e+01
8.319682494137465767e+01
8.299321105693894651e+01
7.100369585864608268e+01
8.761556464967505065e+01
7.454355145504605673e+01
7.710176821804833480e+01
8.593042751111185851e+01
6.926278372892991797e+01
8.400358782605063368e+01
7.889657092089920809e+01
7.144662643168705074e+01
8.645437373134525672e+01
7.090234017303311020e+01
7.849875452213281335e+01
8.269258491860405513e+01
6.805510613217923321e+01
8.424857319386710230e+01
7.476279379996259422e+01
7.251093877249253694e+01
8.457118446120065869e+01
6.798326506300057304e+01
7.971146604434460414e+01
7.902810200413492225e+01
6.780798495529634806e+01
8.383357992082002852e+01
7.087433997499920224e+01
7.388220168920648234e+01
8.201518349646337924e+01
6.599369919256947981e+01
8.050953496752629235e+01
7.511210897664217612e+01
6.838353930347128085e+01
8.270530512626594088e+01
6.746852308416347910e+01
7.529613168551915692e+01
7.889974531409488634e+01
6.498350565366722265e+01
8.074977395599881902e+01
7.118805369128847360e+01
6.951915516336649148e+01
8.087344624324458664e+01
6.479104825409687862e+01
7.649668977229347888e+01
7.537381128421692722e+01
6.490299904595094915e+01
8.033707022712843582e+01
6.750803959339660310e+01
7.093244648835759847e+01
7.839888113289232763e+01
6.300952793979353572e+01
7.728392208389823281e+01
7.162894937510654358e+01
6.558354947329164020e+01
7.923348853032331363e+01
6.432628406129131804e+01
7.234895576410553986e+01
7.539014534494290842e+01
6.218417336816075647e+01
7.751626076002239074e+01
6.789382432463254702e+01
6.677719061344524221e+01
7.744547931538319574e+01
6.185962224084659056e+01
7.353146286811572452e+01
7.199605638093456150e+01
6.223825214816268669e+01
7.709891163401555048e+01
6.441136388454094686e+01
6.821134458396828393e+01
7.504696769154209335e+01
6.027589364369161729e+01
7.429387019139717552e+01
6.840757237228569920e+01
6.301157834241757172e+01
7.601083655084039492e+01
6.143223398064436935e+01
6.962013263762264614e+01
7.213579461165147677e+01
5.960935948038344634e+01
7.450351519992860005e+01
6.484571689187073673e+01
6.425143586146498365e+01
7.426498871530303347e+01
5.916839792287399291e+01
7.077820665274431633e+01
6.886380273692311960e+01
5.978898629044415713e+01
7.408288235504960539e+01
6.155102686757004449e+01
6.569279673139611475e+01
7.192708755559891642e+01
5.775979715647900292e+01
7.151064423143492377e+01
6.541893280646358733e+01
6.063627952329006376e+01
7.300537768479415490e+01
5.876137576155717568e+01
6.708406547253393626e+01
6.910500254340273329e+01
5.723928677028341383e+01
7.169644378705811505e+01
6.202042573854714647e+01
6.190901838465035922e+01
7.129300747141023464e+01
5.668131555498464991e+01
6.821065039637474570e+01
6.594650736817507664e+01
5.752617057870022421e+01
7.126382195166146971e+01
5.889921033815527096e+01
6.335148383682112438e+01
6.901349681885892551e+01
5.543556366695756310e+01
6.891069594281464106e+01
6.263791740099865279e+01
5.843581730654376827e+01
7.019434777712837104e+01
5.628812042184527797e+01
6.471882648786049685e+01
6.627426803927626509e+01
5.504806783279571647e+01
6.906883836058531756e+01
5.939096063988996121e+01
5.973217395941368579e+01
6.851227090747519810e+01
5.437701213304288927e+01
6.581013838798317295e+01
6.322333549242784301e+01
5.542666608352988078e+01
6.862199411022857021e+01
5.643452213467043777e+01
6.116491488009077671e+01
6.628505873604540000e+01
5.328163135685015561e+01
6.647223551275885711e+01
6.004166474320452096e+01
5.638776516762336399e+01
6.755608287925400646e+01
5.398979494885044517e+01
6.250237274170189750e+01
6.362196517376550275e+01
5.301442293479849610e+01
6.659843623380946553e+01
5.693544287181584451e+01
5.770212870361527280e+01
6.590117389252372959e+01
5.223407608572021843e+01
6.355859059113647191e+01
6.067319120015726241e+01
5.347100904214028105e+01
6.613909325116424043e+01
5.413652260610243871e+01
5.911588854934471726e+01
6.372292822326906503e+01
5.127889355651044667e+01
6.417935086834121705e+01
5.761056115667234678e+01
5.447535872910398069e+01
6.507549212898999258e+01
5.184616241001302228e+01
6.042099961345361692e+01
6.113470425259767183e+01
5.111808607311291297e+01
6.427485023955074439e+01
5.464388134648240936e+01
5.579380971630011032e+01
6.344198707178132679e+01
5.023976598239693203e+01
6.143338627547984743e+01
5.827935717727327614e+01
5.164729005677698837e+01
6.379462704798638129e+01
5.198872283377522763e+01
5.719157892600019721e+01
6.130923211165719522e+01
4.941140570022700729e+01
6.201689631895386157e+01
5.533051023722925521e+01
5.268469079121631182e+01
6.273461023202867182e+01
4.984518587834303105e+01
5.845999763042568986e+01
5.879162453317370307e+01
4.934814920910935143e+01
6.207959330116501917e+01
5.249253245219416186e+01
5.400407342392519894e+01
6.112317311526639685e+01
4.837547615848686178e+01
5.943010655355745087e+01
5.602693416227663192e+01
4.993757155293886285e+01
6.158291152030808746e+01
4.997542226727978232e+01
5.537590902881935762e+01
5.903599181192920753e+01
4.766388864010536253e+01
5.996991668658991870e+01
5.318831040418884015e+01
5.099978735647143679e+01
6.051995143277648026e+01
4.797078870522160798e+01
5.660593286491616283e+01
5.658228783953958185e+01
4.768755074582853837e+01
6.000161707577770187e+01
5.047376056727073035e+01
5.231246210978038391e+01
5.892945885441412202e+01
4.663115430362576319e+01
5.752982708183973415e+01
5.390338173736659400e+01
4.833216076235358116e+01
5.948530224207259920e+01
4.808600297503785725e+01
5.365931088248106562e+01
5.688513826089505443e+01
4.602662673689432893e+01
5.802922869745259504e+01
5.116990618868926788e+01
4.941275299685215572e+01
5.842197233134491796e+01
4.621243011671165846e+01
5.484906132582570848e+01
5.449489364255183688e+01
