1.225365988779431063e+02
5.937644448922371510e+01
8.180439976093262544e+01
1.171201477536152424e+02
1.680193932880908747e+01
1.145147634260184049e+02
8.860376349998848866e+01
5.280805864993515542e+01
1.251656832095183205e+02
4.356103546150292516e+01
9.659509607905145856e+01
1.112133247033006427e+02
2.266405144073208433e+01
1.226590632550552300e+02
7.544284034146294005e+01
7.036063389063420459e+01
1.248596557324156748e+02
2.777517262089617489e+01
1.096106733224089709e+02
1.024741911660377696e+02
3.898796771813600515e+01
1.281008156232734336e+02
6.030330959022379744e+01
8.707528316805989732e+01
1.215314493464329217e+02
1.792834806614536802e+01
1.204278436794117084e+02
9.104229954125456459e+01
5.728882859177925013e+01
1.306245030858882785e+02
4.387009443255917063e+01
1.023788288885754554e+02
1.151718638666751247e+02
2.581904826065617087e+01
1.287136408059662642e+02
7.719403358469702425e+01
7.552637191478869738e+01
1.300728866623924205e+02
2.790906791604233206e+01
1.157962223451708468e+02
1.058609888252325675e+02
4.310201926884661816e+01
1.341737823004988854e+02
6.136223590946752893e+01
9.286297543790004738e+01
1.263640477892716092e+02
1.960001224873016312e+01
1.269108349312871553e+02
9.376153243092286971e+01
6.221300853184052926e+01
1.365927370081892320e+02
4.434511079376492404e+01
1.087258269822307852e+02
1.195252026257302020e+02
2.942891738587046291e+01
1.353638362706962255e+02
7.918705197435456000e+01
8.121872046328486761e+01
1.358004749219572034e+02
2.838454900720980945e+01
1.225974778207156390e+02
1.095960893796801514e+02
4.773977563397240687e+01
1.408985730974786179e+02
6.264463246102945959e+01
9.928328766866573574e+01
1.317439871582399746e+02
2.193907252937813723e+01
1.340904371200376204e+02
9.685471695242461010e+01
6.768902882619383377e+01
1.432169228059020725e+02
4.511017322929935602e+01
1.157412032531343584e+02
1.243703073986450534e+02
3.359276300724626196e+01
1.427559317703362183e+02
8.150562595938157529e+01
8.756696540857394950e+01
1.421999790290036572e+02
2.938386177620323281e+01
1.301908772645288934e+02
1.138601710834286251e+02
5.294540194856567439e+01
1.483804705426023531e+02
6.425757138314530437e+01
1.064293959290609308e+02
1.377502649556626295e+02
2.510663911250817293e+01
1.421107766933371011e+02
1.003643825561651965e+02
7.397070003510714287e+01
1.507152683246495997e+02
4.627495883425438450e+01
1.236987055277152621e+02
1.299471947486921692e+02
3.849509579804036719e+01
1.511333812870101667e+02
8.434175090340181669e+01
9.478448362548049033e+01
1.494898329278594531e+02
3.116418010602848554e+01
1.388211809997273747e+02
1.188127113802935355e+02
5.899714722546397638e+01
1.569782655493869186e+02
6.645133886255885614e+01
1.146284262564632286e+02
1.447451616633705100e+02
2.928860772404917512e+01
1.513381629428461963e+02
1.046520983816250947e+02
8.106901145156514588e+01
1.593397834230425474e+02
4.821575302961512932e+01
1.328174845686960737e+02
1.365267052767763403e+02
4.425634219187603691e+01
1.607134641309427536e+02
8.782027197072343938e+01
1.031608881666641651e+02
1.581218797877642146e+02
3.415925038663321089e+01
1.487068067165858167e+02
1.247705286578575112e+02
6.601264006429462938e+01
1.669461685257898864e+02
6.948415352737541184e+01
1.240546542796409852e+02
1.530229613423364867e+02
3.466205238728561966e+01
1.619331296609061042e+02
1.099459615483368253e+02
8.947872011433673833e+01
1.694124977220388644e+02
5.116940702050541745e+01
1.434713933386397002e+02
1.443985292786251478e+02
5.149134595854373941e+01
1.721129244895116699e+02
9.251435667200409796e+01
1.128935875347129638e+02
1.681166711114195493e+02
3.857380693665148641e+01
1.606485654664820686e+02
1.322242952611121041e+02
7.464039064712056870e+01
1.789007044151695425e+02
7.371417553747193097e+01
1.354332350908041178e+02
1.630899741678260000e+02
4.210060350290032716e+01
1.749555830964831955e+02
1.167821073857774508e+02
9.995379480914253634e+01
1.819511995684444230e+02
5.595900540985935123e+01
1.566845139339257855e+02
1.544749417335618773e+02
6.083195214799562933e+01
1.863716563122438856e+02
9.917909862130291287e+01
1.255049723509349491e+02
1.813052258321565091e+02
4.633356657319448146e+01
1.756363842146527929e+02
1.422079995769050242e+02
8.597396335734860884e+01
1.941632529356197381e+02
8.056318164495743872e+01
1.505811669091856118e+02
1.766987006090102739e+02
5.313849310055863384e+01
1.922156112288679424e+02
1.269022850058163243e+02
1.142074288452221111e+02
1.990567321902046558e+02
6.503126574138217109e+01
1.744014015618507472e+02
1.687938281566318039e+02
7.481227071432607545e+01
2.059938585687329748e+02
1.099494121983888704e+02
1.432451279639508073e+02
2.002097058239797036e+02
5.984535546566755926e+01
1.969954585419940543e+02
1.579201449709669873e+02
1.033873070089700690e+02
2.169771855518023074e+02
9.383123372180064337e+01
1.726237589194056454e+02
1.982358079928529548e+02
7.208642373619782973e+01
2.179645776629350280e+02
1.449639183420677284e+02
1.362416495493600621e+02
2.258514018204083129e+02
8.392054607037590586e+01
2.022967417897579594e+02
1.940516989288349237e+02
9.831146231399827684e+01
2.375391766536925218e+02
1.325337471170264223e+02
1.720059023939415965e+02
2.328829798054552782e+02
8.771259895705071585e+01
2.327082082180441773e+02
1.890057665704887597e+02
1.345538284922451453e+02
2.579264205048700660e+02
1.264263902715866976e+02
2.113443353870622730e+02
2.404016773625982921e+02
1.108687033550294530e+02
2.655537293866792652e+02
1.872491236433397717e+02
1.795404007723198845e+02
2.806114094077977370e+02
1.339085497377315619e+02
2.582766729229699649e+02
2.530342652746747945e+02
1.531713928079382470e+02
3.077610525248064164e+02
1.989161779152353802e+02
2.377119607416329927e+02
3.160913441134940172e+02
1.669444165894735193e+02
3.188116303175510780e+02
2.858472366686295913e+02
2.188162815579226503e+02
3.692347298098790702e+02
2.421975402517956866e+02
3.146046302669620900e+02
3.795201593863609446e+02
2.452303671094241224e+02
4.104713269358499588e+02
3.644642428513261052e+02
3.191713414413459304e+02
4.726686214281923526e+02
3.468980379181045919e+02
4.255762181903613168e+02
4.972091185098121287e+02
3.566982764079144204e+02
5.153879103917533939e+02
4.853717917912053395e+02
3.874319436872510209e+02
5.391015700576310792e+02
4.149322854070229027e+02
4.067478288046254420e+02
4.992216399075050504e+02
3.168201922143893512e+02
4.025836003183527509e+02
4.023443018206965007e+02
2.431211532201259047e+02
3.817431963701238260e+02
2.752841049977752164e+02
2.323650539746791424e+02
3.381306230237247519e+02
1.639740464877369561e+02
2.601743769964517696e+02
2.586091948326554188e+02
1.129616560107522787e+02
2.706357696883400195e+02
1.603540833104245564e+02
1.615982742620643933e+02
2.434261821709031324e+02
6.269505729004440298e+01
2.063979898295283419e+02
1.779598975783088690e+02
7.681307966045159219e+01
2.142457761581864872e+02
8.670807674345479654e+01
1.458350819377175469e+02
1.818426450271709029e+02
1.484308248624645010e+01
1.849936894075637781e+02
1.183830357863214431e+02
9.497925236336165256e+01
1.806445170965244245e+02
3.582909172550620269e+01
1.532803135025436347e+02
1.419386970198978020e+02
5.277931507421874358e+01
1.724794735125773002e+02
7.652646718644464841e+01
1.183326696046421631e+02
1.538785387303130676e+02
3.199323210347166935e+01
1.571891910599866264e+02
1.069240501367804228e+02
8.789196532973193143e+01
1.595722051034790638e+02
4.933723144313254494e+01
1.354981468789711982e+02
1.276156153638108890e+02
6.193284795004253596e+01
1.561565936481001415e+02
7.682978392232494969e+01
1.145417994930934498e+02
1.426926665690017444e+02
5.066332421895667437e+01
1.488624243218627328e+02
1.033227351488641688e+02
9.163173528265441803e+01
1.506906559329827928e+02
5.820013740428759519e+01
1.346881498515240878e+02
1.236640844591710930e+02
7.080678003548639765e+01
1.523484792790724782e+02
7.921204853245752986e+01
1.177839847048817035e+02
1.394636074708723754e+02
5.888545047247257713e+01
1.490015784183360665e+02
1.022027535007168240e+02
9.779287393966575337e+01
1.508903232800122396e+02
6.238470847283605281e+01
1.399166156849508980e+02
1.251279786333848847e+02
7.746101059787024212e+01
1.571861802648052731e+02
8.078963511060079838e+01
1.229226124942777716e+02
1.438096654918909110e+02
6.104911024856617274e+01
1.548798091420013066e+02
1.060038780753864387e+02
1.021576023125245172e+02
1.576543591767468229e+02
6.307830237071233626e+01
1.457851942737120226e+02
1.310703564957261165e+02
7.841121107965678050e+01
1.651808003794630224e+02
8.383753520936305392e+01
1.288644829727146259e+02
1.533262439121884029e+02
6.053921178071443876e+01
1.655154507883113126e+02
1.138813636236660187e+02
1.045926387708022389e+02
1.713677517787724014e+02
6.426276510288352029e+01
1.534758714507396746e+02
1.436578589206038430e+02
7.410133675030672862e+01
1.785153165898339012e+02
9.183787031824495273e+01
1.326726319168170960e+02
1.703447316865397170e+02
5.353897458393775111e+01
1.760865240793919213e+02
1.288142977158869940e+02
9.950148246159810128e+01
1.877336652020526344e+02
6.816282752299079561e+01
1.595692840764199332e+02
1.643020132298515534e+02
6.364277844709221910e+01
1.935285628759060046e+02
1.083235712260672869e+02
1.290016305778846117e+02
1.911618747046679232e+02
4.893905410575361259e+01
1.843034253632005175e+02
1.516053481060904744e+02
8.820710043916011500e+01
2.064670416203607317e+02
8.386317030174012643e+01
1.588716864259674253e+02
1.884152795496853230e+02
4.799111129341806503e+01
2.062060202849754660e+02
1.337406578820222194e+02
1.187646090106183863e+02
2.137971275345805395e+02
5.781052824547913360e+01
1.873322730250220047e+02
1.797456160894532502e+02
6.955978610946876017e+01
2.226306787637430773e+02
1.097554516478982833e+02
1.521489480151710438e+02
2.153370612517445579e+02
3.818329334428489830e+01
2.131275921205771340e+02
1.643762776149745264e+02
1.019166609399583194e+02
2.349782639763643033e+02
8.221388604027227132e+01
1.840551720063440655e+02
2.101496243118147902e+02
4.673889350081272198e+01
2.350251421528872129e+02
1.432184872794745161e+02
1.373379885159529863e+02
2.406206501111838918e+02
5.199933538065860716e+01
2.143462556523520561e+02
1.982967485094647770e+02
7.780448475833705402e+01
2.518600023911491519e+02
1.159365450493312437e+02
1.737849581218674757e+02
2.400579111326220243e+02
3.100449925993610023e+01
2.413897099669515001e+02
1.797414769811940687e+02
1.162758603054782753e+02
2.632348268852084061e+02
8.381612555283291499e+01
2.089262671273502292e+02
2.324403750248139033e+02
4.961367937599679578e+01
2.642124628972599112e+02
1.545932384772717398e+02
1.567089224793822666e+02
2.679357801988643359e+02
4.833822716691527432e+01
2.420770033858701424e+02
2.179271030400700795e+02
8.897100254994883528e+01
2.819073324958394551e+02
1.231316347914634832e+02
1.972915858168679506e+02
2.660688473117116928e+02
2.666829109052888924e+01
2.713887682174910196e+02
1.960985175539979650e+02
1.331578056388592302e+02
2.933970248585011973e+02
8.609287120897450052e+01
2.364353280288485735e+02
2.567012559727750727e+02
5.618027271004093848e+01
2.960122732751240164e+02
1.670373125554143598e+02
1.788705153430825590e+02
2.979809265507348073e+02
4.551181644891058653e+01
2.730102697557147167e+02
2.396296240108725613e+02
1.028155459590761183e+02
3.153339755847900960e+02
1.315242356379365276e+02
2.241867636378282498e+02
2.952627446150024184e+02
2.483817030138209603e+01
3.051918239527645369e+02
2.145946115540351684e+02
1.529607124962148532e+02
3.274888354792510654e+02
8.942850983911631602e+01
2.678009503803381790e+02
2.841078545591931288e+02
6.588805779871631785e+01
3.325736897525953282e+02
1.818439166148036463e+02
2.041354395995559230e+02
3.319546640973437661e+02
4.321314393600685833e+01
3.084723472593964289e+02
2.644139373471655858e+02
1.197003998223636927e+02
3.535537503486478954e+02
1.411769036130515360e+02
2.553987169570071387e+02
3.285227664911508896e+02
2.658782238181334279e+01
3.445586632268198741e+02
2.358540376646733705e+02
1.768395374524865815e+02
3.670961538602117571e+02
9.328137820745506303e+01
3.046262485553559145e+02
3.157133201430044664e+02
7.901057506284773524e+01
3.753853040605352476e+02
1.985487079395242063e+02
2.351433582347251274e+02
3.722479825872517267e+02
4.031057270178446572e+01
3.507003206661003674e+02
2.933642215648878846e+02
1.409408857041539420e+02
3.991275746115283596e+02
1.521370506138998451e+02
2.935050774609057953e+02
3.682356546074489643e+02
3.261002950465040584e+01
3.923966376663038886e+02
2.611799794851135061e+02
2.064824669716103926e+02
4.150595650291581933e+02
9.760340564200534175e+01
3.500732490060003101e+02
3.541978820757022390e+02
9.608140900021496122e+01
4.278470725823671614e+02
2.186740376706534619e+02
2.737290839437703198e+02
4.217078284338641652e+02
3.689737101657440377e+01
4.032512856439926736e+02
3.290153251864261961e+02
1.680687127459422641e+02
4.560959605950544642e+02
1.660611048304053554e+02
3.410207889196564111e+02
4.176416322763234348e+02
4.213200251525978501e+01
4.521751029391244288e+02
2.927642107077771811e+02
2.439976127613238930e+02
4.753692126954516084e+02
1.032349848524686990e+02
4.072342251495783785e+02
4.024825820723449397e+02
1.185275895743081804e+02
4.944848806038858129e+02
2.443690571156692783e+02
3.226703169084615297e+02
4.843564391464682330e+02
3.251605186817871385e+01
4.705747104725155054e+02
3.747660663046803506e+02
2.028547582215500995e+02
5.288694291841840140e+02
1.836277911523951047e+02
4.025881430827040504e+02
4.816514029608919714e+02
5.681599297843323626e+01
5.293944907163125890e+02
3.335609605431351952e+02
2.930109805223615353e+02
5.537852783345892931e+02
1.105259516258358019e+02
4.822141504957787674e+02
4.658629836223819325e+02
1.482611318521356623e+02
5.819343704483836746e+02
2.780654902520636824e+02
3.875461510211451923e+02
5.672968749510886255e+02
2.711717813728823145e+01
5.598841080410627455e+02
4.353734301969847706e+02
2.498056930585904354e+02
6.263953911452741750e+02
2.073219864088696625e+02
4.853475946488549653e+02
5.676324024865047022e+02
7.757831891980536909e+01
6.341053662736258048e+02
3.889173081580399298e+02
3.598909881691139390e+02
6.607301398051429260e+02
1.205205292594346815e+02
5.850703375890499274e+02
5.528148724348551468e+02
1.897800528404308409e+02
7.029135059308561040e+02
3.246888951400500787e+02
4.779506979116130196e+02
6.828606693431211170e+02
1.996795165566217634e+01
6.853633376601151213e+02
5.206558201281180800e+02
3.162478190405485066e+02
7.643149174743691674e+02
2.407393381842513520e+02
6.034967930634741151e+02
6.904214819847093167e+02
1.083491763955480565e+02
7.849360128385268354e+02
4.687146178650831985e+02
4.571469790959628199e+02
8.162905542221781161e+02
1.350466625529377325e+02
7.359537231414493590e+02
6.805823246092398904e+02
2.515265085659366946e+02
8.822526977158978525e+02
3.938432732785179837e+02
6.133389600428091626e+02
8.561653177304508517e+02
1.186457554201487774e+01
8.754050155918114342e+02
6.499540839895495310e+02
4.184207242433681699e+02
9.762114747133452965e+02
2.921951713118183420e+02
7.867238846444040519e+02
8.814106334121781856e+02
1.573770388384391481e+02
1.022346936185182813e+03
5.947013612468189194e+02
6.120849476157001163e+02
1.064869223223543258e+03
1.581407472286021516e+02
9.801662053381755868e+02
8.882222915683961446e+02
3.530902097410132114e+02
1.177664181215496001e+03
5.082848142734767976e+02
8.394254286682798920e+02
1.147176511031625068e+03
1.973196073843008946e+01
1.198999551182263758e+03
8.717831823641125766e+02
5.945579600284440858e+02
1.344365403573332514e+03
3.820162786575826885e+02
1.110903449749127503e+03
1.222030975322609947e+03
2.452839917111308807e+02
1.451997768733250268e+03
8.246463514150533456e+02
8.981390875272140875e+02
1.527682275103212305e+03
2.014087600765636523e+02
1.444398280550850814e+03
1.286861145668227209e+03
5.505196342625525858e+02
1.757483134937512659e+03
7.353581241411178553e+02
1.294067343110413731e+03
1.739463788715159581e+03
5.954844118385824459e+01
1.874486363327476283e+03
1.340816439952290693e+03
9.740760685616893397e+02
2.147820804277686420e+03
5.807991179134951381e+02
1.841499203170609235e+03
2.001789395205438495e+03
4.527544147347534249e+02
2.474727849178481392e+03
1.381813059355694804e+03
1.607401924634508077e+03
2.698103354383355054e+03
3.110569409009265200e+02
2.678272518351380768e+03
2.372315056567815645e+03
1.102325905559632020e+03
3.422926261378148411e+03
1.404099273406157408e+03
2.690015144478577440e+03
3.616344025560972568e+03
2.008847780376313779e+02
4.188309225969777799e+03
3.014557290476632716e+03
2.396237979804451243e+03
5.308341647123780604e+03
1.407666601050206282e+03
5.059406819953081140e+03
5.670738616677660502e+03
1.505785020576684019e+03
8.104960935142406015e+03
4.752997297087007610e+03
6.379454749623567295e+03
1.163983778525667731e+04
1.293037373323902102e+03
1.588528660940828013e+04
1.716148400846614459e+04
1.165106880977590845e+04
5.803469290250063932e+04
8.965298543179403350e+04
8.215895296229040832e+04
4.142393683254594362e+04
1.872471229285225718e+03
1.989099492370008375e+04
1.032448355998001716e+04
6.693813897610395543e+03
1.139284761094787427e+04
2.281148730656303997e+03
7.294029928655188087e+03
6.578198416623041339e+03
1.581543836119258458e+03
6.507088216684232975e+03
3.039144359427243671e+03
3.501380464550833949e+03
5.002913951124374762e+03
3.586359519755500287e+02
4.160075382264684777e+03
3.180762965570599135e+03
1.519303743696649917e+03
3.908216842818761506e+03
1.337406386242184681e+03
2.621119286117695083e+03
3.049708144642851948e+03
2.680410278359735798e+02
2.988227830069701668e+03
1.845626178253014587e+03
1.471066299396762815e+03
2.747819371712509110e+03
5.661193030899968335e+02
2.164296715774718450e+03
2.056419403622981918e+03
5.753702042144133202e+02
2.336916820722431112e+03
1.112037440545987465e+03
1.415402398386513596e+03
2.053174251696123974e+03
1.186993377532415934e+02
1.861072124234351122e+03
1.434329996220466683e+03
7.476036982030626632e+02
1.895253360009977541e+03
6.368857361909575729e+02
1.353491774548336252e+03
1.572129936423067647e+03
1.728461701898192757e+02
1.626555571918220494e+03
9.956867682047857215e+02
8.478896286008357492e+02
1.560454617526481115e+03
3.013378642642870773e+02
1.284044906403342566e+03
1.207933130523082127e+03
3.712739780449060163e+02
1.428446292585752417e+03
6.648411205628901826e+02
9.014876782879427992e+02
1.287204976769809718e+03
5.323215828314251041e+01
1.206273457334772047e+03
9.151969838972587468e+02
5.104665603227478528e+02
1.251773396166160410e+03
4.042240763776326276e+02
9.226314251511181510e+02
1.054017291797236567e+03
1.382090347812105335e+02
1.121539477134044546e+03
6.720811122741939698e+02
6.061842411636990846e+02
1.088450805519587220e+03
1.936767429665024451e+02
9.192062774557339253e+02
8.491651676960773329e+02
2.837792696790049831e+02
1.030573177698508289e+03
4.655359552256000484e+02
6.688598764703982624e+02
9.348717555524535783e+02
2.354785645386755277e+01
8.965173222609968207e+02
6.662508462020348361e+02
3.948971660198142786e+02
9.345888486240355633e+02
2.881318321678432994e+02
7.051376315913207691e+02
7.894617199432300367e+02
1.203082380063449506e+02
8.579770617410148361e+02
5.014330559941885213e+02
4.774808932206778422e+02
8.346407997825607481e+02
1.352497905130443314e+02
7.194376263807653231e+02
6.510655202638836272e+02
2.347755209762075594e+02
8.067851275230470947e+02
3.525577914074421528e+02
5.360210624770044205e+02
7.322139143868666906e+02
1.002605461924737718e+01
7.153954337257098359e+02
5.197782909846119992e+02
3.263424699581268555e+02
7.453480224227979534e+02
2.184494226652149678e+02
5.736972671099338186e+02
6.286025765014364879e+02
1.093561503786376647e+02
6.958147972349707970e+02
3.958196063904300672e+02
3.974188321763022600e+02
6.758519639538737920e+02
9.852670166137497176e+01
5.931203028416812231e+02
5.251523048724156979e+02
2.034852174071784248e+02
6.631411600313290364e+02
2.796877597727653324e+02
4.499324569185545784e+02
6.002373917407344379e+02
1.221870425107629998e+01
5.965216197111802785e+02
4.231890645875019459e+02
2.809694433374733080e+02
6.195357134397930849e+02
1.719491353406189660e+02
4.855826721986682060e+02
5.203623272159255748e+02
1.019313531392264593e+02
5.858486117784224234e+02
3.239624230463685421e+02
3.426945949714722133e+02
5.669775027917978605e+02
7.329680053053458266e+01
5.059182095067709497e+02
4.379450244719694751e+02
1.817312290517870963e+02
5.629981385945517331e+02
2.287397211634188352e+02
3.895173232920387818e+02
5.073569091804480422e+02
1.863989846296108510e+01
5.123417304113825139e+02
3.545948767353463609e+02
2.486580939018611787e+02
5.296829279547883971e+02
1.386454858647735477e+02
4.223171864748305211e+02
4.424265866054588514e+02
9.658075431862992843e+01
5.062826751577964046e+02
2.718421212759016612e+02
3.028774691622932096e+02
4.875883429875038360e+02
5.490146842654152692e+01
4.419943324924991543e+02
3.738571143637995533e+02
1.657347346624552529e+02
4.891421755791915302e+02
1.910979832452162839e+02
3.447261518245178991e+02
4.383736725608222855e+02
2.412792533114074445e+01
4.495502155023139608e+02
3.033497990449374697e+02
2.244190827088079061e+02
4.622349793285745818e+02
1.136383175642939136e+02
3.746073696685658660e+02
3.835904261153016250e+02
9.247486963907265078e+01
4.459176337567137125e+02
2.322501634244736977e+02
2.725663087103032467e+02
4.270723278655912054e+02
4.094478066085846280e+01
3.930886778532114931e+02
3.248134315442842421e+02
1.533646103241609637e+02
4.322507701070592816e+02
1.620798272300916096e+02
3.101215365538558899e+02
3.850276214966966677e+02
2.850264997019873547e+01
4.007961440181507555e+02
2.635186639109862199e+02
2.055370608191516624e+02
4.096466116878181083e+02
9.412640548164016252e+01
3.372892226147895371e+02
3.375171542163228082e+02
8.923857913656601681e+01
3.985124251731688787e+02
2.011426926771212891e+02
2.486473487007020253e+02
3.793182299785248688e+02
3.000347783584267347e+01
3.543755091962520964e+02
2.859428725757204006e+02
1.435500301494059556e+02
3.870835869514971250e+02
1.390334905768059173e+02
2.825458968619894335e+02
3.424953633804769879e+02
3.204823445638503898e+01
3.618243832360882948e+02
2.316638124972879780e+02
1.903790414025054929e+02
3.674536877269463844e+02
7.848628016516038031e+01
3.072516626091161811e+02
3.004241605350016471e+02
8.660140155048196675e+01
3.602371216203828226e+02
1.760190036863569105e+02
2.292821851003052700e+02
3.406543347272578899e+02
2.128987710079869800e+01
3.229288259307346038e+02
2.543686801083896967e+02
1.355368187199235308e+02
3.502942401246170903e+02
1.202701414465378207e+02
2.600182190591809785e+02
3.077566245145809489e+02
3.494443979015508006e+01
3.299067136276858605e+02
2.055814257210325025e+02
1.779124540366073290e+02
3.328063848322507852e+02
6.567002809255716045e+01
2.825118507543079431e+02
2.698868203840644355e+02
8.439223841224858802e+01
3.286405854748666684e+02
1.552922162526781733e+02
2.132411049111340162e+02
3.086581931988994256e+02
1.433968588258129451e+01
2.968439017430586659e+02
2.281872073617534511e+02
1.288508631280708698e+02
3.197085726349025094e+02
1.046868622966917002e+02
2.412368551501274965e+02
2.788154600706389488e+02
3.734406027957663810e+01
3.032508981119530063e+02
1.838147994734881365e+02
1.674560638999345485e+02
3.038140609733894735e+02
5.498204497217870568e+01
2.617427961180759439e+02
2.442793770010441960e+02
8.249874362734072974e+01
3.020717102402543901e+02
1.378808308261282889e+02
1.997149829999885924e+02
2.817127818414522835e+02
9.083846305773789709e+00
2.748226157961752847e+02
2.061039430036575482e+02
1.231694529351495220e+02
2.938460485055404092e+02
9.153617337190439684e+01
2.253031311879526299e+02
2.542988912637104875e+02
3.935382530913214083e+01
2.806078690072532140e+02
1.653415266111830988e+02
1.585457021796601964e+02
2.791512746072705227e+02
4.590604372187388549e+01
2.440561848227497705e+02
2.224785033923539288e+02
8.086320633740105279e+01
2.794127170702824401e+02
1.230508678287842486e+02
1.881350298718014926e+02
2.586935531343823982e+02
6.203476508783303700e+00
2.559565120476189861e+02
1.872112919502600903e+02
1.182686904456482750e+02
2.716655772725281395e+02
8.027972937964401012e+01
2.116053353443109017e+02
2.332545979013459032e+02
4.105274898953678786e+01
2.611300150475619262e+02
1.494803679555334952e+02
1.508359529098969176e+02
2.579123498589215160e+02
3.814620707936701649e+01
2.287597208492696268e+02
2.036753143992454227e+02
7.940425750774909375e+01
2.598085990855239515e+02
1.102517129778220664e+02
1.780814104110217500e+02
2.387641717947836639e+02
6.723670816834746766e+00
2.395876741747269421e+02
1.708478951425819048e+02
1.139831144107082821e+02
2.524077362956352033e+02
7.053909755693032935e+01
1.996691252237372112e+02
2.149637551127264032e+02
4.249915313113537252e+01
2.441526030328424781e+02
1.356803749789325764e+02
1.440912110220579336e+02
2.393896939258732459e+02
3.141009333293762751e+01
2.154038070544105494e+02
1.872758287642381561e+02
7.810620780315716161e+01
2.426816869855030632e+02
9.909437684383937039e+01
1.692619780652131567e+02
2.213369141840787222e+02
9.185009553030363705e+00
2.252315726689789415e+02
1.565292610086770537e+02
1.101926396301876707e+02
2.355131627633920743e+02
6.202290418311382325e+01
1.891661281277950195e+02
