1.117709942558667535e+02
1.457300799295324794e+02
1.307340477820987701e+02
1.217454962211458138e+02
1.512135405393549092e+02
1.173013862343985352e+02
1.398324146828045684e+02
1.439361886994778388e+02
1.167259926925035529e+02
1.530718755908943933e+02
1.289533318587946269e+02
1.313808099117307222e+02
1.541168269490490559e+02
1.185026931063977997e+02
1.495195212489024073e+02
1.430519934256138868e+02
1.240479794193342258e+02
1.593020843059261153e+02
1.277601541017728408e+02
1.419272968754817725e+02
1.557041396137702520e+02
1.220180395900822674e+02
1.586474884855180107e+02
1.416503953389318440e+02
1.334196629484200400e+02
1.642041225706590524e+02
1.278538417695233704e+02
1.529815282095561315e+02
1.562082751494325805e+02
1.280875779445803175e+02
1.668967854566846540e+02
1.403047223489335522e+02
1.443674836457342678e+02
1.677971475990825070e+02
1.299486483673029511e+02
1.638361211018103631e+02
1.557673060834849821e+02
1.367273656028847313e+02
1.740979015334031885e+02
1.398178731447800089e+02
1.563809648377054486e+02
1.700049767209800962e+02
1.344831245338289989e+02
1.742233795748231842e+02
1.550678906468549485e+02
1.477351633291770554e+02
1.800735421620964871e+02
1.409022791552838214e+02
1.689140486883363792e+02
1.712615200256329899e+02
1.422405507042915076e+02
1.839485041103669403e+02
1.546369690330126048e+02
1.604781365179325121e+02
1.846438664738747377e+02
1.442710497440313588e+02
1.815565501065426304e+02
1.717691725330577128e+02
1.526831855295015430e+02
1.924875871604117776e+02
1.551550162927379120e+02
1.744748515568753930e+02
1.880888572956569362e+02
1.508195949267312983e+02
1.939702198953896186e+02
1.721190352843763094e+02
1.658945475083650649e+02
2.001291369596445975e+02
1.577542753577658345e+02
1.891898177864202637e+02
1.904404641632127664e+02
1.604166445041193469e+02
2.056877038053106617e+02
1.730203871495779140e+02
1.809603029507326255e+02
2.063424800527915863e+02
1.631170691143579745e+02
2.044708184685001129e+02
1.926896104603164872e+02
1.733344140002018321e+02
2.161312044712529428e+02
1.752193244980933855e+02
1.980309333733420090e+02
2.118123312492351431e+02
1.718818159127437752e+02
2.193079394545696346e+02
1.948178898690144081e+02
1.898165846228311864e+02
2.263205886701816212e+02
1.801089965265068145e+02
2.159538235625988705e+02
2.163554954095163509e+02
1.845972328668988212e+02
2.340210560146390435e+02
1.978607401922677695e+02
2.084310176496765337e+02
2.353550594881968152e+02
1.887381255945434759e+02
2.350677094668623681e+02
2.212670972249863155e+02
2.019234697450608849e+02
2.484754228631716728e+02
2.033103182101986590e+02
2.302891279061435910e+02
2.445391609650133944e+02
2.017345024140363421e+02
2.542633267610922303e+02
2.261675815284138196e+02
2.231987613074413161e+02
2.635377294826708408e+02
2.126073627514997781e+02
2.533205609709478949e+02
2.528862504416707111e+02
2.196480627644173182e+02
2.748634953573904909e+02
2.344157583770166582e+02
2.482767206259461261e+02
2.773239997809987472e+02
2.259335051989347676e+02
2.789501788741285964e+02
2.630447020612363076e+02
2.438123504788029265e+02
2.958609925120294974e+02
2.449147684266131648e+02
2.773621079600856092e+02
2.928752828985961969e+02
2.456945364019996703e+02
3.065786877306366591e+02
2.754679781192982659e+02
2.733772594475145752e+02
3.182351178305927419e+02
2.621205059147292786e+02
3.105038426575131325e+02
3.091382206507025217e+02
2.743382275785567685e+02
3.383764898948516588e+02
2.903429491455532911e+02
3.084918606079237975e+02
3.439512366238146228e+02
2.866819192095659901e+02
3.488517731016998482e+02
3.308615744432973997e+02
3.107246844402388888e+02
3.720168886219758519e+02
3.144329218549370353e+02
3.545204894440748831e+02
3.736862621004676157e+02
3.223905906624372619e+02
3.945890743359491353e+02
3.577843336694174923e+02
3.603162892884617463e+02
4.155986740097561096e+02
3.508764417986437252e+02
4.124642784907043733e+02
4.127595885288880027e+02
3.733462151459349343e+02
4.527333583373218744e+02
3.988995591315346019e+02
4.252291975088990057e+02
4.688054184611063988e+02
4.041146120641989796e+02
4.871774263631788813e+02
4.679234437826265776e+02
4.506706382046041881e+02
5.319292186189326230e+02
4.641119445304216811e+02
5.232359471188008229e+02
5.523004925300490413e+02
4.946548415921513424e+02
5.973669780270505498e+02
5.552660395333189172e+02
5.677441275696259027e+02
6.511700585061491893e+02
5.760653478517288022e+02
6.710095277244197405e+02
6.812166780121142438e+02
6.458856578930660817e+02
7.757096776949754258e+02
7.115256930637349342e+02
7.733005839237904411e+02
8.643307621265506668e+02
7.914945286210280528e+02
9.454914756839311849e+02
9.447797087513310998e+02
9.553516284222804416e+02
1.136378855045910541e+03
1.065780759009360736e+03
1.229528274189758122e+03
1.363886028463751245e+03
1.349297207892564757e+03
1.671756378079903698e+03
1.718224392894133416e+03
1.920683751358329346e+03
2.366198543556499317e+03
2.467123874984751183e+03
3.246200525823777753e+03
4.039571151041470330e+03
5.040623109554417169e+03
7.978101530571299918e+03
1.044769434035824997e+04
9.941255592498941041e+03
6.957433141072949184e+03
4.384254643988547286e+03
3.559740945481728886e+03
2.745098597611463902e+03
2.194340593402968807e+03
1.994845440115594101e+03
1.594441420819560790e+03
1.447357756923176339e+03
1.310429766353873902e+03
1.112425277833103110e+03
1.085471785039859242e+03
9.666926396204602270e+02
8.787622653882542636e+02
8.447246903906111584e+02
7.446291940849969251e+02
7.127303047111868182e+02
6.665486370424123379e+02
5.993704833921295858e+02
5.884306465082894420e+02
5.442860026877277733e+02
5.035459783853067393e+02
4.930447340338819231e+02
4.544251330815339998e+02
4.296670400220421016e+02
4.187607415774596689e+02
3.814745022898102889e+02
3.705224218245906513e+02
3.644284502235195760e+02
3.305570387868124840e+02
3.314412615930190782e+02
3.159399948182189064e+02
2.864658459048976624e+02
2.950252439972798015e+02
2.658579484188528568e+02
2.560884170963467454e+02
2.622723308374953604e+02
2.260936431228721233e+02
2.404528935455679459e+02
2.267004227754396197e+02
1.958082854939200672e+02
2.202883276663225161e+02
1.895258220891928431e+02
1.896065307405079636e+02
1.989214492065127615e+02
1.566330428364072986e+02
1.808748935343872404e+02
1.663570765021250679e+02
1.480406107005297827e+02
1.728620454960007748e+02
1.330889266950859735e+02
1.450357158071700496e+02
1.459574097692714929e+02
1.183918394944838184e+02
1.531622553993639144e+02
1.171165047769637795e+02
1.176678934618568348e+02
1.398626807514104087e+02
9.059419569091538449e+01
1.275265738137154159e+02
1.150180059074098864e+02
8.750528781523868815e+01
1.272847353387237774e+02
8.262285492116990326e+01
9.952442202359587498e+01
1.108993850408858748e+02
7.098047848981107677e+01
1.125530510073950410e+02
7.821332122425440048e+01
7.587108887269415902e+01
1.069073953595671043e+02
5.548656998246607230e+01
9.718288813232271650e+01
8.485669595302479706e+01
5.659736174987535406e+01
1.020062576529623612e+02
5.161985959053535566e+01
7.869923775914733710e+01
8.957406517780381705e+01
3.750876298754582194e+01
9.245557404348841146e+01
5.719790891121506604e+01
6.254608605404011001e+01
9.543926955636214871e+01
3.309833973209140368e+01
8.385367891538582796e+01
7.234581036283054800e+01
4.217372947649653980e+01
9.160748255262758732e+01
3.867990466354120827e+01
7.186573259721826901e+01
8.116459867629808400e+01
2.106722455790329818e+01
8.612946369837277416e+01
5.183815851939058916e+01
5.455521350901991440e+01
8.356534621927161766e+01
2.234812332762081155e+01
8.438596278820683949e+01
6.700682517285363815e+01
3.740573801669528820e+01
8.778910075725242734e+01
3.206016857777645157e+01
6.833086131821983145e+01
7.136485316839006998e+01
2.502883753679509482e+01
8.845799757486616954e+01
4.384429092183971477e+01
6.178415998338262227e+01
8.467671791081913568e+01
1.048450071486555757e+01
8.756417485982294124e+01
6.142462520126760239e+01
4.625283065628464385e+01
9.395200916765193710e+01
2.427552190443830327e+01
8.095054293190203509e+01
7.870761871524841524e+01
3.085068115555734991e+01
9.943067854201194677e+01
4.543325372102031423e+01
6.766997519123798099e+01
9.143577090999635004e+01
1.273745366799876777e+01
9.718973490874437005e+01
6.390509463424368164e+01
5.711922951494841527e+01
1.066226536721602116e+02
2.664994308771406750e+01
9.516262483114877568e+01
8.886636777853713909e+01
3.551878374926535997e+01
1.137491484858699238e+02
5.046235734887926583e+01
8.235564081092037725e+01
1.080707218206834028e+02
1.935665800608056486e+01
1.138875479526770818e+02
7.608107461262983406e+01
7.057384085961830067e+01
1.273666395306507724e+02
3.604015540272602180e+01
1.119637611790388121e+02
1.062380059149154619e+02
4.782424366899518020e+01
1.371545370474311483e+02
6.524051436219012601e+01
1.016572366125766536e+02
1.333765889190078155e+02
3.535211815950874126e+01
1.428340773736011613e+02
1.015368617415137891e+02
8.277019176427992875e+01
1.582027524462350243e+02
5.692674432483210012e+01
1.356691456241364904e+02
1.391490465637411660e+02
6.138641592597281260e+01
1.681070227101887724e+02
9.292533050368717795e+01
1.233401484165960937e+02
1.716507623550268420e+02
5.739034978010879229e+01
1.758666061016981814e+02
1.414007975035154345e+02
9.879021323134435306e+01
1.978066410681021807e+02
9.087202826216098117e+01
1.659884966904098746e+02
1.844990847896188768e+02
8.113470996867653184e+01
2.134571249720073354e+02
1.418090345600194269e+02
1.455433208090078949e+02
2.227230335706352378e+02
9.293850206696428984e+01
2.129074016456293919e+02
1.945654385527950296e+02
1.202025649397800748e+02
2.507937287372129731e+02
1.392447445442070659e+02
1.971664727785696414e+02
2.463097041796615656e+02
1.098067940580129402e+02
2.615786856030363765e+02
2.021499263720444048e+02
1.711159049146805842e+02
2.882104325122087403e+02
1.420555160395962844e+02
2.544336741978146961e+02
2.673155217581873444e+02
1.477228813032704124e+02
3.123965113247055569e+02
2.060723280402777675e+02
2.324857628730617307e+02
3.255221851175429038e+02
1.581593634869064431e+02
3.212668745228497187e+02
2.873647061722072067e+02
2.002294225595123862e+02
3.671610110974439181e+02
2.156962361664517971e+02
3.033279533689146206e+02
3.601464259616430468e+02
1.894041524525779607e+02
3.896709487571826003e+02
2.991215203109800314e+02
2.703908553508318278e+02
4.247997691783675123e+02
2.265244354642015026e+02
3.853454556041818932e+02
3.951689280314890311e+02
2.436778503423833797e+02
4.677982337571663720e+02
3.144564829595631750e+02
3.610595323461864155e+02
4.852856040479388184e+02
2.551065329625179459e+02
4.869116320243646783e+02
4.322946477886906678e+02
3.254341203424738183e+02
5.596994838706472137e+02
3.386744336021203026e+02
4.744388809994077292e+02
5.514047160933122314e+02
3.157707155379447386e+02
6.096448530677157578e+02
4.718669500894197881e+02
4.457488856187043211e+02
6.686609353504450155e+02
3.765929200056341415e+02
6.286217360913535686e+02
6.353522509227107093e+02
4.206497004468166097e+02
7.680805381368004419e+02
5.296977316782496246e+02
6.195232097976079331e+02
8.092558513819296877e+02
4.570535133122500611e+02
8.382833027779371378e+02
7.426521355249411727e+02
5.970893485376449235e+02
9.866942911856800720e+02
6.172957315622838905e+02
8.745782477831243114e+02
1.005330809485569262e+03
6.172526199681520893e+02
1.149804584583351243e+03
9.017053961325239015e+02
8.935366554740683114e+02
1.318355327048752088e+03
7.830531339887131708e+02
1.304916720268194467e+03
1.331060604662982314e+03
9.377271937528283843e+02
1.679356435006991660e+03
1.195912780883565574e+03
1.460057175772841447e+03
1.929051197142436195e+03
1.176695574451792027e+03
2.158249450489670380e+03
1.976962673224811851e+03
1.709355318698721248e+03
2.887572629177654562e+03
1.958659993133410808e+03
2.968252822298743922e+03
3.610028741805804657e+03
2.489312824116022057e+03
4.951935406068245356e+03
4.399065357046268218e+03
5.108120500946123684e+03
8.926152339251566445e+03
7.057589618935775434e+03
1.695761678696244053e+04
3.227825448577993302e+04
3.653083717413880368e+04
2.600553455893227147e+04
1.026504664495580982e+04
8.368888532891780415e+03
7.874810845347595205e+03
3.719495444006161051e+03
5.323822792130316884e+03
3.900396575826920071e+03
2.777490835219673954e+03
3.789247916346970214e+03
2.121568475695991765e+03
2.667874830423641470e+03
2.648625901452400740e+03
1.537238476665568669e+03
2.440684694952714381e+03
1.715295827859372821e+03
1.594085847356682279e+03
2.044382662917105108e+03
1.139047131968272197e+03
1.684363465374582802e+03
1.528926200671472998e+03
1.034573326745982513e+03
1.606965152310276153e+03
1.045282360196908485e+03
1.179288591359022348e+03
1.362637108255274825e+03
7.843840555361269935e+02
1.263832219229918337e+03
1.025722252198352180e+03
8.307671543243809538e+02
1.195787272780200510e+03
7.223788018438110612e+02
9.672757855381121317e+02
9.976954427286414102e+02
6.244247912328243046e+02
1.017865690500742289e+03
7.409704436732710064e+02
7.238230306054118728e+02
9.392939343502463316e+02
5.475488265174337812e+02
8.337049225405324933e+02
7.642724774102987340e+02
5.461370573481003703e+02
8.497887305496219597e+02
5.618657330841376734e+02
6.576852643791886521e+02
7.604544281430648880e+02
4.536751747453329244e+02
7.352944600946922264e+02
5.994532136406617155e+02
5.065482307291740085e+02
7.236527943736061843e+02
4.445779969544325922e+02
6.072309259539773620e+02
6.235845663978122957e+02
4.039517760086727662e+02
6.552387991420570188e+02
4.784604044909212348e+02
4.827095909739648505e+02
6.202554161650034530e+02
3.689936398511473499e+02
5.651260771670528129e+02
5.153208970681798746e+02
3.807518674850828688e+02
5.861194405069569484e+02
3.889113363509879377e+02
4.650614923740517384e+02
5.328152426290156427e+02
3.255784216547918959e+02
5.263885384112219299e+02
4.274010501835513764e+02
3.712289221855718324e+02
5.236196852144257718e+02
3.244224041270455814e+02
4.493724984584605409e+02
4.572216964752925037e+02
3.038720447235842812e+02
4.879816046639182332e+02
3.551663026906197729e+02
3.673718995047024123e+02
4.664146726480709049e+02
2.818795887600537640e+02
4.327606914933857070e+02
3.912740835841547664e+02
2.969713898610144156e+02
4.509768932440300659e+02
2.996049065878406736e+02
3.646024818082377124e+02
4.125695454619054203e+02
2.570306516899604503e+02
4.135828591042487687e+02
3.335863795385631079e+02
2.970676753878425416e+02
4.131589711827098768e+02
2.575489409139254917e+02
3.602017199031998302e+02
3.624997559394218456e+02
2.466733842562695429e+02
3.921810466334590615e+02
2.846220303077885205e+02
2.997189437991202112e+02
3.752113287545982985e+02
2.294066108940832862e+02
3.529133496745861862e+02
3.161209081501420997e+02
2.456788817324784020e+02
3.682781692011385530e+02
2.445906369149043940e+02
3.020456649412244587e+02
3.375674079935652117e+02
2.140117354249450727e+02
3.424656001050958594e+02
2.741831968351974069e+02
2.495358865909792883e+02
3.422614012947047399e+02
2.143608285799537327e+02
3.022041553134592391e+02
3.007113553574837965e+02
2.090409548713941206e+02
3.288592162394627394e+02
2.374809275856194120e+02
2.548001143085959939e+02
3.146476014824828553e+02
1.944452491083380039e+02
2.994540511840796739e+02
2.655530719601616738e+02
2.109530186255405226e+02
3.121277222883307445e+02
2.070344795433416891e+02
2.592601312067848198e+02
2.860408012418666885e+02
1.842585947748618480e+02
2.933720305220888918e+02
2.329729703174301960e+02
2.163328025499076830e+02
2.927215993193826762e+02
1.840112486959411910e+02
2.615051764205487643e+02
2.572566116701458441e+02
1.823164768238231090e+02
2.839147146086778548e+02
2.039130057306108483e+02
2.226475115523245165e+02
2.713241259179911822e+02
1.692824354936313114e+02
2.609097454961489575e+02
2.290761215607851398e+02
1.856425999295451277e+02
2.712951242379494374e+02
1.797206968278235877e+02
2.279401949935049174e+02
2.483588266987319457e+02
1.624559948158092482e+02
2.571068835890332025e+02
2.024803607263263814e+02
1.917798163560385092e+02
2.560328588352018642e+02
1.617434387907641451e+02
2.314672037313026181e+02
2.249136769441059016e+02
1.621973313942156665e+02
2.501778315587492898e+02
1.786482951666875465e+02
1.983132145349841835e+02
2.385741646784660759e+02
1.502487614201923236e+02
2.316555319752657738e+02
2.013024536078098663e+02
1.664140194307556726e+02
2.402099657018358414e+02
1.588023023909311462e+02
2.039891731215563198e+02
2.194987344281474861e+02
1.456482736481490008e+02
2.292679514934865210e+02
1.790196910809973758e+02
1.727301321072494602e+02
2.276409083926563142e+02
1.440919386624094045e+02
2.076126942267492836e+02
1.995361515303792999e+02
1.466094007249861590e+02
2.239010768091063142e+02
1.589780953449742640e+02
1.793448194163798632e+02
2.129104798975193376e+02
1.352867100732441088e+02
2.087280887867495096e+02
1.795104937682949355e+02
1.511862309759045786e+02
2.156681684346000054e+02
1.423029280028773087e+02
1.849427121841474388e+02
1.965710154185934755e+02
1.322772183761547637e+02
2.071005886215327507e+02
1.603661762950333411e+02
1.575388597096003309e+02
2.049788970175988254e+02
1.301621803610242409e+02
1.886925165153080570e+02
1.792894914513720721e+02
1.340116949387304146e+02
2.027174902689191924e+02
1.431203864545874467e+02
1.639976215388119556e+02
1.922151006792847170e+02
1.232264277154944239e+02
1.901160405820172059e+02
1.618432267997726797e+02
1.388442475471423450e+02
1.957288644380082587e+02
1.289023821241760857e+02
1.694432060784116629e+02
1.779033464728875344e+02
1.213784353592158141e+02
1.889849574731626376e+02
1.451086000704495689e+02
1.450690195367384661e+02
1.863996304906399644e+02
1.187492254272439709e+02
1.731512838422491427e+02
1.626602761807886850e+02
1.236613189609058168e+02
1.852957550231143955e+02
1.300741343597378261e+02
1.512977473382432549e+02
1.751193848220118525e+02
1.132605603934194534e+02
1.746917105732071605e+02
1.472151823048842516e+02
1.285817313441473289e+02
1.791709304843967629e+02
1.177999961462745659e+02
1.565353744569877961e+02
1.623691558338169898e+02
1.123150414398520098e+02
1.738805707702980214e+02
1.323993089639231471e+02
1.346342077654923628e+02
1.708675053585963894e+02
1.092268555610421856e+02
1.601212049823436701e+02
1.487343890287399404e+02
1.149690300360768447e+02
1.706560986177712209e+02
1.191374544320060238e+02
1.406013752730029580e+02
1.607328993021961310e+02
1.048901947659236384e+02
1.616819156048662478e+02
1.348918189298765640e+02
1.198990412173566398e+02
1.651739295348095879e+02
1.084371936876728597e+02
1.455863597015284370e+02
1.492192608224138439e+02
1.046273556315481983e+02
1.610310289422652374e+02
1.216213569718564145e+02
1.257592893362125324e+02
1.576563541336802530e+02
1.011540353708096092e+02
1.490127360091591981e+02
1.368754586599281993e+02
1.075574279939161784e+02
1.581571425234871811e+02
1.098257211445906592e+02
1.314471279304837026e+02
1.484342998235898961e+02
9.775594517367876790e+01
1.505278443095607201e+02
1.243429129642624105e+02
1.124537025071383312e+02
1.531625756589678531e+02
1.004268394585448476e+02
1.361730501714551735e+02
1.379241693602635905e+02
9.803435704364966341e+01
1.499775234216510569e+02
1.123669945641140373e+02
1.180989744572931670e+02
1.462704254932053800e+02
9.422056079180470078e+01
1.394083762383071985e+02
1.266456033782881150e+02
1.011571423988198006e+02
1.473427823552054292e+02
1.017944068243379832e+02
1.235094485537431694e+02
1.377852487676466353e+02
9.159311819180608438e+01
1.408458396985624574e+02
1.152100586695149360e+02
1.059808676161473500e+02
1.427268600290214806e+02
9.349886533693526758e+01
1.279687241473688317e+02
1.281032284325064836e+02
9.231058263399279440e+01
1.403383528900666590e+02
1.043242626524900345e+02
1.114102918889372233e+02
1.363361801855888871e+02
8.819843802974962443e+01
1.310091072000049621e+02
1.177206833905083840e+02
9.556460319621572808e+01
1.378784027262716165e+02
9.479869996538803889e+01
1.165478201573073989e+02
1.284614307593923002e+02
8.622073779875948674e+01
1.323471737616368955e+02
1.072203124953144453e+02
1.002989965575175972e+02
1.335541645948396763e+02
8.743504987305121290e+01
1.207455440653119751e+02
1.194739825038984407e+02
8.728526028214118071e+01
1.318461440068133470e+02
9.726391608364347974e+01
1.055053266847110507e+02
1.275798712343058128e+02
8.291755693183489484e+01
1.235858680095051625e+02
1.098537107872794536e+02
9.062786724135921190e+01
1.295111408350931015e+02
8.864028392572522819e+01
1.103770349497474399e+02
1.202153267178979519e+02
8.148490688538431925e+01
1.248069088412410821e+02
1.001487048719154132e+02
9.525898540914899115e+01
1.254338333755238608e+02
8.210235536538000645e+01
1.143294598114411684e+02
1.118301020376788273e+02
8.284040475058634456e+01
1.242977965786138412e+02
9.101889155512353113e+01
1.002500763873692762e+02
1.197972402568413912e+02
7.825211649467389918e+01
1.169704151505762297e+02
1.028674687023879670e+02
8.623751140479078003e+01
1.220540639309982254e+02
8.318409826853368827e+01
1.048677725575216328e+02
1.128712794448203312e+02
7.728488818663430493e+01
1.180711039656693657e+02
9.386464866042253163e+01
9.075154314907925368e+01
1.181692254012675818e+02
7.736394513344838231e+01
1.085770137353115388e+02
1.049994996199360742e+02
7.887647720206440738e+01
1.175320833683626631e+02
8.544995436564633451e+01
9.553348041100257149e+01
1.128246048904967864e+02
7.409912803867626963e+01
1.110260596550112382e+02
9.661474050497470500e+01
8.230083400499532331e+01
1.153541119364207219e+02
7.831305634635192803e+01
9.990721114973300132e+01
1.062763272337073488e+02
7.353040945826145958e+01
1.120056461767039053e+02
8.823348371594921957e+01
8.669239803705472980e+01
1.116307748379165474e+02
7.313163843866331604e+01
1.033842122349854407e+02
9.885617694754147067e+01
7.531746310758403240e+01
1.114252430024850469e+02
8.045348838694302174e+01
9.127070404379090007e+01
1.065353567213508938e+02
7.037963013859750561e+01
1.056476144240753712e+02
9.098346505054041700e+01
7.874742729657627649e+01
1.092934423217482447e+02
7.394108080160172847e+01
9.541130760378061382e+01
1.003154968512457828e+02
7.015789807191147531e+01
1.065070797735387771e+02
8.315272041945200954e+01
8.301502131583001187e+01
1.057059812002885479e+02
6.932327010169871073e+01
9.866977826167737931e+01
9.329810305479117005e+01
7.209857157025351171e+01
1.058805610975801130e+02
7.594629550958417497e+01
8.739286549638252666e+01
1.008280747401837090e+02
6.702979892982283161e+01
1.007533296839850010e+02
8.588116334660630002e+01
7.552072666541042167e+01
1.037837040196693579e+02
6.999274125499735533e+01
9.131201664169235244e+01
9.490417343937068040e+01
6.710439888347114845e+01
1.014924443186549041e+02
7.855248088078860746e+01
7.965673561931384938e+01
1.003070185082826526e+02
6.588777602349230733e+01
9.435737805104645304e+01
8.824087166403360527e+01
6.917639177619346924e+01
1.008136173757181666e+02
7.185901920140675259e+01
8.384674618394222989e+01
9.562064317182840512e+01
6.399735578465354990e+01
9.627232753217231220e+01
8.123791368168583915e+01
7.257345395575369196e+01
9.874093847560958181e+01
6.641669087222982171e+01
8.755284040668389878e+01
8.995678234632059400e+01
6.433486178619284601e+01
9.689318859293507558e+01
7.435479895767981873e+01
7.658450504517365687e+01
9.536410862938419086e+01
6.276526058731234059e+01
9.040125375476205249e+01
8.361953346558649969e+01
6.650442083176065466e+01
9.616508350642453706e+01
6.813723904724231772e+01
8.058530498755048654e+01
9.084733107266164609e+01
6.123979911472683568e+01
9.215076563626107031e+01
7.699040676161521901e+01
6.986820290266192046e+01
9.410814175116730951e+01
6.315721219879591075e+01
8.408785486805000176e+01
8.541860446014476338e+01
6.180494510035135391e+01
9.265987103314961360e+01
7.052064794097675815e+01
7.375222782786003961e+01
9.081632645181257146e+01
5.992129900791006492e+01
8.674928796776684692e+01
7.937707675841777188e+01
6.405214062406983544e+01
9.187819289724644989e+01
6.473424677497598623e+01
7.757174212767311872e+01
8.645230398864450194e+01
5.872155606342929701e+01
8.834169086676287463e+01
7.308996543077236652e+01
6.737366591285103823e+01
8.983255706211859604e+01
6.017709975530193134e+01
8.088129152969266045e+01
8.123959174671874450e+01
5.948217798686744118e+01
8.874147708056963779e+01
6.700028065012298839e+01
7.112938665630292689e+01
8.661677704406137934e+01
5.732249863530143585e+01
8.336189425303567191e+01
7.546779189312908898e+01
6.179341862948005115e+01
8.790749947769361938e+01
6.161163455287857715e+01
7.477665049103536887e+01
8.239042065242620083e+01
5.641283960923424701e+01
8.480687305125591990e+01
6.949700496882732637e+01
6.506301320898792540e+01
8.586938285432232476e+01
5.744485390814426751e+01
7.790100920906053261e+01
7.737442840401975275e+01
5.734374099958738213e+01
8.510331968687663107e+01
6.375823066654458415e+01
6.869004531251167123e+01
8.272280803561623941e+01
5.493867313266868990e+01
8.020748147519543636e+01
7.185166484778490315e+01
5.970373833483876069e+01
8.421613167001036970e+01
5.873618299696162381e+01
7.217249587206021033e+01
7.862309133872707889e+01
5.428839664349597882e+01
8.151243416418950005e+01
6.617579853344776097e+01
6.291446685324965671e+01
8.218147538414115161e+01
5.493170188157879608e+01
7.512034133245842327e+01
7.378694884626229111e+01
5.536902282852404511e+01
8.171217984727014993e+01
6.076249372761785139e+01
