2.517457526987157053e+02
2.024919418628185781e+02
2.783623489325047444e+02
2.212124794645763188e+02
2.382855750844751697e+02
2.782684932842928447e+02
2.038877932551691288e+02
2.771964660739765236e+02
2.536539196190717576e+02
2.232052660203222842e+02
2.960042310099171914e+02
2.224989375185215295e+02
2.660813852912143602e+02
2.862176575485621584e+02
2.167469211357794165e+02
3.022128799501133471e+02
2.548619595887851119e+02
2.497976659716514405e+02
3.122197954825828106e+02
2.275477296610312976e+02
2.964782599312648017e+02
2.923493320923851684e+02
2.368784417505803788e+02
3.270821154188763558e+02
2.567723636606546620e+02
2.817189858376613643e+02
3.266105771215386540e+02
2.384781504534625185e+02
3.288987711007353028e+02
2.972395819661964538e+02
2.649126132534251497e+02
3.513652566672257080e+02
2.612612112726355349e+02
3.185866337947297211e+02
3.393834561908963678e+02
2.575755205225795521e+02
3.628958565644014129e+02
3.020545248524604176e+02
3.012004211645135001e+02
3.750481933047066150e+02
2.711823296967813235e+02
3.600277556001407220e+02
3.509512285083865777e+02
2.868617891931582449e+02
3.982873835502545035e+02
3.085570694249773851e+02
3.455401297524401230e+02
3.979127035328743887e+02
2.895202218418144184e+02
4.059062205560464918e+02
3.622189763245593781e+02
3.275713317772965638e+02
4.352240128184405989e+02
3.198061975345597716e+02
3.975830208712766307e+02
4.199138976146876985e+02
3.199387865432743752e+02
4.560007452628986471e+02
3.744746599175023221e+02
3.810428294617366305e+02
4.729372188240518540e+02
3.391247953793328520e+02
4.601813332000716628e+02
4.434994865867000726e+02
3.664350762710059826e+02
5.123659756245191375e+02
3.914961802763809828e+02
4.493535456773991541e+02
5.143621820547396055e+02
3.732093755952242873e+02
5.333822797758780325e+02
4.700608049033205589e+02
4.324848120621667817e+02
5.755733942297854355e+02
4.180036328670687453e+02
5.352222031077764086e+02
5.602299965963185286e+02
4.287691567712422511e+02
6.209473879430984198e+02
5.034220164699441398e+02
5.246207353780773701e+02
6.503330104390707902e+02
4.630970161084391634e+02
6.456858986640070270e+02
6.160519301497340621e+02
5.158326790229480139e+02
7.295538305957245484e+02
5.507233213162894572e+02
6.502043638446408522e+02
7.422696981682631758e+02
5.399040328195596885e+02
7.903836016573612824e+02
6.886808240475404546e+02
6.502701482861747309e+02
8.725909981309366685e+02
6.280883100615498051e+02
8.304687510610151548e+02
8.657824963903345861e+02
6.700177445155746909e+02
9.933661860331803837e+02
7.983487811847413695e+02
8.615673310631165123e+02
1.075753036378460592e+03
7.647922807103503828e+02
1.106923012026973993e+03
1.055379066628379633e+03
9.034407577245168568e+02
1.306800863364814404e+03
9.848360015567880055e+02
1.220059631792818664e+03
1.407236510807527111e+03
1.036574283140063699e+03
1.588272504607497240e+03
1.395858377964173769e+03
1.368647602078280897e+03
1.899821475613743360e+03
1.402731712705858854e+03
1.963544761355097080e+03
2.104549339318129569e+03
1.707884671374966956e+03
2.669068042611372675e+03
2.217561151933070960e+03
2.595754278514167709e+03
3.471442632212208991e+03
2.661011171455833392e+03
4.341830624612180145e+03
4.586689692672030105e+03
4.572904874299957555e+03
7.905303825312957088e+03
7.375268429431433105e+03
1.335073726108900155e+04
2.619008846253298907e+04
3.148638564733146995e+04
2.443714919181571895e+04
1.155468006729778062e+04
7.600446163619044455e+03
7.528875782307694863e+03
4.045742198157591702e+03
4.593650512384899230e+03
3.895454339944314597e+03
2.566873783272087621e+03
3.389498745811541994e+03
2.268571213582013570e+03
2.233607976964373847e+03
2.453635590724446956e+03
1.493582471881867150e+03
2.049547134665209342e+03
1.694619587477411415e+03
1.322571408544284850e+03
1.769796486100049833e+03
1.152432748484127160e+03
1.359893799458828880e+03
1.395343443085997251e+03
9.064536282974548840e+02
1.322631822994244885e+03
1.006249672167114909e+03
9.288341194516668793e+02
1.169537095618864441e+03
7.243136667341609609e+02
9.864290630464799960e+02
9.242673862533895317e+02
6.578334878141513400e+02
9.644586995706721382e+02
6.679102555516740267e+02
7.232605793015045492e+02
8.409165917460903756e+02
5.194670554755796275e+02
7.748439816730132179e+02
6.525528262240482036e+02
5.317070561775030910e+02
7.430614176294692470e+02
4.754699819033783683e+02
6.053701319418898947e+02
6.300168045521161275e+02
4.054736200063442197e+02
6.337857289748490075e+02
4.761873769437637520e+02
4.566153982093566697e+02
5.881708767433119647e+02
3.520203519285913671e+02
5.168074049631258049e+02
4.794844819660403914e+02
3.421152962529285446e+02
5.268672063584646139e+02
3.522614154962507769e+02
4.033467862594112034e+02
4.685384225665239910e+02
2.785409364796507816e+02
4.518297197088221537e+02
3.678445533317338914e+02
3.030887277330231200e+02
4.407007747551872967e+02
2.665438596833119504e+02
3.634124736827942002e+02
3.741326649031378224e+02
2.329459556791504724e+02
3.908629978321212093e+02
2.788453344736000759e+02
2.793258633346374040e+02
3.658009813840563424e+02
2.041128353014597963e+02
3.291378561386201227e+02
2.958767074083818329e+02
2.079751510432970463e+02
3.394477485473402112e+02
2.122497383066140344e+02
2.598893610649548123e+02
3.000640840299855654e+02
1.650417886315092062e+02
2.962342415983078467e+02
2.293279486222365620e+02
1.917566369530738370e+02
2.875558395557222866e+02
1.560048941916408580e+02
2.410070328464951501e+02
2.423800486771854423e+02
1.438166066397682528e+02
2.613166602916699617e+02
1.725269275705390157e+02
1.863829783271232543e+02
2.410582070574212423e+02
1.166996280944241846e+02
2.235733727933246371e+02
1.886717934108106078e+02
1.309061655693398905e+02
2.285690252549375430e+02
1.239829696551180973e+02
1.737557859006514889e+02
1.952228067133745242e+02
9.835487812821043008e+01
2.040126828383130828e+02
1.404056498227650422e+02
1.282734084576514419e+02
1.947719608621464147e+02
8.599239223233996654e+01
1.662534418353304204e+02
1.544399331699749496e+02
8.810417605152849774e+01
1.799981203486168226e+02
9.734955442037107787e+01
1.270403359077561589e+02
1.611983568246457708e+02
6.369827802771206393e+01
1.539977355133899835e+02
1.136757671550206084e+02
8.909710317010899416e+01
1.534212256253167652e+02
6.127317132334229655e+01
1.292435576904942423e+02
1.272984969775632322e+02
5.507524395793672767e+01
1.438136827058634708e+02
7.962767361996780835e+01
9.070296675598123670e+01
1.270632061392065424e+02
3.940494080905982344e+01
1.228886831956043011e+02
9.152350883420942296e+01
6.481385254870448875e+01
1.276499206246363656e+02
4.354382180830380378e+01
9.859275202318049480e+01
1.036054645014852014e+02
3.273296724477803110e+01
1.149434219996273470e+02
6.114594290457509373e+01
7.611425699076654894e+01
1.100475112447921475e+02
2.057325072173945912e+01
9.903978786463487438e+01
7.663516796462648983e+01
4.779090765973777621e+01
1.039774106456604699e+02
3.213338263581758270e+01
8.225463324891276784e+01
8.559936450198514990e+01
2.640325531551150107e+01
9.651349254543744394e+01
4.606593171459821434e+01
6.672885165440359856e+01
9.264155258889381628e+01
1.512766668705429929e+01
8.896410680921479752e+01
6.195448625016015853e+01
4.688145685971583987e+01
9.529706230252479315e+01
2.531742472411417921e+01
7.360648522185586273e+01
7.188389837736168886e+01
2.751187652016111329e+01
9.071452225815973236e+01
4.036442307978551014e+01
6.293776744313885274e+01
8.131879307748563690e+01
1.095418743047483723e+01
8.453512082264234095e+01
5.370005889454251502e+01
4.774498930394550200e+01
8.566602241205804091e+01
1.618942505813829769e+01
7.705050372294299166e+01
6.599447976283586570e+01
3.274620171841534244e+01
8.690732445160197983e+01
2.842617279166005417e+01
7.184260306766444160e+01
8.223234606834920157e+01
1.804889648087269194e+01
8.693364169642757133e+01
4.946335328059364400e+01
5.646613948397607174e+01
8.708001659937426098e+01
1.391269087933318183e+01
8.596692457600559578e+01
6.734639501075221801e+01
3.999435537051168410e+01
9.578890749055165088e+01
3.421055573087305390e+01
7.120458277135612946e+01
7.905837726455385450e+01
3.245719969980549990e+01
9.475779176281783123e+01
4.906668430146218896e+01
6.886810481012059881e+01
9.482062013090643404e+01
2.597986026523177117e+01
9.536037900933673939e+01
6.950946437253968213e+01
5.929210227373553010e+01
1.084632314912656597e+02
4.046122666574527926e+01
9.329770046517083415e+01
9.416033793615098091e+01
4.599982749010953142e+01
1.101896237891125878e+02
5.889960409873823011e+01
9.020243676235497787e+01
1.130348091019017147e+02
4.868641926318267110e+01
1.220486502345113706e+02
8.960746089488206678e+01
8.239822012678278895e+01
1.324691142008225597e+02
5.765716204275492629e+01
1.215020497429818960e+02
1.202413139121871382e+02
7.662291888461477640e+01
1.479984099238587874e+02
9.325519817885582086e+01
1.252371781704868425e+02
1.501397050905772801e+02
8.098374337065894224e+01
1.635519449320302670e+02
1.315918248759534208e+02
1.233625903693006478e+02
1.835359273448834188e+02
1.116369855993997930e+02
1.737335923208753172e+02
1.769294581409920113e+02
1.282930579374232423e+02
2.067968417679042830e+02
1.523515925612685180e+02
1.808078306600494614e+02
2.172506434618937874e+02
1.505757668376254799e+02
2.350312944768953116e+02
2.049636309831666097e+02
1.928789199092227307e+02
2.669449661254051307e+02
1.955766922188881551e+02
2.576067233599257520e+02
2.665764457205000326e+02
2.214341571382245490e+02
3.180383289973941032e+02
2.600735049448144309e+02
2.898555309235922550e+02
3.446462099744667853e+02
2.717602812378389672e+02
3.710077898928780655e+02
3.472358677502494970e+02
3.385711792267827605e+02
4.398566236659452784e+02
3.562083724099970254e+02
4.358245585611360866e+02
4.671598182156008079e+02
4.050969291538731909e+02
5.398245881066576430e+02
4.873476080148012102e+02
5.320269289021696295e+02
6.266106049647877398e+02
5.340431074369532780e+02
6.944399696805076019e+02
6.977706853914924068e+02
6.793086642890827989e+02
8.641024594057997774e+02
7.804550105758826248e+02
9.345206708501337971e+02
1.051528860306164688e+03
9.827498222460874331e+02
1.267755928009134777e+03
1.241967859151413450e+03
1.373953366647839630e+03
1.734087314750716359e+03
1.681840129713921215e+03
2.186564260425250723e+03
2.512280156773960698e+03
2.793295803927820089e+03
3.965360416875264036e+03
4.590723766415753744e+03
6.908924050434062337e+03
1.120570924962054414e+04
1.312079638369527493e+04
1.079285741210146807e+04
6.593500865454458108e+03
4.709594345399537815e+03
4.017334679143812991e+03
2.867483581815857633e+03
2.658521214171399606e+03
2.293887019689008412e+03
1.885016218418648350e+03
1.885898546991368903e+03
1.540272889369354061e+03
1.466239861251565344e+03
1.411467148460522594e+03
1.171914359994768574e+03
1.230477705114486071e+03
1.095005969434040026e+03
1.005381234252592094e+03
1.045723564191509013e+03
8.952274076231597064e+02
9.112741597911190183e+02
8.687770854556266613e+02
7.747339130592804395e+02
8.242207205425645498e+02
7.326605653150805892e+02
7.228135778199341530e+02
7.335954504310924449e+02
6.466064449881929477e+02
6.799295638041882057e+02
6.316656017669555467e+02
5.957591430689988101e+02
6.266525526491893743e+02
5.581637011062476859e+02
5.748637863050336136e+02
5.633603360032191176e+02
5.146593633713182498e+02
5.465325912903292647e+02
4.997007768595276502e+02
4.972377594336388711e+02
5.079529205281850182e+02
4.583299146815102176e+02
4.857201985803529283e+02
4.601842014506000851e+02
4.386756966101564785e+02
4.633263779517847070e+02
4.201563422537352039e+02
4.320716397637322643e+02
4.271182280632837092e+02
3.955635648633183905e+02
4.215340299235760995e+02
3.896668603307987837e+02
3.879293554427945310e+02
3.997658154569154476e+02
3.643525741989438416e+02
3.846309873173840970e+02
3.681868277537490712e+02
3.534449476793994904e+02
3.732796215493177669e+02
3.406806860402987240e+02
3.531783751388558699e+02
3.512067956647634901e+02
3.253162884120114882e+02
3.495687372143316338e+02
3.240328459519981266e+02
3.219136348147500257e+02
3.363007275771342961e+02
3.054309317295247865e+02
3.230261063190927189e+02
3.128932171557158881e+02
2.974368461155468140e+02
3.177310541665564187e+02
2.910048023758208728e+02
2.985451310890966283e+02
3.018297151296050629e+02
2.785214916520355928e+02
2.989939468570862005e+02
2.806491006229319964e+02
2.773418405654742287e+02
2.917221449976526628e+02
2.640340763993386872e+02
2.791589000576976218e+02
2.741147386249674014e+02
2.581658610318640399e+02
2.776777394501621643e+02
2.553276299083731544e+02
2.604809880961336148e+02
2.671700777735443921e+02
2.439613805646258697e+02
2.625484149901207616e+02
2.494646825073493801e+02
2.427907466423281733e+02
2.585755549158037070e+02
2.346817676124965146e+02
2.468059416020891206e+02
2.454229417639548103e+02
2.284821822452203151e+02
2.479768022798535299e+02
2.292321070116436772e+02
2.306017714760596959e+02
2.405463300073664641e+02
2.181382374825480497e+02
2.348409787121688055e+02
2.264418058597548793e+02
2.164063175251274913e+02
2.332498179713823561e+02
2.122970886478989598e+02
2.209729826223110649e+02
2.234482083163275092e+02
2.052794870093196096e+02
2.240374584488967002e+02
2.094901424852433820e+02
2.072718102183768281e+02
2.196958879134779465e+02
1.983553638383428392e+02
2.124968033752660688e+02
2.081228335998275156e+02
1.955712188769072100e+02
2.133969123735120945e+02
1.949822480667084790e+02
2.001174252064846257e+02
2.065087189592802588e+02
1.871084759229972860e+02
2.044915983256216521e+02
1.940322900557667936e+02
1.880494755266061588e+02
2.029032718729592659e+02
1.827472652811894989e+02
1.936006016284048030e+02
1.937653845900892975e+02
1.787229909876961642e+02
1.965355055591764710e+02
1.813690622552938692e+02
1.823981739225450553e+02
1.922842720529218639e+02
1.726218535951670106e+02
1.878034857570373504e+02
1.817668148613316532e+02
1.722659392638367990e+02
1.884939547578842962e+02
1.704017983942677574e+02
1.776375666517490686e+02
1.817778972427342978e+02
1.648385101977401064e+02
1.820265518328439498e+02
1.705971377177790202e+02
1.674814434894588260e+02
1.802157536921048120e+02
1.610794595970308478e+02
1.733413975233615645e+02
1.716058238965668181e+02
1.589880608473806944e+02
1.759386741644721894e+02
1.605571275833547418e+02
1.637137131427014651e+02
1.716670347254483318e+02
1.537367367823539723e+02
1.690888865960276064e+02
1.615502254842882621e+02
1.544448025177775889e+02
1.692503897721433930e+02
1.516092741051419068e+02
1.604537992076699311e+02
1.628636390002569101e+02
1.479267514943092010e+02
1.647056008826923517e+02
1.524983284419373604e+02
1.514474371057044948e+02
1.626113358745777191e+02
1.445187040955093778e+02
1.574703169615473541e+02
1.542901950418588797e+02
1.437427105186674510e+02
1.597104952446688628e+02
1.441898348285196789e+02
1.489433565690034129e+02
1.552656140630824382e+02
1.387501290858545246e+02
1.542618490853596711e+02
1.458743787443506790e+02
1.407604702967837227e+02
1.543036877570290244e+02
1.370862827464521274e+02
1.468546874716753337e+02
1.478426434495454771e+02
1.344695167971451895e+02
1.506751388962277929e+02
1.380972980358401117e+02
1.386402149291244541e+02
1.483339624953246698e+02
1.312156334079799080e+02
1.446251457490711800e+02
1.403179023559233372e+02
1.314510607285088781e+02
1.465601630696766051e+02
1.311296483864192624e+02
1.370349099879286996e+02
1.420071861451036170e+02
1.267343790987221155e+02
1.421282674296152493e+02
1.330914471773262733e+02
1.294769546325312888e+02
1.418489343573335759e+02
1.251645487058455757e+02
1.355815314923462722e+02
1.354360577085823820e+02
1.234988942238183114e+02
1.391301035697654527e+02
1.263420169020742065e+02
1.281343944321857862e+02
1.365991627611778370e+02
1.203745514336478664e+02
1.339400406950786930e+02
1.288089515062771113e+02
1.213582335300728232e+02
1.355423038857036602e+02
1.203307330861828888e+02
1.271295139536532162e+02
1.309372948268248535e+02
1.167995850751816391e+02
1.319233347038968134e+02
1.224028338978961585e+02
1.200629894244986247e+02
1.313811575919100960e+02
1.152700904394878307e+02
1.261351571674216672e+02
1.250487096789202184e+02
1.143465121182544095e+02
1.293384387297443823e+02
1.164670179003047679e+02
1.192717641065762280e+02
1.266552553064627062e+02
1.113147965403528730e+02
1.248930891448966207e+02
1.190870165786614905e+02
1.128688793145870193e+02
1.261760746525665127e+02
1.112277230049652275e+02
1.187156545890796906e+02
1.215407918585856777e+02
1.084234998594941004e+02
1.231905065619729953e+02
1.133565883759304995e+02
1.120804506861053937e+02
1.223994770233455682e+02
1.068891784710025235e+02
1.180442201654979755e+02
1.161580254736586539e+02
1.065900173588942863e+02
1.209327456699882504e+02
1.080552066321023261e+02
1.117001260710966335e+02
1.180998983575868380e+02
1.035644233272487185e+02
1.170719681754547565e+02
1.107457053015784965e+02
1.055966190692759170e+02
1.180730316136651936e+02
1.034407180258239833e+02
1.114202653391533886e+02
1.133860607435128998e+02
1.012721979662769627e+02
1.156254135721284939e+02
1.055372665970840274e+02
1.052006285041403828e+02
1.146120276359703070e+02
9.967420296544318603e+01
1.110068015717932326e+02
1.084496189373785882e+02
9.989924556912751541e+01
1.136030368278354814e+02
1.007864027850090594e+02
1.051058969401844507e+02
1.106267695645169056e+02
9.688701434075282748e+01
1.102399959923558583e+02
1.034808298137393763e+02
9.928889489375636401e+01
1.109687310159042255e+02
9.668204734822354851e+01
1.050632167901001992e+02
1.062598003790828045e+02
9.504594161700090638e+01
1.089750781372873689e+02
9.872923023886002625e+01
9.918557564435164409e+01
1.077537204502211381e+02
9.340712087898253912e+01
1.048237471578473219e+02
1.016789376844126451e+02
9.406302893616927463e+01
1.071268928131264460e+02
9.441564265554980295e+01
9.932083681016854371e+01
1.040379786984693169e+02
9.104525304125256469e+01
1.042038879147216477e+02
9.709029196791820482e+01
9.375254131670961044e+01
1.046800688134084396e+02
9.075071857093298888e+01
9.944072110892810201e+01
9.995598153274927711e+01
8.958258179302352175e+01
1.030716117112385604e+02
9.272100116906848655e+01
9.387478489148512040e+01
1.016630926905052803e+02
8.788633781499416386e+01
9.932799868983944691e+01
9.567849400620842459e+01
8.891297317079816764e+01
1.013604803145075834e+02
8.879124102236335148e+01
9.418199662250330562e+01
9.817177293015099337e+01
8.589280679332985358e+01
9.881547404400392054e+01
9.140901822327663240e+01
8.883559758023508834e+01
9.905346734092439931e+01
8.549410099749086100e+01
9.441729823463866467e+01
9.432515545907044441e+01
8.473904805119359196e+01
9.778001738615813565e+01
8.737109370727449686e+01
8.914063105145544341e+01
9.620545699379100313e+01
8.298082799404434695e+01
9.439731235006694021e+01
9.031154893018667451e+01
8.432339597261201902e+01
9.617413059028494615e+01
8.377534338283649618e+01
8.957003839857637217e+01
9.289537503411246178e+01
8.129800145538409595e+01
9.395982767833933735e+01
8.632404327412888279e+01
8.444825740572679251e+01
9.399027539085815874e+01
8.080733784519965468e+01
8.990132205604604110e+01
8.926326807429278176e+01
8.041572692313276605e+01
9.300306041128534673e+01
8.257588875026405617e+01
8.489014650957102504e+01
9.127687395920517588e+01
7.859396125007597789e+01
8.994850626660442572e+01
8.548051370419879902e+01
8.020688385135117926e+01
9.147664827715142621e+01
7.927191688323961216e+01
8.541235925357061376e+01
8.812624243411889324e+01
7.718048181248468609e+01
8.956201145183241863e+01
8.173654577281854472e+01
8.049193600545243044e+01
8.939286945866034273e+01
7.658915855190900857e+01
8.580758073383404394e+01
8.467681527697392596e+01
7.652336715956992919e+01
8.866086825908206492e+01
7.824514992075690145e+01
8.104193849501814384e+01
8.679735888896469476e+01
7.464077635639394259e+01
8.589623894886560151e+01
8.109502348257767324e+01
7.649360722918785882e+01
8.720200962505060716e+01
7.520208352712141675e+01
8.163600920078478396e+01
8.378692564569107049e+01
7.346094161432496605e+01
8.554932557788167458e+01
7.757300008964705285e+01
7.690441672026759079e+01
8.519619470668557426e+01
7.277110544211791421e+01
8.207453634814977761e+01
8.049815559804159193e+01
7.299609879989168348e+01
8.468891134495690665e+01
7.431377214425276634e+01
7.753703137354854391e+01
8.269890567645282431e+01
7.106108399255542452e+01
8.219063355917606373e+01
7.709231402635687402e+01
7.312113526304763411e+01
8.328369413922776232e+01
7.149674277290289126e+01
7.818811856585836040e+01
7.981613253757112147e+01
7.007969015158452919e+01
8.187206485755639562e+01
7.377332819081843240e+01
7.363026641132974248e+01
8.134627207620950173e+01
6.929688223860425467e+01
7.865203077340062521e+01
7.666938229798820714e+01
6.978497383123347220e+01
8.104097390149706825e+01
7.071888197977413881e+01
7.433081543708129857e+01
7.893979748869259083e+01
6.779120855467303386e+01
7.878543195116662901e+01
7.343186425560854502e+01
7.002968336211566225e+01
7.967535925357969973e+01
6.811899434677123111e+01
7.501254910278481702e+01
7.616214686997520289e+01
6.699762161736872201e+01
7.847812455709826907e+01
7.028629504853016385e+01
7.063025327553779675e+01
7.779582878471363472e+01
6.611804718731551134e+01
7.549745308749830031e+01
7.314753075334942878e+01
6.684477238533875720e+01
7.766980501161697248e+01
6.742446629528936342e+01
7.138077868559878425e+01
7.546717885915516888e+01
6.480328965727642299e+01
7.564205193504886893e+01
7.005944716385587867e+01
6.719435327422768012e+01
7.633502084911833663e+01
6.501261212263149503e+01
7.208605109294576607e+01
7.278689977683545465e+01
6.416557288819298321e+01
7.533982115943358338e+01
6.707641620433598462e+01
6.786421296666142666e+01
7.450979339000524249e+01
6.319973647940176420e+01
7.257722203634924085e+01
6.989163409264685356e+01
6.414128205486761658e+01
7.454471001846572165e+01
6.438614598099687214e+01
6.865291615146344384e+01
7.225010022191243308e+01
6.204949189143820831e+01
7.271944057149111984e+01
6.693982841257215455e+01
6.458166608932519637e+01
7.323983011010327004e+01
6.215421136301688421e+01
6.937316818899903126e+01
6.965952575689203741e+01
6.155821864698742729e+01
7.242166564506618442e+01
6.410835899369858737e+01
6.530501708590585963e+01
7.145479752102518489e+01
6.050754126359449003e+01
6.986296882544057496e+01
6.687146718608448737e+01
6.164368675107882467e+01
7.163493624458510567e+01
6.157715898876185889e+01
6.612132939862604530e+01
6.925728460416750920e+01
5.950893945345189451e+01
7.000046991675287700e+01
6.404630501861819880e+01
6.215941681800263297e+01
7.035178625711311895e+01
5.950762478931466148e+01
6.684714956676043585e+01
6.674779810953110371e+01
5.914635537509727925e+01
6.969904361044228835e+01
6.135405632858576297e+01
6.292939378497976577e+01
6.860562446717646878e+01
5.801521572209804134e+01
6.733272928503485844e+01
6.406101418175174445e+01
5.932806720704566317e+01
6.891787331471309130e+01
5.897146204220384647e+01
6.376313570877128711e+01
6.646435347562716345e+01
5.715585003165899991e+01
6.745944468463252974e+01
6.135173027982300908e+01
5.990955283400425202e+01
6.765291501517678796e+01
5.705024568295441867e+01
6.448919911015730122e+01
6.403063868195599184e+01
5.690670952814871697e+01
6.715105121850339742e+01
5.879037361707013787e+01
6.071407399009555661e+01
6.593961596151544313e+01
5.570027425233630680e+01
6.496410677800582789e+01
6.143650475062727878e+01
5.717312861281769898e+01
6.637123865780812082e+01
5.654552477348118344e+01
6.155784505929810990e+01
6.384861976564648245e+01
5.496820709098314239e+01
6.507564313645070797e+01
5.883360582971580044e+01
5.781278553413673649e+01
6.512205226577951578e+01
5.476078919797584632e+01
6.228166889858822941e+01
6.148638260317066795e+01
5.481985038278873645e+01
6.476010696006989065e+01
5.639582124196320478e+01
5.864127762879211048e+01
6.343837029735859545e+01
5.354315502520272219e+01
6.274035905337925811e+01
5.897835903686729608e+01
5.516236341627697470e+01
6.397882329350362340e+01
5.427863460415785823e+01
5.949199967565207459e+01
6.139548526365696546e+01
5.292534984186826819e+01
6.283787120566515938e+01
5.647992678311472048e+01
5.584436464386163834e+01
6.274076697079490117e+01
5.262560730551896171e+01
6.020179315929156161e+01
5.909626213357503843e+01
5.287388020907518893e+01
6.250623454227746834e+01
5.415330248200784524e+01
5.670038669683363963e+01
6.108389733585850223e+01
5.152717113612457212e+01
6.064905307575068605e+01
5.667085177435871657e+01
5.327947238009019770e+01
6.172508629985664896e+01
5.215811048522572690e+01
5.754854644340433367e+01
5.908528199080124210e+01
5.101771812192771449e+01
6.072636760700466851e+01
5.426669674468327997e+01
5.400364600847667873e+01
6.049684076825231926e+01
5.062297482724962094e+01
5.824888086044929025e+01
5.684807767563164305e+01
5.104656069635229443e+01
6.038399520142576193e+01
5.204842509425319008e+01
5.486942419580960717e+01
5.886575916967484545e+01
4.963920482634873110e+01
5.867198243839478522e+01
5.449877944295170096e+01
5.151274500453376959e+01
5.959593480599727400e+01
5.016527327824676519e+01
5.571700289561596975e+01
5.690788395155707491e+01
4.922517260220075030e+01
5.873161552431084687e+01
5.218704002388628282e+01
5.226694335816344505e+01
5.837554559629111139e+01
4.874532132811735607e+01
5.640041938755634732e+01
5.472671727612722492e+01
4.933177757608891056e+01
5.837433673664681777e+01
