1.220039858022691419e+02
2.317130964517206593e+01
1.282061770145319315e+02
8.719501518645824945e+01
6.883552938983036995e+01
1.342249047574345298e+02
3.835682806348968654e+01
1.123611098664320593e+02
1.140718925865214715e+02
3.661562136781505927e+01
1.353256219419134538e+02
7.217239601028808238e+01
8.698478590726284665e+01
1.321379358637531993e+02
2.542420910012793556e+01
1.249738773066743818e+02
1.032253395564587635e+02
5.504187777384304781e+01
1.394394991298567561e+02
5.559546048989906097e+01
1.039679573156541750e+02
1.268201041088349399e+02
2.611563455125944344e+01
1.350588888277322042e+02
8.970487169364844249e+01
7.440002048683685132e+01
1.403475897829305836e+02
3.892122251777775688e+01
1.192230022955895663e+02
1.183323983673569302e+02
4.093124693015849402e+01
1.422828753038099023e+02
7.394229193055326732e+01
9.331046893315779300e+01
1.379379428460328256e+02
2.679885852461213602e+01
1.322556204079375561e+02
1.068204905719895379e+02
6.031535323634498269e+01
1.463821262869991813e+02
5.674429141412063160e+01
1.109673208207198911e+02
1.321501022550200730e+02
2.965701552158650500e+01
1.426378805120172331e+02
9.256144610297786812e+01
8.056853003830636339e+01
1.471169591051794612e+02
3.983486543389166457e+01
1.268220636491096940e+02
1.230818853028023341e+02
4.582373253744743380e+01
1.500157771041223498e+02
7.604456460151304498e+01
1.003441067975625458e+02
1.444087291616079654e+02
2.886591138848341842e+01
1.403418625490487841e+02
1.108911385292901457e+02
6.625050197874290347e+01
1.541109755363946192e+02
5.821927881090941526e+01
1.187916384928834077e+02
1.381549173765185685e+02
3.389766496949619778e+01
1.510901489846120853e+02
9.586121378901907519e+01
8.751038789145972885e+01
1.547164096834980853e+02
4.128105092339291815e+01
1.353514052355221793e+02
1.284786995906373477e+02
5.144684446377331710e+01
1.587458937338880673e+02
7.864092346073358897e+01
1.082275955878526332e+02
1.517263366285622510e+02
3.181537832521076581e+01
1.494168658526936895e+02
1.155897760758763013e+02
7.303504167789731127e+01
1.628385411747034937e+02
6.025055589372609433e+01
1.276760085203833199e+02
1.450066342471569953e+02
3.911101870354772103e+01
1.607213753904413807e+02
9.980291507972491161e+01
9.551128694856697621e+01
1.634699809704097220e+02
4.361111085139499721e+01
1.450861743069123975e+02
1.347967741654491363e+02
5.807605724335176234e+01
1.687256161456994903e+02
8.194821763614820043e+01
1.173514059981684738e+02
1.601890607213769613e+02
3.598759342715709408e+01
1.599648547785390633e+02
1.212734336017014414e+02
8.091127923624026153e+01
1.729958371755600979e+02
6.315604731716027942e+01
1.379150179156370939e+02
1.531319766785021557e+02
4.534895220752518696e+01
1.717750098486748129e+02
1.046831660937264701e+02
1.047179602419989095e+02
1.736058741720651426e+02
4.709378319450654971e+01
1.563663066615640957e+02
1.423506665378067737e+02
6.590730672448346184e+01
1.802252130978674529e+02
8.610991838679299804e+01
1.281442414242983432e+02
1.702711358135604200e+02
4.176974946031722169e+01
1.722740085062045523e+02
1.281375512328143316e+02
9.051672448321559727e+01
1.851211894119351484e+02
6.728384101895817082e+01
1.502078674306103778e+02
1.631360451662763751e+02
5.342622791101570812e+01
1.850687217056602947e+02
1.111373091060033147e+02
1.159127039394032437e+02
1.859460953608578393e+02
5.239359614298869161e+01
1.699953497354811418e+02
1.518982792568470188e+02
7.567818756110065692e+01
1.944613576937290134e+02
9.240999522087049911e+01
1.408987231924600678e+02
1.825770778273537474e+02
4.991617167323032334e+01
1.872177774011662450e+02
1.371730191240198735e+02
1.020412924612833336e+02
1.997605203628361608e+02
7.371532690624231066e+01
1.649574387405906180e+02
1.752090659679670921e+02
6.429082431139212872e+01
2.017085156041372045e+02
1.199210834230197236e+02
1.299679264967459744e+02
2.014240496602804456e+02
6.102709535684364539e+01
1.870228171556243808e+02
1.639821459405376345e+02
8.893552899977444781e+01
2.126374881236643262e+02
1.012283441565703299e+02
1.579236502145234340e+02
1.990348076776529638e+02
6.198951628569074757e+01
2.068278418274008459e+02
1.498302510412266884e+02
1.181660176430805933e+02
2.196316459097986069e+02
8.435280719460921262e+01
1.852065720351477296e+02
1.925972329185075864e+02
7.993571068918591038e+01
2.242651369219264836e+02
1.335458670583117282e+02
1.496770642247584249e+02
2.233551551207988837e+02
7.575271477125865260e+01
2.110727920812642253e+02
1.829422986504352195e+02
1.082082080886160185e+02
2.381726057451451481e+02
1.168877569557151617e+02
1.824180286508532447e+02
2.235114701795981205e+02
8.263103079660331218e+01
2.356361550837834784e+02
1.709198122709400138e+02
1.428603890638876805e+02
2.499116678098237117e+02
1.051319211349543821e+02
2.153481589727664414e+02
2.205936620088381517e+02
1.064750952414789111e+02
2.588461014384009218e+02
1.584492891799608003e+02
1.817555757586553398e+02
2.595524273281395722e+02
1.052247965562748107e+02
2.496102996177774571e+02
2.166093501419914276e+02
1.436341662419447971e+02
2.826302277621140888e+02
1.509672010086283080e+02
2.244153060816342986e+02
2.682268870629173421e+02
1.249249089803321056e+02
2.875848501391936907e+02
2.156382835854272173e+02
1.902026769807210655e+02
3.079053157343321914e+02
1.553159384411229951e+02
2.742927849380272960e+02
2.817836508071374624e+02
1.656350604208211337e+02
3.298268065159893467e+02
2.228707246626369738e+02
2.507403113793701834e+02
3.411398061970681397e+02
1.831966555451883494e+02
3.373611952041495670e+02
3.084695116039300729e+02
2.322474999895397332e+02
3.895021950446873689e+02
2.561961345717660379e+02
3.363645552345884653e+02
4.009573616354434193e+02
2.550224401192176629e+02
4.316830036333844305e+02
3.730383442343255069e+02
3.403193419401753772e+02
4.984802272576660016e+02
3.563734194989899038e+02
4.706096404268843685e+02
5.275636318845162123e+02
4.019624667224663312e+02
6.019797064997596863e+02
5.484584426770176151e+02
5.311052583285198807e+02
7.127790798020953389e+02
5.860680512426990845e+02
6.811946414251731312e+02
7.728398637821831016e+02
6.095930905210952915e+02
7.594120297331196525e+02
7.401394161538072467e+02
5.796052884370620859e+02
7.163341517257061923e+02
5.836134188112114316e+02
4.980848318532496819e+02
6.005946881971283347e+02
3.953617785904444872e+02
4.449537960276479680e+02
4.644223288054246837e+02
2.666869960365792167e+02
4.146329436878817774e+02
3.170341405325251571e+02
2.401236396168683598e+02
3.666899315236922803e+02
1.795043447447219194e+02
2.744347887733698599e+02
2.877012718137651177e+02
1.139088332570947131e+02
2.886202742060037849e+02
1.786930549153129846e+02
1.627135511018479974e+02
2.605239329248033755e+02
6.964785859178761029e+01
2.154025929588387385e+02
1.883116591306798853e+02
8.098379599403104123e+01
2.302296695733923571e+02
9.293901084782363853e+01
1.569793306090742249e+02
1.963269037175469123e+02
1.504862584041092077e+01
1.985194996650172072e+02
1.256279162432041119e+02
1.051307117466561323e+02
1.964929287139908354e+02
3.842589202208394283e+01
1.654849633361479277e+02
1.517190461864769588e+02
6.107635287107769528e+01
1.897995739800265085e+02
8.525589807022109312e+01
1.274344408751443041e+02
1.658362587280176967e+02
3.855025752862827204e+01
1.694830124950725292e+02
1.143942300639159697e+02
9.499158461795623509e+01
1.690010335892472142e+02
5.304508654792876854e+01
1.499733198676452162e+02
1.376970103586787388e+02
7.057003191588837865e+01
1.687777192913511328e+02
8.237156839562852895e+01
1.265287904267102590e+02
1.529000457350590239e+02
5.739138186768101946e+01
1.611677613283330288e+02
1.085482833421434918e+02
1.023269238744906460e+02
1.626192031358802126e+02
6.518999937919133458e+01
1.479532516700551810e+02
1.320835591762216268e+02
8.354293625586460337e+01
1.663043209381945644e+02
8.528015102619380627e+01
1.318212046030459703e+02
1.511332398567165569e+02
6.937242351126083406e+01
1.632669433611648628e+02
1.106717578618700060e+02
1.105906910665283505e+02
1.631372586340174280e+02
7.267688461016008716e+01
1.527595104812611737e+02
1.324030611727222890e+02
9.209422845180424133e+01
1.697203219571104000e+02
8.702758109348590665e+01
1.398803391870474115e+02
1.546706599632875907e+02
7.498722554650876759e+01
1.703428985898945882e+02
1.125245285424215638e+02
1.180597512128590125e+02
1.698438305448011931e+02
7.272700724703152275e+01
1.617211311653822463e+02
1.377492109450294890e+02
9.523298187609117349e+01
1.799987409684992201e+02
8.964968892343374307e+01
1.472955876769961492e+02
1.634242978029341771e+02
7.461696624632007513e+01
1.818893532982412466e+02
1.176680704049174153e+02
1.241724682776687274e+02
1.852550307468478366e+02
7.279092093347267678e+01
1.730935582301089255e+02
1.506743086500979416e+02
9.447969034074236561e+01
1.959219512163361685e+02
9.455401152110074747e+01
1.540941448016431821e+02
1.809537407722199021e+02
6.889469338484462924e+01
1.981107849166267272e+02
1.336158649862672121e+02
1.224562822071697354e+02
2.041372953342567484e+02
7.260671978672330340e+01
1.829760362257900681e+02
1.717993309142836154e+02
8.663583813652979870e+01
2.146898417038505045e+02
1.079776701376642620e+02
1.564144625239351001e+02
2.057285988392428351e+02
5.887301954607763577e+01
2.105689572361362423e+02
1.556118434767655572e+02
1.155746983130158583e+02
2.280298790245391558e+02
8.205295388662129596e+01
1.893479157062394904e+02
2.004507622911388580e+02
6.945106703594589703e+01
2.334696362642982308e+02
1.333448086827369536e+02
1.515997607568394585e+02
2.347576827296431361e+02
5.703906100464600115e+01
2.210665379443899496e+02
1.887859490257192192e+02
9.864541933706941279e+01
2.512780897400396327e+02
1.059676993370155174e+02
1.878929883441544462e+02
2.336282711920850090e+02
5.076252117676924058e+01
2.492266131844916686e+02
1.693062572212925829e+02
1.366872349104065165e+02
2.633369978594123495e+02
7.492891929600652645e+01
2.237704675589907026e+02
2.255566740560040557e+02
7.475480389414573779e+01
2.722584314380565047e+02
1.426821479731091245e+02
1.779204779474997906e+02
2.680744372339555639e+02
4.608086614098263567e+01
2.576233107752314595e+02
2.100327201618028710e+02
1.141388154227054628e+02
2.897242541363078772e+02
1.099802788921142280e+02
2.195703952760194113e+02
2.652354521401329066e+02
4.703863487067933846e+01
2.875260187582316007e+02
1.865241280839744888e+02
1.593864145507641013e+02
3.008296952810185871e+02
7.266112370616411908e+01
2.592529629583575570e+02
2.538869824632234327e+02
8.422564746534388291e+01
3.122494002104977540e+02
1.551211903908656780e+02
2.065700549138779536e+02
3.040385194252008318e+02
3.864770355701808313e+01
2.967816289611027969e+02
2.344229462032545541e+02
1.330659295478797333e+02
3.307984266323807105e+02
1.162730493194427055e+02
2.540730644411856360e+02
2.994047569436669960e+02
4.955077719006482795e+01
3.299731559003098482e+02
2.062518485552043899e+02
1.861631686390101379e+02
3.424456844146162098e+02
7.212085256293131863e+01
2.996990220597875805e+02
2.858638758061347858e+02
9.848849646236747901e+01
3.577220504509863872e+02
1.697947445406354916e+02
2.405299049987652893e+02
3.455297263008270647e+02
3.231992669025427745e+01
3.421473938590733610e+02
2.628884408764554337e+02
1.565399477639730037e+02
3.785870347836387850e+02
1.247974214850922436e+02
2.950179447422989369e+02
3.397307725646252266e+02
5.682900210366741334e+01
3.801528284281224614e+02
2.304821940734752275e+02
2.179845030091592832e+02
3.915071939476898706e+02
7.320865957188544826e+01
3.471333108641306922e+02
3.235836348056829479e+02
1.174472600496873014e+02
4.116378192581100848e+02
1.876897791826669675e+02
2.815314741344104732e+02
3.951342405469287087e+02
2.722036877499312979e+01
3.965170404826103550e+02
2.972919064154812645e+02
1.854087227412363745e+02
4.353326727463705197e+02
1.348337181065640493e+02
3.452848090868426993e+02
3.883716688933142791e+02
6.928185267929562485e+01
4.412850931464868722e+02
2.596196364214649748e+02
2.581768336473402883e+02
4.513356813969762698e+02
7.441615830638384921e+01
4.067416766322423882e+02
3.701548156750569092e+02
1.429190303797633135e+02
4.790016776331511323e+02
2.099289628409320017e+02
3.334307322635626178e+02
4.567240584737797349e+02
2.389455896417018721e+01
4.654356793267669445e+02
3.397385350784255138e+02
2.244644930077599838e+02
5.088941734765196543e+02
1.486782099905237544e+02
4.092275213104820182e+02
4.500687554711607277e+02
8.793021871674737611e+01
5.196170465954987776e+02
2.961804790869568365e+02
3.114809558871781405e+02
5.290809376951547165e+02
7.614463389353952039e+01
4.845361962097085780e+02
4.304179054772462223e+02
1.776337059895184325e+02
5.672615323583891040e+02
2.384809754098532721e+02
4.027792973990352152e+02
5.380081119745277647e+02
2.559219128460926029e+01
5.576312240314277915e+02
3.963328845639778706e+02
2.770639486723753180e+02
6.066690408596592761e+02
1.661245925359843909e+02
4.967526481793613016e+02
5.336224463758331922e+02
1.149393563648730492e+02
6.267845510474423918e+02
3.463601701957742875e+02
3.845795241109094036e+02
6.355204648141068446e+02
7.860674427393368546e+01
5.921431622191931865e+02
5.137786555977011176e+02
2.264492094050771414e+02
6.902351770829573070e+02
2.786463207097311852e+02
4.998293217335257168e+02
6.519975723544357606e+02
3.531453714071756878e+01
6.878141771383999412e+02
4.766483695485962926e+02
3.518579398861307936e+02
7.458761317620745785e+02
1.914369681445877234e+02
6.220194587282934435e+02
6.534845787621981117e+02
1.552603580487863155e+02
7.821787703156498992e+02
4.193619045872792412e+02
4.915646860036660541e+02
7.915284278549396504e+02
8.271865614259826316e+01
7.510657790834864045e+02
6.373034433836219250e+02
2.996799856762158356e+02
8.741155304720945196e+02
3.389995735871578972e+02
6.465833501441542239e+02
8.252016701413905366e+02
5.580864464809474157e+01
8.858877125131721186e+02
5.993607289832129936e+02
4.676927337246296474e+02
9.614163025895370538e+02
2.307256877084202813e+02
8.185375693882714359e+02
8.422739601613825471e+02
2.197275709633374561e+02
1.029186907336538980e+03
5.359942937460718895e+02
6.639003422897206974e+02
1.043774719360224253e+03
8.966457673644940485e+01
1.011339169471497144e+03
8.405802091920361363e+02
4.216727838936263311e+02
1.180809040799670356e+03
4.400698782740740853e+02
8.950051996252159370e+02
1.119075929615983341e+03
9.716623894506631132e+01
1.230676418901253555e+03
8.140751282505524387e+02
6.720553485761499815e+02
1.344140151441325997e+03
3.014181347244630729e+02
1.173150608909090352e+03
1.185683702345666006e+03
3.391771235807142375e+02
1.487447750929165750e+03
7.542749175176701328e+02
9.904019764750456716e+02
1.525963245421366537e+03
1.033463020326030346e+02
1.520091325834129293e+03
1.242117514328848301e+03
6.665468461904406468e+02
1.802145330566046823e+03
6.472900969698254130e+02
1.412101348107428521e+03
1.739105036563222029e+03
1.873074064710940831e+02
1.977915403381081660e+03
1.286235130914915999e+03
1.130697286686689722e+03
2.215456797421806641e+03
4.636619605843027330e+02
2.012992739345384507e+03
2.013727318383625061e+03
6.340101012216000527e+02
2.639279619999573242e+03
1.315367369885558219e+03
1.849424126261208585e+03
2.825782614516249396e+03
1.406221004807782435e+02
2.970855586041904644e+03
2.421388332515501588e+03
1.407891193062546336e+03
3.747988148756993724e+03
1.320972221678591040e+03
3.155405981397085270e+03
3.917722319994096779e+03
5.238663095851628668e+02
4.867665017990142587e+03
3.215656658627332035e+03
3.102236898477676732e+03
6.219989793424811978e+03
1.272182043842867415e+03
6.488415479098202013e+03
6.841817629510836014e+03
2.554353502474413290e+03
1.105653581902968108e+04
6.040606219816146222e+03
1.045858208055856085e+04
1.906516245910555881e+04
7.784876194099534814e+02
4.134593933214522986e+04
7.998237104992245440e+04
8.596013341810455313e+04
5.457914502851814905e+04
9.958538980786199318e+03
1.695938463321438394e+04
1.492859021492665852e+04
1.764302503721014318e+03
1.130780138395491485e+04
5.835480414106390526e+03
4.863523300792831833e+03
7.762079364281733433e+03
1.192930294111836020e+03
5.603490831992060521e+03
4.757408475982098025e+03
1.552316512599666112e+03
5.143857554148630697e+03
2.152180313544557066e+03
3.046863978446514011e+03
4.001050651123366151e+03
5.336888168801169741e+01
3.556814850205898892e+03
2.506549271398123437e+03
1.482623537056532541e+03
3.315286387847960668e+03
9.579660864151231863e+02
2.375076526855915290e+03
2.546661271214312364e+03
4.091680438617095774e+02
2.647926645562636622e+03
1.483257475387633121e+03
1.423505762824966496e+03
2.389153884546502923e+03
3.537029843001228073e+02
1.993526180602176737e+03
1.742738113776164710e+03
6.442258138016477460e+02
2.100878799051351507e+03
8.815483364439853631e+02
1.363569785972650152e+03
1.804116880198443368e+03
2.432693813511045278e+01
1.723909134590000349e+03
1.215121151207236608e+03
7.780685638170612037e+02
1.713530646147193238e+03
4.788118556821090692e+02
1.297281165216240197e+03
1.383572311900040404e+03
2.558491782442536930e+02
1.508933346237606202e+03
8.333535731966970843e+02
8.540124109606678076e+02
1.411599376535677038e+03
1.892284320094485963e+02
1.224333353232148511e+03
1.057871893734931973e+03
4.232412650909956255e+02
1.323449479229953795e+03
5.402586860047135815e+02
8.914847636821962169e+02
1.161103967790775641e+03
3.410764561496687719e+01
1.144553879662934378e+03
7.928955921783216354e+02
5.399331731726732642e+02
1.155844858099331304e+03
3.070820153787975073e+02
9.011103768229141906e+02
9.450149467568256796e+02
1.965430013728972085e+02
1.058739609278086164e+03
5.709330910886055790e+02
6.190540511573906315e+02
1.000234549353267312e+03
1.183602292684641384e+02
8.892294838389532288e+02
7.541049957846981897e+02
3.238352707156682300e+02
9.677067645643872993e+02
3.819127707327981511e+02
6.684968127307887471e+02
8.533186034587885160e+02
4.075242857044695910e+01
8.600049006641841061e+02
5.829121094106959617e+02
4.200696892230428148e+02
8.718510782156354253e+02
2.186792246811916698e+02
6.948483444951696129e+02
7.142623239325274653e+02
1.650568778940633479e+02
8.171368133904452407e+02
4.287184697794162389e+02
4.906186167360354489e+02
7.732746791609482671e+02
7.908186734488829472e+01
7.011460107005451619e+02
5.821706374892806934e+02
2.670775203973541920e+02
7.628939937460063447e+02
2.896117219101598721e+02
5.390533725953893054e+02
6.728202855321619609e+02
4.500592941965785343e+01
6.907574358285023663e+02
4.571076786702043933e+02
3.478920859108577588e+02
6.996114856666423520e+02
1.647090957114651246e+02
5.682792101724229497e+02
5.717992133931447825e+02
1.454946725832277821e+02
6.662685600601221267e+02
3.394155332445546378e+02
4.095825348660557097e+02
6.293006493249108644e+02
5.420548087677255467e+01
5.806541183040775422e+02
4.714848515402867406e+02
2.304001193188119032e+02
6.299257896488536517e+02
2.295878615539078282e+02
4.539412119124667697e+02
5.538273110024584867e+02
4.783262536772390661e+01
5.782508433779714778e+02
3.731714476179473650e+02
2.995088028629943437e+02
5.837541698551650597e+02
1.283090723217696905e+02
4.824690220250093944e+02
4.748639865431865701e+02
1.321468969878480948e+02
5.629056920532505046e+02
2.780164161768738040e+02
3.536800681033225260e+02
5.296422337720348423e+02
3.718117801736569561e+01
4.966918603007525803e+02
3.941112451376869785e+02
2.046785623321053151e+02
5.364049837850870972e+02
1.872633555701237640e+02
3.936900115892345298e+02
4.693568673927590567e+02
4.987720203564621357e+01
4.979392360381662002e+02
3.130800223819552457e+02
2.647862257061794935e+02
5.003662794842171024e+02
1.020460745642898388e+02
4.204031106680707239e+02
4.045663206487075172e+02
1.224071259761725656e+02
4.875252691507686791e+02
2.331276044522138307e+02
3.127009377100506526e+02
4.563546491067843363e+02
2.490763824555971340e+01
4.349542408832563751e+02
3.370405902873959008e+02
1.855878564913363107e+02
4.669994616702701933e+02
1.558154267887725553e+02
3.487592276066960153e+02
4.062858459725662215e+02
5.135538710932868867e+01
4.376530888087424387e+02
2.679243936072188603e+02
2.385949830776725946e+02
4.374293475714435999e+02
8.224817955273313430e+01
3.733498407173537430e+02
3.512242414477317993e+02
1.149626247832498649e+02
4.301162088289189569e+02
1.989497298880182825e+02
2.813402371335179168e+02
4.003874799910911406e+02
1.661268888820371004e+01
3.870926954644224907e+02
2.928784417241367350e+02
1.708239133745006200e+02
4.132318031637755098e+02
1.314205087116029631e+02
3.138609841258178790e+02
3.572057904126966150e+02
5.253865628885779415e+01
3.906569672238348971e+02
2.326685823007079250e+02
2.180934750254105836e+02
3.881194538949285402e+02
6.674923018076238179e+01
3.363595728214406222e+02
3.092369666121912815e+02
1.090884104989978596e+02
3.847966431045598483e+02
1.719283005248754534e+02
2.565040374616236818e+02
3.559586089278905661e+02
1.154587496910951749e+01
3.492215854677709217e+02
2.578500435020498003e+02
1.590465562334858589e+02
3.704020577466274631e+02
1.120042382239719672e+02
2.859399146873917630e+02
3.179483899695000559e+02
5.344320485497634365e+01
3.529209939041198822e+02
2.043500205729049526e+02
2.015916152310683742e+02
3.484214926802436025e+02
5.431042518089194004e+01
3.064893481715969301e+02
2.753268633300708075e+02
1.042975934355269487e+02
3.480788123112139374e+02
1.500385005319317600e+02
2.363195668563697041e+02
3.198595206761830241e+02
1.032266802472755884e+01
3.183612036934574121e+02
2.293067260886776637e+02
1.494047792711763520e+02
3.354032162472674941e+02
9.614773800898809952e+01
2.630687266641896258e+02
2.857946749018080368e+02
5.415204913600832981e+01
3.219283988440116104e+02
1.811108037163140807e+02
1.879656405518478550e+02
3.157150885005567602e+02
4.412190450356718685e+01
2.818136985158128027e+02
2.473260368508821898e+02
1.003044141688259430e+02
3.176827532952644333e+02
1.319310486984768147e+02
2.195585466451888976e+02
2.899083891302903453e+02
1.201479656420295861e+01
2.926899262336736456e+02
2.055750983798217248e+02
1.413448835005430624e+02
3.062301793014049167e+02
8.295337901523583923e+01
2.439514186535208751e+02
2.589410416542536382e+02
5.471032248734792347e+01
2.959766168863657185e+02
1.616725009239477515e+02
1.765057462780382878e+02
2.882728412695868201e+02
3.564971721636155877e+01
2.610497010651091614e+02
2.237885548270289178e+02
9.690561067877783330e+01
2.920649419498165571e+02
1.166909026608508668e+02
2.053903213664115412e+02
2.646255157571487757e+02
1.475938938574356740e+01
2.709663666692614470e+02
1.855152907728516993e+02
1.344821487602697516e+02
2.814992758361091205e+02
7.179906220623809077e+01
2.276962771564129184e+02
2.361342561392811774e+02
5.516374536086686220e+01
2.738896461221802383e+02
1.451349580901627689e+02
1.667382296233249690e+02
2.648988549292141670e+02
2.850974164596184579e+01
2.433281039019153980e+02
2.037172262393066546e+02
9.396989927550072252e+01
2.701664922479227471e+02
1.036889674973820377e+02
1.932336329306380378e+02
2.429792216985190976e+02
1.761149632321886571e+01
2.523208069252350469e+02
1.683205773200435260e+02
1.285624833852498341e+02
2.602566233214972158e+02
6.224771554304874144e+01
2.136959789834772039e+02
2.165298397010139979e+02
5.550995538868386348e+01
2.548487283761905644e+02
1.309185678836719546e+02
1.582608442374710194e+02
2.447169207207507213e+02
2.247956833625429951e+01
2.279760818626801608e+02
1.863696016927914911e+02
9.139213561666716146e+01
2.511916127650902979e+02
9.245025736957036600e+01
1.826691226121505736e+02
2.242131943406311336e+02
2.028258561036537699e+01
2.361160879217566730e+02
1.534085438258967145e+02
1.233782122557788199e+02
2.417763294332524424e+02
5.397782322297380375e+01
2.014760683777902557e+02
1.994565047327974128e+02
5.578643970389040163e+01
2.382307131480192481e+02
1.185276203262552031e+02
1.508480534003653020e+02
2.271035962701202493e+02
1.737593711028137378e+01
2.145508405898063415e+02
1.712260884107150218e+02
8.910238547853897728e+01
2.345833889118286208e+02
8.264401223997661816e+01
1.733847193044103392e+02
2.077746474514136992e+02
2.270220167447389059e+01
2.218845196576561989e+02
1.403424546486208726e+02
1.187944396698775336e+02
2.255430177822528321e+02
4.675084876842556270e+01
1.907076271401550116e+02
1.844534012491240276e+02
5.599330387212159366e+01
2.235885012111951653e+02
1.076409463962264397e+02
1.442836992958619362e+02
2.115814160881101884e+02
1.315115793076219575e+01
2.026817467752935897e+02
1.578762997227822211e+02
8.704448384380513914e+01
2.199030461319549943e+02
7.400777177742092761e+01
1.651471464299219178e+02
1.932430879063575446e+02
2.486911401348485384e+01
2.092687245920825774e+02
1.287935119145166141e+02
1.146995313361151432e+02
2.111537030045611800e+02
4.038499643866420286e+01
1.811335407093060041e+02
1.711588421054444495e+02
5.613847241704654323e+01
2.105772691918795374e+02
9.800791299073938490e+01
1.384047212494365340e+02
1.977781768775363673e+02
9.861848488818116820e+00
1.920904474257581285e+02
1.460058511271296595e+02
8.517633610468355698e+01
2.068151789156427469e+02
6.634127928660963391e+01
1.577740870514300298e+02
1.802923153045363165e+02
2.680153636106399162e+01
1.979894135634476982e+02
1.185043131756322765e+02
1.110069407706798614e+02
1.982939312744276776e+02
3.473980903898983286e+01
1.725488851413225859e+02
1.592841399521106212e+02
5.622958680520576991e+01
1.989176783925141763e+02
