2.222183652388862640e+02
2.020107740793159508e+02
1.700057138979887839e+02
2.386223280282956125e+02
1.706996961784911093e+02
2.084666069211097010e+02
2.288191253748484542e+02
1.617363656537123688e+02
2.401477282969903513e+02
1.986030021120815263e+02
1.899561701799592583e+02
2.482245187754994902e+02
1.702444426797694064e+02
2.306868316217751271e+02
2.293578936080949688e+02
1.751644422325682058e+02
2.567257168599651322e+02
1.950753198549353158e+02
2.132043377735538741e+02
2.552849488022161495e+02
1.744740014611844572e+02
2.532342682378591405e+02
2.279955722830989941e+02
1.944560267068133328e+02
2.715792767330320885e+02
1.930929086191382282e+02
2.390693175057815267e+02
2.599692037250065368e+02
1.849041219760419494e+02
2.753395850970476886e+02
2.256260965897652113e+02
2.190372740098201234e+02
2.842135218575995168e+02
1.944766962304545928e+02
2.665639610323016200e+02
2.624452812598663627e+02
2.026086130919693744e+02
2.964770888033501137e+02
2.234602544476488504e+02
2.481665845182488681e+02
2.946800009350747018e+02
2.017680992112155138e+02
2.949060910109685096e+02
2.629216679837227275e+02
2.275251065719160977e+02
3.163728240941064200e+02
2.235689588210987324e+02
2.807400285323544153e+02
3.025791504487232260e+02
2.167916815668404524e+02
3.238293770228005997e+02
2.629292185060616021e+02
2.593714079604548601e+02
3.344303016631129140e+02
2.284009857613754093e+02
3.165966474736141549e+02
3.088347301403136953e+02
2.410884133386952044e+02
3.524866866654975297e+02
2.637386378983120494e+02
2.975768707353597051e+02
3.506374121909929613e+02
2.408039430138239823e+02
3.545964243731899046e+02
3.133523234076061499e+02
2.753064625210116105e+02
3.810435960300939087e+02
2.680354465388523408e+02
3.419642109361093389e+02
3.654105807294906185e+02
2.639500375040109930e+02
3.952300262273145108e+02
3.182361217936170874e+02
3.194871923690402582e+02
4.089843174052857080e+02
2.788563885798340607e+02
3.924005996694976375e+02
3.793847940227136064e+02
3.001942642450630387e+02
4.387426225776879392e+02
3.261612017120143037e+02
3.747680179945970167e+02
4.380939051421944441e+02
3.018611425570881579e+02
4.491962630492288326e+02
3.938665492373145298e+02
3.514560336402549865e+02
4.851958459115119240e+02
3.399104024758640890e+02
4.404624770177986761e+02
4.677938985936700078e+02
3.418675117910280505e+02
5.142570349862664898e+02
4.115404577351559396e+02
4.203697586785695535e+02
5.364885324726641329e+02
3.673204915271156210e+02
5.215117250082885221e+02
5.005901686980135992e+02
4.029904294489335825e+02
5.901656972116122688e+02
4.367511994066495049e+02
5.102027895184544946e+02
5.949559778712803109e+02
4.142918944522470497e+02
6.211158720647024438e+02
5.423877868901017791e+02
4.938306335074861408e+02
6.793655713362313691e+02
4.767680879375415088e+02
6.329723811806218237e+02
6.681697439404724719e+02
4.941501330407213004e+02
7.497777280493364742e+02
5.979531216097036577e+02
6.275893559938318731e+02
8.009631447901657566e+02
5.513912649974213309e+02
7.994803593978280105e+02
7.667166682019878863e+02
6.287028116816946977e+02
9.281405755200239582e+02
6.894529605148524070e+02
8.320305844804662456e+02
9.722356952941171357e+02
6.809143073127528396e+02
1.045370980298757559e+03
9.196882356839969361e+02
8.577576614855337311e+02
1.199339354018286485e+03
8.514932012726820858e+02
1.157359940419102031e+03
1.241433392444222136e+03
9.477147290779870445e+02
1.470143998272181307e+03
1.192451930575728738e+03
1.306144435459621945e+03
1.706968011906840957e+03
1.210257903040263727e+03
1.836117301171825829e+03
1.815405863283537428e+03
1.568110487386748446e+03
2.435605252613937864e+03
1.891049726673858913e+03
2.453485385374404814e+03
3.073721399179733453e+03
2.354756745924580173e+03
4.001635019853977155e+03
3.918487604269922485e+03
4.286897919100199942e+03
7.164297463401868299e+03
6.397455281807513529e+03
1.280527657969827851e+04
2.406643801906689987e+04
2.775871157789555582e+04
2.060355435921768367e+04
9.291461797396510519e+03
6.754262151309101682e+03
6.318184974443661304e+03
3.357489663968331570e+03
4.079017254606581901e+03
3.202969770250722831e+03
2.251636568986221391e+03
2.884131511116848742e+03
1.817470709264200650e+03
2.003393023689977781e+03
2.046891588592117387e+03
1.276257249392184576e+03
1.793013942759868996e+03
1.371583012211588311e+03
1.177106436168169012e+03
1.485764336412389639e+03
9.209581534627809560e+02
1.189831207056392486e+03
1.136334783103230848e+03
7.817070661052620153e+02
1.123254510568360502e+03
8.020102289156843653e+02
8.194750248076643402e+02
9.577506767287324010e+02
5.964250410108021470e+02
8.479847710620197176e+02
7.310230219818362229e+02
5.757334000561056655e+02
8.001685730832560921e+02
5.255211658144501143e+02
6.304116543362795255e+02
6.730092560868596365e+02
4.354900803924620050e+02
6.506919214926709856e+02
5.057590885784515535e+02
4.618072705602151586e+02
6.003662234292268067e+02
3.759292417425373856e+02
5.131712087574320549e+02
4.919429279808432511e+02
3.463167456699738977e+02
5.157063565615110292e+02
3.636682751820090971e+02
3.897503694360667623e+02
4.604867838235302315e+02
2.831133815529937010e+02
4.246166900237180926e+02
3.644876907369495029e+02
2.918267002955327030e+02
4.138949338451550375e+02
2.690808274102559494e+02
3.349751838088628801e+02
3.539168909921214095e+02
2.297512713204933448e+02
3.571257835471385533e+02
2.716306007710443282e+02
2.554482239714380398e+02
3.328823711810217674e+02
2.027384141664514630e+02
2.907116114171117829e+02
2.740428880420291762e+02
1.938295681672150010e+02
2.944616357613481910e+02
2.005915210247458731e+02
2.253469892705159054e+02
2.619620199781099359e+02
1.580355185829440643e+02
2.508704274203723514e+02
2.069090764813423107e+02
1.718037194784271833e+02
2.434758100301290824e+02
1.498124208823422805e+02
2.023361877138727607e+02
2.065915659837492342e+02
1.308036029533834039e+02
2.127735792471847276e+02
1.528118307676256507e+02
1.551352398291580812e+02
1.979730451595097236e+02
1.130174435270152458e+02
1.763219759046883723e+02
1.564051680063072354e+02
1.144565951914329816e+02
1.790733562866899433e+02
1.132626642900653309e+02
1.386354706061880790e+02
1.536611735898491133e+02
8.989097773110030687e+01
1.540249040668754787e+02
1.171986015395959555e+02
1.053812066827222935e+02
1.462256392243371863e+02
8.466977404998850432e+01
1.252906532740762628e+02
1.167494714815474737e+02
7.822702075909012365e+01
1.299535482316445041e+02
8.420662415716427063e+01
9.914120613792941583e+01
1.156919036861175556e+02
6.468515447559377662e+01
1.108306544846999060e+02
8.733410690725091285e+01
7.540656589348546390e+01
1.061770075488396685e+02
6.080668585529974024e+01
9.452855039333228149e+01
8.887938378290000685e+01
5.614911868928486172e+01
9.710907516711010601e+01
6.178681716808511482e+01
6.958399375080877292e+01
8.499082576490793883e+01
5.249783761591988451e+01
8.681565944777726429e+01
6.632889014864910848e+01
5.789407949336696646e+01
8.352604671004978343e+01
4.869455490550030419e+01
7.083073958128041170e+01
6.774413892455103792e+01
4.529496794819482375e+01
7.399689751342603472e+01
5.189149339051156318e+01
6.263461940249619175e+01
6.827731853236642223e+01
3.977554641344907083e+01
6.829125586904626743e+01
5.606876474380633368e+01
4.920748212049358017e+01
6.359110368705893990e+01
4.019985706800838443e+01
5.905212731904015300e+01
5.570534886884132675e+01
4.178878069667234740e+01
6.222236320621583161e+01
4.937176106180491075e+01
5.032165368875910616e+01
5.150010677043654539e+01
4.338208846539892249e+01
5.698464567256508673e+01
4.647959959636868632e+01
5.225309804031756755e+01
5.739530683635641850e+01
4.421266107771475617e+01
5.771271958332641816e+01
5.063150789072743407e+01
4.239700943915018883e+01
5.361870860879154321e+01
4.474939148120281374e+01
5.206080695637323430e+01
5.924868543016347644e+01
5.057051571651986421e+01
4.846807521250693185e+01
5.273509141728813177e+01
5.629306750772963852e+01
5.238368035951548052e+01
5.400626525414944012e+01
5.648223158723566684e+01
5.100758983955292791e+01
5.195166563276471550e+01
5.545757413249751977e+01
5.876086266342134934e+01
5.482255690583597385e+01
5.571277492355928018e+01
6.085526423634343729e+01
5.633226837978516954e+01
6.450627526441351733e+01
6.085470877187899674e+01
5.799292422882820830e+01
7.114224913698014063e+01
6.018600440174538591e+01
6.710110475942256869e+01
6.780937000783072222e+01
5.432240247388354959e+01
7.856093536857281379e+01
6.865391444955579914e+01
6.949132352400432922e+01
8.511565362194470197e+01
6.408644700805349714e+01
8.668211254598706716e+01
8.610083141726643419e+01
7.051866199707470173e+01
9.283768716688859968e+01
7.725121381288683153e+01
9.729883575721942179e+01
1.025319709440788074e+02
7.927199615168447622e+01
1.123587157894119883e+02
9.157131494563752483e+01
9.768890798459921143e+01
1.235027369053710231e+02
8.484014148819122170e+01
1.212712906916192850e+02
1.163211863705086131e+02
9.734501252229078716e+01
1.435706653673219932e+02
1.066380427380424436e+02
1.306949599159994762e+02
1.492481558379643616e+02
1.050110897341269549e+02
1.606476800241704268e+02
1.362707638322621335e+02
1.299147210532289591e+02
1.780862489599298044e+02
1.275190927110839425e+02
1.741317038216504898e+02
1.742143046660285677e+02
1.418754578014425078e+02
2.109595437040975980e+02
1.595618538040619399e+02
1.881577412926688169e+02
2.261941590970501181e+02
1.572622266748686570e+02
2.382763799162713099e+02
2.160677563952898481e+02
1.947616895005893127e+02
2.712459770275389133e+02
1.946807170331514385e+02
2.557551702114672878e+02
2.766156265268796801e+02
2.107065975610017858e+02
3.179264978453946924e+02
2.610534170190047689e+02
2.724885391945018114e+02
3.461640375806414909e+02
2.488439374769993151e+02
3.580203123850190536e+02
3.462992885527023645e+02
2.951074937378352843e+02
4.226073355244527079e+02
3.223226559620512717e+02
3.952687720207434268e+02
4.530610730936529080e+02
3.348568100302344988e+02
5.005543760655972392e+02
4.387061473103516960e+02
4.324872277621007015e+02
5.853819061655279938e+02
4.318077276476008706e+02
5.831307645666169037e+02
6.096565408048855943e+02
4.913473690476630509e+02
7.338475680920995501e+02
5.974154015817634900e+02
6.608816727591524796e+02
8.331951671825864878e+02
6.156622533303211640e+02
9.002671492087256411e+02
8.748977831699194212e+02
7.879908079408098729e+02
1.135306309580918878e+03
8.846451414264524828e+02
1.139829344573525304e+03
1.333358991810029465e+03
1.054316646378249516e+03
1.642282157699214622e+03
1.495143810390491353e+03
1.572742553868366258e+03
2.237992923008617254e+03
1.766793147243694648e+03
2.665430409523242361e+03
3.073483848000641501e+03
2.882057258646803803e+03
5.128986436416356810e+03
5.202854602712839551e+03
8.163104653878756835e+03
1.664667856546476105e+04
2.112061321805483749e+04
1.742574380144017778e+04
8.974810527619269124e+03
5.321243026002606712e+03
5.442852756732560920e+03
3.139015513370567078e+03
3.211805405734664873e+03
2.975250360722276582e+03
1.894417079837903430e+03
2.438954206505164620e+03
1.814110573243638555e+03
1.615603033449021041e+03
1.875620622496964415e+03
1.220626064692326963e+03
1.525369668021412963e+03
1.387419124640495966e+03
1.023186137355814481e+03
1.364060903797369292e+03
9.834372593699803247e+02
1.034722246970540709e+03
1.141749610442811445e+03
7.695744502775776255e+02
1.044075118309293430e+03
8.851317236475966865e+02
7.443574766143684656e+02
9.652558769566430783e+02
6.706702322940614067e+02
7.972495416415619047e+02
8.146755438380108671e+02
5.840037084803767584e+02
8.084890409355278962e+02
6.343965810298080896e+02
6.163083372222871503e+02
7.490333290637349819e+02
5.090098687871324046e+02
6.669444555124106273e+02
6.251977189924131153e+02
4.873402706140910254e+02
6.680806511492731943e+02
4.944689453616553010e+02
5.401648753940763754e+02
6.045460342197875434e+02
4.196995237086169936e+02
5.801105553344418695e+02
4.985480418643589360e+02
4.347513202074761693e+02
5.654894341889504403e+02
3.989064438192943953e+02
4.897627718535861163e+02
5.013171247141906974e+02
3.668125338982943049e+02
5.147915251300012187e+02
4.082725870737651803e+02
4.035710628083862730e+02
4.890436805954464603e+02
3.370049432251176427e+02
4.487939975821875009e+02
4.207203894723253370e+02
3.361416615543478201e+02
4.603149969558107273e+02
3.409405033563828056e+02
3.797710270834599555e+02
4.237314996771943925e+02
2.986413402259486247e+02
4.164669623978371078e+02
3.562216139663448757e+02
3.179879675361225395e+02
4.129758486464374414e+02
2.916390784832968848e+02
3.624881954283012533e+02
3.688600159245160057e+02
2.743749835023425021e+02
3.863663511023814294e+02
3.037456245155401007e+02
3.071782023644451556e+02
3.715318249967853035e+02
2.567294663476318419e+02
3.460356939528306270e+02
3.223224959310339841e+02
2.612823922414800109e+02
3.572632492046880088e+02
2.631153564961320512e+02
2.997788498525176806e+02
3.322437843755058680e+02
2.341344906082194086e+02
3.299949676054596353e+02
2.809669267037433542e+02
2.546119936390196017e+02
3.293217334801345828e+02
2.315401835026782180e+02
2.925185426935331634e+02
2.959881412620807737e+02
2.216672806925042494e+02
3.132599410101804551e+02
2.454050031427444196e+02
2.516092096709280383e+02
3.020476409306148184e+02
2.093502520242281832e+02
2.852535722869930623e+02
2.629924487712536916e+02
2.157376210560315144e+02
2.953045640212583294e+02
2.163127520968819510e+02
2.497766939460527169e+02
2.750394900665840510e+02
1.951856051494248163e+02
2.762030666006433535e+02
2.330839469055105155e+02
2.146338123114063876e+02
2.763856836359077533e+02
1.939616478402846838e+02
2.478647848873534940e+02
2.486473193977320477e+02
1.881562379255080657e+02
2.657697641629529812e+02
2.066961586347755997e+02
2.154166544547870785e+02
2.565635358023004642e+02
1.781305822212910641e+02
2.446385783148973303e+02
2.235204259389448112e+02
1.860830579514098417e+02
2.534441197814410032e+02
1.845660004914652461e+02
2.164166241122498207e+02
2.360188999403472110e+02
1.685925344330987912e+02
2.394943694669801459e+02
2.001322453093987122e+02
1.871524622617155273e+02
2.394851880988701112e+02
1.675640674964079722e+02
2.166992637735507401e+02
2.152868463939111905e+02
1.645266181712333946e+02
2.323030850545879673e+02
1.791756024760727541e+02
1.894564562666334666e+02
2.239389202100052785e+02
1.556774449679238899e+02
2.152858376607051696e+02
1.949010601630335486e+02
1.645920737315302063e+02
2.230876002158690881e+02
1.615555659345104687e+02
1.918911491066898236e+02
2.072958802191332950e+02
1.491153597144398759e+02
2.123111270776581989e+02
1.757971903256322435e+02
1.669674372195925400e+02
2.120146376274268221e+02
1.479716144637204138e+02
1.934038756797251892e+02
1.902155626650350939e+02
1.468938230012779798e+02
2.070754588390300341e+02
1.586478875151820773e+02
1.702575327989681853e+02
1.991756276310013050e+02
1.386440242208764175e+02
1.931682452824364020e+02
1.731118351461267082e+02
1.479975125738516795e+02
1.996173700366350943e+02
1.438281039808238120e+02
1.731576059907944511e+02
1.851527162506464776e+02
1.340279852074500013e+02
1.912309822058245175e+02
1.568307982795796818e+02
1.510764221386581312e+02
1.903859982813399370e+02
1.325948264088889346e+02
1.751744051072586785e+02
1.705159211116541655e+02
1.331184936367881448e+02
1.871280796794478647e+02
1.421046856855923011e+02
1.548582605062821358e+02
1.795772898978864873e+02
1.254218019469447825e+02
1.757288589987407477e+02
1.558195842782917282e+02
1.350567239768118384e+02
1.810604429826022397e+02
1.297287008074538051e+02
1.582800303493890794e+02
1.675025073462555270e+02
1.220477736888668261e+02
1.743802400095940754e+02
1.416996087385739713e+02
1.385527008452599773e+02
1.731471740323099766e+02
1.204008118756795085e+02
1.606160900571452999e+02
1.546988540033805464e+02
1.220610120845980191e+02
1.710568849900831196e+02
1.288976046768243577e+02
1.424875271432522084e+02
1.636400102093967632e+02
1.145946814337775379e+02
1.614363653801723331e+02
1.417056095727163552e+02
1.244900250051670980e+02
1.658291872200360331e+02
1.182046266624641646e+02
1.460295114156734542e+02
1.529538938500532765e+02
1.122889922854417648e+02
1.605029697567994731e+02
1.292079372553576206e+02
1.282066627150253737e+02
1.588453197171982083e+02
1.103055728617610640e+02
1.484928973330802648e+02
1.415184008102994824e+02
1.129554601973109413e+02
1.577056169871871987e+02
1.179266070473355938e+02
1.322324150907668923e+02
1.503587131838973505e+02
1.056282885126162654e+02
1.495042247486363181e+02
1.298921844807998696e+02
1.157025839421966396e+02
1.530818538778307811e+02
1.085810425296439377e+02
1.357756253853814314e+02
1.407293621314770178e+02
1.041178913991353170e+02
1.488215481877320485e+02
1.187053989226263724e+02
1.195220694011104001e+02
1.467832338507321595e+02
1.018454972427538792e+02
1.382694103337391880e+02
1.303791215303058948e+02
1.052761244157820073e+02
1.463734635600242768e+02
1.086478873621181691e+02
1.235427223318871768e+02
1.390709514732735670e+02
9.807427879940436810e+01
1.393547301720995222e+02
1.198434981340293746e+02
1.082511337097145514e+02
1.421914358333718553e+02
1.004119719348915822e+02
1.270366725248517099e+02
1.302709093481489049e+02
9.719390659533890187e+01
1.388233020941434859e+02
1.097195184239518255e+02
1.121190180232289322e+02
1.364321833079301598e+02
9.462517819391511864e+01
1.294930952340708643e+02
1.207961626136449240e+02
9.871312845574459516e+01
1.366114977607728065e+02
1.006687482355186063e+02
1.160761938423350870e+02
1.293325269643135016e+02
9.159484425658095574e+01
1.305878043951972529e+02
1.111575470192606048e+02
1.018326450315419436e+02
1.327629167106605337e+02
9.336795180976911013e+01
1.194779658842960828e+02
1.212094798432040648e+02
9.122433709838378491e+01
1.301407362098140368e+02
1.019334072528810111e+02
1.056916447901813569e+02
1.274198724675958090e+02
8.838948343937737206e+01
1.218502247351590313e+02
1.124545681647503130e+02
9.303688084870590558e+01
1.280914035719437152e+02
9.373873177168086102e+01
1.095676700173268614e+02
1.208136510131366066e+02
8.597847888021151164e+01
1.229178951971552607e+02
1.035685751411893278e+02
9.624375225765827224e+01
1.244949812560972902e+02
8.723643229996491755e+01
1.128488773277444750e+02
1.132473594644995245e+02
8.603836862628196513e+01
1.225062753341809270e+02
9.509635581809874338e+01
1.000723842602635898e+02
1.194870321397868480e+02
8.293313321703770669e+01
1.151270892948997329e+02
1.051074284682279654e+02
8.805935229771054651e+01
1.205743713689499685e+02
8.765215792888187707e+01
1.038303908126769244e+02
1.132858025462959688e+02
8.106132360227724121e+01
1.161364011664137337e+02
9.686580072013737208e+01
9.132598684938601252e+01
1.171719242607461382e+02
8.183723646603600343e+01
1.069818330488838711e+02
1.061954865161924033e+02
8.147838873049808228e+01
1.157272443900836976e+02
8.904374422331312644e+01
9.508954741169841895e+01
1.124285784046773244e+02
7.812142203469286983e+01
1.091462463008539316e+02
9.857644849089898287e+01
8.366284525949916429e+01
1.138730196847946559e+02
8.225303759088666311e+01
9.872733665001690895e+01
1.065712490977959419e+02
7.671215173860827008e+01
1.100813754637033526e+02
9.089173041534911590e+01
8.695135968799671389e+01
1.106201880071555053e+02
7.704301155670701462e+01
1.017394278007986657e+02
9.988140594423853713e+01
7.742018008362222758e+01
1.096595607807237371e+02
8.365590651447423909e+01
9.064419696147309935e+01
1.061054853815676324e+02
7.385446360395313548e+01
1.037818792121430391e+02
9.272385838918168588e+01
7.974624835999699712e+01
1.078527640897724353e+02
7.743284295404161810e+01
9.415079227400013906e+01
1.005379003548134875e+02
7.284110401121360212e+01
1.046323370840559761e+02
8.553291040938593426e+01
8.303639489548993424e+01
1.047188261048254816e+02
7.276119845837753530e+01
9.702063211339080340e+01
9.420029303448133362e+01
7.379998921697273317e+01
1.041818418374447646e+02
7.881302960464725516e+01
8.663827729977899139e+01
1.003892613272230534e+02
7.003588491067179689e+01
9.893257771637743758e+01
8.744122651961062331e+01
7.622930966678487152e+01
1.024033261474653642e+02
7.310051897654268771e+01
9.001332560880317146e+01
9.507587248908922106e+01
6.937373673001883390e+01
9.969274616066245187e+01
8.068967323238432243e+01
7.950421464814301942e+01
9.936550780361874047e+01
6.891133725432555934e+01
9.273726533017273255e+01
8.904706265852438207e+01
7.054303405758842871e+01
9.919866040995837864e+01
7.443214005390099430e+01
8.301359979544747603e+01
9.519628936696996391e+01
6.660177376170210550e+01
9.452230595201721997e+01
8.264680808250911070e+01
7.305152302312443169e+01
9.743904461829286845e+01
6.918527266941110554e+01
8.624935488822873708e+01
9.010039849974329229e+01
6.624699743682815267e+01
9.518690887319334593e+01
7.629048611561492521e+01
7.629601483715035215e+01
9.447717449934647505e+01
6.543442287694870174e+01
8.882684914394886277e+01
8.434444699455177386e+01
6.760141753845377366e+01
9.464282441308029092e+01
7.044635907594107493e+01
7.971098964765062078e+01
9.044680661302919589e+01
6.349153784868734363e+01
9.048890847447138697e+01
7.827063153317040189e+01
7.016142953806803462e+01
9.289303505800796756e+01
6.562834981691783298e+01
8.280509904316309644e+01
8.554552647300423018e+01
6.341413418936303970e+01
9.105486125802657682e+01
7.227168082561189522e+01
7.336865833792795399e+01
8.999519580944787833e+01
6.227235031425090028e+01
8.524100727978957082e+01
8.004100363773375193e+01
6.491769960030657671e+01
9.045781607681917080e+01
6.681697031126736874e+01
7.667268465687169510e+01
8.608101854766509575e+01
6.067340933034812878e+01
8.676931486085332779e+01
7.425471161740283321e+01
6.752515616287232092e+01
8.870276836267161968e+01
6.238140573532184163e+01
7.963725331269907315e+01
8.135442011259610240e+01
6.083452018147099949e+01
8.724207593338759636e+01
6.858792269599787517e+01
7.068103350134016694e+01
8.585645205701331406e+01
5.939395344170427649e+01
8.193291818081664246e+01
7.607224735470016697e+01
6.247369250607831503e+01
8.659539445450219830e+01
6.348571649398878236e+01
7.387710887885447164e+01
8.204844987813643797e+01
5.809749384393976612e+01
8.333512616100652792e+01
7.055609383451846384e+01
6.510242851075868487e+01
8.482977266619653278e+01
5.940847776916640299e+01
7.670804217587993890e+01
7.748232371074068681e+01
5.847724700136888742e+01
8.371129938820675420e+01
6.519441963047960087e+01
6.820333165102444184e+01
8.202596867876579267e+01
5.675665242477139572e+01
7.886629047853080010e+01
7.240553681592419366e+01
6.022419453446657656e+01
8.300530049723016646e+01
6.041888909561034637e+01
7.129243222780908695e+01
7.831504541944133280e+01
5.574236887445835720e+01
8.014545436073427709e+01
6.713827831804481150e+01
6.286919908198016316e+01
8.123080853045389915e+01
5.667678523861595608e+01
7.398855349053634711e+01
7.388918375319042298e+01
5.631350359443943887e+01
8.042727842084676126e+01
6.205800025618312787e+01
6.590744813681560288e+01
7.846396112242832999e+01
5.433507043040594908e+01
7.601146803664492779e+01
6.900258357093193240e+01
5.815354755421939359e+01
7.966482478826601721e+01
5.759006032331401315e+01
6.888684841116639745e+01
7.483802364406189156e+01
5.357790433402785624e+01
7.717070453483457015e+01
6.396617626527203981e+01
6.080171732161014830e+01
7.787535471836781653e+01
5.415800719165601151e+01
7.145367137947540925e+01
7.054509871810714117e+01
5.432028878168642194e+01
7.736078892048804789e+01
5.915149279894935574e+01
6.377246990833711493e+01
7.513998658069080250e+01
5.210569272539709829e+01
7.334438835151037495e+01
6.583483602147798308e+01
5.623840067080589478e+01
7.654118911106887424e+01
5.497114484996376405e+01
6.664281133587519435e+01
7.159144700543598105e+01
5.158364857752121679e+01
7.438786804197910385e+01
6.101419328413059873e+01
5.887968810051585677e+01
7.473668980917771876e+01
5.183005799013412229e+01
6.908055107998717403e+01
6.742208596542143084e+01
5.247903416474033378e+01
7.448662385579608269e+01
5.644907253532682034e+01
6.177984973556225867e+01
7.202761145212591032e+01
5.004711700529880858e+01
7.084326392983315657e+01
6.287627932566537226e+01
5.446130007268836692e+01
7.360923813764536305e+01
5.253758879682641947e+01
6.454401330333173803e+01
6.855102484352057957e+01
4.973814215409011297e+01
7.177718486823536637e+01
5.826043057946472459e+01
5.708448302805265939e+01
7.179105364981448645e+01
4.967374363915284619e+01
6.685153403114370008e+01
6.449500378669748102e+01
5.077277321985715730e+01
7.178714843777008525e+01
5.392671951242670048e+01
5.991345724664115124e+01
6.911008916659420720e+01
4.813593780920271570e+01
6.848964258200201982e+01
6.011261808231569148e+01
5.280097520941728106e+01
7.085244603464151680e+01
5.028227449466044874e+01
6.256260651923810201e+01
6.569241043184690909e+01
4.803373515955298956e+01
6.931159254264819936e+01
5.568246583460307164e+01
5.540835536317593579e+01
6.901543357623395991e+01
4.767057759540494288e+01
6.475284450451420071e+01
6.174813347876870040e+01
4.918587770512071700e+01
6.923795739470214983e+01
5.157704160954249772e+01
5.815861552586888195e+01
6.635324554180377277e+01
4.637333275057472548e+01
6.627075210182763954e+01
5.750674566245675123e+01
5.125987781061235893e+01
6.825301956347813359e+01
4.816640994124167463e+01
6.070449921843177066e+01
6.300591732003820056e+01
4.644300490451824714e+01
6.698734191354823508e+01
5.326777063630368048e+01
5.383179082232962287e+01
