1.376191019732675613e+02
1.244212841352417342e+02
1.555950433228974532e+02
1.238749827214152077e+02
1.418630952491410540e+02
1.502937276092138745e+02
1.210344969353761684e+02
1.563691088096449846e+02
1.362953672916746086e+02
1.337151822204904477e+02
1.595505167641052537e+02
1.247227428166978740e+02
1.519640551571796721e+02
1.502955854694188815e+02
1.276519486698332315e+02
1.635249634709772124e+02
1.353084741176359955e+02
1.442545656942286030e+02
1.622941380181569571e+02
1.276196606251155856e+02
1.617940862475993526e+02
1.496804864893406943e+02
1.364761152230775565e+02
1.695763954337037092e+02
1.353224180762568096e+02
1.555151984542386856e+02
1.638638077122500931e+02
1.329367871386590707e+02
1.710586111988860409e+02
1.489562480187702533e+02
1.471452494009541283e+02
1.744503788017640034e+02
1.370697381319806141e+02
1.669797456764026720e+02
1.644853295424171904e+02
1.409309092369950918e+02
1.794944224393852323e+02
1.487572321734658942e+02
1.594172585334773373e+02
1.782507127809876692e+02
1.411166594236206038e+02
1.784144848305598430e+02
1.647532847518080246e+02
1.513186803806573266e+02
1.867721625408690613e+02
1.496540571933192609e+02
1.722857389528361125e+02
1.806763131135858202e+02
1.478187332144768789e+02
1.892255708925781050e+02
1.647497925599074335e+02
1.637858087329850605e+02
1.929739757611222331e+02
1.525244553078153444e+02
1.857705467383829898e+02
1.824977682467721536e+02
1.575392710255239308e+02
1.994240371500792151e+02
1.656404592142827994e+02
1.779527521158165371e+02
1.980840421467835881e+02
1.582332964248310248e+02
1.992998486460153629e+02
1.838607527424359773e+02
1.701709429580194239e+02
2.087491896562112288e+02
1.681092805070689735e+02
1.934708227660630371e+02
2.022192922955111101e+02
1.671752913005306311e+02
2.126900517591970470e+02
1.853476560354041567e+02
1.853291677277916278e+02
2.171591912031613276e+02
1.728901899158136075e+02
2.100666147810330813e+02
2.059541994899806525e+02
1.791691886327996883e+02
2.255906866414300396e+02
1.881672522869426984e+02
2.024652197844728221e+02
2.245744941330102620e+02
1.808939800083981027e+02
2.266369647219139551e+02
2.094545357753270594e+02
1.953800204290703562e+02
2.381083536716145659e+02
1.929291981842586381e+02
2.219359497998845256e+02
2.314919999629375127e+02
1.927769595381587067e+02
2.442182243146831979e+02
2.138944783748266047e+02
2.138824395638351916e+02
2.495523164119782393e+02
2.009415406867960598e+02
2.430254575892404887e+02
2.381224620106531518e+02
2.088229652151810001e+02
2.615543324606592250e+02
2.197505541920845076e+02
2.367367363961032822e+02
2.618487813600906975e+02
2.127454609645407118e+02
2.653474314989306890e+02
2.462721397979615006e+02
2.301476926722794758e+02
2.792336607382823672e+02
2.284229138764331992e+02
2.621076188535410552e+02
2.742660576781844384e+02
2.304065859030987156e+02
2.892115485422327197e+02
2.555957031432042754e+02
2.559832367932803550e+02
2.974536883280354687e+02
2.421809634199737502e+02
2.911423215914085745e+02
2.868875449875441177e+02
2.539321014045953007e+02
3.154197663645258558e+02
2.672797869879908603e+02
2.873467633719359924e+02
3.185329084532343700e+02
2.618795379611625549e+02
3.234417839041038860e+02
3.023928962867115615e+02
2.838351008015027901e+02
3.433735590005885001e+02
2.844962904351882003e+02
3.244006646910333416e+02
3.407176781640965828e+02
2.890358299398956774e+02
3.607619908011355392e+02
3.217488595823438118e+02
3.224155024857185481e+02
3.764346177820179378e+02
3.102337768279284091e+02
3.695514164807448196e+02
3.686965874485128438e+02
3.272179699127062236e+02
4.042110265535720259e+02
3.495018823253984692e+02
3.742946247119355689e+02
4.157681306128719143e+02
3.452720626280420788e+02
4.238749401965422408e+02
4.021110774114219453e+02
3.778890484974337483e+02
4.591727817632499864e+02
3.880381658565523821e+02
4.364989553763051049e+02
4.638597344417998443e+02
3.998043071308937897e+02
4.969431582928361877e+02
4.531453303576255962e+02
4.546452039566884764e+02
5.320911102510995079e+02
4.466778278723795097e+02
5.300109995571273203e+02
5.380850017047860092e+02
4.820055582373996117e+02
5.987556906736735982e+02
5.312120585706352358e+02
5.634359108618007212e+02
6.360283667830599370e+02
5.440664222439643254e+02
6.691272037829133978e+02
6.518736667524102586e+02
6.144332570917435987e+02
7.555775078631118049e+02
6.633005884905711582e+02
7.486623870347490310e+02
8.204391182582411375e+02
7.265169016075490163e+02
9.053847534309174989e+02
8.598329348283618856e+02
8.747181726478441988e+02
1.059258689877485494e+03
9.348874934239385084e+02
1.119401926753361977e+03
1.201328940591359242e+03
1.129880768680928213e+03
1.456561959981535438e+03
1.389442862693894995e+03
1.528017726903997300e+03
1.873756882862626526e+03
1.759449049133622339e+03
2.307438863487610433e+03
2.595086815629244029e+03
2.793319451087076686e+03
3.990027427933113813e+03
4.443036461120141212e+03
6.650706441520979752e+03
1.117737869943981786e+04
1.330390634570576367e+04
1.097424657204773393e+04
6.440240019036917147e+03
4.276501335478977126e+03
3.745294650247179561e+03
2.539113181018441082e+03
2.337664722231676478e+03
2.065676028041858899e+03
1.538883061147598255e+03
1.621935723589198233e+03
1.318171573390334061e+03
1.155286677826270534e+03
1.200108668317750016e+03
9.248549565835377280e+02
9.507676576153515953e+02
8.956074192574210429e+02
7.393722108885497164e+02
8.134638564471707696e+02
6.789723094926699787e+02
6.367603047933948801e+02
6.673907796272404767e+02
5.336002334730984558e+02
5.730776565474892550e+02
5.326700954971603323e+02
4.494601212947150657e+02
5.025836336086744609e+02
4.207239961353263311e+02
4.165390701671161651e+02
4.342799954834847540e+02
3.492528855809068205e+02
3.863878910607567150e+02
3.528455574323726296e+02
3.113876351718653268e+02
3.537667644975497865e+02
2.873749757682248287e+02
2.938433971375156943e+02
3.025212228609394174e+02
2.430309692789254541e+02
2.861836781397718710e+02
2.529873482465285690e+02
2.239150378532588377e+02
2.620811953485157346e+02
2.032614375016318320e+02
2.149400514207851529e+02
2.221011465193874983e+02
1.742962018967851634e+02
2.168338119949252132e+02
1.878040791604812512e+02
1.686544170557138500e+02
1.974265348796423325e+02
1.455487334919967566e+02
1.697379713004725659e+02
1.705652004831748059e+02
1.271409944342542815e+02
1.654619252428905440e+02
1.299164267578906049e+02
1.280060459112709736e+02
1.595168506344959383e+02
1.109464152868134761e+02
1.352510023800293766e+02
1.302073499119822486e+02
1.030480980575928953e+02
1.385806531100160726e+02
1.007714343133845460e+02
1.077887628445331387e+02
1.212537098105162272e+02
7.978309821232797105e+01
1.188824641921214322e+02
9.629858962818072143e+01
8.040575489196334047e+01
1.149312946640486643e+02
6.806346578491761079e+01
9.550186988376557906e+01
9.867584410884710167e+01
6.074783578961340424e+01
1.058387955420020603e+02
7.341622183023268633e+01
7.191527936362209061e+01
9.568205643384706605e+01
4.862326964141740859e+01
9.007828545642379936e+01
7.638834274823707915e+01
5.462501939293730402e+01
9.524358442408563974e+01
5.163109398390058402e+01
7.349972373622880184e+01
7.904628404495680627e+01
3.775265338216410527e+01
8.866689073979112834e+01
5.511472046574048278e+01
5.742787371737244939e+01
8.587418809124653762e+01
2.875084829979951095e+01
7.866314589327731710e+01
6.894478465917691778e+01
3.847876752927829358e+01
8.261732670501866949e+01
3.795665134952287190e+01
6.861731990524131675e+01
7.538366433725606441e+01
2.536913108917830684e+01
8.270738121196322368e+01
4.854393466055027773e+01
5.217311550632752670e+01
8.250639777931162655e+01
1.691772776119174537e+01
7.578457763710594008e+01
6.497101814195117697e+01
3.556013617227361578e+01
8.540769000040131687e+01
3.501663471806420347e+01
6.253687179246807659e+01
7.230489127836180785e+01
2.423800538024668327e+01
8.458339721388379928e+01
4.832236031242785401e+01
5.311878609047475663e+01
8.340097067777529105e+01
1.892977315436171182e+01
8.060127139945417696e+01
6.601351453573076355e+01
4.087762776115258845e+01
8.925829915786098923e+01
3.210236033868669381e+01
7.273342121218840362e+01
7.759765291250663211e+01
2.807251623627572457e+01
9.622228801845682256e+01
5.332417541602972477e+01
6.217404991171298434e+01
9.301410727245098542e+01
2.128888878050257460e+01
9.438782027227668436e+01
7.446983639114041864e+01
4.765377935330819525e+01
1.039190365003650243e+02
3.709857806733496943e+01
8.738793030125158623e+01
9.487504577766840441e+01
3.293059730547691544e+01
1.092760789221503614e+02
6.153290908869698228e+01
7.644172573310099494e+01
1.116824346349931290e+02
2.860818164933078833e+01
1.141185635021590059e+02
9.200468119222628616e+01
5.951855240392438873e+01
1.304343179545090834e+02
5.617719419473051801e+01
1.038290543089111679e+02
1.185691342973964453e+02
4.351835761940077418e+01
1.339383197942774189e+02
8.478008543516044426e+01
9.326819297245073415e+01
1.422489349574760809e+02
4.882207908308728861e+01
1.377027917862749860e+02
1.226691820892396265e+02
7.459743981120374201e+01
1.602244322724973813e+02
8.257004011961601009e+01
1.298879746354984661e+02
1.548369821428351827e+02
6.492582148278924592e+01
1.717937199405168087e+02
1.240042645339725595e+02
1.136968982941532289e+02
1.853455771790011397e+02
8.407890567890382272e+01
1.698242536278928014e+02
1.655972109626843860e+02
9.744160633733936550e+01
2.083932868980394915e+02
1.253137627430956229e+02
1.575552323251482392e+02
2.106126436250386575e+02
9.685151238150230313e+01
2.131723969957780866e+02
1.794024588278279850e+02
1.390341443252388558e+02
2.410884171395212547e+02
1.313788813133240865e+02
2.058936777668579623e+02
2.281775168242888867e+02
1.258479094532632132e+02
2.615349386557396087e+02
1.875226293093733148e+02
1.889903674974523824e+02
2.760610484310582819e+02
1.446269991541022932e+02
2.651661687377543899e+02
2.520079620312441762e+02
1.699887407216127144e+02
3.110491585240954464e+02
1.989724070180565150e+02
2.515631726750014252e+02
3.134047015951464346e+02
1.706981492736001371e+02
3.264558466234170169e+02
2.719187485679776159e+02
2.282911491877800927e+02
3.637759123450024390e+02
2.154509029080967935e+02
3.227665313530419553e+02
3.485876548432866002e+02
2.171775609547800343e+02
3.988126308982763248e+02
2.934294184733685142e+02
3.041265281662838333e+02
4.219759713015458260e+02
2.432897050423340772e+02
4.094209580694322312e+02
3.860742353160477478e+02
2.807714485110634541e+02
4.796273056693515855e+02
3.189673642590796021e+02
3.989096278579622776e+02
4.860956228775871750e+02
2.887511568802758575e+02
5.136318698758971095e+02
4.332073953176920895e+02
3.784240969707369686e+02
5.733643269310711048e+02
3.561597979267511960e+02
5.253970524344546220e+02
5.617862232118974362e+02
3.709917762810524664e+02
6.485987503035451027e+02
4.888614035957979809e+02
5.161413732447863367e+02
6.980894333133838927e+02
4.241288385670601429e+02
6.936175837027928992e+02
6.614165316151979823e+02
5.103132373218031717e+02
8.283492923251982347e+02
5.715550996074039176e+02
7.208266602334956588e+02
8.644163756960903129e+02
5.459848098055482524e+02
9.404676455883030712e+02
8.008963944814161096e+02
7.349271348992911044e+02
1.093717858796793280e+03
7.126726308806497627e+02
1.051490846163631204e+03
1.130811408164886871e+03
7.941343698187041582e+02
1.354299923792692653e+03
1.054755358095759902e+03
1.149190553339392409e+03
1.555762799961666815e+03
1.016550244128352688e+03
1.661033730425753220e+03
1.623859994687621111e+03
1.324329529655063652e+03
2.166907179644897496e+03
1.591933364599211700e+03
2.101699801643258070e+03
2.620088298114445934e+03
1.826161987146051388e+03
3.243254594723654918e+03
2.999983420867758014e+03
3.037719065707283335e+03
4.916957377599399479e+03
3.757691649589333792e+03
6.340136156982512148e+03
8.301289926390467372e+03
7.940013557475250309e+03
2.029821106261168461e+04
3.191971447495410757e+04
3.144822428729625608e+04
1.929747861284326791e+04
7.696565280196793537e+03
8.538551392457256952e+03
6.123143523013894082e+03
3.889581421863681044e+03
4.998643636279068232e+03
2.990615826359713537e+03
3.210779497055311822e+03
3.277841791266876953e+03
1.927192956031674157e+03
2.775857080447134649e+03
2.110093543249925006e+03
1.765361078735136971e+03
2.281234082465816755e+03
1.394192499649966294e+03
1.789386693118285166e+03
1.718373889746344730e+03
1.155242553562531384e+03
1.704833376962166767e+03
1.211962139868920985e+03
1.221797913701474727e+03
1.462091692606343486e+03
8.975038609193854882e+02
1.290571528720283595e+03
1.130225093559180777e+03
8.686902890543268541e+02
1.237483390172900272e+03
8.245863023852339211e+02
9.725039366212764662e+02
1.060432474737740677e+03
6.798817911061042878e+02
1.020989784819538954e+03
8.146482968532556015e+02
7.271683085455174478e+02
9.628069772105088759e+02
6.149242772355106581e+02
8.219135921149825208e+02
8.084989280184086056e+02
5.668976810021972597e+02
8.470869123749719165e+02
6.179272812395037136e+02
6.441373167733788705e+02
7.777541919204448959e+02
4.934118654144439802e+02
7.194549152316141090e+02
6.382021468661457675e+02
5.068799550513147096e+02
7.210191922705597563e+02
4.891666448739319435e+02
5.887653268088116647e+02
6.418864884768429420e+02
4.228808189967292037e+02
6.395164267214881875e+02
5.137825411622501406e+02
4.710842206909526340e+02
6.209993149637862189e+02
4.030636489187679103e+02
5.447740645863102600e+02
5.354053775237124455e+02
3.855522873855910007e+02
5.736963573832830434e+02
4.209231599868913349e+02
4.478198994264242856e+02
5.376373451896087090e+02
3.471959371317407772e+02
5.073336892376811420e+02
4.494989101515658945e+02
3.650713653443307294e+02
5.157693033597798831e+02
3.529013382764149469e+02
4.298697782232878239e+02
4.658804431173971921e+02
3.139594875539621057e+02
4.724003413631307353e+02
3.790899586579283778e+02
3.541975540029480385e+02
4.625775066798678949e+02
3.032271196908725983e+02
4.133548961529325538e+02
4.039645470290419098e+02
2.967961604854367579e+02
4.385593298946581058e+02
3.225440967720905405e+02
3.479638284832885233e+02
4.139175122366152095e+02
2.711903265066721929e+02
3.961636099548360903e+02
3.493268345432137494e+02
2.894121010663740776e+02
4.050217122308590660e+02
2.781405931156941733e+02
3.423067899149649520e+02
3.682123855769517036e+02
2.521606361830612570e+02
3.773648229717931599e+02
3.021815975250428323e+02
2.873184725327510023e+02
3.715032573255921307e+02
2.455203518898607911e+02
3.355532899962176430e+02
3.256859362735110039e+02
2.435914857167483092e+02
3.568998408380693377e+02
2.624454031019325271e+02
2.870343794577913741e+02
3.380502768515091816e+02
2.239579733274806017e+02
3.270418226766638554e+02
2.868167622110980801e+02
2.415875871036007254e+02
3.347951151647662300e+02
2.306719702213943890e+02
2.863766027188704015e+02
3.052761720644378443e+02
2.122746759362455293e+02
3.158436202951706946e+02
2.518229504603640692e+02
2.431248228973422556e+02
3.111738175704154514e+02
2.070331678597419796e+02
2.841731850707216154e+02
2.735879386221349705e+02
2.079935893127744180e+02
3.022579117056553741e+02
2.218724748368308326e+02
2.456123484233830538e+02
2.865031623594593952e+02
1.918272387630258038e+02
2.796400583030422240e+02
2.436437844747996735e+02
2.086831247311469042e+02
2.862722560139037000e+02
1.974839299518455391e+02
2.473788641535557531e+02
2.612607678249064520e+02
1.840112866857274980e+02
2.724413243968679126e+02
2.162437504575401590e+02
2.119055613532842415e+02
2.683796739121078190e+02
1.794941851896056448e+02
2.473763789414965686e+02
2.361555370469149011e+02
1.821860846174856476e+02
2.627350691403615315e+02
1.923943484910162738e+02
2.155278736661203425e+02
2.489286721517304670e+02
1.681750335588237988e+02
2.450190682476881818e+02
2.120056826354063730e+02
1.843483451632064032e+02
2.505230362699122111e+02
1.729316210059062655e+02
2.183507122896757551e+02
2.284065188202058891e+02
1.627293045827147751e+02
2.400300007338336172e+02
1.895764179512929672e+02
1.883528688362101775e+02
2.362205203209398690e+02
1.587022650691307604e+02
2.195104047065653390e+02
2.078620695689228626e+02
1.627191707458389658e+02
2.327394079147259447e+02
1.699385201009558557e+02
1.926147784895427151e+02
2.202634352889756713e+02
1.501117327534230981e+02
2.185025822083300397e+02
1.876769069163644872e+02
1.655962841212006822e+02
2.229763308519246152e+02
1.539647525803781321e+02
1.959841185191039585e+02
2.031963457076303428e+02
1.466603677252125806e+02
2.150246156778719921e+02
1.688418657955103868e+02
1.699909037758336297e+02
2.111051459605991738e+02
1.424587848734206261e+02
1.977497446161229391e+02
1.856496046192898177e+02
1.473430052373129229e+02
2.091623435442307937e+02
1.522640678615521779e+02
1.744733604677051915e+02
1.975515951650665727e+02
1.357408817393381639e+02
1.974461152147667917e+02
1.683569951893004486e+02
1.506624515651272986e+02
2.010015861187303301e+02
1.388277112167181713e+02
1.781051287899372824e+02
1.829039465975037615e+02
1.335335266665998972e+02
1.948670565151480218e+02
1.521357655305857861e+02
1.552067156225652980e+02
1.908690163886016933e+02
1.293176469683377263e+02
1.801611032883061796e+02
1.676712705263529699e+02
1.348603676498500192e+02
1.900294495464934812e+02
1.378832570158438102e+02
1.597667447916834362e+02
1.791296692962851864e+02
1.240485063417811915e+02
1.802839717736774787e+02
1.525783471175712975e+02
1.384521903138253833e+02
1.830505043889469050e+02
1.264174299369797296e+02
1.634259113951196127e+02
1.662547463524143438e+02
1.227399579488808570e+02
1.782950471238295620e+02
1.383936593710121770e+02
1.430272215403745975e+02
1.741933704181688256e+02
1.184711784352105184e+02
1.656214595938305649e+02
1.528068081855391256e+02
1.245252096703990645e+02
1.741770791297882965e+02
1.259438868339775155e+02
1.475223918287644551e+02
1.638051371135780983e+02
1.143229796843816217e+02
1.659966127034147405e+02
1.394286129413493427e+02
1.282592262105416410e+02
1.680689186613352888e+02
1.160544148703162790e+02
1.511480616878863259e+02
1.523291493893246127e+02
1.136999562097770564e+02
1.643969426344348221e+02
1.268647768982009723e+02
1.327888240281468484e+02
1.601748687624995569e+02
1.093519518768561909e+02
1.533778577527766345e+02
1.402846043714861821e+02
1.158066589842117367e+02
1.608079472408808215e+02
1.158845197241282960e+02
1.371686692140372088e+02
1.508403343409124489e+02
1.060951456735904372e+02
1.538921119083562985e+02
1.282884922914550714e+02
1.195985122205856612e+02
1.553372351259475863e+02
1.072548689174543028e+02
1.407000635067046801e+02
1.404744423797354500e+02
1.060022876638784908e+02
1.525510383710527549e+02
1.170349547759614950e+02
1.240418290276421516e+02
1.482029210006222684e+02
1.015658042377150707e+02
1.428994167565966507e+02
1.295711199628680390e+02
1.083358583290057169e+02
1.493427770803387773e+02
1.072642194665793482e+02
1.282825130713044075e+02
1.397104828749416470e+02
9.903141558056924509e+01
1.434794637545452929e+02
1.187066252645130788e+02
1.121420267521975660e+02
1.443744466905529862e+02
9.968370312196026362e+01
1.316860605962545776e+02
1.302492000428883330e+02
9.935859738758678361e+01
1.423134467421228067e+02
1.085475063209415367e+02
1.164729345285807085e+02
1.378420197065420894e+02
9.483635080771250614e+01
1.338176183216640140e+02
1.202862324416126825e+02
1.018572395450483867e+02
1.393948645518497926e+02
9.978880848592152120e+01
1.205538463973078649e+02
1.300368712769138142e+02
9.289356967079577032e+01
1.344142768076832226e+02
1.103742573133257423e+02
1.056415373438202749e+02
1.348169075021238541e+02
9.309533819807896293e+01
1.238143938376781534e+02
1.213255766888336922e+02
9.356233416494001176e+01
1.333656242678596016e+02
1.011373951130398723e+02
1.098446244676007808e+02
1.287756310661731618e+02
8.895952413913818191e+01
1.258542759175115435e+02
1.121552795186413505e+02
9.618127922857182455e+01
1.306664446530832890e+02
9.324623954888657806e+01
1.137633893918473689e+02
1.215353400665173353e+02
8.750585640482721317e+01
1.264373859736163865e+02
1.030470067099635827e+02
9.991401223911003626e+01
1.263996069596787635e+02
8.730369027216640632e+01
1.168679918671474240e+02
1.134589995431380487e+02
8.845242190972685137e+01
1.254633207126816359e+02
9.460395998118075056e+01
1.039828346314060923e+02
1.207618458745830878e+02
8.377454180340451728e+01
1.188039079791298889e+02
1.049642870275955033e+02
9.114995994766034926e+01
1.229251858153813828e+02
8.745075079898938952e+01
1.077366412040870074e+02
1.140068647848095225e+02
8.274579414953933565e+01
1.193560895605029515e+02
9.655535756383716262e+01
9.482760363397422054e+01
1.189217264771216094e+02
8.217438472970199825e+01
1.106870507805737844e+02
1.064687668324298784e+02
8.391318158605720612e+01
1.184249186529214057e+02
8.880007165023017990e+01
9.875854074403754623e+01
1.136222925142246822e+02
7.916839459771104259e+01
1.125122726245701870e+02
9.855820058770167691e+01
8.666395978626057683e+01
1.160188749212169910e+02
8.229964162315108922e+01
1.023429120916539290e+02
1.072761416106577173e+02
7.849776052033753615e+01
1.130132635412010984e+02
9.075487676375138335e+01
9.027228747091282912e+01
1.122240013077398402e+02
7.759524338714213343e+01
1.051415025436121340e+02
1.002076559806198901e+02
7.984894524424231577e+01
1.121075939795109520e+02
8.360592242486234227e+01
9.406369066925805100e+01
1.072123849973054917e+02
7.504637205365098396e+01
1.068525892990762145e+02
9.280782474788902903e+01
8.263002872307917812e+01
1.098020492108751682e+02
7.767928068571134759e+01
9.748458240603297043e+01
1.012231954916865959e+02
7.468573666763948893e+01
1.072950045619224113e+02
8.554066582791733708e+01
8.616425704334783120e+01
1.061840102553443614e+02
7.348279592108866609e+01
1.001322782412390922e+02
9.456297683701784251e+01
7.618597471484393679e+01
1.063990709392555090e+02
7.892868229412006542e+01
8.981524004352357338e+01
1.014195160495779078e+02
7.133668128194040037e+01
1.017266841913946536e+02
8.761331326075945469e+01
7.898489358728946286e+01
1.041727556758928586e+02
7.351114040340256395e+01
9.308001710060887035e+01
9.574070255510638106e+01
7.123926383472885959e+01
1.021092073858972356e+02
8.082391617243092696e+01
8.243383570837909247e+01
1.007060560149114394e+02
6.976824380494254285e+01
9.557752908947659876e+01
8.944440120930920557e+01
7.286649561742105163e+01
1.012095996158149660e+02
7.469183834781044595e+01
8.595120853468311850e+01
9.615667933130644940e+01
6.797500069479976048e+01
9.706066866275278926e+01
8.289972382606087820e+01
7.566372103948135930e+01
9.904845176334993084e+01
6.973674341052587522e+01
8.905641548532253182e+01
9.075112223958512914e+01
6.811272177518341664e+01
9.737205311611437253e+01
7.653588173626478408e+01
7.903152445867897313e+01
9.570558276496920769e+01
6.639576297957185602e+01
9.141584240741613598e+01
8.477787950507304515e+01
6.983978084256214913e+01
9.646640516569014778e+01
7.083825148811293104e+01
8.241269618304096412e+01
9.134671785542786893e+01
6.492096735915694694e+01
9.278493959491221688e+01
7.859490377521561300e+01
7.263219818135885930e+01
9.435520844432980425e+01
6.629598544129041215e+01
8.537265027305498677e+01
8.618449821906571628e+01
6.525639628158278072e+01
9.303224446893763400e+01
7.261836771664799528e+01
7.590856016854625921e+01
9.112462300665021075e+01
6.332035499594159944e+01
8.759141315982510889e+01
8.050486490107392967e+01
6.706907968148270527e+01
9.210970189200985203e+01
6.731458395762635405e+01
7.916059025986483277e+01
8.693291750272011598e+01
6.212740133974219248e+01
8.885195666142749360e+01
7.465019274744707900e+01
6.984314290703574102e+01
9.003800753206651564e+01
6.314873244139856467e+01
8.197784642240058872e+01
8.198998102749489192e+01
6.264029326354454952e+01
8.903369457079089955e+01
6.902552611400402327e+01
7.303103524435915972e+01
8.690654395486959061e+01
6.050411184160977740e+01
8.406214341631319087e+01
7.657460936738955581e+01
6.452005014786361414e+01
8.809064726670213474e+01
6.408027487959431312e+01
7.615656826174662797e+01
8.286458484833354987e+01
5.956298636510017275e+01
8.521794409293146089e+01
7.101988836671041838e+01
6.726773961903494126e+01
8.605197513031191647e+01
6.025948241010101469e+01
7.883544251166688355e+01
7.812144462798229938e+01
6.023184475897527079e+01
8.533225401112036934e+01
6.571825553117317043e+01
7.036827749814713684e+01
8.300580997941592898e+01
5.791558212082008339e+01
8.079277520759012532e+01
7.294630386929922850e+01
6.216492910863257038e+01
8.436892977573678820e+01
6.110261243688096044e+01
7.336948348742815540e+01
7.910004111552582629e+01
5.720218099759222241e+01
8.184630286513521469e+01
6.766597872297218430e+01
6.488161024415070699e+01
8.235764565002796189e+01
5.759673733434969023e+01
7.591527155913411207e+01
7.454042231636321958e+01
5.800649973628269862e+01
8.189334067714253251e+01
6.266276387209547494e+01
6.789446769388972314e+01
7.938609088432635019e+01
5.552727687371037746e+01
7.775171198948628160e+01
6.958572257757471391e+01
5.998013883809168334e+01
8.090852138623087342e+01
5.835227945119422799e+01
7.077393217393499469e+01
7.560359252819134213e+01
5.502098569327236532e+01
7.870640783488660475e+01
6.455746456784470411e+01
6.266293162385523630e+01
7.892018773253055031e+01
5.513560645394429116e+01
7.319311991743406054e+01
7.121145484653702340e+01
5.594352944357900270e+01
7.869084735605761693e+01
5.982875499589193424e+01
6.558709373117045516e+01
7.601962186152846357e+01
