2.356680210591398179e+02
3.281045955361807955e+02
2.095875196566177578e+02
2.987404433462417614e+02
3.027003528624113073e+02
2.132315285078104239e+02
3.409263174064960253e+02
2.504921924086062006e+02
2.719781859007910043e+02
3.424297650654583549e+02
2.140519071484576443e+02
3.355868128614117722e+02
3.029539445913743521e+02
2.426869892291154542e+02
3.674278568736383477e+02
2.465901309966870656e+02
3.137844315963193935e+02
3.534753698351310618e+02
2.284835052950303975e+02
3.736159789649755680e+02
3.010418867903906630e+02
2.821062314562703364e+02
3.919762381539967464e+02
2.470985203957912972e+02
3.601427004089014758e+02
3.612648352117539048e+02
2.556171249051191694e+02
4.121185296873288166e+02
2.983674510233693695e+02
3.308601062704433957e+02
4.143344217517852712e+02
2.565840089392875711e+02
4.106452412303060555e+02
3.662813947301070812e+02
2.966973732620253941e+02
4.507156877022569574e+02
2.978865246089668517e+02
3.881893568620711221e+02
4.339787744562815419e+02
2.796305027072252756e+02
4.645507504731407948e+02
3.690810043739997468e+02
3.530337634290868891e+02
4.897633517280553406e+02
3.043738853026036963e+02
4.550490453312400518e+02
4.518054291335901098e+02
3.213776619248054658e+02
5.239555736475815593e+02
3.736125819308513769e+02
4.238869980950539684e+02
5.286100243504749869e+02
3.238882753666841268e+02
5.311878657401131250e+02
4.683085152036026102e+02
3.844289166072293824e+02
5.874162446950892900e+02
3.821765287812548877e+02
5.118934399246354587e+02
5.686576971065592261e+02
3.654974838107330584e+02
6.197525292250508073e+02
4.859265591803009556e+02
4.731135269886582932e+02
6.581846680447491735e+02
4.033847749276691843e+02
6.212536298082130770e+02
6.125057152617889642e+02
4.371806905129238316e+02
7.231341881884754912e+02
5.084337917424583679e+02
5.934492187632479272e+02
7.393828775695413924e+02
4.494514393750710610e+02
7.588871933810886503e+02
6.629522139604171116e+02
5.533347020020142963e+02
8.531332410283389436e+02
5.474010654644085889e+02
7.585945688522284627e+02
8.402604288456489030e+02
5.421780379669960439e+02
9.419224001993528645e+02
7.303483355275236590e+02
7.316429526513682049e+02
1.024770188276864246e+03
6.213266795946674392e+02
9.939875080249084931e+02
9.765529065737320025e+02
7.075612754492680097e+02
1.198823815694215909e+03
8.354491849743496914e+02
1.014473019736552942e+03
1.273612768209921569e+03
7.742198271465738344e+02
1.360884196475340786e+03
1.188142009282391882e+03
1.024595817311803785e+03
1.618938755515543562e+03
1.036859737464048749e+03
1.512018152446355089e+03
1.699841802466400395e+03
1.118683316794680195e+03
2.036233678042081692e+03
1.599693932647699512e+03
1.703179528397704189e+03
2.460029635120960847e+03
1.521694537537156521e+03
2.643474516732062511e+03
2.690898741069606785e+03
2.091835689272992568e+03
3.826203885872991123e+03
2.808165803790636801e+03
3.881520598946616246e+03
5.383903313471979345e+03
3.707047347971833005e+03
7.931009864189795735e+03
8.481351890735637426e+03
1.024477502432366418e+04
2.637330177194837961e+04
3.731152555074695556e+04
3.313461389281779702e+04
1.743743503893039451e+04
6.990310109737747553e+03
9.093473058703581046e+03
5.217187142093076545e+03
4.364277161023846929e+03
5.035445289699387104e+03
2.467741497455671833e+03
3.630224026871852857e+03
3.021518207750830697e+03
1.938422737640579044e+03
2.936424020981445665e+03
1.728412593281966565e+03
1.996798360861854690e+03
2.215395406660470144e+03
1.162396567129329696e+03
1.964198320433356002e+03
1.496822949729686798e+03
1.190286506549883597e+03
1.729319856708669704e+03
9.478849262287019428e+02
1.334750862834411237e+03
1.340267010443384834e+03
7.788795853086560328e+02
1.346152227772914330e+03
9.132238190007140020e+02
9.074335780785147563e+02
1.187701366013565121e+03
6.178011680984679970e+02
1.027062274975850414e+03
9.084478534152802922e+02
6.091403145540067499e+02
1.014970719269313918e+03
6.113682392581936256e+02
7.475587399629334868e+02
8.706515256699151450e+02
4.567540762562813939e+02
8.273383588706426508e+02
6.391211373828235764e+02
5.249690720310600227e+02
7.951598362070877783e+02
4.272868340925315920e+02
6.444981006051147006e+02
6.553974609696965672e+02
3.741464863355183184e+02
6.913093664908094524e+02
4.644486090686287412e+02
4.728810916760673990e+02
6.340889668482508341e+02
3.167099991915324040e+02
5.662495435337460776e+02
4.990151223720332041e+02
3.358730966197103385e+02
5.815673820920729895e+02
3.362715243032925514e+02
4.349602931334732716e+02
5.084147254895382844e+02
2.528178575176754919e+02
5.005565597305886172e+02
3.771395381868652521e+02
3.148715326425866579e+02
4.910277298511218760e+02
2.470419161880637660e+02
4.038919027072416270e+02
4.075482453792680531e+02
2.204211284691593562e+02
4.423907077139074318e+02
2.859064649109196239e+02
3.003849715071625610e+02
4.091807062908458761e+02
1.866151903974421771e+02
3.706226222214984318e+02
3.195435607643692038e+02
2.104749326634185422e+02
3.864143147928164126e+02
2.083259433500008981e+02
2.887863920090945271e+02
3.371313450940044163e+02
1.536215626178328364e+02
3.423658088824974470e+02
2.482465589976631861e+02
2.066819549631888719e+02
3.343331284695091767e+02
1.517654111008044993e+02
2.768652093967798464e+02
2.754621600576687115e+02
1.394528244546346230e+02
3.062901028403393866e+02
1.844026731121349769e+02
2.055006065758580291e+02
2.826743086420395343e+02
1.115515716654051062e+02
2.612437456298015945e+02
2.172372219108843012e+02
1.372026434474599910e+02
2.701972059812557063e+02
1.305227708838818046e+02
2.038088541713603377e+02
2.354314390998416684e+02
9.079232051527263536e+01
2.398287195256814641e+02
1.636491570773460467e+02
1.417695253838232929e+02
2.326791414087217618e+02
8.666179866023544776e+01
1.982631477262820852e+02
1.882121837404812368e+02
8.800513711087140223e+01
2.177734908448784950e+02
1.157477707113897338e+02
1.458067979162472625e+02
1.962201969898054870e+02
5.917313558671972373e+01
1.883603843244128484e+02
1.435067784205576800e+02
9.467915676095151412e+01
1.922064443046270696e+02
7.269292819364191871e+01
1.461784921219266380e+02
1.588066607751841843e+02
5.177380958504087261e+01
1.732388266318642422e+02
9.995741654217854943e+01
1.046209012214281415e+02
1.633953669153497970e+02
3.652855667180017463e+01
1.470654259358287277e+02
1.229300468518920155e+02
6.160147949164999659e+01
1.597167340105304163e+02
6.430236092748928911e+01
1.098699825443996474e+02
1.358608380479167295e+02
2.436284835703354901e+01
1.376093437499646654e+02
8.697381310045915370e+01
7.460691287275008676e+01
1.352945731039648365e+02
2.800474910771299619e+01
1.152688714239981920e+02
1.041111420958960139e+02
4.158999449182343966e+01
1.284867978411206764e+02
5.179342570388774192e+01
9.024955578801016998e+01
1.140642449425108538e+02
9.134755982049481915e+00
1.169814730741188384e+02
7.504549673472186555e+01
6.252254422286193858e+01
1.186537836082664086e+02
2.522068235187929730e+01
9.510329024802345543e+01
8.785948366074885030e+01
3.424489301172088318e+01
1.115275424454708144e+02
4.489911633697243332e+01
7.856792861019604857e+01
1.002692427446439893e+02
6.153268096439661328e+00
1.007827742862942841e+02
6.383631483837568510e+01
5.501191770406184389e+01
1.007391892237317137e+02
1.538852553092469044e+01
8.941378026001486035e+01
7.650874186034684499e+01
3.769221367877210582e+01
1.064096962670840867e+02
4.211617264440899078e+01
7.169112777757570143e+01
8.870947964514489570e+01
1.071582930114656307e+01
9.616811180837828488e+01
5.702479045542283842e+01
5.559829799194764632e+01
9.455752075403702861e+01
9.471764541363631551e+00
8.965691892082440972e+01
7.428529140016294718e+01
3.610353505159950060e+01
9.914745917637021932e+01
3.413749607845732470e+01
7.500082224950631371e+01
8.668954128212489252e+01
1.364849094404029550e+01
9.589531033393080861e+01
5.452656798727994669e+01
5.775959966251734556e+01
9.345041595380712351e+01
8.258110289907630630e+00
8.844394095052786042e+01
6.958373613072116370e+01
4.119365778705212477e+01
9.822005253696012517e+01
2.879204764258708948e+01
8.139928217602054872e+01
8.635587961246611144e+01
2.665622844337751118e+01
1.017082657973092807e+02
5.060903212987565070e+01
7.126724716914483793e+01
1.027053668441282781e+02
1.564690931205869262e+01
1.005060013432414792e+02
7.779211748301376872e+01
5.364412872324433579e+01
1.097244272597935435e+02
3.664817600632385108e+01
9.472538241972905837e+01
9.658680447152120507e+01
4.302618479421359865e+01
1.191656093670661107e+02
6.299995325191079587e+01
8.846821082812192572e+01
1.186090627354392666e+02
3.722547494487990605e+01
1.255272866980587594e+02
9.463003591900010747e+01
7.738838971421763802e+01
1.460250890374867367e+02
6.494967045651733883e+01
1.136959776590007749e+02
1.250180809017618202e+02
7.043370793202819868e+01
1.544343810965952741e+02
1.001520044768463436e+02
1.130198491664850451e+02
1.570582299105228969e+02
8.219355515440102522e+01
1.637635418163782219e+02
1.421063231402554550e+02
1.085651842464120875e+02
1.837352458746863704e+02
1.149602783307515921e+02
1.672497223307224772e+02
1.831216494162765969e+02
1.173210130721649733e+02
2.117146327204120553e+02
1.658538746760370373e+02
1.702019190440308023e+02
2.313952867011459205e+02
1.555890797256070641e+02
2.322346210884161621e+02
2.246169260240764629e+02
1.881860883042951968e+02
2.811115775837325828e+02
2.109483389864390119e+02
2.541034021694654825e+02
3.016762414130938055e+02
2.232458005905587299e+02
3.255832305123828974e+02
3.047702592547737481e+02
2.847344144700973061e+02
3.725917950355357107e+02
3.023158364999719652e+02
3.768851763265984687e+02
4.061990417892841378e+02
3.527998706319327198e+02
4.719398118085277929e+02
4.256050273163743896e+02
4.486252613956708046e+02
5.426574176116115495e+02
4.664259040582551847e+02
5.892147952106225830e+02
6.087532751997207470e+02
5.688200416900446044e+02
7.316214027148236028e+02
6.896464141736564670e+02
7.723681513905186193e+02
8.935955015329791422e+02
8.435992463533287946e+02
1.067419191350750680e+03
1.106883211922099008e+03
1.136555005351605359e+03
1.445533134640274739e+03
1.472924302424725965e+03
1.791491389348547955e+03
2.151697616426326476e+03
2.325396917372394910e+03
3.212781626498501282e+03
3.926961271792308708e+03
5.267349640302243643e+03
8.438009293879262259e+03
1.071086134669629791e+04
9.937956751247087595e+03
6.904982069288444109e+03
4.543608571509852482e+03
3.809992104757060588e+03
2.970885866356390125e+03
2.448682852150836879e+03
2.248355704366250393e+03
1.842832560637326196e+03
1.729554015216888502e+03
1.585559669043505210e+03
1.357489453695681277e+03
1.343443591217863514e+03
1.197176928121057699e+03
1.092194176310521925e+03
1.087843454695284663e+03
9.619513311086976728e+02
9.401668722050411588e+02
9.077680891666776688e+02
8.205349730757675388e+02
8.338880270290613907e+02
7.680942922376373190e+02
7.235952760632698073e+02
7.366503500094222545e+02
6.682794671797025785e+02
6.702258265210015225e+02
6.565713237634611232e+02
5.998007315722095427e+02
6.210718369799243419e+02
5.796858178359427711e+02
5.542503230004776924e+02
5.689074944497556316e+02
5.154717257808794102e+02
5.255962807200753559e+02
5.172135203835294988e+02
4.762197688790493544e+02
5.034850588331494237e+02
4.673378073559665040e+02
4.532352834842743050e+02
4.716476337131073251e+02
4.259007069807266816e+02
4.429720780891023537e+02
4.356061710637202395e+02
4.016451110466399541e+02
4.289136244153589814e+02
3.951663409208064763e+02
3.907658080992925989e+02
4.060966260393551579e+02
3.647229952030010054e+02
3.867421241745764178e+02
3.752447316328097600e+02
3.512505179244490137e+02
3.794595917044784414e+02
3.437274828492384131e+02
3.472795915640556359e+02
3.574692522555922665e+02
3.203712488505216811e+02
3.474754778187175930e+02
3.301311292419430288e+02
3.142674886862275230e+02
3.404801595255169104e+02
3.035999297907281971e+02
3.168340119448909604e+02
3.210319872960808993e+02
2.879950714049561498e+02
3.176658886151774936e+02
2.947355228062972969e+02
2.873652832886746182e+02
3.092821471683892582e+02
2.723954927177020409e+02
2.929986663825328606e+02
2.897846377572975030e+02
2.632631013135234639e+02
2.933281988202009529e+02
2.653579195129994446e+02
2.672628529511236479e+02
2.825487521008703311e+02
2.469533741815143344e+02
2.739175963550842425e+02
2.634831709124972008e+02
2.452254012488270689e+02
2.733247097885910648e+02
2.413459208701410432e+02
2.518038974317227030e+02
2.600585946150879408e+02
2.287130558766391459e+02
2.580427073749037845e+02
2.396913560925246713e+02
2.309464393521973022e+02
2.544501447662589726e+02
2.208652706790883258e+02
2.400192147684228701e+02
2.395826099014551289e+02
2.139076156876559764e+02
2.442642349462536799e+02
2.191498774805811536e+02
2.201731992285911872e+02
2.378501804427750130e+02
2.041352161944473949e+02
2.289873757375248715e+02
2.207098786572006190e+02
2.028520711452473790e+02
2.311744171532138239e+02
2.017562025749336385e+02
2.118653868564005052e+02
2.215684750875971076e+02
1.913263610236459158e+02
2.198438162741815916e+02
2.034078582462272493e+02
1.948146429872099077e+02
2.188657883403226094e+02
1.867607410227733453e+02
2.048924888502148178e+02
2.061995743377956387e+02
1.816421550250883001e+02
2.112609258960447391e+02
1.879994628932846297e+02
1.887129451093554451e+02
2.065981267697400767e+02
1.747650688630099580e+02
1.990189420575215991e+02
1.917457798383462375e+02
1.744536759057385780e+02
2.023330679151665663e+02
1.744687106994519468e+02
1.842218282706423338e+02
1.943439948057293520e+02
1.654127906278560829e+02
1.932746184201623691e+02
1.781541284252857054e+02
1.697333383515831429e+02
1.932754984248553001e+02
1.628722644440899501e+02
1.805169090373643428e+02
1.822220279408968509e+02
1.585894755376263277e+02
1.873563546988239352e+02
1.656105279782953801e+02
1.663678634622174002e+02
1.836992240658942421e+02
1.534934506329311432e+02
1.770820709068979681e+02
1.703579429698340846e+02
1.539924916539849846e+02
1.809008046136249277e+02
1.544416066034222297e+02
1.641519323635742467e+02
1.739519420897867406e+02
1.464975655740792320e+02
1.734572721681954590e+02
1.589510506394806271e+02
1.511844631065880264e+02
1.738812437076198023e+02
1.448762694482360303e+02
1.621343460921657709e+02
1.637606127483862224e+02
1.414877305444540809e+02
1.692516825151604394e+02
1.483641432711918640e+02
1.495354391822630191e+02
1.661181117256423931e+02
1.373124534505586780e+02
1.602493062997018285e+02
1.536811230400282113e+02
1.383717472989728208e+02
1.641936156548894985e+02
1.388656399406465596e+02
1.486694619885609256e+02
1.577910011666792229e+02
1.316923108942079068e+02
1.578895826566417213e+02
1.438481786246506999e+02
1.368597853250922753e+02
1.584829375288054507e+02
1.308205616473462669e+02
1.479250638797401507e+02
1.491411447025359678e+02
1.280660417036770014e+02
1.547523090433143693e+02
1.345633076431726067e+02
1.363161347544041178e+02
1.519333281533904767e+02
1.244326781363855332e+02
1.468716401833593181e+02
1.402178455870046321e+02
1.260349117138196959e+02
1.507774830586984365e+02
1.262747261700622232e+02
1.362290152804545187e+02
1.447018710076235948e+02
1.199065996435433732e+02
1.452455726057904428e+02
1.314693756086445546e+02
1.253610583336783293e+02
1.459277438389930808e+02
1.193448723286625608e+02
1.361896470437064863e+02
1.369780389427496061e+02
1.171903146229300603e+02
1.428594110342334602e+02
1.232509053059737028e+02
1.255218237678837880e+02
1.401694258905360186e+02
1.139591023085643826e+02
1.358113424765043362e+02
1.290021800096298819e+02
1.159728477441338725e+02
1.395563893581253865e+02
1.158951688804793605e+02
1.260671223286538236e+02
1.337264421241538628e+02
1.102330648673151643e+02
1.347571093276968384e+02
1.211503340320352180e+02
1.159183056171296471e+02
1.353305322825035546e+02
1.098060845120240288e+02
1.265105777994099299e+02
1.267601435218649328e+02
1.082115842695178429e+02
1.328472875270709039e+02
1.137316776154744815e+02
1.166071402388639200e+02
1.302112123765089677e+02
1.051593719366495350e+02
1.265145401482817675e+02
1.195066629239821481e+02
1.075896133613943988e+02
1.300356344799039334e+02
1.071364932916950181e+02
1.175154707063148720e+02
1.243493182667150307e+02
1.021282358554520471e+02
1.258387485658917768e+02
1.123353804155872240e+02
1.079946598649543859e+02
1.262540467654995382e+02
1.017070483168340900e+02
1.182821091010171841e+02
1.179599298831950307e+02
1.006451319777751792e+02
1.242942462554361498e+02
1.055805955185057314e+02
1.090144457570531955e+02
1.216057334753547536e+02
9.770415473714662369e+01
1.185700369670933725e+02
1.113007926817199689e+02
1.004631483177088569e+02
1.218023058235957592e+02
9.961058715144531561e+01
1.102091959906168626e+02
1.162141351444601298e+02
9.521202154337568402e+01
1.181405785987250283e+02
1.046945466813798333e+02
1.012243108856332725e+02
1.183832877005253010e+02
9.475286989323058151e+01
1.111843185801556899e+02
1.103114204280617372e+02
9.417017604006132103e+01
1.168253273190522350e+02
9.850645299709768210e+01
1.024989663496585024e+02
1.140754714668956495e+02
9.127246672778072423e+01
1.116612063182121375e+02
1.041246927631800645e+02
9.434344664857417229e+01
1.145925073043474924e+02
9.305820388663225629e+01
1.038719165159024271e+02
1.090684613466502242e+02
8.923208710260794874e+01
1.113908984325069440e+02
9.799987128746477083e+01
9.536107414926520676e+01
1.114278740955097504e+02
8.870254992468494493e+01
1.049959796499904456e+02
1.035469525337142898e+02
8.855685102227187144e+01
1.102565863441301985e+02
9.227690158418675992e+01
9.681382091916081833e+01
1.074182267634229504e+02
8.565625198316212163e+01
1.055758437537453887e+02
9.777510128230719033e+01
8.900771426200083170e+01
1.082004181131252096e+02
8.729548647527819583e+01
9.831246101890312161e+01
1.027165638352369541e+02
8.399987852062012905e+01
1.054184674026016353e+02
9.206444311106631062e+01
9.021879290584939781e+01
1.052413057480262353e+02
8.337164732636580311e+01
9.951714216612441533e+01
9.752543129550858225e+01
8.363685317883769699e+01
1.044021962532752070e+02
8.675154582391313340e+01
9.180127038406557460e+01
1.014697986515898265e+02
8.071572859344354356e+01
1.001666774310789805e+02
9.210785320255415343e+01
8.431071147243812902e+01
1.024824812256993312e+02
8.218084748616567481e+01
9.337614182992211909e+01
9.702428242477088816e+01
7.938277985924871416e+01
1.000676862737758483e+02
8.675288101532865426e+01
8.566543106594978951e+01
9.968110948411889183e+01
7.863654606595075336e+01
9.462267617484410209e+01
9.211472668183151313e+01
7.927957905499478386e+01
9.913490972152311542e+01
8.181370590231723838e+01
8.733533727840119809e+01
9.609689332805560014e+01
7.632348542742710151e+01
9.530515068214417340e+01
8.699924159310970140e+01
8.013478818297666351e+01
9.731632737550447132e+01
7.760120870723942232e+01
8.895161249529439829e+01
9.187422530382416141e+01
7.528422423895747784e+01
9.525172065307985747e+01
8.197569179932169448e+01
8.160847723790362807e+01
9.464924877791278846e+01
7.440312806778899812e+01
9.022153087185655806e+01
8.722014977495163635e+01
7.539463167815094380e+01
9.436173327304332759e+01
7.736194798594165434e+01
8.332909661326961270e+01
9.122196715366969499e+01
7.239511857334613865e+01
9.090985391435580709e+01
8.237441800793695279e+01
7.639917651702764090e+01
9.262221883471023887e+01
7.347953399109353256e+01
8.496198145938556934e+01
8.719137401007775168e+01
7.160884938448523940e+01
9.086983454635863211e+01
7.764119130917363520e+01
7.795471980584443372e+01
9.005924155023323863e+01
7.059149371572918596e+01
8.622379323213465341e+01
8.275339363887263744e+01
7.190867640440056618e+01
9.001540196344058131e+01
7.332944009625299486e+01
7.970687854893743918e+01
8.677046390274463761e+01
6.885914857537996170e+01
8.690284347730229797e+01
7.815730655705343111e+01
7.303242920676869687e+01
8.832717922551896095e+01
6.974449906345408579e+01
8.133613335783834941e+01
8.290622689184338867e+01
6.829448014054177918e+01
8.686053499516764020e+01
7.369179343750806765e+01
7.464583537765012977e+01
8.584546842460258631e+01
6.714317945636591389e+01
8.257813833501722911e+01
7.865833537423074517e+01
6.875987981944760463e+01
8.602866337036273592e+01
6.964780516909591768e+01
7.641273491452820110e+01
8.268452012132965478e+01
6.565244700140192435e+01
8.323233106483770882e+01
7.429645655673041915e+01
6.997554940952514357e+01
8.437777821107331988e+01
6.634544428399095750e+01
7.802105596082006400e+01
7.896525771557726614e+01
6.528984493024303504e+01
8.317662783946653349e+01
7.007087641146891599e+01
7.162916502353279213e+01
8.197129085288663930e+01
6.400023195222688344e+01
7.922603064704429698e+01
7.490322465578717015e+01
6.589070045717102175e+01
8.234275628843253969e+01
6.628963847702718226e+01
7.339038629303163930e+01
7.890402373476334219e+01
6.274298782062737700e+01
7.984616468382286314e+01
7.073749412226490563e+01
6.718981410635963414e+01
8.072626321737304522e+01
6.323584760726558329e+01
7.497045457743824670e+01
7.532458883474139100e+01
6.255455086753514848e+01
7.976641131787005179e+01
6.674199321649736305e+01
6.886847692006443822e+01
7.837891529398191892e+01
6.113305764364304196e+01
7.613696760698070420e+01
7.142994198866864508e+01
6.327322835601889039e+01
7.892596383581687292e+01
6.319521284114671289e+01
7.061251632100847075e+01
7.540272111525271725e+01
6.007909826347958671e+01
7.671144910806647488e+01
6.745277813962036362e+01
6.463299046033864670e+01
7.733503921436579276e+01
6.038374751177675392e+01
7.215081551659413606e+01
7.194577479493230499e+01
6.005215158652216445e+01
7.660100093913216313e+01
6.366647348375863658e+01
6.632325461653265108e+01
7.503972883635273661e+01
5.849967774276899490e+01
7.326282039484496522e+01
6.820269328366960337e+01
6.087368009608440644e+01
7.575192083985778879e+01
6.034813783818590593e+01
6.804321157974038670e+01
7.214463332817149421e+01
5.763857102025143320e+01
7.379398444534521673e+01
6.440606123995502230e+01
6.227936638234250211e+01
7.417321008838419516e+01
5.775560727082677914e+01
6.953290152529822876e+01
6.880041101665712233e+01
5.775201747568127786e+01
7.364728755454140696e+01
6.081776343727874945e+01
6.396922195905530373e+01
7.192195317546349997e+01
5.607717282654867574e+01
7.058920516272392831e+01
6.520088512507797418e+01
5.866036717604394823e+01
7.278266671694005652e+01
5.771067486393294388e+01
6.565475488491644285e+01
6.910125931973607294e+01
5.539115273732927847e+01
7.106775812268307391e+01
6.157135981482708331e+01
6.010217915698800084e+01
7.121489785027253561e+01
5.532666875633083947e+01
6.709185805763900134e+01
6.586363548702993853e+01
5.563147484273293486e+01
7.088240394420527934e+01
5.817237203459868766e+01
6.178258665531826210e+01
6.900206378909979321e+01
5.384200461245102076e+01
6.808839002312512889e+01
6.239704613889122697e+01
5.661470687399908286e+01
6.999989323290503762e+01
5.526328215739422944e+01
6.342791008946864650e+01
6.625121526696653973e+01
5.331475937796245290e+01
6.851175017774079379e+01
5.892771231934936083e+01
5.807960097151131862e+01
6.843748201487922245e+01
5.307624553052777827e+01
6.480664466505541554e+01
6.311192948490391075e+01
5.366852255642069736e+01
6.828448055265374705e+01
5.570721606287330019e+01
5.974216230927027027e+01
6.625781522134252555e+01
5.177224214317896411e+01
6.573969450004830151e+01
5.976852901209903735e+01
5.471677281148445360e+01
6.738391086177189493e+01
5.298372371885957222e+01
6.134391050682827284e+01
6.357529060004755905e+01
5.138827739914208337e+01
6.610756021594374943e+01
5.645610508985685527e+01
5.619256455230873115e+01
6.582280789641312424e+01
5.098553404285402024e+01
6.266018557215424067e+01
6.052734930203753549e+01
5.184486219056721268e+01
6.583808466058766840e+01
5.340414275926893595e+01
5.783144536764087462e+01
6.367681704917975338e+01
4.984901351676271020e+01
6.352865314324643720e+01
5.730857573087568113e+01
5.294337371768791911e+01
6.491200897921633839e+01
5.086209992348055664e+01
5.938135463021676230e+01
6.105213249680119958e+01
4.960239202227985800e+01
6.383623971830792954e+01
5.413696126389267960e+01
5.442971816434886279e+01
6.335423458562649301e+01
4.903729854592338455e+01
6.063745045287705437e+01
5.809558524035065830e+01
5.014656597648846770e+01
6.352535104154106449e+01
5.125073110920290986e+01
5.603668863835967784e+01
6.123774721834016788e+01
4.806089055144519051e+01
6.143899789794698307e+01
5.499129189380341387e+01
5.128905632376081059e+01
6.257634094210943232e+01
4.887815656112643126e+01
5.753423798601169636e+01
5.867207297767117780e+01
4.793566244936146603e+01
6.168927871627144555e+01
5.196103506213714240e+01
5.277137206212044163e+01
6.101964715071665069e+01
4.722232090001377713e+01
5.872200210361616968e+01
5.580059261246920244e+01
4.856133115992761873e+01
6.133190936944964022e+01
4.922899901970401260e+01
5.434583466125747009e+01
5.893043377645064140e+01
4.639025037682529273e+01
5.945867292582345698e+01
5.281053284696226058e+01
4.973463039015129539e+01
6.035864004357979695e+01
4.702332042047187599e+01
5.578517896066525594e+01
5.641811144352370633e+01
4.638105076959003270e+01
5.965038053562864917e+01
4.991214128053311327e+01
5.121129111110618481e+01
5.880428048413691755e+01
4.552508017764331072e+01
5.690675612227445157e+01
5.363101024130741479e+01
4.707680051427584544e+01
5.924928501280213311e+01
4.733086059797814471e+01
5.274746322152979161e+01
5.674236043557982612e+01
4.483024236287806730e+01
