1.990202692272471552e+02
1.402678213497163142e+02
1.806340851996097570e+02
1.864216158522323497e+02
1.393218378892277087e+02
2.025586961376679653e+02
1.602650490241082366e+02
1.655041177511021715e+02
2.039531795018830564e+02
1.410391635029838540e+02
1.966633142521225750e+02
1.847776296813410966e+02
1.510033594054712296e+02
2.128839188225928183e+02
1.570027008688269348e+02
1.834517781874335753e+02
2.071711621887013166e+02
1.459671166695148372e+02
2.123668321470966589e+02
1.821614853018005817e+02
1.668265264160081074e+02
2.219157634039631830e+02
1.557731799291219090e+02
2.019845897952265545e+02
2.080168933964750124e+02
1.553328483740483534e+02
2.268745945992890540e+02
1.789117873476077989e+02
1.855771581712461966e+02
2.287412912364608530e+02
1.576498996125710050e+02
2.211363912767014313e+02
2.073035002507676268e+02
1.696303320447482861e+02
2.400943615554799351e+02
1.763831114840151884e+02
2.066346154734827110e+02
2.334804157228878978e+02
1.640975303919396993e+02
2.400985434193559627e+02
2.054481658336140697e+02
1.885367625913832512e+02
2.515384916136845277e+02
1.759503044392162394e+02
2.294110913260500695e+02
2.361235267543241889e+02
1.759943931470852192e+02
2.584661227548484135e+02
2.032446461423486141e+02
2.114883500304710822e+02
2.611831597662206832e+02
1.792889691536851160e+02
2.532052391031866989e+02
2.371174189392081075e+02
1.939511869382571945e+02
2.758775422230434629e+02
2.018130979660376738e+02
2.375679515573010008e+02
2.689218111148490493e+02
1.882468944629685836e+02
2.775120014391703762e+02
2.370774534462898941e+02
2.177143263603012713e+02
2.918383680861983862e+02
2.030193133118652042e+02
2.664893267180876251e+02
2.748391666415803911e+02
2.041119347173319909e+02
3.018724811825955499e+02
2.367892804012192016e+02
2.470343304817603496e+02
3.064596432741168428e+02
2.090966838160697989e+02
2.977855710174794126e+02
2.792167128116685149e+02
2.274599045720370043e+02
3.261304012360301954e+02
2.379194554528037884e+02
2.812847468073712776e+02
3.197262881417323115e+02
2.224035052719048906e+02
3.308529948430529544e+02
2.826886635060813546e+02
2.591723381999206595e+02
3.503919446686877563e+02
2.428738085131317064e+02
3.204105539178306117e+02
3.315418653723878606e+02
2.447238636454315781e+02
3.661642949592749119e+02
2.869863561571337414e+02
2.988765394169963656e+02
3.742877231148065107e+02
2.545654726373456356e+02
3.646135783351581381e+02
3.428463946317743876e+02
2.781927481746890294e+02
4.029976443618363078e+02
2.930803750272314119e+02
3.480338731307306830e+02
3.983616504211667007e+02
2.747420183543864027e+02
4.141943851445105338e+02
3.545623874390968240e+02
3.241057598403853603e+02
4.435197999391305643e+02
3.055149020689041777e+02
4.069029697356669431e+02
4.241210527813126987e+02
3.101184748847332457e+02
4.719187459464955055e+02
3.707529710312257976e+02
3.855214528763047497e+02
4.880048866254543327e+02
3.281713049500670536e+02
4.778172934910961089e+02
4.519001863039292743e+02
3.630750463079509700e+02
5.384578657816322220e+02
3.896233397817272248e+02
4.625928681960044173e+02
5.401401879108090043e+02
3.680013656691742199e+02
5.637647225706731433e+02
4.865742625683685674e+02
4.409614781560010783e+02
6.172035729483283149e+02
4.238492122918207201e+02
5.704030803235024223e+02
6.037239189775073100e+02
4.350425274476365303e+02
6.783386827721540158e+02
5.342512961603953272e+02
5.548604234235683634e+02
7.225436300495913429e+02
4.814443385285426871e+02
7.141313104833810712e+02
6.872032233630537803e+02
5.443723307934872082e+02
8.346801520533067560e+02
6.086267858473179331e+02
7.286633762191812593e+02
8.714495117366500381e+02
5.842531817732142372e+02
9.299604938270878165e+02
8.188316423359210603e+02
7.363704969958803304e+02
1.072115430015150423e+03
7.342286851218626680e+02
1.012535152130540610e+03
1.110626000023753932e+03
7.916865929850404200e+02
1.301045443265255926e+03
1.048089086641159156e+03
1.107397504028843514e+03
1.520546012575779287e+03
1.014119995216234543e+03
1.589463103833486457e+03
1.608288291797284955e+03
1.280832200274553315e+03
2.130879596868512181e+03
1.611703833362178102e+03
2.063213370296879475e+03
2.698305733692204740e+03
1.875965602717129741e+03
3.481134653645417529e+03
3.463940669994418840e+03
3.487990542708588691e+03
6.313577669478499956e+03
5.384056346865910200e+03
1.072599338596595589e+04
2.140270856777729205e+04
2.535903093027311843e+04
1.908974917446673862e+04
8.228908733381647835e+03
5.598677657186064607e+03
5.704641890658758712e+03
2.719056646888476735e+03
3.500830565758448756e+03
2.886578999275257502e+03
1.801144136719868584e+03
2.587452790561468646e+03
1.598132253015888182e+03
1.647710364759221648e+03
1.834593994530202963e+03
9.872706527183162279e+02
1.532024484525171147e+03
1.220175857141392498e+03
9.144232956779292181e+02
1.310853970264830195e+03
7.639115825193161982e+02
9.879798878203894219e+02
1.018081299124260681e+03
5.870862699102949591e+02
9.747758165953297294e+02
6.960505901333209522e+02
6.360610627430193063e+02
8.573655815945251106e+02
4.604884767738359983e+02
6.994338110400208279e+02
6.527344902291993094e+02
4.171072460835944185e+02
6.971440860240902566e+02
4.415537220226429440e+02
4.920098550908806487e+02
6.015705813399473527e+02
3.067131244415551805e+02
5.459743947384553167e+02
4.516940798779278339e+02
3.263086490346497044e+02
5.232840200216382982e+02
2.925236757662589753e+02
4.025083156453878814e+02
4.391185107035889246e+02
2.258293076252467415e+02
4.332360479878278170e+02
3.085723965232803039e+02
2.770564044867159623e+02
4.058938494509478119e+02
1.959253804705769824e+02
3.392192014325763125e+02
3.234119051750247422e+02
1.804255037949453992e+02
3.543145063658244567e+02
2.155503068755667471e+02
2.430920161364847729e+02
3.141028470678009512e+02
1.338742554811391585e+02
2.915613753507728916e+02
2.393195795300444217e+02
1.579976523185254962e+02
2.868936705944680057e+02
1.407002660394846316e+02
2.183184527128376828e+02
2.433266502407222163e+02
9.888000285799009248e+01
2.494895083037603456e+02
1.703592025588689296e+02
1.454023819968819282e+02
2.320938339224641140e+02
8.677607686799251496e+01
1.971639442158358406e+02
1.860769376161293849e+02
8.634596421867952643e+01
2.096743468253589811e+02
1.101707842456834925e+02
1.393424213130920464e+02
1.874601860124539883e+02
5.742217330321982871e+01
1.752256113769994386e+02
1.316414256505827609e+02
8.841470779121242174e+01
1.789733283786749212e+02
6.829584770259918969e+01
1.337727311362141620e+02
1.422303222533033988e+02
4.404480552357097878e+01
1.590376476878125800e+02
9.003605384759865160e+01
9.699414579241337719e+01
1.501438639238981239e+02
3.189284226106434517e+01
1.297858702948572613e+02
1.083946373654970188e+02
5.420076068453465012e+01
1.382207788260201937e+02
5.117399294741318982e+01
1.023218520801061260e+02
1.182415232390058719e+02
2.438128880081636751e+01
1.285427628269493709e+02
7.716140864608375693e+01
7.006343651174834974e+01
1.215125362056613909e+02
2.107691785994885691e+01
1.099543828469078051e+02
9.525524970567330740e+01
3.821858929568455920e+01
1.193581774088579692e+02
4.735534462027827374e+01
8.228043645559108654e+01
1.028454793803945506e+02
9.951547259956180724e+00
1.090389775412015751e+02
6.799556931720789521e+01
5.911262007938015017e+01
1.088843485275242955e+02
1.944681088426784044e+01
9.322550856944876330e+01
8.396975169825913099e+01
3.304071016471166189e+01
1.060083196694168777e+02
4.132003997124642325e+01
7.708642558587111182e+01
9.666842984796380733e+01
6.885890884270157386e+00
9.966194545226161949e+01
6.242538182992137763e+01
5.635674594115631919e+01
1.036364829443853495e+02
1.906431339469506980e+01
8.900628688002133515e+01
8.233902494563770347e+01
2.801143635490810624e+01
9.797640996288033932e+01
3.690625223003197419e+01
7.563911965697130313e+01
9.289167170416915553e+01
8.885073652940054245e+00
9.893499040996347560e+01
6.123859239659970655e+01
5.576497774221877535e+01
1.009645465388884986e+02
1.643367449535729108e+01
8.782895970114697093e+01
7.396434617794510302e+01
4.239710415610464622e+01
1.107837700051820207e+02
4.044073141283649164e+01
8.084431521042587576e+01
9.688610419358612091e+01
1.517910662317162362e+01
1.120285982568158829e+02
6.785824054094717894e+01
6.412131327624543076e+01
1.141895736506041459e+02
1.945476705392645655e+01
1.043645258245127394e+02
9.232216017346227943e+01
4.081664347913773838e+01
1.238070645098873257e+02
5.070955447939508076e+01
9.064251507147217524e+01
1.143996281884123221e+02
1.909366157374272177e+01
1.269475056970283049e+02
8.280125277414228435e+01
7.269325349577934503e+01
1.360223573594593063e+02
3.402911444724722401e+01
1.175596672629664425e+02
1.124725492906175077e+02
5.042640469393137437e+01
1.468081987067427576e+02
6.900499856110164387e+01
1.079058893846147384e+02
1.432135495544351329e+02
3.692599750365415900e+01
1.542913640034438458e+02
1.116094316443231946e+02
8.592922698018179517e+01
1.685179398533633730e+02
6.118784804594310600e+01
1.506377825954796492e+02
1.535981030630866258e+02
6.362214436242445004e+01
1.902810999981420537e+02
1.102506578593870188e+02
1.310292912597054169e+02
1.950487760915593469e+02
7.031447821355324379e+01
1.944956566166693790e+02
1.658071021514432459e+02
1.079608977629412578e+02
2.252222387003476172e+02
1.113796052553727378e+02
1.840018421151739290e+02
2.184109847330308867e+02
9.541573038221217473e+01
2.450849528037951188e+02
1.773825581921284993e+02
1.649193731644716365e+02
2.662834386645101290e+02
1.225894969522148443e+02
2.492353920663316842e+02
2.477818731755065187e+02
1.424444344289577202e+02
3.031071681448325421e+02
1.906599394047525209e+02
2.326920157318524787e+02
3.127339995511188704e+02
1.511466247904166380e+02
3.252058198126705975e+02
2.778287649672697626e+02
2.081911425892232614e+02
3.759159902643709756e+02
2.170147057215855284e+02
3.188213784667634627e+02
3.702801071644991566e+02
2.065077679941470308e+02
4.161057665043056204e+02
3.161513270799574116e+02
3.016595120435462150e+02
4.597153870031738165e+02
2.553057240624237068e+02
4.355894540292661077e+02
4.402373719730953212e+02
2.889969413065059598e+02
5.376131464365377042e+02
3.702406310945912082e+02
4.312620677800891826e+02
5.746133998693625244e+02
3.255589961943973094e+02
5.902160393876382614e+02
5.355812371280889010e+02
4.182094901099794697e+02
6.976012317181775870e+02
4.512521653577979919e+02
6.231158486455586853e+02
7.302560259886505492e+02
4.475476032628204734e+02
8.193336146106323667e+02
6.682924326356924212e+02
6.364321661362514533e+02
9.517475010765126626e+02
5.867970055621126448e+02
9.338262357335706838e+02
9.863311607594657744e+02
6.888383636535545520e+02
1.217019425115270678e+03
9.088627745082969795e+02
1.048826995879533115e+03
1.425123854818029258e+03
8.953894048005762443e+02
1.567784163436488143e+03
1.516657056178333278e+03
1.250503186786224660e+03
2.114911278431498886e+03
1.514689333332534488e+03
2.125367145903115215e+03
2.704735454949535324e+03
1.926645020080939730e+03
3.661829926894455639e+03
3.474902619493248949e+03
3.802075911651339993e+03
6.738844372859730356e+03
5.692768399066047095e+03
1.205677879369350194e+04
2.339744424448864083e+04
2.720366762196190757e+04
2.010392692925786105e+04
8.586424878216712386e+03
6.372349641737008824e+03
6.214204582160078644e+03
3.109935838456492547e+03
4.035888851738953690e+03
3.194703237701367925e+03
2.203050892347117042e+03
2.977847564304663138e+03
1.853105614683335261e+03
2.052652917028831325e+03
2.147834395947364101e+03
1.280835681723491462e+03
1.888827501797556806e+03
1.466165670073465662e+03
1.235593717213465425e+03
1.624380889007760743e+03
1.005015679101950695e+03
1.297443415667530417e+03
1.272708847584397972e+03
8.543299332367716943e+02
1.269124602424799377e+03
9.242292094478076478e+02
9.185717640368196726e+02
1.116894192383309928e+03
6.931990766774367785e+02
9.837972392619516313e+02
8.841941876012608645e+02
6.713592861890541599e+02
9.614789080656141778e+02
6.567638663578900378e+02
7.553214009484834150e+02
8.412148507788867846e+02
5.415568534020303559e+02
8.059290668946842970e+02
6.639713954050847633e+02
5.763929607534254274e+02
7.728448362601577628e+02
5.059123891007596967e+02
6.536451662896029120e+02
6.623075166033083860e+02
4.597345317071223576e+02
6.849573580333134259e+02
5.192887511479283376e+02
5.180958747506853115e+02
6.402864297696279436e+02
4.131865083394370117e+02
5.815338324656527220e+02
5.366362185738148582e+02
4.154871771495907637e+02
5.947760298155061491e+02
4.200232481525060848e+02
4.785588327655192984e+02
5.403564298769878178e+02
3.586535969455802046e+02
5.260756589350521608e+02
4.418634658440299745e+02
3.866157770003915175e+02
5.196984801854075613e+02
3.498612351440916655e+02
4.483471947861071385e+02
4.589201044659752711e+02
3.242561090086632589e+02
4.794060273467186448e+02
3.696704139420925799e+02
3.685929440759548470e+02
4.573797948223088952e+02
3.019108983998800113e+02
4.214077991139375285e+02
3.923469154953386351e+02
3.056957769243229563e+02
4.367187336845226469e+02
3.133097877788477490e+02
3.562111490687358923e+02
4.037861290019710054e+02
2.716632856772446303e+02
3.967242847554965124e+02
3.365246945496833177e+02
2.952643856645308347e+02
3.971069056759143336e+02
2.707140075613990575e+02
3.448507668984776160e+02
3.556781336629741759e+02
2.541163215779658060e+02
3.728011253298104748e+02
2.904324158067486792e+02
2.904042799715328442e+02
3.606091363050872474e+02
2.409820557815944539e+02
3.336584332064080627e+02
3.127519996891659275e+02
2.453138135327707516e+02
3.485897166245693484e+02
2.528259348467236691e+02
2.870332121145821134e+02
3.256147957693110584e+02
2.214963088217863856e+02
3.214401815834134482e+02
2.745380388873826405e+02
2.421632239505274811e+02
3.243283793576955532e+02
2.234948156832144548e+02
2.834725931164520603e+02
2.927556847915481057e+02
2.109138272094020579e+02
3.076959143982450655e+02
2.413753650445860330e+02
2.418097213032870627e+02
2.995813503497980150e+02
2.021966522822148704e+02
2.785755928251545015e+02
2.617241912488868252e+02
2.067152430461964059e+02
2.923463530490934090e+02
2.134176261101066245e+02
2.421863356790900070e+02
2.746591857715861806e+02
1.885978917948694971e+02
2.720060440960845654e+02
2.331126744743245922e+02
2.065867075921220533e+02
2.755440358222903683e+02
1.912636802999811891e+02
2.419787193538470262e+02
2.499931742488068096e+02
1.817707665135442028e+02
2.633941051181549824e+02
2.073280292337199455e+02
2.084313195275287285e+02
2.573432411733185745e+02
1.749807204191758956e+02
2.403986550649492813e+02
2.259322318419209807e+02
1.797054673588072262e+02
2.528470079886055260e+02
1.853450044127852436e+02
2.106320382178375610e+02
2.383075869426972986e+02
1.648865202262359162e+02
2.368641665169907355e+02
2.031908744796936048e+02
1.810062906743104634e+02
2.404079372599639726e+02
1.677992285078755970e+02
2.121386008863025268e+02
2.186746351715309231e+02
1.600950885491872100e+02
2.311445360712818626e+02
1.823101776008230388e+02
1.838555099372317727e+02
2.261585812092228309e+02
1.548603656526757106e+02
2.122286187907637043e+02
1.990838233378161704e+02
1.595244815207217073e+02
2.233664308569534285e+02
1.641449716884033876e+02
1.874064439546230858e+02
2.112477060405251166e+02
1.471157504122715807e+02
2.105888757182582651e+02
1.804836580638062742e+02
1.616471010872140539e+02
2.137539956331002600e+02
1.496848132311438633e+02
1.894989543150417148e+02
1.948110086730444834e+02
1.436265353863352061e+02
2.065615158096663038e+02
1.629429960927172374e+02
1.651935000837292478e+02
2.023385629257417975e+02
1.390870034061164517e+02
1.905083858062629361e+02
1.784206038090086963e+02
1.439271164903493059e+02
2.006404998512530540e+02
1.476417367121647999e+02
1.688013929268672086e+02
1.895617351634501233e+02
1.328045224672470113e+02
1.897415358441814419e+02
1.623668700760164540e+02
1.464818920673344849e+02
1.927424967200024355e+02
1.352739761210064273e+02
1.716209269402154689e+02
1.757876496355640370e+02
1.304596227879075059e+02
1.869736900189757023e+02
1.473500102287759148e+02
1.502269820414915102e+02
1.831459674019467911e+02
1.263817677411283285e+02
1.731311787825865736e+02
1.616039233572263925e+02
1.312877235565865419e+02
1.822564625364947517e+02
1.341216686359054506e+02
1.540067935744709757e+02
1.721514169242524019e+02
1.212782562442047833e+02
1.730117711056623762e+02
1.476345532935227141e+02
1.341705607768795687e+02
1.756549687111883031e+02
1.234399579618370097e+02
1.571127587670144408e+02
1.602071664480208142e+02
1.196836475164799509e+02
1.710052092307642226e+02
1.344756383901647041e+02
1.380180110360013259e+02
1.674088815387884210e+02
1.158739016870331540e+02
1.589388807737345815e+02
1.477529847148384761e+02
1.209067646488151837e+02
1.671398773382120169e+02
1.228900292640666834e+02
1.418816501518901987e+02
1.577939360630344652e+02
1.116967687507820983e+02
1.591831261596753677e+02
1.353577186828989340e+02
1.239495475099547548e+02
1.614658382690386418e+02
1.135466333455808297e+02
1.450662407615762675e+02
1.471895742995251908e+02
1.106841222032592356e+02
1.577011546713004577e+02
1.236700210377639451e+02
1.278356412089801069e+02
1.542258688642781124e+02
1.070363550751508939e+02
1.470572490128472793e+02
1.360633623925135964e+02
1.121814588515681663e+02
1.544242138304182106e+02
1.133674226037047816e+02
1.316966780516480640e+02
1.456502218441382865e+02
1.035900625961075434e+02
1.475558484735803404e+02
1.249402964609899271e+02
1.153242964609769956e+02
1.494630136202444817e+02
1.051217674890081781e+02
1.348878083108539556e+02
1.361154273823231335e+02
1.030246431595269598e+02
1.464078218579680879e+02
1.144320359752231866e+02
1.191891504007562474e+02
1.429784187427265749e+02
9.946623799702564384e+01
1.369501322532404117e+02
1.260481564728959256e+02
1.047486840607786718e+02
1.435805951764522206e+02
1.051846125255558633e+02
1.230003623341755059e+02
1.352325862712138473e+02
9.662907480249708669e+01
1.376003278694214202e+02
1.159612583849381480e+02
1.079344895983760040e+02
1.391426717812580023e+02
9.784253889087463563e+01
1.261573083566371309e+02
1.265551722094859315e+02
9.642871596040788518e+01
1.366914526545138528e+02
1.064279183888384921e+02
1.117436416426551204e+02
1.332583387481168415e+02
9.290980452072511753e+01
1.282268244936944370e+02
1.173534183082892639e+02
9.832369429972425223e+01
1.341830415220659631e+02
9.806102818777956998e+01
1.154855891433234376e+02
1.261690707339574686e+02
9.057512042966538957e+01
1.289690542669714546e+02
1.081220136205420346e+02
1.015221327108005767e+02
1.301587473206817833e+02
9.148145160873465898e+01
1.185696518654662981e+02
1.181948683104865694e+02
9.068101307096254970e+01
1.282195306903159633e+02
9.940483962789159023e+01
1.052700591725211581e+02
1.247546717317166838e+02
8.715203092532608764e+01
1.206219673592244277e+02
1.097204111380232661e+02
9.269465822107837027e+01
1.259596751554654332e+02
9.179442367347540710e+01
1.089034980410344957e+02
1.182081946209762009e+02
8.525939276667095612e+01
1.213926522432577997e+02
1.012097461488725685e+02
9.589775481768971588e+01
1.222520185148594720e+02
8.586895610690487501e+01
1.119072500005457727e+02
1.108232878604641485e+02
8.562733934487580711e+01
1.207519613744254201e+02
9.318495793942888383e+01
9.956645648992974884e+01
1.172356659960825880e+02
8.205960200538235938e+01
1.139064458278273122e+02
1.029492505518149557e+02
8.772756330414425463e+01
1.186777596487759325e+02
8.622807021298122265e+01
1.030903370564966366e+02
1.111351982843222146e+02
8.054299171919869593e+01
1.146841117293843268e+02
9.505672206469462537e+01
9.091416766352264744e+01
1.152247464002656727e+02
8.087058958494679928e+01
1.059919596609665433e+02
1.042364602032331931e+02
8.112224984107533032e+01
1.141167289323555281e+02
8.764133833596648060e+01
9.450165916980552083e+01
1.105333996742476046e+02
7.752471388223611370e+01
1.079301699152329803e+02
9.689682523492156463e+01
8.330908677018683761e+01
1.121793149172222428e+02
8.124773426662514453e+01
9.791350279157528291e+01
1.048096468722838210e+02
7.633303817318241613e+01
1.086915537605708550e+02
8.954018144558506265e+01
8.646779943485942965e+01
1.089322208139594181e+02
7.639184256696434261e+01
1.007071303912138376e+02
9.833206193644289783e+01
7.709910380881747471e+01
1.081672456682069026e+02
8.265529272318023857e+01
8.996615028208276499e+01
1.045096266385833559e+02
7.345488385729106540e+01
1.025659344939717244e+02
9.144249543489134169e+01
7.934695370798276315e+01
1.063346407673222842e+02
7.676071334564684889e+01
9.326282843236842268e+01
9.910505603803140673e+01
7.254964819402674436e+01
1.032976551820689792e+02
8.455769921343895135e+01
8.247253611101012893e+01
1.032558242449130432e+02
7.235015896396483015e+01
9.594690209599869490e+01
9.299427092325768740e+01
7.347586078516992814e+01
1.027951281365344869e+02
7.814411390613607011e+01
8.587697438565486152e+01
9.905477463584051634e+01
6.977667207358648227e+01
9.772449306772718103e+01
8.650319295472155545e+01
7.577188091629625433e+01
1.010434639828187926e+02
7.269643378335788952e+01
8.905868904896725269e+01
9.392948437557653563e+01
6.912901537273172892e+01
9.841079725739636785e+01
8.003273888486026522e+01
7.885709432080372494e+01
9.810082450174178348e+01
6.868602560135917656e+01
9.163033545744707453e+01
8.813674982980418804e+01
7.019779622760364646e+01
9.791296142764848298e+01
7.403413606146831683e+01
8.217324576779915901e+01
9.409134646902487020e+01
6.643270668781772770e+01
9.332653044247547314e+01
8.200084058030799383e+01
7.252296177166293489e+01
9.622682657046746613e+01
6.899476396832821479e+01
8.523356815226999572e+01
8.920861762955968288e+01
6.601977730959279711e+01
9.395781019865043504e+01
7.590096115996394133e+01
7.556838116463987376e+01
9.339727942198733501e+01
6.534309618411309373e+01
8.769660551842858354e+01
8.370165192240516205e+01
6.720642894296395298e+01
9.345517311089705004e+01
7.028577719810718349e+01
7.878500329594240270e+01
8.955037874640781581e+01
6.339180652267003069e+01
8.929565147839770134e+01
7.787488860476004504e+01
6.956523443671436269e+01
9.180887328373796663e+01
6.560586266485431395e+01
8.173917675541038363e+01
8.487737558524190717e+01
6.317910323156572616e+01
8.987667213589783444e+01
7.211279318341667022e+01
7.255874217337395748e+01
8.907511446966529434e+01
6.228785736360931935e+01
8.408881482432262544e+01
7.961881498108826349e+01
6.447873790018067552e+01
8.936230384940817828e+01
6.683732178103910826e+01
7.568807781926814471e+01
8.537754230079281115e+01
6.060254169644208133e+01
8.559691094166555558e+01
7.407673405757456919e+01
6.685046527248353243e+01
8.774733470080570896e+01
6.249239144443575356e+01
7.852644215000270833e+01
8.088867238700717621e+01
6.057570067991637330e+01
8.611951727123543776e+01
6.862221360044395624e+01
6.979567911578121198e+01
8.509256695939495785e+01
5.947760876472079872e+01
8.076823274961735422e+01
7.585547975146775457e+01
6.196865184793618653e+01
8.558485309663655016e+01
6.365949336077735410e+01
7.283026549209623113e+01
8.151773540601971035e+01
5.803659539748995400e+01
8.218601083525084050e+01
7.057263285313223378e+01
6.435379116623082041e+01
8.399350493647477833e+01
5.962268322409736498e+01
7.556178514615385211e+01
7.719845622640727356e+01
5.817928151587715035e+01
8.264600215809775818e+01
6.539395598994990166e+01
6.724488330796557989e+01
8.140611211405210668e+01
5.688502502860881549e+01
7.769461557791325390e+01
7.236942406532578786e+01
5.965491358393380494e+01
8.208640600813319566e+01
6.072137126241320715e+01
7.018811586637055200e+01
7.794149111505318217e+01
5.567148660821225548e+01
7.902181318393934362e+01
6.732073703221669803e+01
6.204600980282254596e+01
8.050930833635686668e+01
5.696691888997058584e+01
7.281365029127073285e+01
7.377195746617789496e+01
5.596606459845053649e+01
7.942054128114702394e+01
6.239889783053684624e+01
6.488259630360164465e+01
7.797964876280889257e+01
5.448677213147112752e+01
7.484109341056183951e+01
6.912917749230183517e+01
5.751385954655662403e+01
7.883285399193827914e+01
5.799481658877538592e+01
6.773503461432993333e+01
7.461230452375768607e+01
5.348268842530846001e+01
7.607951045184520922e+01
6.429527989726477699e+01
5.990544157900220767e+01
7.726599831455877165e+01
5.450258046754979802e+01
7.025580321690870278e+01
7.058055225460540782e+01
5.391611542881894081e+01
7.641375992325382072e+01
5.961142212653201256e+01
6.268713539249823441e+01
7.478383306935518249e+01
5.226196010623201005e+01
7.218162474977953025e+01
6.610742776843328272e+01
5.552687004987172514e+01
7.579466006128276945e+01
5.545487294260380651e+01
6.545175772973298933e+01
7.150231993371019712e+01
5.144796932946736234e+01
7.333661077430330977e+01
6.147313365712158628e+01
5.791047424384689180e+01
7.423707798813131831e+01
5.221060632774788957e+01
6.786608440512324592e+01
6.759609104549518577e+01
5.201224599196486054e+01
7.360444962193477636e+01
5.700449213607935661e+01
6.064037534344266334e+01
7.180019878074737960e+01
5.018359609647379216e+01
6.969459488801503255e+01
6.328945023652356383e+01
5.366727548149874139e+01
7.295247331258686074e+01
5.309475470343090109e+01
6.330724928814746733e+01
6.859232940332432804e+01
4.956238660724991263e+01
7.075655220405235468e+01
5.883128919878030416e+01
5.605185663155221221e+01
7.139268237574805198e+01
5.007206762027893632e+01
6.562902547661980179e+01
6.480117950927839843e+01
5.023552581481052215e+01
7.096574756665633288e+01
