1.979992080224883182e+02
3.068963019728482777e+02
2.532628033845568893e+02
2.364495478752038480e+02
3.208491155594707607e+02
2.123224673593984733e+02
2.945236524447735746e+02
2.972304356777898988e+02
2.169863815928258930e+02
3.335863445608479765e+02
2.498379080854344352e+02
2.709684560220835010e+02
3.347241531725694017e+02
2.182674754785391258e+02
3.296837072842827183e+02
2.984472005696432575e+02
2.453740366723497743e+02
3.589039730233719752e+02
2.480211995641633678e+02
3.107212499060946129e+02
3.457334729893166809e+02
2.335171686922662104e+02
3.657812326259253837e+02
2.979021029905134128e+02
2.831643036759430743e+02
3.825013734476032141e+02
2.507395998921341516e+02
3.548773083021996513e+02
3.540600209675972678e+02
2.605038678455580907e+02
4.025312989427920343e+02
2.974170491981762439e+02
3.294456809801715167e+02
4.039936881135463977e+02
2.621347875625957045e+02
4.027356123258277307e+02
3.600315023014811686e+02
3.003503748205164356e+02
4.392991596187297318e+02
2.997177373304841126e+02
3.841234946729717308e+02
4.234590962226355941e+02
2.865746212672742672e+02
4.535815117144943542e+02
3.637271189600520529e+02
3.541854468388648343e+02
4.769579372409603479e+02
3.096901244541664937e+02
4.481884054705616336e+02
4.418956570937401125e+02
3.282444136215759158e+02
5.107599101990937243e+02
3.720448182669231869e+02
4.219349722452262768e+02
5.143025776300496545e+02
3.322923467660762640e+02
5.205158663269337467e+02
4.598233881954340632e+02
3.900711968808927850e+02
5.712529766009864716e+02
3.848791438011494961e+02
5.063465441846562385e+02
5.534933426633527915e+02
3.754691397295117667e+02
6.043824074976366774e+02
4.797402746245554113e+02
4.756084947040924362e+02
6.387700888279238143e+02
4.108904400045937564e+02
6.102826738126238979e+02
5.969042082408531087e+02
4.496560254177666707e+02
7.046120356770190938e+02
5.069015453272270975e+02
5.917091825299253287e+02
7.180503741937270661e+02
4.634224028638417394e+02
7.424244421872682551e+02
6.489095118211462250e+02
5.624710784866186941e+02
8.276283887153822434e+02
5.518264827243418722e+02
7.511145755264385571e+02
8.168016830014885272e+02
5.578198069733130069e+02
9.154498494491041356e+02
7.201648007383571439e+02
7.370466900636139371e+02
9.919676682214891343e+02
6.357588094076261314e+02
9.764815302882527703e+02
9.492122437987139847e+02
7.302462508619295249e+02
1.166997579378273258e+03
8.343155810699073527e+02
1.010951880291792463e+03
1.232370462691884768e+03
7.980381803542541093e+02
1.328107309186078965e+03
1.163392318149946050e+03
1.045397928632453613e+03
1.565581592150224651e+03
1.049169024113858995e+03
1.499543879154701926e+03
1.650140267359534391e+03
1.165698287916970003e+03
1.984088312959343739e+03
1.577249106633427800e+03
1.721318789404859444e+03
2.392411190359948250e+03
1.580709289761085302e+03
2.602131351244801408e+03
2.628817676807293083e+03
2.153585949109367903e+03
3.701924244942149471e+03
2.821977107277089999e+03
3.863195044874260475e+03
5.190411213859493728e+03
3.867932907830848762e+03
7.735790827583114151e+03
8.255726122476426099e+03
1.033146613170157252e+04
2.522252909333483331e+04
3.518656944236224081e+04
3.109036104961761521e+04
1.654452456337835611e+04
7.230274869372404282e+03
8.724443380717724722e+03
5.103414285149282478e+03
4.382966596564794600e+03
4.835667735349127724e+03
2.548762982233736693e+03
3.518925923176834203e+03
2.898276255030013999e+03
1.985040462044062679e+03
2.812459286064648495e+03
1.711102017413704289e+03
1.960511574769418303e+03
2.109888736765298745e+03
1.206485376523931336e+03
1.886110792039574335e+03
1.441411419104836341e+03
1.207668451885245759e+03
1.643001502218265614e+03
9.519625157765450467e+02
1.308400539625125475e+03
1.278716898449170685e+03
8.069406278706417197e+02
1.290864517733449929e+03
8.937031865930155163e+02
9.042147392046454115e+02
1.126155789283512149e+03
6.370633176110394515e+02
9.878218214263033587e+02
8.613938314282208921e+02
6.299783192757719235e+02
9.639625810289659285e+02
6.016118142409723077e+02
7.386314593006950417e+02
8.219508625815240066e+02
4.745913852489541114e+02
7.960707874980213319e+02
6.158895803676349487e+02
5.325963689898592293e+02
7.504336468550875452e+02
4.321410165866062698e+02
6.276377623333230531e+02
6.172650412284564254e+02
3.916173586817708951e+02
6.581541997901289278e+02
4.487515415292657508e+02
4.709299969450610774e+02
5.958786970237994183e+02
3.283739726756165851e+02
5.446322252211507475e+02
4.700737251822703229e+02
3.441471407615088083e+02
5.478651053812561713e+02
3.325097984827066284e+02
4.276302594900778900e+02
4.767062488929199731e+02
2.665306810575737586e+02
4.753769485285161522e+02
3.607364663973399388e+02
3.181046353131699789e+02
4.552607182880111054e+02
2.482769324122276373e+02
3.881318935965229571e+02
3.788831220025326729e+02
2.359447330056550243e+02
4.134807339691309380e+02
2.707890239466867115e+02
3.001724509888873627e+02
3.798111513596284112e+02
1.968289752794892138e+02
3.538459438790191598e+02
2.990271172610387111e+02
2.197181487247480902e+02
3.580850429515318751e+02
2.043459372040128699e+02
2.807256068043419646e+02
3.089965235711139258e+02
1.677819559332465644e+02
3.207698834133772721e+02
2.316120344334547667e+02
2.115349910718146589e+02
3.053506097202953811e+02
1.525176713118435998e+02
2.655494136972264982e+02
2.517441289860305460e+02
1.512941154300580990e+02
2.832764957646708126e+02
1.741528991112621441e+02
2.026001933503368093e+02
2.545752613022185074e+02
1.204616412514941146e+02
2.446978818542000056e+02
1.948029769986297026e+02
1.446130364506157946e+02
2.460429452565577435e+02
1.248167725110007353e+02
1.963585090558792956e+02
2.111527562548754702e+02
1.035430073573644449e+02
2.201043140390428619e+02
1.455240543367181658e+02
1.445234161380339231e+02
2.102453946793227715e+02
9.129792619727066949e+01
1.854709808881860909e+02
1.647736647860500625e+02
9.654668810372989185e+01
1.954531952443851708e+02
1.019782309958174693e+02
1.430269951135730082e+02
1.738391861056309438e+02
6.563091775387896121e+01
1.715640011513897889e+02
1.246593740644502049e+02
9.889154016773605349e+01
1.712035871871821939e+02
7.118349954080628095e+01
1.361426429336045203e+02
1.355832540522056036e+02
6.132305903639656464e+01
1.545690595669883862e+02
8.641008788750970382e+01
1.017090083035140395e+02
1.406370807842114061e+02
4.278278987156386393e+01
1.307425442408805907e+02
1.022598292523284442e+02
6.786541597764623646e+01
1.356645022175141264e+02
5.412194474595494853e+01
1.049808055947885919e+02
1.134369126416441276e+02
3.894950403751512624e+01
1.193528019361153554e+02
6.747152634959937245e+01
7.777455904778574336e+01
1.139463308689712306e+02
2.864169573149615644e+01
1.059504543826902960e+02
8.387168457845338310e+01
4.838269738685522725e+01
1.107035580862282842e+02
4.083437022875410349e+01
8.318838052363059887e+01
9.198328106880941846e+01
2.965613184238366529e+01
1.040978146982145347e+02
6.083820575602332781e+01
5.831019938488506682e+01
9.241987723690925804e+01
1.845032476824120948e+01
8.661121060360686386e+01
6.817923670782171541e+01
4.009240323789363458e+01
9.133175783296850625e+01
3.054065433766372095e+01
7.335846534320829448e+01
7.710737938871734798e+01
2.209025670799462659e+01
8.650972373467975274e+01
4.353850031438962986e+01
5.758352309500855171e+01
8.335844869059427253e+01
1.216346557579568710e+01
7.732884195977888453e+01
5.743358368080838261e+01
4.062952798641831720e+01
8.268764502176306053e+01
2.376861706526269913e+01
6.885729514406189367e+01
6.835830708086508878e+01
2.722625850448829965e+01
8.231178502402578090e+01
3.944552952204281837e+01
5.497340076207188275e+01
7.524563227659469078e+01
2.135932409313034341e+01
7.516720389478204822e+01
5.036443760241863288e+01
4.369326218901707648e+01
7.806899170720458869e+01
2.704628278226808646e+01
7.352564367105080123e+01
6.534476690951017019e+01
3.116995421980102066e+01
8.121120576660376855e+01
3.826141643890785105e+01
5.992148269011824624e+01
7.253080318973898954e+01
2.398111042285568928e+01
7.837606649055496177e+01
5.246793645055954158e+01
5.490577763822589219e+01
8.221776569387358791e+01
3.224155746872568074e+01
7.632458727992028003e+01
6.663286945758937918e+01
4.721120672882953073e+01
8.684950730258653095e+01
4.607276761271356236e+01
7.597397296574028758e+01
8.185670948764939681e+01
4.162282224061934954e+01
8.733863020181797765e+01
5.679268414172869228e+01
7.348410131039631210e+01
9.891159806961191236e+01
4.779817239772680182e+01
9.058134988696136247e+01
8.212604997109076521e+01
6.457901456686990116e+01
1.049713492463852305e+02
6.975207082588623564e+01
9.360552679733417847e+01
1.057205558135816119e+02
7.472232208441880630e+01
1.063423230511263569e+02
8.497909279914112801e+01
9.578605887593433010e+01
1.178957199756614926e+02
8.919457247648715281e+01
1.216488277155045523e+02
1.128320651757425566e+02
1.059400663674074963e+02
1.374990619027256002e+02
1.123417314073550557e+02
1.332731688811430786e+02
1.414394078016913170e+02
1.226019126033207414e+02
1.505363488792659723e+02
1.406200415980369485e+02
1.535428616273443652e+02
1.641081799003546280e+02
1.466623879039593135e+02
1.819889663610574928e+02
1.768376554664307889e+02
1.720382008231499924e+02
1.960749609297709242e+02
1.844409237744182235e+02
2.073856237377428613e+02
2.151120135025476259e+02
2.119011944302664858e+02
2.373277674418280299e+02
2.305326997651697809e+02
2.455304758305836685e+02
2.626554410523810930e+02
2.634134958292134456e+02
2.855737717264569255e+02
2.861037478424565847e+02
3.015439118486174266e+02
3.206880366764374912e+02
3.289014326891389146e+02
3.571211089083050183e+02
3.635038658411675669e+02
3.847222497870089342e+02
4.065897982668270174e+02
4.166689068689997839e+02
4.537725709324905665e+02
4.685323056347268675e+02
5.022073382589929338e+02
5.298355992920870676e+02
5.476851212600317922e+02
6.111190672710567924e+02
6.256370102777555076e+02
6.795556755480047286e+02
7.416793234679142870e+02
7.596708323672670531e+02
8.801300963932402510e+02
9.207740690511282082e+02
9.919123425630932616e+02
1.148997175883783029e+03
1.171386746521376381e+03
1.379142122094344813e+03
1.549507792592822398e+03
1.669830849378809262e+03
2.096670258575550179e+03
2.328903178510220187e+03
2.929420291544894098e+03
3.816282354239177039e+03
4.615419477016616838e+03
7.316031215791420436e+03
1.055279256211080428e+04
1.112230217951232407e+04
8.462977472003241928e+03
5.303769186428333342e+03
4.232865482605723628e+03
3.351239322022475335e+03
2.535528874679459477e+03
2.479085284473643696e+03
1.998087907789502879e+03
1.782590894642192552e+03
1.729625528942466872e+03
1.375420193063541547e+03
1.404038262096104972e+03
1.267693268252542339e+03
1.100379170037197810e+03
1.172517166921353692e+03
9.837206892274879237e+02
9.791992991056558822e+02
9.666295516465035007e+02
8.096472030196383685e+02
8.918686535659952597e+02
7.889741221349912621e+02
7.307191160839681743e+02
7.895550444716618586e+02
6.551988176743491294e+02
7.045550104857884435e+02
6.840956322179326889e+02
5.880621996215916170e+02
6.647291161438502058e+02
5.740149073171288592e+02
5.699227927684618180e+02
6.044518254768308907e+02
5.010675457425290915e+02
5.649255358704713217e+02
5.258371132531621015e+02
4.749789181593961871e+02
5.412656003647186935e+02
4.543013539029027470e+02
4.792874453277837574e+02
4.914657948443070836e+02
4.147928047125730586e+02
4.798840257963661315e+02
4.271890542471301160e+02
4.116884641315179465e+02
4.590479075682703183e+02
3.775829836309504799e+02
4.218066167507990372e+02
4.113404344897462579e+02
3.587275839669378001e+02
4.210417231995361362e+02
3.592352900326495160e+02
3.691637219376056578e+02
3.969114665989917512e+02
3.258738613980336822e+02
3.818706273550513970e+02
3.532851480839421470e+02
3.220543906774303764e+02
3.750622282018599662e+02
3.103486174664872124e+02
3.390454534235168467e+02
3.481731815839473825e+02
2.920862624075471103e+02
3.494838636970403627e+02
3.069053060140285538e+02
2.987671218999745406e+02
3.383427951692856368e+02
2.746808559845300124e+02
3.157318602372641863e+02
3.074090200439014779e+02
2.688721663692084576e+02
3.215443764593387073e+02
2.697360671414884905e+02
2.819461295203122972e+02
3.047084376592700323e+02
2.474079079488492141e+02
2.973994267912858049e+02
2.729887266793118670e+02
2.520879478130691211e+02
2.975878706181071038e+02
2.419732489843435133e+02
2.694992146889596825e+02
2.761531824277269607e+02
2.294197974030372791e+02
2.808463045443136821e+02
2.445415080745007970e+02
2.406249080850291762e+02
2.737936998180060186e+02
2.195151593787844888e+02
2.584284083269786265e+02
2.498180688289807847e+02
2.171179563069728715e+02
2.642072301624544366e+02
2.196854159230916252e+02
2.327904030020607422e+02
2.519134631776024094e+02
2.031504917418542107e+02
2.482538238090386642e+02
2.257842897600795027e+02
2.088128701453156566e+02
2.482276915749200157e+02
1.997820115571626332e+02
2.264206619748055971e+02
2.311117877943366921e+02
1.916582461532303228e+02
2.374707083386513489e+02
2.044186947783761354e+02
2.039477263964797658e+02
2.322444490917053201e+02
1.843400779466740573e+02
2.207448071329716015e+02
2.113081141412913269e+02
1.844818814070250141e+02
2.268413473441279677e+02
1.860885531998327735e+02
2.003453668976361257e+02
2.162270351993650479e+02
1.730776606680058194e+02
2.146500558909121423e+02
1.931056104920040184e+02
1.803672500561098104e+02
2.153154950324894799e+02
1.711968862027813145e+02
1.974708415015348066e+02
2.001402003689941580e+02
1.657389141749095813e+02
2.079186538980353021e+02
1.765680047771433010e+02
1.782831032676355392e+02
2.032273781125803396e+02
1.597244714257149667e+02
1.944581377524083621e+02
1.846286262615288365e+02
1.615811885190013015e+02
2.001282438863081268e+02
1.623121298256318710e+02
1.770892418221557705e+02
1.903951887536768766e+02
1.516994074140358180e+02
1.906587780425853396e+02
1.697646064367245629e+02
1.598395885187560737e+02
1.912693084272832493e+02
1.504536060655496215e+02
1.761034686015069894e+02
1.774096603062934321e+02
1.468106426745154636e+02
1.857977182679171335e+02
1.561683713841847236e+02
1.594015200449353244e+02
1.814175190621990623e+02
1.415926451326693041e+02
1.745386806372394517e+02
1.643181703397421529e+02
1.444911950947553692e+02
1.796759025897023321e+02
1.442983440407927844e+02
1.595786207144517448e+02
1.706699673127566257e+02
1.357027879940634136e+02
1.722658908697355002e+02
1.517776891786384397e+02
1.442457985947056045e+02
1.727094491561393852e+02
1.347525648788061972e+02
1.597265801184746010e+02
1.597130002239701412e+02
1.324536372865233886e+02
1.686201368382486123e+02
1.402740141573103188e+02
1.448854022612427457e+02
1.643318338718596578e+02
1.276156146731835008e+02
1.590964108238153756e+02
1.483703661171024066e+02
1.313867091876327891e+02
1.637934638020048226e+02
1.302053329811325284e+02
1.458554376626155147e+02
1.551519478846870470e+02
1.230180523383475588e+02
1.574945302514322805e+02
1.375506427110935590e+02
1.318602693021652783e+02
1.576246205519958323e+02
1.221179522918169482e+02
1.465445602272247072e+02
1.453730027876086126e+02
1.208773448114697260e+02
1.546798629336836086e+02
1.274794970423815101e+02
1.331529247961626083e+02
1.503823003757302104e+02
1.162725891011946686e+02
1.464768293679179862e+02
1.354547447906459183e+02
1.206849358166893325e+02
1.505523246676503959e+02
1.187420401934429748e+02
1.346261116064231658e+02
1.422512671407837672e+02
1.127744402894735600e+02
1.453797466183370659e+02
1.257968210569238892e+02
1.217582087825653900e+02
1.451933109271431874e+02
1.118312164787116814e+02
1.357052441683912321e+02
1.335423823545579012e+02
1.114677615277298059e+02
1.430583822684075130e+02
1.168700485237463198e+02
1.234918268254793503e+02
1.387422972723750831e+02
1.069933681299112322e+02
1.359762161730017738e+02
1.245995264034207679e+02
1.118569871285772024e+02
1.394981719061219678e+02
1.092111615640066589e+02
1.252596310291733772e+02
1.314015131401075678e+02
1.042965587413211779e+02
1.352132674932120437e+02
1.159205417840708776e+02
1.133467564451233613e+02
1.347075954878667972e+02
1.032109529351935038e+02
1.265509316624257963e+02
1.234998962780526597e+02
1.036002931388022148e+02
1.332483296947448537e+02
1.079227744596872469e+02
1.153235621288560822e+02
1.288473221664774258e+02
9.917108030523368711e+01
1.270182875439641066e+02
1.153782804203241881e+02
1.044181810931578980e+02
1.300364035935588731e+02
1.011095849503192881e+02
1.172637722251872532e+02
1.221258856975377256e+02
9.714579461967760210e+01
1.264733077804146006e+02
1.074701033656908038e+02
1.061873301708303927e+02
1.256686780459218369e+02
9.587810344596665857e+01
1.187005537042656158e+02
1.148683305644509005e+02
9.690637907985149013e+01
1.247460898333707746e+02
1.002418064801479005e+02
1.083385539573693563e+02
1.202698076357936969e+02
9.249683496536090388e+01
1.193058615338058956e+02
1.073997186678223557e+02
9.803485382003570692e+01
1.218358843112399938e+02
9.413472244187776994e+01
1.103562105038418366e+02
1.140734784424718669e+02
9.098428880121390705e+01
1.188678355657030181e+02
1.001634216253178522e+02
9.999130944202985916e+01
1.177777087590056198e+02
8.956505767981010990e+01
1.118518969925022759e+02
1.073250506587608157e+02
9.112948881557491632e+01
1.173120352379866063e+02
9.356629545011560367e+01
1.022421169937739336e+02
1.127541668547463445e+02
8.672449888070312340e+01
1.125183299933367636e+02
1.004175908153051608e+02
9.249821716185937248e+01
1.146039312889679422e+02
8.807487527919850834e+01
1.043106600388039453e+02
1.069617204953584064e+02
8.564088137237376941e+01
1.121717200193068180e+02
9.373397687137608614e+01
9.458559724567540172e+01
1.108150151167827460e+02
8.403809243028683795e+01
1.058195375910105014e+02
1.006768191288813910e+02
8.608169033697615191e+01
1.107285133729868818e+02
8.769990305899517580e+01
9.688013179507181860e+01
1.060932696505274038e+02
8.166821919329483137e+01
1.065064652475846572e+02
9.424278541781031038e+01
8.763152322152062368e+01
1.081784240144949365e+02
8.273464347293382559e+01
9.894950065304210796e+01
1.006461816519839800e+02
8.094575501256845484e+01
1.062074795078733160e+02
8.804359964419295181e+01
8.979933484277042055e+01
1.046016490635589946e+02
7.917606610738290840e+01
1.004451523589309119e+02
9.475140422423986308e+01
8.162965524029378628e+01
1.048422842012352163e+02
8.249895068895541783e+01
9.210989437791404555e+01
1.001311802004486111e+02
7.720129261293054412e+01
1.011226982320890500e+02
8.872479658469113417e+01
8.330931936850117836e+01
1.024140914125749333e+02
7.799082083759341799e+01
9.414992407245756567e+01
9.498365824084775966e+01
7.678195129324323887e+01
1.008415794137800248e+02
8.295905064941807439e+01
8.552605672561108463e+01
9.900537424063935532e+01
7.485282430716311808e+01
9.561210633286238192e+01
8.942191065551770635e+01
7.766296386169555888e+01
9.953116738622854598e+01
7.783962609613395500e+01
8.782570934860321188e+01
9.475730168578974144e+01
7.322785712378058065e+01
9.626826472998865825e+01
8.376847768848213605e+01
7.944663578520282954e+01
9.720481127473570382e+01
7.375152875056386392e+01
8.982753892620809211e+01
8.987387006906159570e+01
7.306375157136075416e+01
9.598144928097946149e+01
7.838219725465185661e+01
8.168276668279507646e+01
9.393685883374057255e+01
7.098081595454927140e+01
9.123548890976275061e+01
8.460753892770046036e+01
7.410544396312853621e+01
9.470984333843230729e+01
7.365288494878505787e+01
8.395156318249065919e+01
8.987707038288446881e+01
6.966364096134662987e+01
9.185318278166137418e+01
7.928082714150345112e+01
7.596013163149702052e+01
9.245970425818440219e+01
6.993408656544728785e+01
8.589521085312880189e+01
8.522165645333014083e+01
6.972128123710224656e+01
9.155642532430130132e+01
7.424191155060495362e+01
7.819937778124344163e+01
8.931620943110229405e+01
6.749590977874514408e+01
8.724316165792016875e+01
8.022607394105052947e+01
7.089260649256945612e+01
9.030227294266178717e+01
6.986063225913395058e+01
8.042405789062161148e+01
8.542110230601318221e+01
6.644589853035873261e+01
8.781142766185563175e+01
7.519773635707397830e+01
7.279615931557594877e+01
8.811051170223701945e+01
6.648019805256659254e+01
8.230291003067306121e+01
8.096492393738513726e+01
6.669761854582019112e+01
8.749911595497526662e+01
7.046669228152984488e+01
7.502381497805482979e+01
8.508125236445793860e+01
6.433436063490967172e+01
8.358260689156446688e+01
7.622087898311413312e+01
6.797051828731682122e+01
8.625339056722384612e+01
6.641055775544404582e+01
7.719225231448376690e+01
8.132956789923892416e+01
6.352607170148763061e+01
8.409827360465854440e+01
7.145980108234753914e+01
6.990452973043616680e+01
8.411689164513214223e+01
6.333337424630979484e+01
7.899573659524547509e+01
7.706660260815445440e+01
6.393860095307111635e+01
8.375118459324477271e+01
6.702443917964791353e+01
7.210412908007180022e+01
8.117134452948612022e+01
6.146325286480255556e+01
8.020361907248165778e+01
7.253629717142823097e+01
6.530121089727703065e+01
8.251398782701961920e+01
6.325687393200900743e+01
7.421257967899975938e+01
7.755713708666048944e+01
6.086570863005496079e+01
8.066030976053980339e+01
6.802799722528874327e+01
6.725285441527944386e+01
8.041865243967995980e+01
6.046206109311847854e+01
7.594464871351695479e+01
7.346788052791183077e+01
6.141744794864456480e+01
8.027868928085781874e+01
6.385659886515693273e+01
6.941440673016285245e+01
7.755517660641982047e+01
5.883451362155994246e+01
7.707322435345814426e+01
6.913955324320087925e+01
6.284780363015148197e+01
7.904444643910376556e+01
6.036409541707998017e+01
7.145542595200161884e+01
7.406244990995800492e+01
5.842829388570845595e+01
7.747012483313434927e+01
6.486143473276811733e+01
6.480223143693174848e+01
7.698650606404403618e+01
5.782493763797838682e+01
7.310257755744710551e+01
7.013029285483440844e+01
5.910272916366186990e+01
7.705448775113298154e+01
6.094353062908384544e+01
6.692203666566803122e+01
7.419624152984513898e+01
5.642427532999449369e+01
7.415859697227588754e+01
6.599448879210417829e+01
6.058448449233718236e+01
7.581311946042349348e+01
5.769985863665252168e+01
6.889056115690016213e+01
7.081431422712378776e+01
5.618600113332394841e+01
7.449361423289907691e+01
6.193166066496138455e+01
6.253108178151461516e+01
7.378638925664063208e+01
5.539862493731643411e+01
7.045590601933994890e+01
6.703053761451847947e+01
5.696445330504388949e+01
7.404032747952145144e+01
5.824689901863052910e+01
6.460097859883475735e+01
7.106351942642540109e+01
5.420298819151282288e+01
7.143412682816352799e+01
6.307224669035437614e+01
5.848640928230019398e+01
7.279313318951547274e+01
5.523838874115742925e+01
6.649590963691090906e+01
6.778703432293185926e+01
5.411648169404752196e+01
7.170757048365031494e+01
5.921368940807154502e+01
6.041738769193390368e+01
7.079340249687778908e+01
5.315902524174938293e+01
6.797836086405168032e+01
6.413996320998282386e+01
5.498459278560513752e+01
7.121757064740026522e+01
5.574642214284929764e+01
6.243253830023952133e+01
6.813425904991028403e+01
5.214972908779211025e+01
6.887894516489585328e+01
6.035038243904208599e+01
5.653351514302358538e+01
6.996123534833843394e+01
5.295816244799984673e+01
6.425039014618639044e+01
6.495523334843957741e+01
5.219887384627588744e+01
6.908987270709097572e+01
5.668329708269099143e+01
5.844143888488076044e+01
6.798420243215875303e+01
5.108437590900467029e+01
6.564971660081748439e+01
6.143464313499218576e+01
5.314457102427255819e+01
6.856535067629113200e+01
5.341937425543817852e+01
6.039989959594581137e+01
6.538732396970405603e+01
5.024389709865698705e+01
6.647532111879316119e+01
5.780830311513363995e+01
5.470851935411059230e+01
6.729821091161444713e+01
5.083962878223842097e+01
6.213869820816008627e+01
6.229874536373124272e+01
5.041542569835950616e+01
6.662643609351185603e+01
5.432071978325394213e+01
5.658772559626392251e+01
6.534632623052362987e+01
4.915568209694889390e+01
6.345572995446921993e+01
5.890592298819326800e+01
5.142307699033385404e+01
6.606124920744250062e+01
5.125293643474800120e+01
5.848390383246651680e+01
6.280191653985360745e+01
4.847331242971201704e+01
6.420569916609299810e+01
5.542727407024259634e+01
5.299751336545638480e+01
6.478772261213040906e+01
4.886736829963904682e+01
6.014444254111965904e+01
5.980406498113071478e+01
4.875372221124450078e+01
6.429605813391910374e+01
5.211369556469022513e+01
5.484416325965824512e+01
6.285510495351468307e+01
4.736194088793744328e+01
6.138192862501165337e+01
5.652650031919082352e+01
4.981417126556834063e+01
6.369766915682239272e+01
4.922872453608223964e+01
5.667604117064960434e+01
6.036622067187605722e+01
4.682266801797478450e+01
6.205737012738328673e+01
5.319336727843884916e+01
5.139026840250176775e+01
6.241384381330220776e+01
4.702571171190778188e+01
5.825884265638143944e+01
5.745129249281651340e+01
4.719727460168964939e+01
6.209198748712686466e+01
5.004306416538543090e+01
5.319596949550987119e+01
6.050411532219901289e+01
4.568551048295673667e+01
5.941439955185667543e+01
5.429004112680888028e+01
4.830049784612786823e+01
6.145594062222861709e+01
4.733505863226629629e+01
5.496253608923525746e+01
5.806436737943326420e+01
4.527937608840746009e+01
6.001837501047618417e+01
5.109342168468225509e+01
4.987304282672087652e+01
6.016497807256457975e+01
4.530440022548165047e+01
5.646824461261292782e+01
5.523134397960834718e+01
4.573861966118374767e+01
5.999837883802818084e+01
4.810023129602509329e+01
