1.945890234966865648e+02
1.691078459987411122e+02
2.142601113674097064e+02
1.766910167274801040e+02
1.912620912473367696e+02
2.121407686034061442e+02
1.685440446458054851e+02
2.143463493264314934e+02
1.959819025646435477e+02
1.820596797587660944e+02
2.243414163786713971e+02
1.782977650539642980e+02
2.082369289793712710e+02
2.165056438683905640e+02
1.772665378480028551e+02
2.292172571865889097e+02
1.969401975165550880e+02
1.983602702551686150e+02
2.334648065188556814e+02
1.822907344686881004e+02
2.262583269695713284e+02
2.196312481738708300e+02
1.900667975111119858e+02
2.434956633484777910e+02
1.983409683557796370e+02
2.175219964047795145e+02
2.411774569365566947e+02
1.896799502626346339e+02
2.452218539085409930e+02
2.220683970116268711e+02
2.070457890284529299e+02
2.569838601226135779e+02
2.013482113402341724e+02
2.390099651957771982e+02
2.475695981148570297e+02
2.014068661332796069e+02
2.643737539357373407e+02
2.243155107648626085e+02
2.280599758269141262e+02
2.694169076462500811e+02
2.074460547779628143e+02
2.623454839557860510e+02
2.527789232363088558e+02
2.183298696231953784e+02
2.833212122965035178e+02
2.274108628072067972e+02
2.529810109193476535e+02
2.805209335324523181e+02
2.180275184122425003e+02
2.873231855803889516e+02
2.574196638109658011e+02
2.410253572457090456e+02
3.019953116290306525e+02
2.329049423616481249e+02
2.815659328756188984e+02
2.905724691476747807e+02
2.345958886561734573e+02
3.132903260154984650e+02
2.620669437312159857e+02
2.695261865682514326e+02
3.200488335101637745e+02
2.425374024548468128e+02
3.135764600169312075e+02
2.998033814243442521e+02
2.583149630685105080e+02
3.404592525702797730e+02
2.688340334733233590e+02
3.038014181046439148e+02
3.372012608377114020e+02
2.587192203598900733e+02
3.486995523226506748e+02
3.087949359566084127e+02
2.907735412723164359e+02
3.683416455729737891e+02
2.788908065617751504e+02
3.450043312251623888e+02
3.547853359475587922e+02
2.836662325944110421e+02
3.872192215868206517e+02
3.186020621942772664e+02
3.308649230314344436e+02
3.963120718571216230e+02
2.952022898797522998e+02
3.917833012982105743e+02
3.718844233680947013e+02
3.202494913046069200e+02
4.295892847660075518e+02
3.327449460343947862e+02
3.840170474656610509e+02
4.272236446413445492e+02
3.224323342848046536e+02
4.469928109192588863e+02
3.911270685980749704e+02
3.702448198231826950e+02
4.759372493631674388e+02
3.529198051193679362e+02
4.490947377675044550e+02
4.611549844831916403e+02
3.657256882096406798e+02
5.120009680291453833e+02
4.146367686109790611e+02
4.393063980905565131e+02
5.308993672802147330e+02
3.865769197125278538e+02
5.291638596262371266e+02
4.988938850939642862e+02
4.294346703412229544e+02
5.909916170171316026e+02
4.500292273931808040e+02
5.322222220350621456e+02
5.946922138945686811e+02
4.411772242468369427e+02
6.327085951445538967e+02
5.474411649381938787e+02
5.247139629040425461e+02
6.883571512187794497e+02
4.988180967037638425e+02
6.568013378555489226e+02
6.751360293595919302e+02
5.305756075174119815e+02
7.720627914836155696e+02
6.167389576476026605e+02
6.673457457931261843e+02
8.199063494627278033e+02
5.849282809235069180e+02
8.381577410293336925e+02
7.889630396329641826e+02
6.809420380903867454e+02
9.708650901251869527e+02
7.227659341821685075e+02
8.887163182027828725e+02
1.010833091278474853e+03
7.340555529604814637e+02
1.118129771787743493e+03
9.674745287416645851e+02
9.468838348049164324e+02
1.291952559765160913e+03
9.149531231905547202e+02
1.276243043550090533e+03
1.341975919931826638e+03
1.055108670771435982e+03
1.645929259853837038e+03
1.315588960856800213e+03
1.494607918376830639e+03
1.939344330716830882e+03
1.375797992244723673e+03
2.165909693564982263e+03
2.124503325070523260e+03
1.918930690122478381e+03
3.032599563105280140e+03
2.335132706395183050e+03
3.267015662400770907e+03
4.176137613338188203e+03
3.307720784033623204e+03
6.337321861882135636e+03
6.677570204862870014e+03
8.842677834000605799e+03
2.031907429258884076e+04
2.759840095554280560e+04
2.391299366855158223e+04
1.252919969145135474e+04
5.973349512275667621e+03
6.923197417171800225e+03
3.976719241448073262e+03
3.603823811112650674e+03
3.782655585399313168e+03
2.050810829723153802e+03
2.818376954229574494e+03
2.214010684406196560e+03
1.610999556397527613e+03
2.223782697903247026e+03
1.329436229192814608e+03
1.568897622454882139e+03
1.614860814018594965e+03
9.482541434935793632e+02
1.487572935754857326e+03
1.084844421801720046e+03
9.710677366869626894e+02
1.276213593624584291e+03
7.129685002610849551e+02
1.034634879603247327e+03
9.647672876038581080e+02
6.204527165869776582e+02
1.003930537671649290e+03
6.558473938126522853e+02
7.080606727854003566e+02
8.521528738285661575e+02
4.576535531804949528e+02
7.705720457380143671e+02
6.336206904317175486e+02
4.767060562347340351e+02
7.373303400646084356e+02
4.242613960953333390e+02
5.740539202575156423e+02
6.121724002058039105e+02
3.353427628755930527e+02
6.112771107172158054e+02
4.343420142928144969e+02
4.013143096211546208e+02
5.661912956735740181e+02
2.878675927989095271e+02
4.797260895086278083e+02
4.460747603634954999e+02
2.726904824428691541e+02
4.959618896475245151e+02
2.992906907106620906e+02
3.552690538323428768e+02
4.390707854993310093e+02
2.061737708770664881e+02
4.122475704553722835e+02
3.249398792400482989e+02
2.458911543686927814e+02
4.104266537611516696e+02
2.032933882823647878e+02
3.173209731532858768e+02
3.388027443220595956e+02
1.630599992132819978e+02
3.564128541748307271e+02
2.321411706629642424e+02
2.269090638915932345e+02
3.330241569324373359e+02
1.350492168143973402e+02
2.910823689966635470e+02
2.603653712702615621e+02
1.421913796258792502e+02
3.044670652071946506e+02
1.594494334506405835e+02
2.113490881421038807e+02
2.627648721167925032e+02
9.238874831483859396e+01
2.592933907264153959e+02
1.860194336123880703e+02
1.440654816328378161e+02
2.583483471857558698e+02
9.730696068865613313e+01
2.066859286647410556e+02
2.098234359807300677e+02
7.805472051387310728e+01
2.301236564080786877e+02
1.276193179509219675e+02
1.453492543803776584e+02
2.127455513483249661e+02
5.237318244086048935e+01
1.910124739734392847e+02
1.536303579971144302e+02
8.575479379672235325e+01
1.981502105313454365e+02
7.298768576055567792e+01
1.495200739967818606e+02
1.672006997082515625e+02
3.739578405578688347e+01
1.798297283855393971e+02
1.046051457295026097e+02
1.043327772137711378e+02
1.725439247585746614e+02
2.896737492070820608e+01
1.506557320355921945e+02
1.297978958659323041e+02
5.544227336196870226e+01
1.620556987402168545e+02
6.112175926199476095e+01
1.159633169437620239e+02
1.417563172070684629e+02
1.280230591690543207e+01
1.449415640492780994e+02
8.981033784698216493e+01
7.800583030792019201e+01
1.410012837746804166e+02
2.123932155771391450e+01
1.245738067257936166e+02
1.096396147810721402e+02
4.389936613567187607e+01
1.366983586264099984e+02
5.249896449622832506e+01
9.701320390770740687e+01
1.187665189219389390e+02
1.664002023732023261e+01
1.269328673102741050e+02
7.732250929720019883e+01
7.045298820779882476e+01
1.234201212782573123e+02
2.060983823088740508e+01
1.084799505974114169e+02
9.014310918874670620e+01
5.059371693431663175e+01
1.271977587121540125e+02
4.625052645691111053e+01
9.330883381921782416e+01
1.081213554687331566e+02
2.144639102078925674e+01
1.191161986323207884e+02
6.943166879635261068e+01
7.245644406647714675e+01
1.158641476104273806e+02
1.874081094625673316e+01
1.070856834026935758e+02
8.576593783880667843e+01
5.213917341550185824e+01
1.204481472229452521e+02
4.143100620533008538e+01
9.494725080608711210e+01
1.035110617278481158e+02
2.591647833394622680e+01
1.149907926071078634e+02
6.008318311171733228e+01
7.739375856431828993e+01
1.146204116070173740e+02
1.981616139833740320e+01
1.065577504253201511e+02
7.712164178693912220e+01
6.107526101167636057e+01
1.226419503563197821e+02
3.254581141377590114e+01
1.024838133124548989e+02
1.033918019735434228e+02
3.084195735197625510e+01
1.227848722854162133e+02
5.902909908175024611e+01
8.577731536663441148e+01
1.174937750102974974e+02
1.216857742259532849e+01
1.207469437069938465e+02
8.252499887573931403e+01
6.659146801392311943e+01
1.314890984499959643e+02
2.884377937240773093e+01
1.127229830524819363e+02
1.068543343738889035e+02
4.253526750031267056e+01
1.433287463349752500e+02
6.466459411804898139e+01
9.549332448607287915e+01
1.310267119112300520e+02
6.751855220371680844e+00
1.383554084369615396e+02
9.278417564522457894e+01
7.603233744218802315e+01
1.502564838887494432e+02
3.100521447762156768e+01
1.331482000567428088e+02
1.262731742783342810e+02
4.878670423460618366e+01
1.659390081501556438e+02
7.397992850200576243e+01
1.178011140581831597e+02
1.598751618219246780e+02
1.981763118700580151e+01
1.683515498103989785e+02
1.177293551308230519e+02
9.442866082732712130e+01
1.867921861132139441e+02
5.051558870220479491e+01
1.669607937621346991e+02
1.685761765555819522e+02
6.218764812361277450e+01
2.051451939336199359e+02
1.074987681447651511e+02
1.485412633241438130e+02
2.095067174035378059e+02
5.883446771458523727e+01
2.165509902969657787e+02
1.688849693372854119e+02
1.198336931828733753e+02
2.463085204058529882e+02
1.024254549160259700e+02
2.111892987856148807e+02
2.317680483221955683e+02
9.982832682455831730e+01
2.738514554728511143e+02
1.740546053553267143e+02
1.929320994117715031e+02
2.907582566189504973e+02
1.171462069395511065e+02
2.851187434754795049e+02
2.536706356236977626e+02
1.725070666624612272e+02
3.470421334171050489e+02
1.914206887624484068e+02
2.836617061347942013e+02
3.440785776074393993e+02
1.652862816593003004e+02
3.803764929071676306e+02
2.911705648340936818e+02
2.661630694740621266e+02
4.271701260204858386e+02
2.219881941080839454e+02
3.992053085277826767e+02
4.109559351806137215e+02
2.574227021118517200e+02
5.019719894474060879e+02
3.418405433975215715e+02
4.020730456281206671e+02
5.395766964506127579e+02
2.964877694126732308e+02
5.599936641333688385e+02
5.033772439773557608e+02
3.993626811023571008e+02
6.735878812221003500e+02
4.311477037467891478e+02
5.998572452142612974e+02
7.012868810892322244e+02
4.386753087087416247e+02
7.985227673257357992e+02
6.474619440995708146e+02
6.453652192876583058e+02
9.444953728896439316e+02
5.909835010662430932e+02
9.405115628555153080e+02
9.826121817696714515e+02
7.222036258646186297e+02
1.247197797166461896e+03
9.511220675181451725e+02
1.111095525144344265e+03
1.471605368851706316e+03
9.879858669084586609e+02
1.678155995367201513e+03
1.620970763197940187e+03
1.487140922144948718e+03
2.394251908804880713e+03
1.791787798823889034e+03
2.642727758339560296e+03
3.352443275685478511e+03
2.692151951204358738e+03
5.230451892392698937e+03
5.494519972122771833e+03
7.521191475298407568e+03
1.694033290175188449e+04
2.280079025079753774e+04
1.969828884278153782e+04
1.046758294942630346e+04
5.311718644176966336e+03
5.863921586234513597e+03
3.531340572874782538e+03
3.259586233175021789e+03
3.277340504547040837e+03
1.983702522743882582e+03
2.532094810745034010e+03
2.012214531958453335e+03
1.598329689838079275e+03
2.001461366135704338e+03
1.320907647063734203e+03
1.514399346744183731e+03
1.507244331904818409e+03
1.030264544981226891e+03
1.396837144790530601e+03
1.082460537699452971e+03
1.015328588258493482e+03
1.216514959531724571e+03
8.251447661589684230e+02
1.036001242349131189e+03
9.683330629701996486e+02
7.452316696008954295e+02
9.885702375029842415e+02
7.425577988141964170e+02
7.808396364800530591e+02
8.642544423372929714e+02
6.117109755895305625e+02
8.033863199362348269e+02
7.004562795935950135e+02
6.087740178255746741e+02
7.678202619891206950e+02
5.608671444755697166e+02
6.474770668647915954e+02
6.656120459766108297e+02
5.044003458261284436e+02
6.634630638759604153e+02
5.427059496737310837e+02
5.257549448187454573e+02
6.245912480201046719e+02
4.576490046134589988e+02
5.628957629172055022e+02
5.369047160549390583e+02
4.377684253533725496e+02
5.630257091782915495e+02
4.428039820315730140e+02
4.718612567352089400e+02
5.215489442863873819e+02
3.917410568194526377e+02
4.978633029251238895e+02
4.452280021973359112e+02
3.980828673450154724e+02
4.897967547377717210e+02
3.765086236037540743e+02
4.306082165448409000e+02
4.434527703128559324e+02
3.514185934375152556e+02
4.475571546427937051e+02
3.786004872479950336e+02
3.695857999912135483e+02
4.295212817128447114e+02
3.298565368514744023e+02
3.975609609661691479e+02
3.824679666721764875e+02
3.229877267848581823e+02
4.033403278644851753e+02
3.276883643180311196e+02
3.469459176044417177e+02
3.793950287969936994e+02
2.969019616923166609e+02
3.678036895169818195e+02
3.339912743294188999e+02
3.039233149273862296e+02
3.653516169398599231e+02
2.907080056069024749e+02
3.279527207634905608e+02
3.368754434925960481e+02
2.753623050150853260e+02
3.413893576410378614e+02
2.943634778864796431e+02
2.888847366327580062e+02
3.310755967896801053e+02
2.629510858960895803e+02
3.103504044476301260e+02
3.001660323917477058e+02
2.595593258858422701e+02
3.163221507276183502e+02
2.634557818990559213e+02
2.776393828486149573e+02
3.007670009846459038e+02
2.432665053354064071e+02
2.939637123898560276e+02
2.692027285304337170e+02
2.488551919340880829e+02
2.933215931391686695e+02
2.393245111125079347e+02
2.671502974762838107e+02
2.734356615661380374e+02
2.294313161315099023e+02
2.782413471271712524e+02
2.435633774935195390e+02
2.405925135571521878e+02
2.715232518803015296e+02
2.213131218804416278e+02
2.571569332453315724e+02
2.490669171485456275e+02
2.195728304661801076e+02
2.624024975655215712e+02
2.224313658504721616e+02
2.336172927739461045e+02
2.508442081047486738e+02
2.077945550046150345e+02
2.467287263246843168e+02
2.276023642651262833e+02
2.126892661837261471e+02
2.467051753704568853e+02
2.054962333418316121e+02
2.272071040044763208e+02
2.316769350992975092e+02
1.982241639285122972e+02
2.361465394143999958e+02
2.092277953555557986e+02
2.074737933330760598e+02
2.313841863798165832e+02
1.924364497123433182e+02
2.205200624093104409e+02
2.141481377191167326e+02
1.916440791408324458e+02
2.250008038144486306e+02
1.936542592486418926e+02
2.029517810479968034e+02
2.163123501336108916e+02
1.827277636150791977e+02
2.134816366218619237e+02
1.981357359112573704e+02
1.869049388711600272e+02
2.137793928835986321e+02
1.810633916885691406e+02
1.985758682565945321e+02
2.019788335955571483e+02
1.757282100279599604e+02
2.059532191758839019e+02
1.842503032678374950e+02
1.831852636491270800e+02
2.022343350225278016e+02
1.712383539626258084e+02
1.938300879653343145e+02
1.883439198972762085e+02
1.707159585362326197e+02
1.976602955068732399e+02
1.722163191539640650e+02
1.799801263434586645e+02
1.905527181569142385e+02
1.634697622053283510e+02
1.885011787444155402e+02
1.758191260725295137e+02
1.671906213110701742e+02
1.892633037503382241e+02
1.626799041724586061e+02
1.769487303105860576e+02
1.795005098443202201e+02
1.583077839324305955e+02
1.829552629607425445e+02
1.650738407101168264e+02
1.646189378747914418e+02
1.800884129099951565e+02
1.546613266627312271e+02
1.734980605921120400e+02
1.688914755250227699e+02
1.545012704556248764e+02
1.766039919011954566e+02
1.555918584820064439e+02
1.622661194754928715e+02
1.709255102595722065e+02
1.486873171493705854e+02
1.694675597592641907e+02
1.588589964609806486e+02
1.517016268373006653e+02
1.697327723064030351e+02
1.476654036743308041e+02
1.597929005937630507e+02
1.618338177210265769e+02
1.443808949884699189e+02
1.649115039888843910e+02
1.498738548499512433e+02
1.496241282492189271e+02
1.624661635498311512e+02
1.413049108502804927e+02
1.570762333779992446e+02
1.530776056181893807e+02
1.412807405474870279e+02
1.597877667903028396e+02
1.420889847728801954e+02
1.478016026882679625e+02
1.549764851475674732e+02
1.364502298676506200e+02
1.539273183361267741e+02
1.448696625763477357e+02
1.390724217578525383e+02
1.541708298559492221e+02
1.355393229323802871e+02
1.459005005565995816e+02
1.474753329428766904e+02
1.328698527947888408e+02
1.502436972111574676e+02
1.374326018654167285e+02
1.373885090165094311e+02
1.481526933872142138e+02
1.302539491992958460e+02
1.437193890022349478e+02
1.401878357309484500e+02
1.303303051981148144e+02
1.460245328014509312e+02
1.308918956347732490e+02
1.358941738116335785e+02
1.419091638114300906e+02
1.262041338547329872e+02
1.411358694021003259e+02
1.332955669010875681e+02
1.285069031777473469e+02
1.413516077083347398e+02
1.253978623055167105e+02
1.343421676295511986e+02
1.355999508950868346e+02
1.232087262004028503e+02
1.380727832958189083e+02
1.270121645868617293e+02
1.270996015073688596e+02
1.362599568736926301e+02
1.209368612453763348e+02
1.325483404885108314e+02
1.294072064498198529e+02
1.210561282111186046e+02
1.345266215897654263e+02
1.214681413926648474e+02
1.258688252069066067e+02
1.309489387527316069e+02
1.174820467040895835e+02
1.303849628034460011e+02
1.235360329461301347e+02
1.195042504635193126e+02
1.305317054075559611e+02
1.167608665625963056e+02
1.245708568017687981e+02
1.255520139943858169e+02
1.149221293782409390e+02
1.277837848630916966e+02
1.181353633404706187e+02
1.183146311907377424e+02
1.261909144832680454e+02
1.129326003931733311e+02
1.230436013997139781e+02
1.202312716638726329e+02
1.130739677572256880e+02
1.247402414889574231e+02
1.133605992161529201e+02
1.172645306418028639e+02
1.216094119038965289e+02
1.099558715403467914e+02
1.211885364080051772e+02
1.151499498201172287e+02
1.117422310811226396e+02
1.212990332420098838e+02
1.092888490394984302e+02
1.161559614852090903e+02
1.169301479296742485e+02
1.077305520659971876e+02
1.189488865055661648e+02
1.104702654986176356e+02
1.107119910825477973e+02
1.175296109342737907e+02
1.059676299309517731e+02
1.148390293120818342e+02
1.122957322954043349e+02
1.061281148013150641e+02
1.163065463329294715e+02
1.062994261152921638e+02
1.098069547928945155e+02
1.135380965712145098e+02
1.033578458078973483e+02
1.132364658496720580e+02
1.078658034388124207e+02
1.049501323490551385e+02
1.133052828779825631e+02
1.027459673408105090e+02
1.088286652969798638e+02
1.094393065242878436e+02
1.014124878316246310e+02
1.112732335350315651e+02
1.037583325132280834e+02
1.040469182466672464e+02
1.099998123604934790e+02
9.982702543866209055e+01
1.076769550096745292e+02
1.053705451887538658e+02
9.999209330836758625e+01
1.089517658243174338e+02
1.000973596014076463e+02
1.032398041508268278e+02
1.064818289137397187e+02
9.753342246381328096e+01
1.062579107410505657e+02
1.014599598641169820e+02
9.895397848809197683e+01
1.062993175925493148e+02
9.695669338768369983e+01
1.023781730977768945e+02
1.028569302141862920e+02
9.580416605657057971e+01
1.045291706848395137e+02
9.783563585140953478e+01
9.814790285669005243e+01
1.033768005807036729e+02
9.437741435104160814e+01
1.013505747657039961e+02
9.924409297334361213e+01
9.453380247361498334e+01
1.024624306310559234e+02
9.458034958892929467e+01
9.741644749107999246e+01
1.002441336961729519e+02
9.233257757278590816e+01
1.000892969463042732e+02
9.577466915745557685e+01
9.360497776183335361e+01
1.001029223640724268e+02
9.178811203966803589e+01
9.664378529776588778e+01
9.701924204645014527e+01
9.078584758734054105e+01
9.853922119384684208e+01
9.254312120948702614e+01
9.287460104927902194e+01
9.748694795821195669e+01
8.948143699521837391e+01
9.572503750149189727e+01
9.379929149047694636e+01
8.964482910147050632e+01
9.669562362538681555e+01
8.964324128933638747e+01
9.221355732946196326e+01
9.469107206224595075e+01
8.765477608227777750e+01
9.458537349081873913e+01
9.069006025400393867e+01
8.880026407406644751e+01
9.457644730587412596e+01
8.714163208362150215e+01
9.151003098909157529e+01
9.179840864893252217e+01
8.626204173579797896e+01
9.318941398203071458e+01
8.779183470027794556e+01
8.813225752564912341e+01
9.222601134957095326e+01
8.506962130304101777e+01
9.067410912540897527e+01
8.890729823610129756e+01
8.522913830368386812e+01
9.152451651004444955e+01
8.518401639700580574e+01
8.752475099014883142e+01
8.970580601377253060e+01
8.341887036786297926e+01
8.963911546628656879e+01
8.610767551382838292e+01
8.445304637536034420e+01
8.961012987963073329e+01
8.293319621583586354e+01
8.687968542160250252e+01
8.709691498432894718e+01
8.215604913455156577e+01
8.837216103878616025e+01
8.349438616649112532e+01
8.383632360993013322e+01
8.748428411082542766e+01
8.105981373285160885e+01
8.611166002132482333e+01
8.448461385628327491e+01
8.121041739399768744e+01
8.685954038357054685e+01
8.114182387596225965e+01
8.327476707643315024e+01
8.520156960633036647e+01
7.956346293600560671e+01
8.516484428193938072e+01
8.195149847776023933e+01
8.049740085642420695e+01
8.511992271482756678e+01
7.909962874061935167e+01
8.267489373165436461e+01
8.283606588486181010e+01
7.840967760158628153e+01
8.400467944950543142e+01
7.958318834276050779e+01
7.992576533093608759e+01
8.318514855665803509e+01
7.739434640322873804e+01
8.196804194160134216e+01
8.046503297434212243e+01
7.753477593197996498e+01
8.262656803262788685e+01
7.745078304467455155e+01
7.939407930079200071e+01
8.110985097561936641e+01
7.603452415740609638e+01
8.108982779900347282e+01
7.816380024545210858e+01
7.687944745609482311e+01
8.103296696564856916e+01
7.559049716994776702e+01
7.883885457514143980e+01
7.895364673627952357e+01
7.497267183667736390e+01
8.002648506832950659e+01
7.600889408779359258e+01
7.634013381370394313e+01
7.926700656189633776e+01
7.403633522943133016e+01
7.817593327349055699e+01
7.679158946835084976e+01
7.416753291772612044e+01
7.875583710927799075e+01
7.406187823056427533e+01
7.584464336154327668e+01
7.736609119881524066e+01
7.278512873703090236e+01
7.736733053590513975e+01
7.469020743999793410e+01
7.354994362106664596e+01
7.729752025063775989e+01
7.236317177209549811e+01
7.531735919613325336e+01
7.539630782738674952e+01
7.180863082213041082e+01
7.638083197054851325e+01
7.272135575947955033e+01
7.304523406965459742e+01
7.567583983208130860e+01
7.093769975006000550e+01
7.470111184667898385e+01
7.342042774618334988e+01
7.106024909716032312e+01
7.520947661994406985e+01
7.093643023461790165e+01
7.257184920876332512e+01
7.393223623977905845e+01
6.978431894888150566e+01
7.394326436189693652e+01
7.149395192850867886e+01
7.047833153404474160e+01
7.386461086535952347e+01
6.938147616698407205e+01
7.207559577502642867e+01
7.212409322059839667e+01
6.887938117266658367e+01
7.302810888602397199e+01
6.968912408407578596e+01
6.999841321803037886e+01
7.237061086085908812e+01
6.807009843658367743e+01
7.149217996411616127e+01
7.030529114144258074e+01
6.817946894269512370e+01
7.194354784775660505e+01
6.804998461369022777e+01
6.955001110013338916e+01
7.076704651152576275e+01
6.700263843129002339e+01
7.078423485143876803e+01
6.853960694386981345e+01
6.763096316606329594e+01
7.069761498095526520e+01
6.661650360974189766e+01
6.907559176347817242e+01
6.910054441643258372e+01
6.615938300725258614e+01
6.992995161959032657e+01
6.687862106871263279e+01
6.717210971925011620e+01
6.931671451142987905e+01
6.540550227913116998e+01
6.852298744391832486e+01
6.742608800738894104e+01
6.550335544842553759e+01
6.892041798053834611e+01
6.536833422451911702e+01
6.674390384147666566e+01
6.783510021973603443e+01
6.441431451434793587e+01
6.785763967640721717e+01
6.579750968187565263e+01
6.498211305752104749e+01
6.776544925317223544e+01
6.404403133735054610e+01
6.628951080530835327e+01
6.629717054020083822e+01
6.362620469642879328e+01
6.705697253739019459e+01
6.426497560148945354e+01
6.454271787793038584e+01
6.648552882672429121e+01
6.292036865077065499e+01
6.576440104483920379e+01
6.475217181217446694e+01
6.300597834368378614e+01
6.611430752804156441e+01
6.287164655332200169e+01
6.413019823003958209e+01
6.511211619052546951e+01
6.199832474992440012e+01
6.513604352781177909e+01
6.324586965950731354e+01
6.250946910752083596e+01
6.503987280385304359e+01
6.164378603289839020e+01
6.369278897101140302e+01
6.368864748102961215e+01
6.125921517842279940e+01
6.438274045430794956e+01
6.182747739373835572e+01
6.208778093046796442e+01
6.385011236716564298e+01
6.059690772160375616e+01
6.319213096352712711e+01
6.225755062369368886e+01
6.066918084708813552e+01
6.350208775911502812e+01
6.053745249770162928e+01
6.168755232435695746e+01
6.257685199956067379e+01
5.973525914718243968e+01
6.259487642202410029e+01
6.086517278363731265e+01
6.019517531688379108e+01
6.249560700581761097e+01
5.939664341372726852e+01
6.126804350049589942e+01
6.125178732889526856e+01
5.903736155862853963e+01
6.189045343144798039e+01
5.954618426933983244e+01
5.978227969623535643e+01
6.139510871051031415e+01
5.841902142998689840e+01
6.078159189186366973e+01
5.993376159764115130e+01
5.847851843814468964e+01
6.105443117521924279e+01
5.835365970409157654e+01
5.939802138012502297e+01
6.020217715623542887e+01
5.761326012437770316e+01
6.021803413145738659e+01
5.863395331762328055e+01
5.802171066240804009e+01
6.011928842036986254e+01
5.728899809766001994e+01
5.898909166120463254e+01
5.897594282358912210e+01
5.695465261591874651e+01
5.954668459027581662e+01
5.741226655801774115e+01
5.762609464692483385e+01
5.908532882697652155e+01
5.637536058541117256e+01
5.852817817104582332e+01
5.774265477560820869e+01
5.641882245645251714e+01
5.876938169734749096e+01
5.629609889526169297e+01
