3.202333685551964777e+02
2.132056174560820807e+02
2.811501978564794513e+02
3.028197282621666773e+02
2.051492210921591663e+02
3.272226745235318504e+02
2.557375533212336336e+02
2.543053328138160794e+02
3.364167642204744197e+02
2.143552924832257816e+02
3.173362871326634718e+02
3.050762574552268234e+02
2.293288180056279941e+02
3.548140187841876809e+02
2.515933155233668117e+02
2.933524819913634474e+02
3.494203764158844479e+02
2.237237881783772195e+02
3.551168447270227944e+02
3.047553470221751013e+02
2.637531441189473185e+02
3.807622154578729692e+02
2.501515847070150471e+02
3.376839070619528798e+02
3.594831516709540438e+02
2.444975245637875787e+02
3.937039396838109155e+02
3.030503502412176431e+02
3.079557641125900886e+02
4.047238202185837395e+02
2.553165569065295131e+02
3.864327862713931268e+02
3.667391013144033991e+02
2.788217258771161937e+02
4.326942524229033893e+02
3.021864854698942509e+02
3.612634066205626482e+02
4.264153753376880900e+02
2.720609698705066535e+02
4.392815608898661708e+02
3.716326234041816292e+02
3.275585564562717877e+02
4.722272165261809391e+02
3.061857858087369664e+02
4.233209932092075860e+02
4.457096203884040051e+02
3.046873043035973296e+02
4.960324663710329105e+02
3.760495216227122341e+02
3.912444624187310751e+02
5.113595720787831738e+02
3.197117626188252757e+02
4.954484883859901743e+02
4.639893527875977384e+02
3.578223180916499473e+02
5.579258159107513393e+02
3.835492307843540516e+02
4.717305289011669061e+02
5.521349044029634570e+02
3.511591197248784511e+02
5.785624352035014226e+02
4.826574636984714175e+02
4.345482685305728978e+02
6.259126754618271207e+02
4.001682084937965556e+02
5.712744203627836441e+02
5.951143455716835433e+02
4.099421053529310370e+02
6.764014519678731858e+02
5.044946831974167480e+02
5.406232811226345802e+02
7.042214530719821823e+02
4.363685262253237056e+02
6.967284890733694738e+02
6.451594456538747409e+02
5.061260044061385770e+02
7.950611401121697099e+02
5.384989046527656456e+02
6.863505088065079462e+02
7.986979142591337677e+02
5.086003360758687109e+02
8.587483074890870967e+02
7.070186797254422117e+02
6.570492014535776661e+02
9.499753318769395491e+02
5.995972715118473388e+02
8.903375953464724262e+02
9.226923133508092860e+02
6.434778758691347775e+02
1.085033811010074032e+03
8.023614380665113686e+02
8.898474644000335729e+02
1.161591496752287412e+03
7.176479091049209273e+02
1.196844400213806921e+03
1.104192566471613418e+03
8.946817473436534556e+02
1.430628657118008277e+03
9.619489202741038980e+02
1.289268500949121062e+03
1.512309974482153166e+03
9.794916880688006131e+02
1.727330620797376014e+03
1.427264941107260256e+03
1.394447208917697481e+03
2.068050891470169063e+03
1.320042351320580110e+03
2.102391959165844582e+03
2.227990379832865983e+03
1.634915251521540767e+03
2.924719546116325091e+03
2.226921800353633898e+03
2.728725498736301688e+03
3.791821377388382643e+03
2.506713085808154119e+03
4.735863197742796729e+03
4.828416418342881116e+03
4.557013966457078823e+03
8.791971918500725224e+03
7.469212878977357832e+03
1.464941694719495717e+04
3.025567417733604816e+04
3.647121730596295674e+04
2.779377900498969029e+04
1.195827703216478221e+04
7.842069791326410268e+03
8.282444619295034499e+03
3.920263696141968921e+03
5.037894048466621825e+03
4.199448943598466030e+03
2.502766187217493552e+03
3.738471195278830237e+03
2.305485979929499536e+03
2.380179437959016468e+03
2.696317727745044067e+03
1.436916430903450419e+03
2.268971446723081044e+03
1.808315191202677397e+03
1.355079249152584225e+03
1.967497815875871993e+03
1.133731736279348524e+03
1.475661408460592838e+03
1.530393856117608948e+03
8.797716295426895385e+02
1.476372275577974733e+03
1.058433572127839625e+03
9.759683426556698578e+02
1.302752032857541735e+03
7.077817119321281325e+02
1.091026664547332757e+03
1.007761621896505176e+03
6.594399020192580565e+02
1.083180972714191057e+03
6.890174035384779927e+02
7.853164393536249008e+02
9.385744011813649195e+02
5.033291711436169749e+02
8.690434338448445715e+02
7.047929337261697356e+02
5.497338720811557096e+02
8.400937146267732487e+02
4.782515514901400593e+02
6.655091022934981311e+02
7.011481529677643039e+02
4.003360126813502120e+02
7.179551026161520895e+02
5.085041327105018354e+02
4.866529443933225707e+02
6.657596106628556072e+02
3.494724972046773814e+02
5.821862464088443403e+02
5.345001035046133211e+02
3.467491037743814104e+02
6.001594271274232142e+02
3.706332930921482216e+02
4.433113294092374304e+02
5.340116236970732189e+02
2.756360617632163326e+02
5.103374874220087349e+02
4.054846228037326910e+02
3.205787105949722218e+02
5.028776706513993986e+02
2.724986590403290165e+02
4.093915244221466310e+02
4.261980616382642779e+02
2.342761004352025509e+02
4.483933408234786953e+02
3.043310870205517631e+02
3.052284973605392224e+02
4.212945352010109445e+02
2.041149302907268179e+02
3.749507884059673870e+02
3.367133888236565440e+02
2.169443149734291296e+02
3.915300385499340337e+02
2.270615114979668192e+02
2.926469826691892990e+02
3.475806963667395166e+02
1.649413883135284777e+02
3.418505473835730299e+02
2.582561138864069221e+02
2.113445078801343868e+02
3.394493187772343390e+02
1.653843918831293820e+02
2.794698328431659888e+02
2.846698792522564645e+02
1.452959730454422811e+02
3.073324917795301303e+02
1.957307710554628954e+02
2.067117980132073001e+02
2.863959899740295896e+02
1.242749283803133693e+02
2.603723125093382009e+02
2.217049037165428160e+02
1.438096317250668221e+02
2.730674043127497725e+02
1.400211151275699990e+02
2.043320505391380379e+02
2.377471628865627622e+02
9.915109819914519562e+01
2.414888868819870709e+02
1.688934395066562786e+02
1.436423241405534554e+02
2.351388181010221956e+02
9.663884884213791793e+01
1.991771244766260338e+02
1.912613268565916087e+02
9.110279698510333901e+01
2.186730042696008809e+02
1.228552644714569482e+02
1.465887161062311748e+02
1.969655945534485113e+02
6.439070683798364314e+01
1.880436089463576934e+02
1.463209257308213012e+02
9.524487612471308751e+01
1.928229742625385370e+02
8.034619363673591863e+01
1.440874497396615936e+02
1.582097738910728708e+02
5.660658117075979590e+01
1.733376753762161968e+02
1.050253996887339127e+02
1.037084607942295520e+02
1.617864433739002266e+02
4.424794709165072959e+01
1.438929967440890891e+02
1.219600611040514622e+02
6.361535883593844432e+01
1.549599665687959202e+02
6.345237911111478724e+01
1.109337771288494139e+02
1.331472469349512266e+02
2.867432435741766028e+01
1.383569729835780322e+02
8.860272641228249313e+01
7.470787792310025566e+01
1.330496296564327849e+02
3.101587439143681735e+01
1.140316883640778087e+02
1.025576446610358943e+02
4.167200784896410681e+01
1.261777709983120133e+02
5.416110583106228660e+01
8.645313567654565645e+01
1.075537830963920527e+02
1.562041186972156837e+01
1.148751116058286925e+02
7.279759842492177313e+01
6.200937453271051680e+01
1.117802683984302234e+02
1.995232987519876033e+01
9.660425152392187442e+01
8.523048883682628230e+01
3.644961111704569845e+01
1.093367173225975364e+02
4.252534929847679734e+01
7.759958915919860090e+01
9.613447669327229050e+01
7.701594137170018506e+00
9.627723610998177151e+01
5.666994590514855901e+01
5.945994517208306007e+01
1.004700029569200694e+02
1.511964878102481613e+01
8.607607376127045029e+01
7.189472457098295877e+01
3.773869561670830564e+01
1.007509334766726283e+02
3.685902068892907124e+01
7.044869818999453059e+01
8.268457579266821256e+01
1.347105296118840734e+01
9.139208111863629824e+01
4.952775317674188216e+01
5.751185158411776399e+01
9.096064557291450114e+01
9.955171967037911074e+00
8.346447289443233331e+01
6.574848597167191144e+01
3.700381802725642899e+01
8.914847551270752035e+01
2.536688260675990136e+01
7.135325880903951656e+01
7.131347828855093951e+01
2.761127664195423748e+01
9.399337622435001549e+01
4.304398683889294119e+01
6.379922829870181999e+01
8.697449616496446367e+01
9.340143731714158903e+00
8.836624387607915310e+01
5.941091727954031398e+01
4.957842632707532005e+01
9.396642622148645785e+01
2.387988295184067056e+01
8.376345655986439453e+01
7.496355363377885794e+01
3.706087848455619849e+01
1.026877800629498978e+02
4.395524587999690169e+01
7.243860375971253518e+01
9.158599085301304399e+01
2.134466527654961965e+01
1.004215278514861609e+02
6.681173446447981235e+01
5.907097542225410791e+01
9.809288000789051409e+01
2.867984984871412735e+01
1.032259251012963688e+02
8.887420678097466009e+01
4.963851743109898251e+01
1.123332575008984549e+02
4.982791664411787025e+01
9.457265132395066587e+01
1.083727862062042107e+02
4.330754945863763794e+01
1.195448640539292171e+02
7.997460845920359418e+01
8.812230160700261195e+01
1.273139141113262269e+02
5.663853231937868316e+01
1.237402703059819942e+02
1.065338505351717373e+02
8.258937376247753548e+01
1.457647920138123254e+02
8.075733815727994624e+01
1.283689363880440055e+02
1.405865556560282243e+02
8.250612175594213227e+01
1.621727389203801692e+02
1.180272358713183394e+02
1.244671007510005865e+02
1.695179760900367114e+02
1.052193611892133731e+02
1.770243821262627080e+02
1.604728835842476258e+02
1.332073005525147664e+02
2.025483873337254863e+02
1.378473868904516166e+02
1.844480360205601812e+02
2.064304008972266615e+02
1.500949914394636266e+02
2.277543360054509094e+02
1.909790161098319174e+02
2.066511703343904003e+02
2.564025891420851053e+02
1.915941786881496398e+02
2.632275458240995363e+02
2.498017655063392510e+02
2.261608322714973269e+02
3.077361166008218447e+02
2.521591237613938574e+02
3.066446439427816699e+02
3.330052172268660229e+02
2.804103631147319220e+02
3.736174524090645264e+02
3.405663988841850482e+02
3.627730867401415367e+02
4.279034373613550883e+02
3.706295659156910460e+02
4.657179279021925140e+02
4.586615746800820830e+02
4.463718290089959169e+02
5.545134319054706111e+02
4.934837605330220072e+02
5.848169137812711824e+02
6.407738095092493040e+02
5.962450511837420208e+02
7.463113852533905401e+02
7.187404807270976335e+02
7.926946585841343449e+02
9.357582389053224006e+02
8.840614133425261798e+02
1.097958194286322168e+03
1.161424733469481225e+03
1.214571987615485796e+03
1.521476174297287798e+03
1.555328354489502999e+03
1.915343862999945259e+03
2.256271427629363188e+03
2.481963189649390642e+03
3.433032602753876290e+03
4.140308877941059109e+03
5.913801562326933890e+03
9.327381463838881245e+03
1.110438189525513917e+04
9.497880392856492108e+03
6.185635422837931401e+03
4.407930754523516043e+03
3.695233865599615001e+03
2.756154952093028442e+03
2.485443204222846816e+03
2.150114344453747890e+03
1.810441940626130418e+03
1.769930227630764193e+03
1.477141401274474219e+03
1.396261765849753829e+03
1.338343022407050512e+03
1.139725327980863312e+03
1.153133540946837002e+03
1.038801768185435776e+03
9.726210481577855944e+02
9.745148168258450596e+02
8.474654013221368132e+02
8.676431991351780653e+02
8.185859222723681796e+02
7.476134040738022577e+02
7.758305841193408696e+02
6.873733982421895234e+02
6.922174489069714127e+02
6.842784945903938478e+02
6.109308889932706279e+02
6.481674534979896407e+02
5.925721645410184237e+02
5.738093859002154886e+02
5.939756995094126069e+02
5.238124831434794260e+02
5.505927206715749662e+02
5.273081342068396680e+02
4.903216661800298084e+02
5.240093577407882321e+02
4.678403557362862557e+02
4.777390764425050520e+02
4.792362552062062946e+02
4.299179856014276879e+02
4.673171190333291065e+02
4.304978763971545845e+02
4.200454408527166947e+02
4.428843012092528397e+02
3.903958033514015256e+02
4.185889218669780689e+02
4.039049817092363810e+02
3.727657893981483994e+02
4.089607431571056964e+02
3.639183561925177059e+02
3.733072251595482385e+02
3.834717313205708251e+02
3.385501832911619431e+02
3.746803588586507772e+02
3.489081215007144010e+02
3.352743803947019501e+02
3.628833441697211697e+02
3.170390332414694399e+02
3.404024520061016119e+02
3.362544265562661963e+02
3.036969930679630352e+02
3.398620478373019864e+02
3.049132069047522577e+02
3.082247962317694601e+02
3.251200999899216413e+02
2.833637678497368597e+02
3.145560324199202000e+02
2.967615317799792933e+02
2.796707757256673972e+02
3.125473031470288561e+02
2.722814285398085303e+02
2.875567398780908661e+02
2.921897247306823715e+02
2.591275519772092935e+02
2.935073391279834141e+02
2.657043237748905540e+02
2.623015177193034901e+02
2.850042336864789263e+02
2.451029802308447074e+02
2.722280634407394473e+02
2.637229603601358576e+02
2.403671221499142803e+02
2.743013126211405392e+02
2.399575301645328409e+02
2.490882547429120848e+02
2.616510386053802790e+02
2.260272291534977853e+02
2.579406575026219457e+02
2.390944034650135848e+02
2.284674283386662239e+02
2.556690657093400603e+02
2.183266048069732790e+02
2.391526638787450452e+02
2.398516961792422251e+02
2.115492454916984002e+02
2.452212379112422127e+02
2.179524892534553544e+02
2.193514452850139946e+02
2.382990236060889799e+02
2.020978866941665331e+02
2.298488280972999007e+02
2.197206526918774330e+02
2.019870881397978337e+02
2.320972186345188675e+02
1.993937697939434486e+02
2.128029437512871596e+02
2.213208598247383065e+02
1.896002368017992694e+02
2.213225430187637244e+02
2.015002963118519403e+02
1.952621907112786630e+02
2.193854614322665384e+02
1.845195083852625260e+02
2.068166450898021651e+02
2.049113562134070037e+02
1.810403446226599726e+02
2.125544042598023964e+02
1.854249129622530461e+02
1.903761949195225327e+02
2.059287674398196373e+02
1.728807092718178637e+02
2.011985558288686207e+02
1.892126957166478007e+02
1.754096781821111790e+02
2.032371644566942734e+02
1.716191867872654768e+02
1.869597885098703784e+02
1.928113819394946233e+02
1.646596050328798810e+02
1.955682796200307791e+02
1.749696296957282584e+02
1.717945987157682737e+02
1.932616770715230246e+02
1.604107237568207438e+02
1.835416440926606185e+02
1.796358784636348673e+02
1.592234677043163344e+02
1.890360511215669703e+02
1.620963730140774999e+02
1.694399971897863111e+02
1.826323767947245926e+02
1.520105660123581970e+02
1.800624865134330150e+02
1.670110830532362058e+02
1.559949285274944657e+02
1.815848727626305390e+02
1.511560243894638802e+02
1.677199141170293899e+02
1.716195286352863434e+02
1.462653640098552046e+02
1.759122827922518866e+02
1.551145684193841987e+02
1.542890433314332483e+02
1.734084861436785729e+02
1.425538692235700182e+02
1.659778765204382296e+02
1.605624257276409992e+02
1.428092758689302855e+02
1.707208128476272009e+02
1.443325488654778610e+02
1.533168031134505327e+02
1.642683873064071349e+02
1.359893699448572022e+02
1.635413640209562232e+02
1.495963015788509551e+02
1.409891525645145975e+02
1.645895028859528395e+02
1.353894285134873599e+02
1.527585380617973669e+02
1.549041305052331836e+02
1.320105776935856170e+02
1.603486444503991208e+02
1.394201476663075425e+02
1.406173958333440339e+02
1.576623174983550655e+02
1.284275543018185886e+02
1.518832959215488074e+02
1.453056975144435228e+02
1.299050950828754196e+02
1.561484411747143213e+02
1.304196598481101148e+02
1.407009695328522412e+02
1.497845589056522044e+02
1.235340855285956394e+02
1.502911610088611098e+02
1.357822901304021457e+02
1.293098844435874355e+02
1.509497022207538350e+02
1.228719163735222395e+02
1.408081917613310452e+02
1.414416342864009550e+02
1.206585210966634492e+02
1.477564158777952343e+02
1.268769964642707038e+02
1.296183586435573147e+02
1.447716871323380019e+02
1.171159876952386583e+02
1.404102460759468727e+02
1.328344967733238207e+02
1.195074356687148480e+02
1.441570477111137905e+02
1.189894755048194526e+02
1.302595665125063533e+02
1.377503221478246473e+02
1.133003404949533035e+02
1.392637609998095343e+02
1.243527720400958714e+02
1.196265295432379929e+02
1.395204475519959999e+02
1.125209569329401518e+02
1.307780975372055821e+02
1.301829437959578968e+02
1.113124259494028792e+02
1.371540476844011494e+02
1.164256938715334400e+02
1.204658581128309152e+02
1.339321990907949669e+02
1.077530077392178356e+02
1.307402666210568611e+02
1.223712142731677943e+02
1.108848660244942295e+02
1.340043884812806994e+02
1.094756078758029929e+02
1.215002273192697828e+02
1.275339146276608489e+02
1.047954285189536705e+02
1.299245645465810810e+02
1.146904244923127152e+02
1.115145740297465267e+02
1.298026951929996073e+02
1.038662755153012682e+02
1.223027091370342418e+02
1.206065805569430012e+02
1.034978019084442309e+02
1.281128508918489786e+02
1.075521584239026396e+02
1.127191584876030959e+02
1.246571316874360633e+02
9.986774300350927547e+01
1.225121307832081641e+02
1.134484409778075928e+02
1.035738524077876264e+02
1.252729936883059736e+02
1.013701042412992450e+02
1.139996062138561825e+02
1.187501157529060691e+02
9.757281264624764106e+01
1.218775851845055342e+02
1.064253221676894867e+02
1.045800738567549075e+02
1.213888945691890768e+02
9.648519409288915938e+01
1.149881187422454474e+02
1.123299648597257772e+02
9.682153341507428479e+01
1.202682060735513261e+02
9.993478502694044607e+01
1.060459227653455230e+02
1.166056451415870328e+02
9.312517834565258568e+01
1.153366388723491411e+02
1.057085001075835322e+02
9.729027350810493147e+01
1.176317404132450264e+02
9.439285862970820062e+01
1.074993552668406380e+02
1.110777963654749811e+02
9.137246267840828295e+01
1.148318188154192967e+02
9.922881858218164552e+01
9.858905609779085921e+01
1.140072821515151844e+02
9.009390483313183040e+01
1.085925532096292301e+02
1.050841768942032814e+02
9.105118598676088482e+01
1.133608344861687556e+02
9.329573279551567566e+01
1.002260237095668174e+02
1.095017676930855259e+02
8.727896442085683759e+01
1.090276465551640399e+02
9.890578810424246115e+01
9.184175710980248653e+01
1.108909360311596402e+02
8.828384757308725739e+01
1.017925387348243049e+02
1.043108199690738331e+02
8.597191360758810674e+01
1.086034129037140161e+02
9.290113340322123747e+01
9.333568810340996436e+01
1.074621602087640042e+02
8.450800465461944100e+01
1.029417203856291252e+02
9.866674573917337909e+01
8.600101408949693393e+01
1.072273567332533872e+02
8.744561440112961748e+01
9.509305244370922594e+01
1.031951632170982265e+02
8.215274935947358870e+01
1.034127350456393657e+02
9.287544263982579196e+01
8.704377908152729049e+01
1.048781101293902935e+02
8.290477626193201388e+01
9.671979854526337306e+01
9.827309382652479997e+01
8.122491937853190791e+01
1.030356292510713700e+02
8.728088351291539482e+01
8.868810193051629653e+01
1.016061016150839151e+02
7.957526788921217076e+01
9.789239787189139008e+01
9.293622506640065239e+01
8.154389185505560533e+01
1.017213199148803540e+02
8.224206438687605214e+01
9.051808703451224858e+01
9.753020548084799657e+01
7.761403994224268388e+01
9.837467751052862752e+01
8.747985641617245278e+01
8.277771122723912356e+01
9.946317715177428909e+01
7.811739229529396766e+01
9.216954598208042171e+01
9.284122853399136943e+01
7.701313011136872433e+01
9.801654696818360435e+01
8.224609680312117632e+01
8.453328814113231715e+01
9.631800327212788204e+01
7.518030857815661250e+01
9.334188320805867534e+01
8.777377082365165961e+01
7.757271640495284259e+01
9.674435755191457531e+01
7.758495450567856722e+01
8.641128809218304241e+01
9.241132208555202965e+01
7.357080194395764750e+01
9.381955779534735029e+01
8.262158747424120975e+01
7.895951474690286886e+01
9.455234185431189076e+01
7.383106952773408693e+01
8.806154690138072283e+01
8.792184930914046959e+01
7.325037134872310673e+01
9.346094324707257783e+01
7.770688396226215389e+01
8.079458614080327550e+01
9.151540428764592150e+01
7.124498689581491817e+01
8.921329238936468187e+01
8.309333579473411646e+01
7.401157769405888587e+01
9.221212431471026605e+01
7.338285228412749461e+01
8.269198921031282623e+01
8.774968895312031236e+01
6.994175762320676881e+01
8.966602840953879650e+01
7.820754618866898511e+01
7.552180498040829093e+01
9.007648445026148920e+01
6.996559035161214979e+01
8.432701916532543862e+01
8.344120276244666456e+01
6.986407092005977404e+01
8.929810700638698506e+01
7.358948319150397310e+01
7.740585357232718877e+01
8.712264928923939067e+01
6.769397540182401940e+01
8.544451766526479730e+01
7.882531520264730318e+01
7.079220513873401899e+01
8.806000037218289833e+01
6.957442636020924454e+01
7.930181344332943638e+01
8.347807926682202151e+01
6.666931274246638850e+01
8.586106371888791955e+01
7.417729101006823100e+01
7.240553032804433542e+01
8.596648137526624112e+01
6.645416844013459468e+01
8.091404069101321284e+01
7.933538142367908108e+01
6.679579107577494312e+01
8.547707400905456154e+01
6.983404710703494800e+01
7.431431165730644750e+01
8.308691661686226837e+01
6.447409411538139068e+01
8.198377548236858559e+01
7.491087171396455346e+01
6.786938735624389096e+01
8.424034925156985310e+01
6.609577810959029875e+01
7.619876083321763360e+01
7.955561798162355558e+01
6.368893623662621195e+01
8.235899110923013211e+01
7.049312624158186225e+01
6.954865744512676429e+01
8.217467602341515942e+01
6.326397981140389959e+01
7.776353460360164149e+01
7.555229592891487300e+01
6.401000448553293154e+01
8.194256331465095400e+01
6.639007195850582832e+01
7.148147532126843373e+01
7.935895579906987507e+01
6.153955626835065829e+01
7.878681806946049448e+01
7.130771717828217504e+01
6.519990827679121992e+01
8.070179901297767344e+01
6.291516914623694134e+01
7.334145416237991810e+01
7.592496676863673599e+01
6.097845223141558790e+01
7.911990727183231797e+01
6.709784836161365718e+01
6.693217036616375992e+01
7.865750830080392575e+01
6.033867452764127393e+01
7.485657724301906057e+01
7.205313788588178170e+01
6.145954118708265668e+01
7.866756281415977980e+01
6.322137640843550344e+01
6.886910271710331699e+01
7.590162411695233402e+01
5.885526561148395075e+01
7.582262647791601751e+01
6.797403611370022247e+01
6.275102721495435532e+01
7.741585760690466600e+01
5.998706455967283802e+01
7.069571073170980924e+01
7.255664405554192342e+01
5.848951938306797160e+01
7.610101877802445358e+01
6.395571673141014912e+01
6.452476532497416883e+01
7.539247981318126790e+01
5.765526597584875645e+01
7.215697264920488863e+01
6.880677198117548699e+01
5.911909829731656885e+01
7.561624844053228856e+01
6.029483614958455462e+01
6.645180306066565379e+01
7.268225292685505678e+01
5.638877135316581501e+01
7.306232433910071222e+01
6.487942503012165218e+01
6.049241364650185915e+01
7.435044389531303466e+01
5.728598627508279151e+01
6.823659966800599364e+01
6.941860049242842479e+01
5.620294871155694949e+01
7.328691970959167179e+01
6.104251325828555963e+01
6.229287214163964848e+01
7.234027437779758429e+01
5.517909545933774496e+01
6.963825184045703054e+01
6.578173676271985926e+01
5.696090004959990694e+01
7.276249715830580556e+01
5.758246729606186420e+01
6.420473584160178859e+01
6.967368993650589459e+01
5.411550525842754666e+01
7.048225031125232931e+01
6.199862497050751386e+01
5.840339852799058917e+01
7.148073493807433465e+01
5.478734155960967200e+01
6.594276364293385484e+01
6.648465501464481520e+01
5.409483833220065918e+01
7.065086801279484519e+01
5.832984517695571469e+01
6.022176057312726982e+01
6.948168640752723491e+01
5.288839372591741039e+01
6.728331469155769184e+01
6.295487059722719891e+01
5.496343145264128083e+01
7.008682340894689844e+01
5.506082079501053528e+01
6.210772158154138367e+01
6.685409090213644845e+01
5.201304485904037733e+01
6.806181123401952959e+01
5.930681731096916565e+01
5.646250541745661877e+01
6.878595192157393967e+01
5.246647793390386738e+01
6.379383579083403788e+01
6.373377248949648077e+01
5.214223499302684672e+01
6.817171886049720797e+01
5.579631006978264196e+01
5.829160858835292203e+01
6.679546137983894027e+01
5.076228139280551233e+01
6.507352021434304845e+01
6.030522411446357722e+01
5.310733091145963414e+01
6.757022764156131700e+01
5.271019957917776111e+01
6.014343725376360084e+01
6.420375392243859380e+01
5.006321872401207429e+01
6.578442626094148693e+01
5.678409410666797896e+01
5.465390282940156652e+01
6.624988976055765022e+01
5.030390270295448829e+01
6.177626299093157058e+01
6.115113596987762890e+01
5.032661480028868795e+01
6.583832411716696242e+01
5.343028607405877040e+01
5.647924211327888599e+01
6.426310937805352808e+01
4.878685108338023468e+01
6.298771000326240710e+01
5.781573320394297610e+01
5.137980773095261355e+01
6.519267425825803741e+01
5.051449970055181637e+01
5.829820972126018574e+01
6.170465835377368080e+01
4.825105865348871959e+01
6.363410288416127969e+01
5.441681786852684155e+01
5.296406701150425533e+01
6.385259215199447880e+01
4.828877984550141633e+01
5.987535561379424820e+01
5.871379323576451981e+01
4.863863851163694108e+01
6.363190599996229935e+01
5.120747510051184292e+01
5.478263224582454427e+01
6.187189507377201636e+01
4.694498177445883158e+01
6.102048146702257014e+01
5.546953633264875094e+01
4.976703948170192859e+01
6.294588149167847035e+01
4.845561750153792957e+01
5.656161864881094203e+01
5.934571830110527202e+01
4.655908657725478861e+01
6.160057017438385429e+01
5.218831321868199069e+01
5.137680634410962455e+01
6.158477111888900879e+01
4.640236203803586079e+01
5.807797817270828489e+01
5.641351787593501399e+01
4.705967347441953308e+01
6.154164550953640145e+01
4.912018796863621617e+01
5.318142550076154862e+01
5.960710520402845702e+01
4.522486217822885379e+01
5.915471430584864976e+01
5.325501699622077467e+01
4.825602223461518037e+01
6.081379601613487296e+01
4.652436213915321872e+01
5.491983187113102360e+01
5.711132335427009110e+01
4.497936621325812467e+01
5.967072405859665452e+01
5.008686299134460995e+01
4.988538129784139841e+01
5.943298464905937806e+01
4.463543595689087340e+01
5.637558806020046376e+01
