2.117529248623569629e+02
3.287140580945401780e+02
2.310269519904468893e+02
2.714251394951910470e+02
3.224728868659602199e+02
2.048821530139246647e+02
3.279042195324254294e+02
2.796484221445157345e+02
2.423821816514274587e+02
3.504701593473439516e+02
2.280360935580640103e+02
3.103508757493968346e+02
3.293132207141632080e+02
2.226612765706056223e+02
3.609771896622594909e+02
2.757964509106578816e+02
2.811774169730713311e+02
3.696716379034647275e+02
2.309188674934085270e+02
3.525257422720640079e+02
3.330370844758044768e+02
2.522689315879848095e+02
3.935777225590573494e+02
2.723835163043641501e+02
3.272576510479492526e+02
3.859494940825691742e+02
2.437045253358600405e+02
3.971548196559782014e+02
3.340614168284428729e+02
2.938034795017735519e+02
4.251099929901268411e+02
2.724974757109727648e+02
3.799441684608393643e+02
3.993602597975479966e+02
2.703324792145538709e+02
4.437675680980884181e+02
3.339890078124016100e+02
3.474427714561888934e+02
4.552243579901046928e+02
2.809527512448408402e+02
4.392287186700987149e+02
4.102690846992374532e+02
3.136831525338881761e+02
4.923355192018638604e+02
3.350735033478531477e+02
4.130332403378069444e+02
4.841391782711975225e+02
3.037705129552989547e+02
5.050806137735413586e+02
4.192535316799938983e+02
3.751529886586230873e+02
5.433112048267422551e+02
3.426379360335365050e+02
4.916544465648456708e+02
5.121461505539914469e+02
3.473580013482905429e+02
5.789526319048051164e+02
4.289912849256263030e+02
4.573158232150744311e+02
5.978477695711075057e+02
3.639377325906182250e+02
5.855067187059242997e+02
5.409961079743326309e+02
4.181012053391988275e+02
6.630471307804514254e+02
4.441020209292485106e+02
5.634252959507434753e+02
6.573300873626932344e+02
4.100539057326653278e+02
6.994187953377251006e+02
5.732935624566182469e+02
5.236247777744878249e+02
7.623626979669368211e+02
4.738768933307618454e+02
7.026332644673351524e+02
7.271107727169435293e+02
4.949376449607985933e+02
8.420276332127956493e+02
6.156094152729564257e+02
6.753139198197666246e+02
8.842366637312698003e+02
5.325966256452757079e+02
8.897600987652114100e+02
8.161379841354231530e+02
6.427274703985757469e+02
1.033997296155921504e+03
6.836289575635213396e+02
9.015858139076415227e+02
1.052595970069596888e+03
6.568299213966109846e+02
1.159535852828586258e+03
9.443170299659061584e+02
8.894790658824281309e+02
1.312108514478631378e+03
8.082894981637517731e+02
1.259199178517490964e+03
1.307299916030233589e+03
9.088173998924885382e+02
1.599908774995767544e+03
1.167988591647430667e+03
1.342361664412750770e+03
1.790256208317792016e+03
1.086460229379297971e+03
1.925338330548078602e+03
1.789916578087163543e+03
1.475272142862715327e+03
2.484421521262162514e+03
1.673096763549171101e+03
2.378443554649745238e+03
2.897357140185946719e+03
1.896614272120728629e+03
3.655602840702477351e+03
3.146884603649018118e+03
3.337780714508304754e+03
5.462875175695164216e+03
3.709522379161503522e+03
7.055481513149599778e+03
8.945048498051135539e+03
8.303740761533163095e+03
2.326772809137320291e+04
3.624504461723061104e+04
3.495720360900028754e+04
2.052647504704178573e+04
7.349243845621378568e+03
9.127563798358763961e+03
6.196478659996220813e+03
3.935358899886223753e+03
5.280178742310493362e+03
2.807586196821781414e+03
3.353085617653911413e+03
3.329162411879058254e+03
1.771043717139774117e+03
2.909836098852391842e+03
2.026849034647861572e+03
1.761687311988603824e+03
2.333724547522300327e+03
1.229804381389131777e+03
1.841795233832383019e+03
1.682180563802374763e+03
1.046120679630047789e+03
1.740238614634412670e+03
1.098880852878232645e+03
1.194225782883725742e+03
1.440011655039884999e+03
7.536444240421557197e+02
1.293199603198382874e+03
1.053714520525105399e+03
7.821559254689138925e+02
1.212978438486218693e+03
6.893672339921608909e+02
9.379047636985657164e+02
9.986269380465046197e+02
5.507166932526837400e+02
9.962147817636946456e+02
7.131785663290196453e+02
6.550594602093070762e+02
9.139862362514644474e+02
4.762273171988437639e+02
7.753466173276956397e+02
7.260073796589915673e+02
4.581722069659859358e+02
7.992124849801442679e+02
4.972374289721370246e+02
5.754806824995511079e+02
7.084361797160402148e+02
3.557910381528815833e+02
6.622595733779731972e+02
5.386427256103738728e+02
4.051454116839371409e+02
6.543359449603502753e+02
3.581500768080977082e+02
5.140094414074893621e+02
5.529991365778107593e+02
2.949156060699633599e+02
5.701504700303880782e+02
3.985329422877647971e+02
3.773667114442868638e+02
5.377799298381287372e+02
2.623345771200178547e+02
4.682564250083455022e+02
4.347284925334180343e+02
2.639443895123223456e+02
4.917691804625922600e+02
2.945294249641412989e+02
3.570132631028150172e+02
4.418152971282787576e+02
2.048549896778501989e+02
4.226588988852631701e+02
3.354577808866840769e+02
2.520203406580413059e+02
4.228838460886857433e+02
2.154816013456790529e+02
3.366630784426724290e+02
3.578514922311917985e+02
1.781277965380175772e+02
3.819726388172052225e+02
2.551991101349304074e+02
2.465396903974686040e+02
3.605481522459250527e+02
1.591361733021950613e+02
3.156772112505748851e+02
2.864369477156903372e+02
1.677594394186730824e+02
3.368086177663382728e+02
1.866722256129397977e+02
2.418011128602542499e+02
3.011595395837303499e+02
1.239416045382710365e+02
2.920062545838883921e+02
2.217031585273305154e+02
1.681114620528535397e+02
2.931442334111551418e+02
1.335418170898362007e+02
2.370597366635811056e+02
2.455690768509662973e+02
1.103084801183846508e+02
2.687722992647010756e+02
1.654900426514024332e+02
1.703382341525295089e+02
2.511144542595789915e+02
8.985823271876529361e+01
2.254839171194275025e+02
1.959995003048251192e+02
1.094660407316344219e+02
2.383125967567324324e+02
1.155591838174341461e+02
1.721051393652880677e+02
2.088648609525499182e+02
6.551283087488178580e+01
2.106273727515405767e+02
1.499997646350878426e+02
1.143404578410047492e+02
2.032777969609377351e+02
7.030314084774613548e+01
1.713768632386445177e+02
1.669241772157788262e+02
6.681836242709393048e+01
1.929289084124032172e+02
1.017522602861231178e+02
1.248240522481374057e+02
1.772228762216555538e+02
4.116923892281446484e+01
1.642638673011144022e+02
1.295052755418297750e+02
7.429317214406410130e+01
1.691542330421603424e+02
6.291525961779310450e+01
1.267176407147895247e+02
1.410667358388429875e+02
3.498639897028202483e+01
1.531848662407727772e+02
8.979061675823470523e+01
8.842308662525724117e+01
1.442511732569331571e+02
2.686339182080539700e+01
1.274918284157368618e+02
1.063686157856472647e+02
5.320829582098261312e+01
1.400829608813552625e+02
5.183157662850573644e+01
1.006723495872990242e+02
1.199099441341404741e+02
1.720919041124897930e+01
1.248049730778890449e+02
7.385514492841525680e+01
7.174358922123383309e+01
1.238637713815244439e+02
1.978065311481323363e+01
1.069273992922335452e+02
9.219558457529196005e+01
4.111136047513368652e+01
1.194208219201035064e+02
4.405610175661063010e+01
8.663299861546443026e+01
1.052386966300943243e+02
9.477717650166368912e+00
1.085726598728025181e+02
6.663494623540042028e+01
5.899201580149522783e+01
1.043019634338063355e+02
1.273309123933318077e+01
9.599370543121247579e+01
8.059446969953744144e+01
3.897346585821700415e+01
1.080491487511573183e+02
4.068675317147091874e+01
7.496094672941414672e+01
8.844933247731762549e+01
1.520095787953676947e+01
9.945222166402497521e+01
5.477247743117818146e+01
6.137512846124009513e+01
9.822662205656675383e+01
1.013012431038421290e+01
9.178975179159080255e+01
7.283402377498264002e+01
4.101852620622772605e+01
1.025196044356154914e+02
3.384658502851002737e+01
7.675616320018754379e+01
8.611597808721539593e+01
1.586466734882219143e+01
9.639687772456443327e+01
5.168677630748316432e+01
5.917912654539148321e+01
9.159940072547796319e+01
3.917775322048360653e+00
8.926582911608262805e+01
6.543225895944476633e+01
4.597603092126401236e+01
1.000107168474506096e+02
2.711210283039473623e+01
7.983333984976049180e+01
8.058242917269801353e+01
2.648028534387949051e+01
1.008735497753132080e+02
4.607532222056399007e+01
7.082655650721400775e+01
9.652210531634254664e+01
1.209919751018479950e+01
1.008037423309835390e+02
6.939419379126997001e+01
5.426757879466851620e+01
1.085981900348780016e+02
2.826209793669631765e+01
9.042710748185837133e+01
8.700977142769379213e+01
4.114091064487799798e+01
1.174514947098295323e+02
5.451612647755857211e+01
8.335001876465801729e+01
1.123312910784275687e+02
2.949776651547377426e+01
1.143615456768654184e+02
8.130171623116621049e+01
6.928738051247752594e+01
1.255684463460951292e+02
4.656039268396861530e+01
1.149474181699643935e+02
1.105005267310850030e+02
5.799747604914799126e+01
1.396548059045210266e+02
7.600895271824359156e+01
1.074963474645802108e+02
1.401640106762085338e+02
6.520740475848970163e+01
1.494024678035623879e+02
1.139487410940598835e+02
9.790463733988087824e+01
1.629008667537870281e+02
8.377587725274204900e+01
1.531873068922421339e+02
1.544083016273691271e+02
1.009150610964662604e+02
1.918195010984460396e+02
1.290400064406772742e+02
1.527468547684370890e+02
1.982066864579160779e+02
1.189437500461168611e+02
2.093330757887386540e+02
1.820536865768508221e+02
1.556568668624720715e+02
2.409475443120769569e+02
1.619716470508171824e+02
2.203610805604761538e+02
2.417582773654885102e+02
1.731055687043879914e+02
2.783832354404673310e+02
2.294136006122338358e+02
2.404106506936967378e+02
3.126641343891510587e+02
2.245379044561352941e+02
3.161269414662618829e+02
3.170994319581373588e+02
2.663103164101883067e+02
3.780366501803546839e+02
3.137005291433928278e+02
3.591774488963283147e+02
4.216663718288483551e+02
3.467806093524571907e+02
4.624361022836276334e+02
4.405654804921217647e+02
4.332888431287525464e+02
5.534646831736067725e+02
4.742529351150561752e+02
5.716963426683951184e+02
6.283066545824082141e+02
5.707316140536598823e+02
7.359273675913548232e+02
7.065441095353597802e+02
7.593039177768730497e+02
9.137432977418253586e+02
8.387459903683976563e+02
1.034485016853059506e+03
1.119490372805464631e+03
1.132468041037996954e+03
1.454449525911210003e+03
1.470543895951919467e+03
1.730196077226159559e+03
2.142409399902696350e+03
2.269427615664922087e+03
3.108672065065566130e+03
3.869148649140608086e+03
5.057860394097611788e+03
8.172732044821264026e+03
1.064041808286139167e+04
1.010761539959428592e+04
7.161627603185706903e+03
4.701271819862855409e+03
3.914446865947209517e+03
3.061542544937081402e+03
2.473600587538825494e+03
2.279940716644082841e+03
1.877012572033970628e+03
1.733795497272855528e+03
1.610981514001984806e+03
1.376263089284350826e+03
1.332766774186658495e+03
1.202918032107401359e+03
1.097381451101995253e+03
1.087546277755763185e+03
9.710997168354718951e+02
9.365132800612935853e+02
9.089769023803091841e+02
8.244517765087141470e+02
8.292490044977120078e+02
7.786060003854934166e+02
7.247413573880703552e+02
7.340836726488348631e+02
6.787218095111362572e+02
6.627570114345472803e+02
6.548514015765614431e+02
6.018606628425461622e+02
6.122409362505163699e+02
5.880407942968349744e+02
5.527676146380299542e+02
5.648052971883195141e+02
5.270728551182077126e+02
5.214238723502761559e+02
5.214832554774292248e+02
4.812123149173103798e+02
4.963265043811177293e+02
4.770700221426162102e+02
4.525588732042652396e+02
4.728590930664172447e+02
4.375500580141274440e+02
4.333078480089782261e+02
4.381493962098078327e+02
4.044854623769278987e+02
4.212272364387451944e+02
4.048838432633044135e+02
3.885667352597916988e+02
4.057500305811342400e+02
3.724628055301599829e+02
3.802437789742094196e+02
3.817505934057663239e+02
3.503022827777321595e+02
3.728016435911922031e+02
3.520994511317446154e+02
3.414760740492374111e+02
3.607913716452496828e+02
3.265249702861354422e+02
3.383247787587540643e+02
3.380208896477037683e+02
3.128838973052577330e+02
3.365863716891926174e+02
3.131130119141442378e+02
3.095444057188900047e+02
3.233325462192858026e+02
2.916293122887786353e+02
3.116202912572024388e+02
3.032535082785800569e+02
2.829623886480185888e+02
3.077301048168590683e+02
2.800138495645887247e+02
2.853767712702357926e+02
2.950408098328975370e+02
2.640203886238335258e+02
2.882778009937081833e+02
2.743435295786182451e+02
2.606302522251587561e+02
2.831480155870268050e+02
2.537571593425969354e+02
2.668756080161502950e+02
2.694646868817818586e+02
2.425072372114530026e+02
2.692076626276735283e+02
2.489722007500330392e+02
2.445803981761327179e+02
2.633298899926820695e+02
2.319917139272708937e+02
2.512052458377352480e+02
2.471577613585775168e+02
2.267312396246919661e+02
2.534570661801256222e+02
2.277059173967398067e+02
2.316181876569444853e+02
2.444750428985475992e+02
2.147596918179165755e+02
2.392248779983682709e+02
2.277622751348812642e+02
2.141027485190553534e+02
2.383019495396610807e+02
2.096209634852759791e+02
2.217101967042246429e+02
2.270955384705142990e+02
2.012461347902626585e+02
2.280501492907876298e+02
2.094222436569911849e+02
2.046290268007736870e+02
2.244053389371322567e+02
1.942126505932749012e+02
2.134925257682169502e+02
2.111103489399717716e+02
1.906541624538961344e+02
2.174779265193444076e+02
1.935975598097757313e+02
1.976378544998544555e+02
2.110166652376503862e+02
1.820392225323765558e+02
2.062471615034881438e+02
1.958161387326921101e+02
1.827132235071311754e+02
2.072580167047047723e+02
1.796965027491826845e+02
1.918919136845125877e+02
1.979021989039502785e+02
1.725329756480170431e+02
1.992014215213717705e+02
1.818137997948710165e+02
1.773525394331540781e+02
1.971757319749686701e+02
1.681741541494242256e+02
1.873609839115429736e+02
1.854080078161311462e+02
1.655408097326243819e+02
1.920642497395992621e+02
1.691483108851313375e+02
1.734599855934786490e+02
1.869343729969391177e+02
1.588639038704759798e+02
1.826926143480561393e+02
1.730023383068175917e+02
1.606750238668244322e+02
1.847157840210895472e+02
1.580650430421174804e+02
1.702988084649670100e+02
1.763805516113104375e+02
1.518960410483291525e+02
1.779972163650849666e+02
1.613679346934982561e+02
1.574601857867702108e+02
1.767904365595057357e+02
1.488195992125371276e+02
1.677003596303648294e+02
1.658300623347940075e+02
1.469751481238584745e+02
1.729451301407003712e+02
1.508529128818372840e+02
1.553347890078191824e+02
1.683358682578340506e+02
1.415144882263635964e+02
1.649364913310552936e+02
1.555146361388194975e+02
1.439968550924881185e+02
1.672072515307872891e+02
1.415234016189291992e+02
1.538158750333781200e+02
1.594805167113477751e+02
1.361688907548694658e+02
1.616889502693471172e+02
1.454557080121807928e+02
1.420912229425883027e+02
1.607078996595619742e+02
1.338326314353465420e+02
1.524250056730044207e+02
1.504503604439661331e+02
1.327221682798507061e+02
1.577758219064939738e+02
1.363768174358729652e+02
1.412871315650032216e+02
1.535492674344591535e+02
1.278661527959329050e+02
1.507266612407093760e+02
1.413278877322298399e+02
1.307994179218835882e+02
1.531410848072250133e+02
1.283709864275407426e+02
1.407475352470817711e+02
1.458405538853503742e+02
1.236803943123916412e+02
1.484470027260862537e+02
1.326190356420638068e+02
1.300028106967351391e+02
1.475994037600034119e+02
1.217799530353790090e+02
1.401804054993994555e+02
1.378268202635762805e+02
1.212077172755980143e+02
1.453606603435142972e+02
1.245311751305410297e+02
1.298994660610215135e+02
1.413420711023273100e+02
1.168051512961315410e+02
1.391614844740259969e+02
1.297169512930505277e+02
1.201152567628437708e+02
1.414289288173874866e+02
1.175087286791514316e+02
1.300307535533086423e+02
1.344762520443170786e+02
1.135090386407307506e+02
1.374798438831844294e+02
1.218735834619969012e+02
1.200302586667201155e+02
1.366409924614445117e+02
1.118139699534022071e+02
1.300002016892149754e+02
1.272586077058138443e+02
1.117702876446064835e+02
1.349667955335072236e+02
1.146614333235812779e+02
1.204856557827103956e+02
1.310403509454325501e+02
1.076207087868882155e+02
1.294598589141777154e+02
1.199276913495284731e+02
1.112959161885996195e+02
1.315548287965943075e+02
1.084109732536558113e+02
1.210649609557418245e+02
1.248285489535527688e+02
1.050185084783791467e+02
1.282035402593422475e+02
1.128070495700307703e+02
1.116871286327625512e+02
1.272666184121259647e+02
1.034173069219258281e+02
1.213831866921227203e+02
1.182224622421228304e+02
1.038521900001888270e+02
1.260735269849152047e+02
1.062643270927811585e+02
1.125393674479077362e+02
1.221844463312402098e+02
9.987124867245744042e+01
1.211730307209789572e+02
1.114925753795332781e+02
1.038339519331823197e+02
1.230615762765077932e+02
1.006487625155468209e+02
1.134145414917346386e+02
1.164871067029580729e+02
9.780539460152282061e+01
1.201987324068686434e+02
1.049783399824372907e+02
1.045824865324028821e+02
1.191450003033001934e+02
9.624294650575760102e+01
1.139906732491729286e+02
1.103769383190825693e+02
9.708167259202021171e+01
1.183782655820112524e+02
9.901403662918427528e+01
1.056825367351667495e+02
1.144738377937962639e+02
9.322467763570075761e+01
1.139654948763503057e+02
1.041655446172150050e+02
9.742230583211269845e+01
1.156163265296572433e+02
9.393975503895258328e+01
1.067764483453606346e+02
1.091643903527774455e+02
9.161061131662975754e+01
1.132053307949372964e+02
9.813889562054015414e+01
9.843762329489402418e+01
1.120159575732140524e+02
9.003237127277954244e+01
1.075122295572984825e+02
1.034834517840778574e+02
9.124979042787197159e+01
1.115706631387622707e+02
9.265949889135893613e+01
9.973746019663629170e+01
1.076476441749670556e+02
8.745237856471284488e+01
1.076468823961281345e+02
9.768760732933839108e+01
9.185449014274567503e+01
1.090467508209231937e+02
8.805262142642112622e+01
1.009612114623933365e+02
1.026884046019461749e+02
8.620529286419167647e+01
1.070138421614401665e+02
9.210076628674030985e+01
9.306388037313242023e+01
1.056735804068812428e+02
8.457502348859965480e+01
1.017989001210732170e+02
9.735782651757438089e+01
8.613796580414799564e+01
1.055284211505411776e+02
8.704944043774074203e+01
9.449518636103260860e+01
1.015661890935199239e+02
8.237775281899314450e+01
1.020243720972282802e+02
9.193185690392358822e+01
8.695998066296624529e+01
1.031730629975133695e+02
8.285062483806206046e+01
9.580203067027808572e+01
9.689275940512318641e+01
8.145015720598010489e+01
1.014836714583091037e+02
8.672209670303297457e+01
8.831220536971555646e+01
9.998815194386122585e+01
7.974577778875530498e+01
9.669564546005395300e+01
9.186522464271556032e+01
8.161958456994362621e+01
1.001012429001683159e+02
8.204750657650950529e+01
8.982727590488825342e+01
9.609582513350285637e+01
7.788450230508288996e+01
9.697775382867907012e+01
8.676796127683633131e+01
8.261313279380075869e+01
9.787120329000396168e+01
7.821151915265484433e+01
9.118465818757169927e+01
9.166474132825545951e+01
7.722751268910289468e+01
9.649738394343289372e+01
8.189233851349773374e+01
8.407014320238911864e+01
9.484622919126043428e+01
7.544970521573664257e+01
9.211304088667213819e+01
8.691150789252911579e+01
7.760516880452907174e+01
9.519465879989090240e+01
7.755616237482833242e+01
8.564386238151513453e+01
9.114374194912517169e+01
7.387473444772486175e+01
9.241216595334492467e+01
8.209969587797792201e+01
7.872706411004519111e+01
9.306121161215232007e+01
7.404630557389910450e+01
8.701913378366980112e+01
8.692128443192181919e+01
7.345234087771268605e+01
9.197035787365268789e+01
7.752874625343336845e+01
8.025721149904822482e+01
9.016560313790928660e+01
7.158677591068310164e+01
8.795344476463318983e+01
8.240794215732827865e+01
7.399752298660138194e+01
9.071976972765889968e+01
7.349802657432444164e+01
8.185699133794683746e+01
8.661894177742836121e+01
7.027261249535162335e+01
8.826161077665173593e+01
7.785808533468137682e+01
7.522433484567514483e+01
8.866868623493803625e+01
7.028672287312183187e+01
8.323326515341452136e+01
8.258916945204015292e+01
7.005444745945727902e+01
8.783182468413301081e+01
7.355981669467763595e+01
7.680349063893331163e+01
8.588081271638441194e+01
6.809793078431562208e+01
8.415452956952499619e+01
7.829347621098909826e+01
7.074135379433860749e+01
8.661387707059176932e+01
6.981097052824318894e+01
7.841567916517345793e+01
8.246675746876915980e+01
6.701621527221102781e+01
8.446144479602827460e+01
7.397557366272214097e+01
7.204680314231889326e+01
8.463679591780136491e+01
6.686795763516406055e+01
7.977232196138088227e+01
7.861628505705566283e+01
6.697432234182358002e+01
8.402890820545069062e+01
6.993590140305585123e+01
7.365609170619350721e+01
8.193730335672083243e+01
6.492882436893432896e+01
8.067072356372229081e+01
7.451433316395340967e+01
6.777754428458129610e+01
8.283935168660899251e+01
6.644433479134762877e+01
7.525643194491620136e+01
7.865236780599754240e+01
6.405590452628356957e+01
8.094856389181445877e+01
7.042026906144972997e+01
6.914567816143450329e+01
8.090346090045902372e+01
6.375548919214760701e+01
7.658887202271711203e+01
7.494650641311861250e+01
6.417231648471373262e+01
8.051547076884827447e+01
6.660943586283150353e+01
7.076915712199085817e+01
7.829046746729522965e+01
6.204152328432066810e+01
7.745099993384226877e+01
7.102878351729820849e+01
6.507565545343052804e+01
7.933996551820324328e+01
6.335919422676265356e+01
7.235554979786637375e+01
7.512044229042128052e+01
6.135504678439151149e+01
7.769731890886899350e+01
6.713483098200441646e+01
6.648593196366073244e+01
7.744553267225761317e+01
6.089954839307892343e+01
7.364658502435587195e+01
7.155314518945452562e+01
6.160677592641923894e+01
7.725313202745172703e+01
6.354758272504518857e+01
6.810967072978678516e+01
7.490281759387480065e+01
5.939667420065703141e+01
7.446694168922455503e+01
6.780146516934074441e+01
6.259165242358137249e+01
7.608664097889369771e+01
6.051875483067164652e+01
6.966262967164847453e+01
7.183282561359642671e+01
5.888000208546125691e+01
7.467914443180279704e+01
6.410257007703719978e+01
6.403528777104529013e+01
7.422545822602056376e+01
5.827719023511587437e+01
7.091385933042424483e+01
6.839871887511846182e+01
5.925117822723942140e+01
7.421266654311085631e+01
6.071654374557212464e+01
6.564780489601373858e+01
7.174592294727382580e+01
5.696457255640864048e+01
7.168552132127129539e+01
6.480359759282318066e+01
6.030225944963140705e+01
7.304838552439083799e+01
5.789677304983545270e+01
6.716376676900847542e+01
6.877030709333081404e+01
5.660098611050595707e+01
7.185734199176164338e+01
6.128452202005104965e+01
6.176461345878804821e+01
7.121537310971467605e+01
5.585747529801442113e+01
6.836469063407584201e+01
6.545725661298824605e+01
5.707806551422672925e+01
7.136832151704881255e+01
5.809120703743380432e+01
6.335893674443212120e+01
6.879478848132288249e+01
5.472193911134935007e+01
6.908471098009961509e+01
6.201161788460885305e+01
5.818343670674756396e+01
7.020199031440665749e+01
5.546973488696368548e+01
6.483223579142364201e+01
6.590508826490444960e+01
5.449724554668460996e+01
6.921451037210222523e+01
5.866132525744566095e+01
5.965421057542116046e+01
6.839449148353672570e+01
5.361826536874979610e+01
6.597798901779326286e+01
6.270793575033842160e+01
5.506543618872017021e+01
6.869762972943266277e+01
5.565068263774026036e+01
6.122222917583631130e+01
6.602611749013605902e+01
5.264629848915888033e+01
6.664297256160838856e+01
5.940247546304971138e+01
5.621338568491993470e+01
6.752540534686679052e+01
5.321577994205841833e+01
6.264742472268660123e+01
6.321421179555847658e+01
5.254828281518398825e+01
6.673150127124725373e+01
5.621060147182259925e+01
5.768508027529486526e+01
6.574399071899799196e+01
5.153822031776757484e+01
6.373566569574169449e+01
6.013175765271130757e+01
5.319371900073778647e+01
6.618293994803298119e+01
5.337594963237407342e+01
5.922054993851654814e+01
6.342237722099492458e+01
5.071846829857523886e+01
6.434527243810698849e+01
5.695874099811918256e+01
5.437410268956816140e+01
6.500649884794233913e+01
5.111742031452831014e+01
6.059315658310189434e+01
6.069090491841268431e+01
5.073390997506484723e+01
6.438406606745552097e+01
5.392134620938322342e+01
5.583781953641165785e+01
6.324110756972707037e+01
4.960726986869767074e+01
6.162051762640268038e+01
5.770793111785569351e+01
5.145104997797982094e+01
6.380843862271451172e+01
5.124941620137696674e+01
5.733893240820108872e+01
6.096859578070591823e+01
4.892523575739026143e+01
6.217432036014300678e+01
5.466597785109366470e+01
5.265365317869997597e+01
6.262455074323082727e+01
4.916050355094638746e+01
5.865605333575567215e+01
5.830940342816013100e+01
4.904417314099696057e+01
6.216712367866966105e+01
5.177396210295957957e+01
5.410401121601264407e+01
6.087836676388788959e+01
4.780394342984219236e+01
5.962263191612223778e+01
5.542871660721280591e+01
4.981745062767359400e+01
6.156137636859950391e+01
4.926239478170472097e+01
5.556121848741263847e+01
5.864898906541872492e+01
4.725337888717898238e+01
6.011614395385882403e+01
5.250734909968592490e+01
5.103794011587005741e+01
6.036940305755250336e+01
4.732932468659615211e+01
5.682214475117485364e+01
5.606324437485819345e+01
4.746253463728096733e+01
6.006101520991093423e+01
4.975902370828428900e+01
5.246788987569733820e+01
5.863749183298058654e+01
4.612089860919250128e+01
5.772718618121741230e+01
5.327649810856249957e+01
4.828652850697424981e+01
5.942804412936582281e+01
4.739828229464933429e+01
5.388042807653761201e+01
5.645243579951844737e+01
4.569014818155050506e+01
5.816248978786758528e+01
5.047416205160981661e+01
4.951636232623556566e+01
5.822871659852122406e+01
4.561567172649247937e+01
