9.610653626240022618e+01
6.811736927190217727e+01
1.408978433476179362e+02
4.714705275070635793e+01
1.142324872657529227e+02
1.226431464605553003e+02
3.678223514086405999e+01
1.403927718614021103e+02
8.138043935203873502e+01
8.707603427624846404e+01
1.398447818904186306e+02
3.328685044149964511e+01
1.281311262042345049e+02
1.124016277322756565e+02
5.432315161193042741e+01
1.457518823099943006e+02
6.498330871727412728e+01
1.051554263819034389e+02
1.354358051694377423e+02
2.983081832885773821e+01
1.395637153004139179e+02
9.933671095233819415e+01
7.403086665785782827e+01
1.478248300449146768e+02
4.824495765196425623e+01
1.217001406366576930e+02
1.277150233424009116e+02
4.124735613279175084e+01
1.481507112383508513e+02
8.387970275716038770e+01
9.385722262723625420e+01
1.465021283738808791e+02
3.489702382381695855e+01
1.361276148227017870e+02
1.168217508063233510e+02
5.993101686933253092e+01
1.535630001385638366e+02
6.681080691070688715e+01
1.127615383405758678e+02
1.416842932960056203e+02
3.334584811973518015e+01
1.479739982686392921e+02
1.030113327893293302e+02
8.068714064632244742e+01
1.556013630289566549e+02
4.980580317669961943e+01
1.300283753362621155e+02
1.334700801397223984e+02
4.639254323436899341e+01
1.567937497738823822e+02
8.686089819666041478e+01
1.014327839563948856e+02
1.539399748005414779e+02
3.725167080965254485e+01
1.450617795797490430e+02
1.218368187416035795e+02
6.633439232082349690e+01
1.623423177697274298e+02
6.913221980688540214e+01
1.212849859379324755e+02
1.487340238371430132e+02
3.776966277216070011e+01
1.574194121353783373e+02
1.073088441023980550e+02
8.820278598076156129e+01
1.642721294552959250e+02
5.195936986462498197e+01
1.394494855954469585e+02
1.399495040681267142e+02
5.252962157673582055e+01
1.666325809128852597e+02
9.037403874168315099e+01
1.101478078214292253e+02
1.624805749274353843e+02
4.053322371964227244e+01
1.552745130387755523e+02
1.277112832804265281e+02
7.378743326738482722e+01
1.723863991360795183e+02
7.214900428422673428e+01
1.311798425061967919e+02
1.569696489202743237e+02
4.339631120077044812e+01
1.683434045161536972e+02
1.125164737740215912e+02
9.698576343379927778e+01
1.744154137637134170e+02
5.510375578831071408e+01
1.503283517427187235e+02
1.476677537432680651e+02
5.979857597188560447e+01
1.780371716477640121e+02
9.491406713017217101e+01
1.203013088635792514e+02
1.725510139269273964e+02
4.526318402256884355e+01
1.671315057891996503e+02
1.348443278890821944e+02
8.247954239570422885e+01
1.841469702543169831e+02
7.637248210752188982e+01
1.425508237574912300e+02
1.666723928128896262e+02
5.038927347385919830e+01
1.809831872285455745e+02
1.189160132773062060e+02
1.072754019912103303e+02
1.863549281999897858e+02
5.981274393128315836e+01
1.630667316138508909e+02
1.569629287543396288e+02
6.872213105568921776e+01
1.915007491314243566e+02
1.008735104117215684e+02
1.321740306398328357e+02
1.844279918720153262e+02
5.199512805153138828e+01
1.812274882956280351e+02
1.437011109318887065e+02
9.321245228024231722e+01
1.981466741664401923e+02
8.215491424690951305e+01
1.563470495346460041e+02
1.785073696137208970e+02
5.944253209278963368e+01
1.963795116175007820e+02
1.273610388662021791e+02
1.197749615285117244e+02
2.007794180923432350e+02
6.649436183330611527e+01
1.786169268952237417e+02
1.686906368353842822e+02
8.000049990238466080e+01
2.079696303308604683e+02
1.089956249797375563e+02
1.469684888936455707e+02
1.993896909638735053e+02
6.149938463435556457e+01
1.984610755987521884e+02
1.550356838341860168e+02
1.068011799480456858e+02
2.156856744316334584e+02
9.054104760820952436e+01
1.735775867278417195e+02
1.938375757479106767e+02
7.217134633471319205e+01
2.156816264699028238e+02
1.387249067845355626e+02
1.363232522627644983e+02
2.198481847031785037e+02
7.759557595103716210e+01
1.983659047383656002e+02
1.841881705798138285e+02
9.550668523594062265e+01
2.293917622018758209e+02
1.211117971922958816e+02
1.666955885586234842e+02
2.193762526559672779e+02
7.623868290135824566e+01
2.215660818702470465e+02
1.712988198541019642e+02
1.258024520464041700e+02
2.397409997842582641e+02
1.049362877857202108e+02
1.970280541258413223e+02
2.153945671676901270e+02
9.123070642999951474e+01
2.420574261301367756e+02
1.563493054842870151e+02
1.598079221812260755e+02
2.462219205899165217e+02
9.614023513355900263e+01
2.270437173929933863e+02
2.078671011699130133e+02
1.196533982552258948e+02
2.605837522865554092e+02
1.416573957589307611e+02
1.962084926008094783e+02
2.499425762603500800e+02
1.018423853055283672e+02
2.563432254631939031e+02
1.987305508969490120e+02
1.561075787039782199e+02
2.763323858415855057e+02
1.314153775199548306e+02
2.340322997565770322e+02
2.505193253528450725e+02
1.247287827597329084e+02
2.852129845569077702e+02
1.893929592396291355e+02
1.992138739182791767e+02
2.911263001533950501e+02
1.335295409699471918e+02
2.755592178819991886e+02
2.517328610142197363e+02
1.636114451915971131e+02
3.157798159250629055e+02
1.863551611510832231e+02
2.495584575255361983e+02
3.078534879279345091e+02
1.553333056372599685e+02
3.209880105756117814e+02
2.575080155927865349e+02
2.178396935328386803e+02
3.506284926826082824e+02
1.976834581587827699e+02
3.100782639284104789e+02
3.313211528043855765e+02
2.034553178724698626e+02
3.769899244375337730e+02
2.766455813330279625e+02
2.908518632272747482e+02
3.981624847938475114e+02
2.372023011995374020e+02
3.902474766749245418e+02
3.741548452576719797e+02
2.858914062729569423e+02
4.600640097316842798e+02
3.322861465822233527e+02
4.014234522103312202e+02
4.872515803416702056e+02
3.394936390080323463e+02
5.241367352802187725e+02
4.838391018466639935e+02
4.399674395366375279e+02
6.215740710813827263e+02
4.936571578248387482e+02
6.055146576378436976e+02
6.939464194890260842e+02
5.740683431336218518e+02
7.984790198331144211e+02
7.864396318317957366e+02
7.622785103023601323e+02
9.902028754200958929e+02
8.951721986360144001e+02
9.472577245537399904e+02
1.084301196376147573e+03
9.028927055495327068e+02
9.624858003038306151e+02
9.599272433750822984e+02
7.240216446745192798e+02
8.144168177591180893e+02
7.001908571442928633e+02
5.222359117491698726e+02
6.557134984442672021e+02
4.678064192318501000e+02
4.445480479577215078e+02
5.137287642272700623e+02
2.925744243478494013e+02
4.161813703296784297e+02
3.612294085206041245e+02
2.316001053090470236e+02
3.840280522671486096e+02
2.135140701322507653e+02
2.694230488468827502e+02
3.193635185747994001e+02
1.153051971843953680e+02
2.943861678242291191e+02
2.112658348390309868e+02
1.498598148295951376e+02
2.810001024031486736e+02
9.644225212380655421e+01
2.168715913667586221e+02
2.181923197231719485e+02
6.740313704723396881e+01
2.467589303180336060e+02
1.269709222151645633e+02
1.451888811623568643e+02
2.193503072543941812e+02
1.643999005941312319e+01
2.010616562149041613e+02
1.547535287144924894e+02
8.486948045227723014e+01
2.071030962867449148e+02
6.158303258765605648e+01
1.611471556253826236e+02
1.739677488884751142e+02
4.143882536965101338e+01
1.915279856164841306e+02
1.035878347814288958e+02
1.212103473814929089e+02
1.808253642282854230e+02
3.748869182285935864e+01
1.727005046430169841e+02
1.347222916491491844e+02
8.498512588557923664e+01
1.826210046549797994e+02
6.982937323393201723e+01
1.444097454638108502e+02
1.538336710264863427e+02
6.253470698558322738e+01
1.739117894328003331e+02
9.930022956388289401e+01
1.218308205254210463e+02
1.680833728644139171e+02
5.982216584011892735e+01
1.615446074106530432e+02
1.263250714857128685e+02
9.633386365860890521e+01
1.705046420062190009e+02
7.407166155976403843e+01
1.460388808692807174e+02
1.465237598968638792e+02
7.711828772958465095e+01
1.696424329368462907e+02
9.839907029977695174e+01
1.292660913551753197e+02
1.632345524213288570e+02
7.148267359732822968e+01
1.647791939008941426e+02
1.237767080144510459e+02
1.085811471299674622e+02
1.729029240529803246e+02
8.039975348990320470e+01
1.558879088824226358e+02
1.495725439801722416e+02
8.892851352762370709e+01
1.770217377174170110e+02
1.024209863340880560e+02
1.364229816240686546e+02
1.660394004813913966e+02
7.782425224395646524e+01
1.735593341998399808e+02
1.271326177529666808e+02
1.156131886279072063e+02
1.789830542747168920e+02
8.231873773841955710e+01
1.647913285982021137e+02
1.535712662242461022e+02
9.630636984205123952e+01
1.895226227876999872e+02
1.057433846557267998e+02
1.481744506584740861e+02
1.782566362562257325e+02
7.848285386483658499e+01
1.871176164353813931e+02
1.349114105469527090e+02
1.216600773003657565e+02
1.956766311668468177e+02
8.609251400581891289e+01
1.764302906815034646e+02
1.668766929802925461e+02
9.534148037332779779e+01
2.049405473344264976e+02
1.106054025755149297e+02
1.538886609258115925e+02
1.951697818279353385e+02
7.490360576618031985e+01
2.031299998774570952e+02
1.497002351667198070e+02
1.226766079069719666e+02
2.167569747900066375e+02
8.712149197156446689e+01
1.864510534205157910e+02
1.878911862749220916e+02
8.596590720382776851e+01
2.244097320183307147e+02
1.257162894144859848e+02
1.574815639356109784e+02
2.207608843529238527e+02
6.821516325791674262e+01
2.185548041413152021e+02
1.741249108089154731e+02
1.152339089371085237e+02
2.420695796315041832e+02
9.848826707314059092e+01
1.942044187260295587e+02
2.192117493534899211e+02
7.069760477969349211e+01
2.453803808638020598e+02
1.529488671480717699e+02
1.520244009791913697e+02
2.519068762133011319e+02
7.066447435986636094e+01
2.295280108604796965e+02
2.086010623160298678e+02
9.830700598350607322e+01
2.682066456042467166e+02
1.251710410464825713e+02
1.928453845270682336e+02
2.549762958318740687e+02
5.554556960606931426e+01
2.628468472286844531e+02
1.910750736647409838e+02
1.376987117191008281e+02
2.844841444137459803e+02
9.257735011231687849e+01
2.342300044022025247e+02
2.504979429168662648e+02
7.239386220625610235e+01
2.910467179801775615e+02
1.652276268718034373e+02
1.824044193855141884e+02
2.929554299827400428e+02
5.848981063692965421e+01
2.735039004510730933e+02
2.366089173393511373e+02
1.131457967027704683e+02
3.144894282402880776e+02
1.318863784411591098e+02
2.297159732343203586e+02
2.944006928375839607e+02
4.720569490529677381e+01
3.094735894305822512e+02
2.142302878718427053e+02
1.630932336808143361e+02
3.313024567222705628e+02
9.271758965113544093e+01
2.764069224884396476e+02
2.867781750154378528e+02
8.069380939374303807e+01
3.408952522645055296e+02
1.832990324179541801e+02
2.160031255791053866e+02
3.394110244452996881e+02
5.176564725484121965e+01
3.207280038750137123e+02
2.689991426191173218e+02
1.338567618639528973e+02
3.662202504383751602e+02
1.429554078275957920e+02
2.713815340216630148e+02
3.394523045597186979e+02
4.524177035886729925e+01
3.620640846637827508e+02
2.421005354629220676e+02
1.937019140802225934e+02
3.844591748378579155e+02
9.560309328546395591e+01
3.254030271260602944e+02
3.290784077032441246e+02
9.483716901790009501e+01
3.980881340973668898e+02
2.046241687726733289e+02
2.575142468362050749e+02
3.942873080886955108e+02
4.475990315014154675e+01
3.774963254382458899e+02
3.085350614034101682e+02
1.600377952133495683e+02
4.276956894619020773e+02
1.576186400321625172e+02
3.215171555824926486e+02
3.930060721831517299e+02
4.885813253386992727e+01
4.262536696792598150e+02
2.764931001436196993e+02
2.321993957390501464e+02
4.491858617934174731e+02
1.003981838122886359e+02
3.865835343852752430e+02
3.818379516048906339e+02
1.154839311906717256e+02
4.692938152651145742e+02
2.325511506169389122e+02
3.082337240831644181e+02
4.611368737473587203e+02
3.940414237641722650e+01
4.492768078925586224e+02
3.579020202666321779e+02
1.956271937325124100e+02
5.056488930979020324e+02
1.766523498851252327e+02
3.864694074035769518e+02
4.616132291219068406e+02
6.029700845871614945e+01
5.090165433820556018e+02
3.211215741989773278e+02
2.827635745726229857e+02
5.328715282455666511e+02
1.081935958448092094e+02
4.658651591422201932e+02
4.498236902448451247e+02
1.453166627269709181e+02
5.624499499915332308e+02
2.688107396586214008e+02
3.767076032748273633e+02
5.500258818874032158e+02
3.393994764755608884e+01
5.442433685526469844e+02
4.229693547957642750e+02
2.445908173437040318e+02
6.097831467676674038e+02
2.018373542509375227e+02
4.747882529977726449e+02
5.541015331019275436e+02
7.980732245122327129e+01
6.210138749825762261e+02
3.804573053616820744e+02
3.543135435386952281e+02
6.482177877772038528e+02
1.187074018053349249e+02
5.761770321941993416e+02
5.433293656147297952e+02
1.895879225034463218e+02
6.936493758155469322e+02
3.195703490656889585e+02
4.741902325475639373e+02
6.753771640016281026e+02
2.636344390720297781e+01
6.806297784933046842e+02
5.158592590952260935e+02
3.165993827045411422e+02
7.604440776220683347e+02
2.381754209848824928e+02
6.039152520252411023e+02
6.887561468770389865e+02
1.121093060469970055e+02
7.867367512699262306e+02
4.681237032956282178e+02
4.614732994658841108e+02
8.201970968609567763e+02
1.341700274257110834e+02
7.436176580372356284e+02
6.854749877041537047e+02
2.575221522395485749e+02
8.937290571407356765e+02
3.970263767112602977e+02
6.251838512591444896e+02
8.695863487784902190e+02
1.885431349379856414e+01
8.946877292723513619e+02
6.620231122179562817e+02
4.315950501072249494e+02
1.000794951542933973e+03
2.969176802201402552e+02
8.120665814883303710e+02
9.069005229329832218e+02
1.669235325988835541e+02
1.059071970476047909e+03
6.136214361138727327e+02
6.393243167318348696e+02
1.107749233537564123e+03
1.612176746035268025e+02
1.027098098736198153e+03
9.281818078731498645e+02
3.752165670726743656e+02
1.240237532640748668e+03
5.323635560974209966e+02
8.917845740230728779e+02
1.215636221035952531e+03
2.616905998103647946e+01
1.279607489682407504e+03
9.280613042473759151e+02
6.425373870212119982e+02
1.445733449388676945e+03
4.070678880728407307e+02
1.205937961631991129e+03
1.324029196794788959e+03
2.740391157356212375e+02
1.590491393739612704e+03
9.006295553052561900e+02
9.958690212640885875e+02
1.690342727505749963e+03
2.175676066943136391e+02
1.616796853488158149e+03
1.439784916974433600e+03
6.278673446503287323e+02
1.993031458316146654e+03
8.312168224364046409e+02
1.489496673198972985e+03
2.003587400365180429e+03
7.644603916838518387e+01
2.192582286068270150e+03
1.570509985665668410e+03
1.163591126719725935e+03
2.566005760826965798e+03
6.896254336692836659e+02
2.247395441648985980e+03
2.453534586759889407e+03
5.739480827028638714e+02
3.110051874669973586e+03
1.745027629228775822e+03
2.082546657815291837e+03
3.523393919794048088e+03
3.996102832075170568e+02
3.621763469002508828e+03
3.250636725643801583e+03
1.568795457115014642e+03
4.925821557268820470e+03
2.055795977837698047e+03
4.102282941887134257e+03
5.670287683871930312e+03
3.609165512654504937e+02
7.167656356544508526e+03
5.406192912671315753e+03
4.619124505954695451e+03
1.096958715113584367e+04
3.141052539221498137e+03
1.312174849368537980e+04
1.732925874098206259e+04
6.027159790983900166e+03
4.866313695866790658e+04
8.158386268301807286e+04
7.960899703305817093e+04
4.428278412708016549e+04
2.464726403538822069e+03
1.804472591073854346e+04
1.162498852455902306e+04
4.616210391965905728e+03
1.094524822024744208e+04
3.540013457808869134e+03
6.105520324474612607e+03
6.783752419854904474e+03
4.775446807932079309e+02
5.927252691734917789e+03
3.580136791384551088e+03
2.638240959979407762e+03
4.882361740795866353e+03
1.034175936474909349e+03
3.586313722309256264e+03
3.382056753746983759e+03
8.688665826988444678e+02
3.638228379602575842e+03
1.740939677930544804e+03
2.092378565185962543e+03
3.046218154006402528e+03
2.169410997350901766e+02
2.649064793985296546e+03
2.052071858609715491e+03
1.011904991969234402e+03
2.615310502924118737e+03
9.005512139968251404e+02
1.805790398535858685e+03
2.116223819641871160e+03
1.990187423338264523e+02
2.124504451642592358e+03
1.318216706416830220e+03
1.069554609408462738e+03
2.002109316144864579e+03
4.101097407169889948e+02
1.606073113034437483e+03
1.528855222725638214e+03
4.397674488662720478e+02
1.765961254938598813e+03
8.394850171551637459e+02
1.086384830379753112e+03
1.574888396893941945e+03
8.968502336116861784e+01
1.445697854219604778e+03
1.113180011830037984e+03
5.913279792492409115e+02
1.489533434828124882e+03
4.977987304368717787e+02
1.076171932322069324e+03
1.248044313788452428e+03
1.445369863750062223e+02
1.302979032534965654e+03
7.957727104964233149e+02
6.873454732813233932e+02
1.259837353767901050e+03
2.407173768706093711e+02
1.045716803019370445e+03
9.813198103972080162e+02
3.086394727952950916e+02
1.170409581363349844e+03
5.423694578230634988e+02
7.451865171502090561e+02
1.060186443641479855e+03
4.570263892640817716e+01
1.000809203632654544e+03
7.569248348231016053e+02
4.286177794356421487e+02
1.042917127802574214e+03
3.344373321866655147e+02
7.742695789638798942e+02
8.814332838550308225e+02
1.214837269421068982e+02
9.439124890826640240e+02
5.633646832405055420e+02
5.145802118829319625e+02
9.188938187224207468e+02
1.616582145528583965e+02
7.806645139881197792e+02
7.186744162843081085e+02
2.449987645572899453e+02
8.771934375114536806e+02
3.941694333135896500e+02
5.732285588829639664e+02
7.976463712077363652e+02
2.604882592214395132e+01
7.688069313340831741e+02
5.691994103032479870e+02
3.420157676709152383e+02
8.028548056620210218e+02
2.457570111732179328e+02
6.091532604157156356e+02
6.792392050487068218e+02
1.081686429260579416e+02
7.418160289962926299e+02
4.316019067466697265e+02
4.158324188341584318e+02
7.225725199364637774e+02
1.160743911755757694e+02
6.258716053510693200e+02
5.641529628628703676e+02
2.073026472055704517e+02
7.023590503618707999e+02
3.052672556416042084e+02
4.692865784473905819e+02
6.379946300318042631e+02
1.936759394252796795e+01
6.260658001679157678e+02
4.529969810812757487e+02
2.881727671566575282e+02
6.526619046593219764e+02
1.899774975795116347e+02
5.047524291841510262e+02
5.507008804355122038e+02
9.966941239013611664e+01
6.120941503133037713e+02
3.465802549277357798e+02
3.518963667144096235e+02
5.948036779624314931e+02
8.630325876160814857e+01
5.241758459304229518e+02
4.622215447047266821e+02
1.823010011070263090e+02
5.860258569766417622e+02
2.458730352726719275e+02
3.995857825998398312e+02
5.305009729862384802e+02
2.020705731271230121e+01
5.292501211852694496e+02
3.738966731109617285e+02
2.513535756660922971e+02
5.496524206964485302e+02
1.516146607646360280e+02
4.326562797347058336e+02
4.616505272095698160e+02
9.371704552418690071e+01
5.216362388334005118e+02
2.871601820388053170e+02
3.069305882558244889e+02
5.047796811853352210e+02
6.538315758970449565e+01
4.521199695909739944e+02
3.897806330293340693e+02
1.644877381089027608e+02
5.028947344441535279e+02
2.032945334419026153e+02
3.495427766491848729e+02
4.530908438048105040e+02
2.347052627225100352e+01
4.591634251321199827e+02
3.165016137148338657e+02
2.245397471414649431e+02
4.745248886177008671e+02
1.236172012246632477e+02
3.797872904140405126e+02
3.962914688675996899e+02
8.905729865699696290e+01
4.546524375078713547e+02
2.430859934791120907e+02
2.735946158001998469e+02
4.378422121448154485e+02
4.994958327294788347e+01
3.983001115826036198e+02
3.355771288539089028e+02
1.511023056564698663e+02
4.404179586460477367e+02
1.712714154763151839e+02
3.117422176898913904e+02
3.945593717301986771e+02
2.693523164116535540e+01
4.058834585751654913e+02
2.728023508034237921e+02
2.040927815747836576e+02
4.170985326622200660e+02
1.021723836616627779e+02
3.392507999696928209e+02
3.459462708537783442e+02
8.591470227444376917e+01
4.033874060075440298e+02
2.092492094623653145e+02
2.478233691032095294e+02
3.861144469540067234e+02
3.822033436193854072e+01
3.565180843370960702e+02
2.934633440600418339e+02
1.406481707421637282e+02
3.916978886790572005e+02
1.462763915950979481e+02
2.821645744090837979e+02
3.487101172997468552e+02
3.001275726518309384e+01
3.640606371087511661e+02
2.384683260534536089e+02
1.879577286719875815e+02
3.718293184790240389e+02
8.530424170072667778e+01
3.071727719087215860e+02
3.061614241475795097e+02
8.316237475417905500e+01
3.624994121395874345e+02
1.822872384736448339e+02
2.272610324225302634e+02
3.448151323892052460e+02
2.911716876735430048e+01
3.230829408690964897e+02
2.597426878513212500e+02
1.322368162548306714e+02
3.525787967441249862e+02
1.262194194946888928e+02
2.583245034739362040e+02
3.117662368179402392e+02
3.263877253838150949e+01
3.302537750332590463e+02
2.107163747146547337e+02
1.748624080185608989e+02
3.351284834351008612e+02
7.166215933626307333e+01
2.810912186140220115e+02
2.738136690656510268e+02
8.088731777600156647e+01
3.291626088157140089e+02
1.603082283544139841e+02
2.104423298253753956e+02
3.110531801043607629e+02
2.207960283760766984e+01
2.956722854071550728e+02
2.321055251554436438e+02
1.252926682022799412e+02
3.204214436276552078e+02
1.097505032257290054e+02
2.386710650140503560e+02
2.813251058657589851e+02
3.486750534372025356e+01
3.023178930200389232e+02
1.877896108159993958e+02
1.640068344760088905e+02
3.047441509386322309e+02
6.041318007461899242e+01
2.594321058620064946e+02
2.469685015052906749e+02
7.895917042907981909e+01
3.014228576911731921e+02
1.420354248794933767e+02
1.964007565314799990e+02
2.829031105995906614e+02
1.683982686680279173e+01
2.727581096149900191e+02
2.090209689549994323e+02
1.194445254183699916e+02
2.934900130969853080e+02
9.598951539881187500e+01
2.221507808098156431e+02
2.557792404846420027e+02
3.675462677783921350e+01
2.788112338616948591e+02
1.685296381281762592e+02
1.548126796284434192e+02
2.791161382387527397e+02
5.097861314109102437e+01
2.411233888296367809e+02
2.242988705258983941e+02
7.729423126623251505e+01
2.779427926541318925e+02
1.265930058128708851e+02
1.844678266983197545e+02
2.590325968119793743e+02
1.338321722029184357e+01
2.532732398937529581e+02
1.894109538357247118e+02
1.144441799985064705e+02
2.705604876922150197e+02
8.428701090223255221e+01
2.080655220180112224e+02
2.340100255924606927e+02
3.837122150965787171e+01
2.587405440820017475e+02
1.520986996519087597e+02
1.469318178147563287e+02
2.572094340686020359e+02
4.297818534975038318e+01
2.254199485033752808e+02
2.048886635421215772e+02
7.582954890605375908e+01
2.577864911116921007e+02
1.133598057183846919e+02
1.741928373534374543e+02
2.385251200113297898e+02
1.176458755873069073e+01
2.364930968399813480e+02
1.725554976272124748e+02
1.100925681007341694e+02
2.507935340284520009e+02
7.424575828046965853e+01
1.958636611398640071e+02
2.152153100796818990e+02
3.974833045396721332e+01
2.413580643170787141e+02
1.379025273056834067e+02
1.400719602777185742e+02
2.382266967613846020e+02
3.611916807806885288e+01
2.117793958396829055e+02
1.880622659714605049e+02
7.452109273414463075e+01
2.402694585181211551e+02
1.018926888070939754e+02
1.652214159100592497e+02
2.206849841063401243e+02
1.181733553796700775e+01
2.218507516259556951e+02
1.578778141900626224e+02
1.062690413901208046e+02
2.335408191923433208e+02
6.550723951250660093e+01
1.851950949008587486e+02
1.988087040890628145e+02
4.093754690327362766e+01
2.261564332214555009e+02
1.255133854024728919e+02
1.340365484848146025e+02
2.216113604545476221e+02
3.020397538104974089e+01
1.997998350380022714e+02
1.733240093573642469e+02
7.333713784413438930e+01
2.248864237533431378e+02
9.185239591264500802e+01
1.573118271268707247e+02
2.050140300162339599e+02
1.295609313663197426e+01
2.089533170079396598e+02
1.449837293999138979e+02
1.028650461459663319e+02
2.183389858544251183e+02
5.784238750597202738e+01
1.757660152276019971e+02
1.843557659373238664e+02
4.195898475779642212e+01
2.127210710853294131e+02
1.145984880397496255e+02
1.286701074468951731e+02
2.069268505787346726e+02
2.508392878230142031e+01
1.891797531604591711e+02
1.602989073259576855e+02
7.225184687752717139e+01
2.112532067754681862e+02
8.298774892942589076e+01
1.502707560658900547e+02
1.911260913145813163e+02
1.461034552814049370e+01
1.974923657460162474e+02
1.335635295243587279e+02
9.980394399572917052e+01
2.048356412125762631e+02
5.108593313648387380e+01
1.673409570337834680e+02
1.715068693496747301e+02
4.283578302231399704e+01
2.007384512295632817e+02
1.049004468250108033e+02
1.238544812014661716e+02
1.938381228940259859e+02
2.065610002940825041e+01
1.796840908603811613e+02
1.486954826532120819e+02
7.124408282215833310e+01
1.990689465185188851e+02
7.510135762537606752e+01
1.439468577180210502e+02
1.787176710323388420e+02
1.642988697560032918e+01
1.872227935328633919e+02
1.233690002113668811e+02
9.702491308594035502e+01
1.927394796418950307e+02
4.507831050422355190e+01
1.597629928560216399e+02
1.600033939514170243e+02
4.358907563693967546e+01
1.899728896643783571e+02
9.622477500747761781e+01
1.194972123793221641e+02
1.820865192510599968e+02
1.686323903134879387e+01
1.711283189035797250e+02
1.382844972087927715e+02
7.030013606553826833e+01
1.881011600656652263e+02
6.804051109340397829e+01
1.382212313502059260e+02
1.675520715383584900e+02
1.824541846397983491e+01
1.779466257892432850e+02
1.141977323041226242e+02
9.448885541842260238e+01
1.818258721245452705e+02
3.969667434631486458e+01
1.529054120728603152e+02
1.496317599254251434e+02
4.424600782702660240e+01
1.802500304402296649e+02
8.842022237427028131e+01
1.155291383058871162e+02
1.714751454489596654e+02
