1.597321019322860707e+02
1.418047325851586606e+02
1.302762022804749336e+02
1.664487382216959759e+02
1.249816478231661137e+02
1.524128782727646296e+02
1.577450559249552668e+02
1.238270965338679304e+02
1.685907123321926235e+02
1.393022377324999468e+02
1.418251661839144617e+02
1.700323849667945524e+02
1.259225984544673196e+02
1.641101717865671787e+02
1.565412134933806669e+02
1.324322090780633800e+02
1.761638528148300225e+02
1.373449077384128714e+02
1.546324617976468687e+02
1.720190330488660777e+02
1.296642740057805270e+02
1.752925823957706939e+02
1.546410615564414286e+02
1.437189910843490850e+02
1.823182912125591315e+02
1.368969977952966417e+02
1.679498253547884019e+02
1.724603376238245289e+02
1.367245501826308498e+02
1.855547716237009013e+02
1.526155034499672638e+02
1.569679612669039273e+02
1.865815161163233142e+02
1.385641911682251646e+02
1.813953554346591091e+02
1.718780840100550620e+02
1.470119362235111566e+02
1.944001788836168885e+02
1.512823751808274437e+02
1.718749775648120703e+02
1.896277937841768733e+02
1.439596158965454151e+02
1.944309042742804081e+02
1.705134389563209822e+02
1.604664643407831193e+02
2.020131092114271780e+02
1.518362817462413545e+02
1.875353946318852820e+02
1.910422932713251498e+02
1.528149707062957532e+02
2.066530117542511107e+02
1.693700853232271584e+02
1.762283638297797950e+02
2.079023426180505680e+02
1.552655084735663706e+02
2.034059698436286396e+02
1.913211565940195555e+02
1.655250919583787379e+02
2.176361473349055586e+02
1.692111695629486690e+02
1.938025916746359485e+02
2.121447654925962354e+02
1.624399400847311767e+02
2.191262988092971113e+02
1.912676087202432598e+02
1.819285483410046425e+02
2.272146150377475351e+02
1.713972704570787755e+02
2.128742968813924108e+02
2.151372298738145048e+02
1.741240773279436098e+02
2.343431026693428123e+02
1.914110330240342819e+02
2.013261849201213636e+02
2.355900695242569611e+02
1.769017501257783067e+02
2.322114787535890059e+02
2.171968892930046593e+02
1.904125067631365482e+02
2.485179966792312882e+02
1.930902414019733726e+02
2.230840998478531390e+02
2.423773197383434024e+02
1.874279748442551750e+02
2.524130194887504217e+02
2.192355233326801169e+02
2.108996372873216671e+02
2.617538526349318886e+02
1.980919427708967362e+02
2.468644812248860774e+02
2.481182731424420354e+02
2.033337460065928042e+02
2.722986664046443934e+02
2.222991473486120810e+02
2.356917954549547005e+02
2.735977731303264591e+02
2.075622494931776885e+02
2.726662551026431061e+02
2.535733623301381101e+02
2.250692049214812300e+02
2.915814675796642632e+02
2.272920980305870842e+02
2.651967455270719825e+02
2.855428141361924190e+02
2.224293575415834709e+02
2.993221674193118815e+02
2.597144577058806476e+02
2.531502971126027433e+02
3.114688446162190303e+02
2.370004374816580821e+02
2.971760247996415387e+02
2.974181938338570035e+02
2.478987477732841853e+02
3.292603941131051783e+02
2.678338581704226726e+02
2.871870341550730927e+02
3.319582661311324614e+02
2.536426404119603717e+02
3.333966328186769488e+02
3.102257221889001357e+02
2.786521964112192222e+02
3.579470047385398743e+02
2.811454411981807198e+02
3.302893023173051574e+02
3.530114839036621674e+02
2.789210768194841421e+02
3.749437098681109433e+02
3.252402023652209664e+02
3.197172009319978656e+02
3.914752787619854644e+02
3.011974349121093155e+02
3.778912047528150424e+02
3.765707501221129405e+02
3.178541543876578999e+02
4.206146951414501700e+02
3.448431704449095037e+02
3.746644653173788129e+02
4.288624897322770266e+02
3.333860661397253580e+02
4.398869542596985411e+02
4.066054720785592735e+02
3.710494766495821182e+02
4.762054477917191093e+02
3.754652133348376424e+02
4.450909782043454470e+02
4.744538349853626755e+02
3.795013208128312954e+02
5.120031071764734634e+02
4.463473889642594372e+02
4.488669087061757068e+02
5.464332404369354208e+02
4.230923407148069941e+02
5.386169026956434891e+02
5.370668396631598398e+02
4.619294001310263980e+02
6.155065676436695412e+02
5.091480751764863157e+02
5.605956827526565576e+02
6.429494143500113523e+02
5.078053882643025077e+02
6.775505819337304274e+02
6.330134810455336947e+02
5.923069451535354801e+02
7.645310956702483054e+02
6.161896073107018310e+02
7.422772385506212913e+02
8.004848516763669295e+02
6.619330719692006824e+02
8.932050790869493540e+02
7.905324398210788104e+02
8.241838502935096358e+02
1.019456022107717899e+03
8.212552279771820167e+02
1.068288098440454860e+03
1.085701157318254218e+03
9.806613776416792234e+02
1.342120076323177045e+03
1.161844469309887700e+03
1.362025188063857286e+03
1.622177821071477638e+03
1.368537186480482660e+03
1.925570784002738719e+03
1.929036335512545520e+03
2.016082590252732416e+03
2.847381884609146255e+03
2.603994736341712269e+03
3.658183090392789836e+03
4.779581080583434414e+03
5.320345304019208015e+03
1.041017704669742852e+04
1.541980173730647402e+04
1.518542027265883917e+04
9.935338175353392216e+03
5.039781770590209817e+03
4.561461852126491976e+03
3.396225121161072366e+03
2.410207542959997681e+03
2.558395821426960538e+03
1.784453838810627076e+03
1.736152610992278824e+03
1.686172950075762401e+03
1.200184357187353498e+03
1.367916222547460620e+03
1.124624479118644331e+03
9.727421684021213650e+02
1.076273108561823165e+03
8.001114406158671954e+02
8.748229106942965245e+02
8.179667076761485305e+02
6.422704863697354085e+02
7.673215500108389051e+02
6.119518036552352669e+02
5.958165024161389738e+02
6.392299968180675478e+02
4.811336028135144716e+02
5.639236915985517271e+02
5.056927382064769745e+02
4.254322364448093481e+02
5.025168563422240595e+02
3.969425176559815895e+02
4.121902831086044330e+02
4.149557243104708277e+02
3.278909198783179022e+02
3.928656604417020617e+02
3.365010252838808356e+02
3.150001571020609390e+02
3.490328155540025250e+02
2.717249286092701368e+02
3.121250427587520448e+02
2.966862504555373334e+02
2.458272372588188830e+02
2.883370110606580852e+02
2.343764655179097360e+02
2.410156560256738771e+02
2.583394119970744214e+02
2.033261794333911041e+02
2.363774120149267617e+02
2.144505614641867908e+02
1.835925167566020093e+02
2.108630205689718196e+02
1.766846903552130073e+02
1.821762468900892031e+02
1.812702101588466519e+02
1.590386290870716834e+02
1.809912502473370068e+02
1.578181583884795600e+02
1.517276293269509040e+02
1.591017826608980670e+02
1.323851625720687650e+02
1.448198615862867769e+02
1.382432642361025898e+02
1.241623886920470454e+02
1.313359315439363968e+02
1.143387125839606853e+02
1.219908212110889281e+02
1.245965250825118460e+02
1.077260918919115653e+02
1.129919169167459359e+02
1.053693081644346563e+02
1.010456437613534177e+02
1.096889693001582202e+02
1.010334907639705619e+02
9.392607094616222696e+01
9.407185380483062431e+01
8.879895960869876603e+01
8.593211207414094588e+01
8.768455561625226835e+01
8.251618618108904002e+01
7.838573262564048605e+01
7.791954834497830973e+01
7.473914274914211830e+01
7.872061236339516199e+01
7.214158231777093988e+01
7.311857903766970423e+01
8.390472274427784782e+01
6.790660326382914036e+01
6.883167501534964572e+01
7.319494858987468433e+01
5.540401788386167681e+01
6.779029712434645205e+01
6.777374408515005655e+01
6.270552363501352033e+01
6.456687907108646129e+01
5.236757922165199375e+01
6.650601794476385464e+01
5.719000632075737656e+01
5.169699877381259512e+01
7.325898705844737435e+01
5.078587230304557920e+01
5.469721084649236076e+01
6.186823219961457454e+01
4.536459329188328127e+01
6.685179091203777091e+01
5.145869446235988676e+01
5.217542540892457481e+01
6.575898407600951145e+01
3.668946223918299410e+01
6.290651863020011803e+01
5.782368629813915817e+01
4.220840558865992875e+01
6.639429882324694177e+01
4.056084539776966835e+01
5.815060531716918035e+01
6.120004480514592160e+01
3.457562880826678509e+01
6.961043905575779434e+01
4.727777186183822522e+01
4.982214222275877091e+01
6.829724480377615237e+01
3.460116249122616949e+01
7.006198096415653254e+01
5.826335586096261920e+01
4.433683682388316782e+01
7.732233966636982814e+01
3.735608724129385649e+01
6.016289569120933578e+01
6.905896928842170723e+01
3.477620467532698001e+01
7.132146149153851411e+01
4.600175902933639094e+01
6.139321074913112852e+01
7.775799608647862726e+01
3.201801748674910897e+01
7.970669857919664025e+01
6.390944885504555373e+01
4.646779750022823663e+01
8.315305683799226699e+01
3.912074268949174893e+01
7.878809873050526846e+01
7.893207202785779941e+01
3.702573568855807906e+01
9.303952506408029421e+01
5.906155737809568507e+01
6.963054507503902357e+01
9.250807828478791350e+01
4.132308470138956125e+01
9.621040096714628476e+01
7.687074691772421886e+01
6.164668352451784727e+01
1.060010516083202958e+02
5.364545626547651125e+01
9.513652078550592250e+01
9.738683017876886083e+01
5.665813102368905163e+01
1.157227521759143087e+02
7.049630660719427055e+01
9.021873690172677129e+01
1.193221960730293887e+02
5.819754559894936818e+01
1.241142665277264001e+02
1.018092229935578956e+02
8.183916796343795852e+01
1.365458354659464817e+02
7.298308601593693368e+01
1.233316927806527303e+02
1.286386896873918317e+02
7.646834187403594285e+01
1.531038872838676070e+02
1.006359826457051128e+02
1.175742036312594081e+02
1.610356426695890377e+02
8.263185058326286025e+01
1.596328866930276149e+02
1.401025068134047160e+02
1.083709944523013178e+02
1.850258221177560642e+02
1.091660354004536231e+02
1.591600766036648622e+02
1.815214573155338940e+02
1.034255304988888469e+02
1.985033749699453267e+02
1.506743107373432906e+02
1.478018318512817757e+02
2.131651029718046857e+02
1.216319275869791880e+02
2.075033388427193017e+02
2.000788573573531437e+02
1.377558806540902481e+02
2.412531897026283616e+02
1.618769086342293804e+02
2.000067146790670165e+02
2.474568304070940883e+02
1.492959281247970011e+02
2.613898901453652570e+02
2.193892804712928353e+02
1.889813765522100084e+02
2.902530454067193091e+02
1.805606776408490930e+02
2.607692455184915161e+02
2.816138769677305049e+02
1.849885064326309987e+02
3.174700938142743212e+02
2.401635143854561818e+02
2.503854777646012337e+02
3.364067963055801442e+02
2.074445377038350955e+02
3.327010271666033532e+02
3.133739124253755790e+02
2.401340327485407045e+02
3.855949010934110106e+02
2.657041232511830913e+02
3.304407892642063871e+02
3.919574222224896971e+02
2.495576318805593701e+02
4.155925303238585684e+02
3.499528769889611794e+02
3.176230549944306176e+02
4.627560991305658149e+02
3.022069522318952863e+02
4.292574410476532876e+02
4.514286698255560282e+02
3.163617056658044362e+02
5.175757408661621639e+02
3.935820510100843421e+02
4.249274615561863016e+02
5.530764013233922469e+02
3.541705452438104658e+02
5.585581217482417742e+02
5.237463507336224211e+02
4.167338952156846403e+02
6.470289651202085679e+02
4.552449808920295595e+02
5.774362569372588041e+02
6.725340747740165170e+02
4.524642880393661244e+02
7.365047183843540779e+02
6.193094813805215608e+02
5.860891191942044998e+02
8.353931015059430365e+02
5.606354508939127754e+02
8.070889496569726589e+02
8.451355683658621274e+02
6.254163789131026761e+02
1.005341823486273029e+03
7.782195904153496713e+02
8.660480647024422751e+02
1.116047493928700305e+03
7.440543995370934454e+02
1.180052176147160026e+03
1.121656588149545769e+03
9.523155466590209244e+02
1.464798884718216414e+03
1.067274707173155321e+03
1.393672385735999796e+03
1.643295729112546951e+03
1.176954449895989683e+03
1.949018243731688472e+03
1.711638981956306452e+03
1.743206945742799235e+03
2.532080731720148833e+03
1.816531130714195569e+03
2.772968114478418556e+03
3.093153307258730365e+03
2.567251326143115421e+03
4.478761360013587364e+03
3.918310244922100537e+03
5.134960903954828609e+03
7.948577374415023769e+03
7.077681758100634397e+03
1.608248337526684008e+04
2.808114323324886573e+04
3.044433168529883551e+04
2.105316767394971248e+04
8.887339767935680356e+03
7.834066084515655348e+03
6.690302740013798029e+03
3.742799236623380693e+03
4.791816003682451083e+03
3.375568943890018545e+03
2.819695348210622342e+03
3.335447429322908647e+03
2.017494146993893310e+03
2.520504770328484938e+03
2.287409054099046898e+03
1.583164418015318461e+03
2.200792147071446834e+03
1.533887948129168308e+03
1.583027825083880089e+03
1.790757249976880303e+03
1.125608078031177456e+03
1.578810994787626669e+03
1.339936285840191658e+03
1.070868440198816643e+03
1.444182160928607800e+03
9.621670526804721248e+02
1.151369992360426068e+03
1.201018133536834512e+03
7.994670724281878620e+02
1.165741394988162028e+03
9.122099076774937885e+02
8.469205513070762663e+02
1.067677938423810474e+03
6.907235975374856025e+02
9.262485862636682441e+02
8.810177745911272496e+02
6.485471630163702912e+02
9.313566587029138191e+02
6.728172649787321689e+02
7.226531172889700656e+02
8.371945728156139239e+02
5.489073729151845100e+02
7.864869766631278480e+02
6.785330173905572337e+02
5.650313106653073874e+02
7.704507476425250161e+02
5.246304136520071779e+02
6.438943294111040814e+02
6.755841751941806024e+02
4.657059686081050245e+02
6.848530543632746230e+02
5.392006532408498742e+02
5.157052936088952038e+02
6.511377211294687868e+02
4.283095487837024962e+02
5.830015861045787915e+02
5.549368293986645995e+02
4.197507083767791300e+02
6.031891473949373221e+02
4.386251123723670275e+02
4.824593046446997846e+02
5.558372906357579950e+02
3.696481285178187477e+02
5.348746123128388490e+02
4.613237377547685583e+02
3.939157963386213055e+02
5.342885888762117474e+02
3.657824321791430293e+02
4.563090054543838505e+02
4.766561631479338530e+02
3.352447264491224814e+02
4.916804011709854763e+02
3.863698165539616980e+02
3.789220784090663869e+02
4.744104130242814676e+02
3.154700273709160001e+02
4.336160366307948379e+02
4.094463061778157567e+02
3.157029026021575646e+02
4.509269719965761851e+02
3.267503385903461890e+02
3.680303322367211081e+02
4.209714807242126540e+02
2.836813151411695912e+02
4.113492974669279079e+02
3.524996350537071521e+02
3.071901338130242607e+02
4.133258374981132306e+02
2.835984129764293584e+02
3.586028575193030292e+02
3.712320416633967284e+02
2.652047725002609013e+02
3.882951971028521143e+02
3.037431527482099227e+02
3.031078210416474690e+02
3.761625763910933529e+02
2.518343247408580226e+02
3.484109157119672773e+02
3.264193697809706691e+02
2.566365661112170642e+02
3.642061931492132203e+02
2.638163544804639287e+02
3.005271162598178876e+02
3.399967179235742947e+02
2.317592960463458951e+02
3.365333023432939967e+02
2.861181615424262645e+02
2.543523540482173360e+02
3.391249382331926654e+02
2.328244459598579397e+02
2.977641735702400183e+02
3.052024012320347879e+02
2.210904911311007197e+02
3.226809292400159848e+02
2.509869921480566006e+02
2.547200546990361261e+02
3.129812775355425174e+02
2.107314614992031068e+02
2.931491988733306471e+02
2.720945770130049937e+02
2.176851648678353399e+02
3.066439453604670575e+02
2.213691151412112674e+02
2.558318553293009643e+02
2.863785098673196785e+02
1.971166343269294998e+02
2.865051142084820981e+02
2.416259862079628249e+02
2.183243519939098576e+02
2.884551750138266470e+02
1.981048522910582221e+02
2.559148761809757104e+02
2.597283504623303543e+02
1.908067055744072036e+02
2.772018277054278883e+02
2.142101170872345790e+02
2.209201994780665359e+02
2.686701263871512992e+02
1.817638870700368159e+02
2.542322007324484048e+02
2.337370597260898819e+02
1.898558330919973969e+02
2.654848305736971952e+02
1.910041755270682700e+02
2.237132547517164767e+02
2.477685110408031619e+02
1.720750045271360591e+02
2.501095757823065924e+02
2.091976775570425389e+02
1.922294057716026430e+02
2.515483460494549490e+02
1.727849732528225104e+02
2.253438099692802723e+02
2.263294662044595214e+02
1.684445872034399372e+02
2.435679792491944227e+02
1.870179163445377526e+02
1.959667568030696145e+02
2.358353874013691325e+02
1.604293984878964352e+02
2.251770340306249238e+02
2.048786057361479891e+02
1.690326091097926451e+02
2.345731763575992090e+02
1.680687468218766298e+02
1.994876634890591447e+02
2.185400172759262887e+02
1.531444607024891980e+02
2.225869392181229500e+02
1.845451408651937015e+02
1.722675101262098565e+02
2.232923903733025099e+02
1.533408339578520838e+02
2.018666558742815198e+02
2.005846039249881017e+02
1.511660896099315892e+02
2.176496036448861844e+02
1.659460662234889980e+02
1.764890437316934424e+02
2.101448527510803217e+02
1.433700779883349128e+02
2.024127342603521242e+02
1.824849598341461387e+02
1.527747860167405349e+02
2.103627436981832659e+02
1.501437636220020408e+02
1.804270041210952229e+02
1.955686802625750715e+02
1.383089009756199914e+02
2.008362940877324831e+02
1.650621371860317481e+02
1.564988080526555052e+02
2.009142779525238893e+02
1.379569369372263168e+02
1.831827345124236501e+02
1.801033865835990753e+02
1.374564083291007250e+02
1.969594157249307216e+02
1.491786809095875697e+02
1.609829458945755789e+02
1.896468187534865706e+02
1.299700112827339638e+02
1.842022554410185364e+02
1.644262527592431411e+02
1.397135840152178048e+02
1.908547591019887761e+02
1.356866932426168546e+02
1.650351772470187370e+02
1.769563113996356094e+02
1.262718211411891787e+02
1.831781187999222027e+02
1.492593215446418924e+02
1.437214964173807914e+02
1.826952003224456860e+02
1.254366809798625866e+02
1.679504052782292831e+02
1.633822659845086207e+02
1.262714451828481117e+02
1.800043321185482625e+02
1.354076814595424594e+02
1.482329976871646409e+02
1.727923203980608093e+02
1.189643941115747765e+02
1.691996712514711874e+02
1.495391382648982983e+02
1.289370701512091557e+02
1.747264658269156996e+02
1.237472600636743891e+02
1.522981031117280395e+02
1.615330852888483832e+02
1.163135067668505940e+02
1.685194855056799099e+02
1.361211905303180458e+02
1.330648393430449516e+02
1.675129497705156609e+02
1.150278263851210312e+02
1.552308388361597622e+02
1.494175297687693842e+02
1.169385625584967272e+02
1.658146931843926382e+02
1.239078745176980476e+02
1.375582134281378330e+02
1.586516169357896331e+02
1.097567530784607612e+02
1.565868322668550832e+02
1.370237038816966049e+02
1.198880495493042417e+02
1.611394892714301932e+02
1.137088564966810935e+02
1.415546408759895485e+02
1.485118531711967478e+02
1.079318500756793924e+02
1.561203793156335280e+02
1.250192161443768128e+02
1.240562625565650734e+02
1.546436954088555922e+02
1.062394915399513877e+02
1.444375130645261436e+02
1.375561063116525133e+02
1.090364906599385222e+02
1.537440548388624109e+02
1.141340469433227298e+02
1.284711945607699590e+02
1.465955514222308693e+02
1.019310416626908875e+02
1.458178857790208838e+02
1.263410629115801953e+02
1.121646281808063890e+02
1.495102878951339278e+02
1.051430632965315510e+02
1.323503643106218703e+02
1.373466155853589612e+02
1.007714060130814744e+02
1.454720057763944681e+02
1.154915450084484263e+02
1.163223648307748448e+02
1.435730807963028610e+02
9.870214272164474778e+01
1.351395855204553129e+02
1.273409061406597971e+02
1.022394369703094128e+02
1.433211297670178510e+02
1.057184671922477293e+02
1.206246843043612103e+02
1.361730060919088316e+02
9.519884007063677700e+01
1.364924250951358431e+02
1.170940826217440076e+02
1.054882003490103557e+02
1.394264569800627669e+02
9.773746348502024262e+01
1.243591627981597441e+02
1.276541007996801227e+02
9.457800767749044724e+01
1.362060217183725968e+02
1.072209496939948110e+02
1.096005511111906259e+02
1.339245557532107682e+02
9.216700402624344690e+01
1.270318393624632449e+02
1.184304545471085248e+02
9.632952666430213640e+01
1.342176832548990433e+02
9.838484471207007687e+01
1.137677341100127535e+02
1.270572973988122101e+02
8.933862091595203481e+01
1.283252342619622368e+02
1.090074703333291950e+02
9.965123288070972762e+01
1.305800480573932418e+02
9.127148199151594099e+01
1.173472772406965987e+02
1.191449199487515642e+02
8.916578659886681635e+01
1.280593652614308269e+02
9.996495945618048040e+01
1.036929760418941981e+02
1.254261672211662670e+02
8.643919146163398182e+01
1.198858720044797792e+02
1.105821775727558389e+02
9.113527324484087444e+01
1.261806728771113910e+02
9.193385312219810146e+01
1.077137114070255564e+02
1.190026304861220723e+02
8.418971270578401800e+01
1.210982044938750875e+02
1.018619252678477380e+02
9.449690016709240581e+01
1.227438955978301038e+02
8.557003254670065928e+01
1.111295171113599736e+02
1.116009762680537847e+02
8.438955312537414954e+01
1.208236246404721186e+02
9.353416706104529510e+01
9.845667910740333184e+01
1.178855661471318541e+02
8.138730009592191550e+01
1.135306688344148398e+02
1.036136468520427343e+02
8.653554189649028672e+01
1.190226765743422277e+02
8.621551162200724150e+01
1.023250359106743446e+02
1.118263907959774031e+02
7.963024542371432801e+01
1.146497787185656705e+02
9.550132950630003847e+01
8.990896379151958229e+01
1.157444390803236729e+02
8.050806259785683494e+01
1.055749434812160530e+02
1.048643944080977235e+02
8.014525797684815700e+01
1.143505881284125678e+02
8.780406269743700420e+01
9.377175725820504226e+01
1.111279799235836947e+02
7.689218806310309162e+01
1.078277423858828712e+02
9.737042990843603718e+01
8.242823214468076287e+01
1.125962316382526467e+02
8.110608371295523966e+01
9.748752702611621146e+01
1.053828829217434020e+02
7.556409917617004623e+01
1.088493158287707985e+02
8.979595228198262191e+01
8.579452565667419606e+01
1.094447187798884187e+02
7.598136427441706076e+01
1.005725245303402460e+02
9.880255880971182592e+01
7.634472436913846138e+01
1.085114858677591343e+02
8.265733745536961408e+01
8.955106617649663292e+01
1.050294665335901243e+02
7.286846509328633203e+01
1.026801286278319481e+02
9.174470794703084664e+01
7.873722857955927168e+01
1.067878640928858545e+02
7.651450131705728097e+01
9.311553601202865593e+01
9.955841347963499288e+01
7.191597376884952553e+01
1.035970082721949268e+02
8.464592637947762910e+01
8.207929447776558618e+01
1.037373109513176672e+02
7.191115972804293222e+01
9.603647620919679184e+01
9.331243900935361069e+01
7.292522791142539518e+01
1.032105910316430482e+02
7.800586935593366888e+01
8.572905616111177096e+01
9.949204498602179569e+01
6.924242798217923678e+01
9.800408578762143463e+01
8.664130252313367464e+01
7.539679736535393317e+01
1.015074453938979957e+02
7.236362566529437856e+01
8.913909245906435785e+01
9.426322154387266039e+01
6.862351976461779657e+01
9.881295470242447720e+01
7.997078033695261468e+01
7.870586009101506875e+01
9.853845949316976771e+01
6.822885550100991736e+01
9.190257310374428812e+01
8.831624865234185506e+01
6.982417054491635611e+01
9.837540963271109717e+01
7.378547708458637544e+01
8.223901352272953602e+01
9.444205477154815753e+01
6.596415043034843961e+01
9.372262577514217696e+01
8.199190214608427141e+01
7.236036009430199556e+01
9.667244514125223986e+01
6.859529541736888802e+01
8.550358150459635453e+01
8.942043895878026660e+01
6.563741025999307510e+01
9.443045219482580421e+01
7.570763806619302727e+01
7.562293420129974209e+01
9.377326524218611326e+01
6.488874991668937753e+01
8.810904661035921492e+01
8.373931750135470509e+01
6.700793616980146794e+01
9.393521627106817107e+01
6.993065473337995286e+01
7.904869519888646323e+01
8.980942005235930026e+01
6.298177436817681496e+01
8.979280866618701396e+01
7.773101020914045023e+01
6.958352870573177995e+01
9.223198551418292368e+01
6.515681585512379570e+01
8.216158321749013282e+01
8.497428520847212496e+01
6.291720026587042724e+01
9.039659985877227655e+01
7.180132452488577144e+01
7.279513437229995532e+01
8.938880763991016920e+01
6.184045205088525421e+01
8.461578997726532236e+01
7.953421064860742717e+01
6.442995598356615972e+01
8.984264015568309958e+01
6.640093801666765216e+01
7.610481824897277647e+01
8.553663063761977980e+01
6.026028445422325319e+01
8.616680202210771711e+01
7.381504342594982404e+01
6.703467113976415703e+01
8.813239095611078255e+01
6.200987716139040629e+01
7.907513605075726559e+01
8.087277327862121012e+01
6.042940087973342855e+01
8.666637692110367652e+01
6.820750493636342071e+01
7.018791917670820624e+01
8.533601825096562266e+01
5.904922835362363287e+01
8.138223006791636749e+01
7.565324377653197985e+01
6.206172533255169554e+01
8.605199792281365490e+01
6.315600269293019409e+01
7.338315973192176500e+01
8.158605486782983007e+01
5.776877816583354530e+01
8.280210489314831079e+01
7.019865731558222421e+01
6.468473080969816635e+01
8.433017361867172212e+01
5.911816533008199315e+01
7.621339150951054364e+01
7.707462071515944046e+01
5.814497723798918116e+01
8.320302867821440884e+01
6.489104594057660336e+01
6.777408380024898804e+01
8.157426510587228563e+01
5.648710656873502955e+01
7.837754884205348560e+01
7.205723685651760491e+01
5.987968353389346277e+01
8.252871147210913705e+01
6.016276618910986684e+01
7.085465084508685152e+01
7.791620315478519387e+01
5.547980177391993095e+01
7.966994296668825370e+01
6.684746685958259604e+01
6.251048862952175966e+01
8.079203968886537268e+01
5.645206613345279578e+01
7.354930526289219017e+01
7.354583265174323969e+01
5.603973743840032995e+01
7.997430876689232093e+01
6.182042963089958931e+01
6.553096354038700611e+01
7.806944455897264845e+01
5.412757139554457808e+01
7.557523562661135941e+01
6.871411721608929213e+01
5.786215681689424883e+01
7.924133360579729413e+01
5.739329291184317583e+01
6.849807786587284397e+01
7.449314054613536484e+01
5.336921629621250673e+01
7.674736474945621012e+01
6.373130097635319657e+01
6.048960588537148197e+01
7.749150566211233127e+01
5.398725096865766915e+01
7.105815468278426295e+01
7.025688417278045961e+01
5.409469534570560967e+01
7.695373804716999189e+01
5.896548260038136391e+01
6.344182227910943794e+01
