2.957509232886785639e+02
2.487900200049097634e+02
2.309591971595783377e+02
3.097822897418000707e+02
2.115735742249571558e+02
2.841893505318587927e+02
2.892607192603448425e+02
2.144492033640276247e+02
3.210970891961854932e+02
2.466067236910940039e+02
2.626412549180147948e+02
3.235096412808939021e+02
2.173976349633261975e+02
3.170176261989877844e+02
2.914073606925985587e+02
2.402236428171775060e+02
3.452932212504703671e+02
2.458134717264519793e+02
2.993358771253787154e+02
3.347418150516911055e+02
2.313091419472847861e+02
3.509546619037821529e+02
2.921420118495564680e+02
2.745114240050526746e+02
3.679335235101730177e+02
2.489926014590053285e+02
3.402551825953008802e+02
3.436213958957498562e+02
2.556713205664144652e+02
3.855128706162943217e+02
2.927651862340571824e+02
3.170042176240170306e+02
3.890035534914746336e+02
2.596977179577560264e+02
3.848236932347535912e+02
3.504100827547011932e+02
2.915750503840142756e+02
4.204857915478990549e+02
2.958930387846227745e+02
3.672094393497649776e+02
4.082915625612146755e+02
2.817140470788305606e+02
4.329743246719755803e+02
3.563905771394306043e+02
3.398215404316974286e+02
4.554358199913174303e+02
3.049245486070199149e+02
4.257411425465945172e+02
4.266973876585996095e+02
3.187461350063371697e+02
4.851990436506573587e+02
3.641212582392113291e+02
4.017028693465898641e+02
4.917445940545337066e+02
3.258795873806080863e+02
4.923559171808107635e+02
4.443668842587624113e+02
3.735705974628085642e+02
5.418427777404565404e+02
3.767916562546548107e+02
4.777806551769069756e+02
5.290353590336096659e+02
3.644997439984761058e+02
5.694476267975464907e+02
4.640313128599000265e+02
4.499845602294941500e+02
6.046825602242056448e+02
4.008492173506783729e+02
5.720982970374996057e+02
5.698108138149491424e+02
4.280493842955582977e+02
6.602186657739327984e+02
4.896518177398618832e+02
5.535969964829532728e+02
6.780736119911139212e+02
4.459378557838838901e+02
6.902118024977233972e+02
6.190910683134925421e+02
5.268672021174633073e+02
7.717807724691501789e+02
5.314867473578018462e+02
6.923618488547896277e+02
7.657709010071775992e+02
5.276618543210112193e+02
8.438003373736985395e+02
6.827640935192662255e+02
6.751556509949259635e+02
9.150202033302393829e+02
6.016560730008123983e+02
8.870520904368149786e+02
8.840656903332505863e+02
6.704800361604493446e+02
1.054705904577293495e+03
7.782575638391601842e+02
9.080681794593118639e+02
1.121231681237810562e+03
7.413769840178682671e+02
1.185871195090608126e+03
1.064476960243297299e+03
9.278631099040775325e+02
1.386775328530721936e+03
9.544650401685338466e+02
1.296740691542734339e+03
1.451561404027182789e+03
1.017183286269920927e+03
1.696445031177514011e+03
1.387262589277939924e+03
1.429030781907953497e+03
1.994401664662069834e+03
1.334975506887360325e+03
2.091233492296138138e+03
2.145873969850669710e+03
1.710669461933909588e+03
2.849127355073745548e+03
2.180065500065654760e+03
2.765948698641416740e+03
3.653081991482772537e+03
2.597879315550279443e+03
4.701851744342726306e+03
4.693110954722878887e+03
4.743041354984069585e+03
8.575935645163732261e+03
7.471978046466770138e+03
1.477421167422217331e+04
2.924020133357909071e+04
3.462156578496967268e+04
2.611041471803098830e+04
1.140256585402624296e+04
7.820668523995223040e+03
7.898548717353125539e+03
3.940849240902698966e+03
4.905365609850129658e+03
3.992326089003309789e+03
2.587290920507685314e+03
3.609900455702040290e+03
2.243439895660391812e+03
2.375539630403108276e+03
2.584424566917740776e+03
1.467398127142754902e+03
2.206622068370090346e+03
1.736456576359119254e+03
1.373091599086525093e+03
1.889286806070020702e+03
1.130257647706335092e+03
1.454364499895787958e+03
1.461865239955854349e+03
9.075057891629785445e+02
1.427806837224913352e+03
1.021284885405721752e+03
9.727295621612961440e+02
1.242802121209086181e+03
7.154998998930578864e+02
1.065275327562473194e+03
9.613022552375172154e+02
6.700305030684353369e+02
1.038936213796380798e+03
6.730606817278078324e+02
7.790567771274676261e+02
8.961014382875712272e+02
5.136994399269724454e+02
8.428818597291639207e+02
6.791149742996133227e+02
5.552309089003008467e+02
8.044059897037011524e+02
4.776638994716221873e+02
6.528941312460042354e+02
6.702181608740420415e+02
4.115652539319713128e+02
6.898569473735188922e+02
4.903750212849034824e+02
4.832101509597042082e+02
6.350448641095497351e+02
3.530642919683933201e+02
5.631461069854610741e+02
5.095441338740384367e+02
3.528817281693794143e+02
5.745067833141010851e+02
3.617096856491871790e+02
4.350378790990708922e+02
5.086670634699244147e+02
2.799365605468357217e+02
4.904926294858077540e+02
3.890837883293000914e+02
3.213227901898801520e+02
4.805422432727756359e+02
2.693598871975431734e+02
3.953628740119932559e+02
4.061976507723471173e+02
2.373826820165166680e+02
4.277778527115794986e+02
2.952676106284899902e+02
2.999732849171082307e+02
3.998735864323704732e+02
2.063268179959852660e+02
3.607462120537716146e+02
3.214247809350169405e+02
2.177542426141036458e+02
3.734510802497895270e+02
2.212052843543919494e+02
2.820700311908891535e+02
3.308975465363614035e+02
1.680331028657785168e+02
3.262418965108886937e+02
2.487232267523101825e+02
2.063938108124898747e+02
3.220731414609566059e+02
1.650868054052060074e+02
2.661352300725060331e+02
2.706415053473778016e+02
1.470028848613429773e+02
2.906818410486234256e+02
1.881845444935156593e+02
1.995857185812092496e+02
2.716737152349384132e+02
1.241029214533741794e+02
2.478950449512474847e+02
2.137938745673867800e+02
1.383428444094084568e+02
2.559647154195168071e+02
1.367600980359088965e+02
1.937551181588492284e+02
2.252693157162525495e+02
9.949403321732464178e+01
2.270724534642774017e+02
1.618053679934896536e+02
1.381781889948982780e+02
2.236992450206753347e+02
9.622994984196206758e+01
1.845375520325801233e+02
1.818806307523803412e+02
9.065323463523279202e+01
2.047491495298243933e+02
1.185294109554092614e+02
1.346168861665577197e+02
1.835234486663465816e+02
6.509458463940323725e+01
1.757118629226973212e+02
1.401143138309372205e+02
9.119028219553922554e+01
1.807366872247092715e+02
7.847178593129355306e+01
1.348961458228449430e+02
1.523873394418652651e+02
5.533380392535627124e+01
1.591319892227570278e+02
1.004456172189512273e+02
9.418824873658485330e+01
1.489276306715634064e+02
4.199807788404218911e+01
1.347960070218242379e+02
1.186909849848684502e+02
5.870901133604931488e+01
1.423154881244852561e+02
6.214074736347513550e+01
1.030607850185588745e+02
1.249649665578590714e+02
2.968691814656439476e+01
1.291975491058528291e+02
8.481736804889044379e+01
6.981247139354228182e+01
1.271496319372236457e+02
3.372293523757079470e+01
1.048967965378211744e+02
9.943984082052033102e+01
3.561999746952455581e+01
1.154586341273624726e+02
5.286045870551172499e+01
8.091451738623456436e+01
1.038706434622812935e+02
1.454372915941156741e+01
1.033414098505527647e+02
6.710571278612687252e+01
5.743414753290937824e+01
1.059140339168259999e+02
2.064630350462901731e+01
9.093733357027022635e+01
8.434913293253168831e+01
3.104031513161935507e+01
1.018318618415162291e+02
4.209356567929975057e+01
7.116193531247154169e+01
9.166231774975636881e+01
8.846755222326018853e+00
9.400410147160394558e+01
6.003106865878478970e+01
5.127923741807489932e+01
9.649008139087119673e+01
2.037005314166473724e+01
8.145762481864102256e+01
7.490246897285402383e+01
2.793594776333502949e+01
9.126526057487836852e+01
3.530049022590562657e+01
6.813303345365237362e+01
8.323119297772306879e+01
1.016973947650378740e+01
9.005029183842053442e+01
5.569714030807169536e+01
4.922978524124125244e+01
8.852953083764025166e+01
1.514756562139867668e+01
8.189777728714291527e+01
7.171495970811861298e+01
2.902179279986041038e+01
8.820802380895645456e+01
3.195643441599902701e+01
6.796584229720284043e+01
7.929389869619080855e+01
1.856770427808051593e+01
9.237262302129995817e+01
5.577031535314167598e+01
4.953995577163264130e+01
8.536588154747930446e+01
1.308021826661098963e+01
8.368095594457361130e+01
6.932736027125356770e+01
4.018995252354856262e+01
9.370050386080838223e+01
3.452248867480475525e+01
7.552574486022200517e+01
8.368789225270637644e+01
2.630844374449742062e+01
9.563853280329435336e+01
5.515039927607126202e+01
6.854792738271194708e+01
1.013227755544065332e+02
3.085236329543991829e+01
9.195137407573116661e+01
7.563815156579687482e+01
5.311302298033542968e+01
1.058750297694784024e+02
4.500828193394742271e+01
9.026076715861320565e+01
9.718477321377390865e+01
4.813914681621713498e+01
1.153803848956735862e+02
7.087376731780098282e+01
8.356952011523488011e+01
1.157025855984758067e+02
4.660840179908135639e+01
1.200671813306561972e+02
1.013299570550895226e+02
7.797330911785475394e+01
1.389328460010559070e+02
7.681500519500157509e+01
1.168464109836566394e+02
1.283607655397218537e+02
7.653435681164509674e+01
1.551722353443102804e+02
1.137392268738085193e+02
1.134885855036911835e+02
1.592575122699312828e+02
9.104463341692770939e+01
1.583919564677281357e+02
1.515191909788992177e+02
1.160455929449840653e+02
1.860337266780085770e+02
1.324725043260136772e+02
1.674063321113478935e+02
1.940701008541751946e+02
1.351036648135080043e+02
2.111657481997162051e+02
1.823013209678303497e+02
1.795682205913372513e+02
2.415411542601985104e+02
1.766104712455284016e+02
2.340989488049303304e+02
2.416525384724866683e+02
1.970731156247825595e+02
2.826381520018968558e+02
2.357197654464278571e+02
2.565725330406955322e+02
3.098349445764398524e+02
2.454605817547595734e+02
3.285163264247557890e+02
3.197314672633737018e+02
2.982111205088232850e+02
3.940153459039360087e+02
3.358698507219557996e+02
3.820030856729412108e+02
4.266215934670437377e+02
3.708032372950511331e+02
4.805537742580315808e+02
4.558743915066183376e+02
4.572369031316577548e+02
5.640577374915744713e+02
4.988797233822337489e+02
5.999874612772943010e+02
6.527224151655217383e+02
6.025420255971740744e+02
7.514253052924130998e+02
7.286948117844780199e+02
7.897685061379588660e+02
9.382425215622095038e+02
8.765836965769552762e+02
1.072708199625798215e+03
1.159561971195525530e+03
1.175157313830067551e+03
1.501630510283521062e+03
1.537953095826760773e+03
1.811955728906636068e+03
2.243499327663818349e+03
2.381512473736902393e+03
3.258793414885895800e+03
4.021028008000443606e+03
5.107939597268698890e+03
8.417289533478700832e+03
1.125249448244372434e+04
1.088615989439027908e+04
7.738866443143659126e+03
4.947831491802407072e+03
4.118492438931044489e+03
3.223382462426211987e+03
2.571426237159141692e+03
2.396899305354654189e+03
1.926949802497786777e+03
1.781254984009329746e+03
1.664580739576580527e+03
1.393210264243224628e+03
1.401756734545987229e+03
1.255631362437645521e+03
1.128765010517895689e+03
1.142117887008245816e+03
9.917997876555700714e+02
9.806718613981665840e+02
9.536380938773343132e+02
8.356494676155820116e+02
8.692065987711501975e+02
7.979178779706119258e+02
7.431554207364504236e+02
7.685438766787083296e+02
6.823922073282622023e+02
6.898429824282151230e+02
6.762668297095833623e+02
6.073884205909847651e+02
6.425961223038215167e+02
5.939819174348929209e+02
5.694726745897199862e+02
5.901961795947173641e+02
5.257892517292765433e+02
5.452633345566001708e+02
5.340019000399855713e+02
4.874603119168396574e+02
5.230112976345037623e+02
4.798119095231661504e+02
4.687742327975509511e+02
4.878480451467934245e+02
4.350215546329389440e+02
4.568295240166327176e+02
4.445654849125122041e+02
4.123485470829789961e+02
4.426046183952806246e+02
4.024596885806669206e+02
4.043776957228836864e+02
4.166063329520501384e+02
3.722635486167252452e+02
3.997433110128795875e+02
3.823008853643496536e+02
3.605589393614409914e+02
3.882504354013395300e+02
3.493010398757559756e+02
3.616540696781721067e+02
3.678557006798795328e+02
3.285494544924067100e+02
3.575556610242949773e+02
3.356056778573969837e+02
3.237234416133920831e+02
3.483529082634822771e+02
3.101578497945815229e+02
3.263321673639222240e+02
3.257849189331350317e+02
2.971935918349631720e+02
3.266530294319591690e+02
2.993486842554625582e+02
2.973228160650972995e+02
3.152184449456293578e+02
2.789532848386335218e+02
3.025269525408859863e+02
2.933025132229797691e+02
2.705354440912212795e+02
2.999577855479040522e+02
2.695327307834383532e+02
2.756506591525678118e+02
2.876099320056844704e+02
2.542581370706067219e+02
2.807124440794861471e+02
2.663204654710805812e+02
2.535616282429483590e+02
2.783895850216192116e+02
2.456133379051114218e+02
2.595888777378164605e+02
2.635378431808492223e+02
2.354750368207399731e+02
2.639548673100778160e+02
2.429868606325064491e+02
2.383419942444952540e+02
2.577992920654181717e+02
2.251919087441200986e+02
2.460445286045166995e+02
2.423035295975000452e+02
2.207135241825091612e+02
2.483638634106056600e+02
2.224224616669951615e+02
2.267523948473206303e+02
2.400491457796365751e+02
2.095506805263985939e+02
2.344926488237032913e+02
2.229729308075405072e+02
2.091978179505355797e+02
2.342435198417725815e+02
2.053623779661012065e+02
2.174942678552572772e+02
2.233568175670172877e+02
1.970555541873799541e+02
2.239712361874855731e+02
2.058046471521793990e+02
2.008380611295118570e+02
2.210549984537510682e+02
1.910990601566792293e+02
2.098441715216239629e+02
2.079303190728361983e+02
1.874334093972597088e+02
2.140620698636133170e+02
1.906838894300865661e+02
1.942333031939627119e+02
2.080775837097443457e+02
1.794358440826548815e+02
2.028903598365474465e+02
1.933442252656851110e+02
1.799572455569586680e+02
2.042537414829858449e+02
1.777160601543116343e+02
1.889800302784832411e+02
1.955063383732511397e+02
1.704460240654512688e+02
1.961102007629436912e+02
1.799730252712654988e+02
1.749107216875633242e+02
1.944614273815066099e+02
1.664920901972084835e+02
1.843939607246718708e+02
1.833452032095299842e+02
1.637234477268539763e+02
1.893148954299235243e+02
1.678256402189713867e+02
1.710076053728353713e+02
1.846366458535257493e+02
1.577228122735077704e+02
1.800155267402358277e+02
1.715079983501510128e+02
1.589159463149265150e+02
1.821873359107779322e+02
1.572002712994841715e+02
1.680030904879394882e+02
1.745950086033056436e+02
1.508403661905658169e+02
1.754674655387246389e+02
1.604879868939327707e+02
1.556853161955434928e+02
1.745805751131389059e+02
1.482717384098418449e+02
1.653506204304026994e+02
1.645190286612543105e+02
1.459424950908220637e+02
1.703897926514993344e+02
1.499616757118175201e+02
1.531566852852166676e+02
1.664525683480283362e+02
1.410454608610004925e+02
1.625049147042226991e+02
1.545924955672175258e+02
1.427058240463154561e+02
1.649584611219377166e+02
1.413830222887580419e+02
1.518946779401019853e+02
1.581662118818152010e+02
1.357373409776456299e+02
1.593692892185912910e+02
1.451045635821606936e+02
1.408221898907973753e+02
1.588875059689924285e+02
1.338473451904944795e+02
1.503140916749665053e+02
1.495231531223502088e+02
1.321273055363890876e+02
1.556224737957411435e+02
1.363434070379056777e+02
1.396966659576939946e+02
1.520464331783378782e+02
1.278645182673618734e+02
1.485988227831741995e+02
1.408976842469453459e+02
1.299432262345256106e+02
1.511986662778801644e+02
1.285731416354314547e+02
1.389499087856362962e+02
1.448030552070768238e+02
1.235853415484214679e+02
1.463623284832431750e+02
1.326000639296894121e+02
1.288522209393763376e+02
1.459928056872664399e+02
1.221309980840457712e+02
1.382377614157161929e+02
1.372381459957374261e+02
1.208974091891430334e+02
1.434305276217816640e+02
1.248558157856230935e+02
1.285097741067984600e+02
1.401538027239534472e+02
1.171353022146530947e+02
1.371931710614933877e+02
1.295766092469781938e+02
1.194700809125688181e+02
1.397358047926097413e+02
1.180439042959568638e+02
1.284004332026362647e+02
1.337131666011805748e+02
1.136463397405553906e+02
1.355698676213627323e+02
1.221418887754329177e+02
1.190395417606547710e+02
1.352489001881455977e+02
1.123928423627763209e+02
1.281987705395513331e+02
1.269125356561989548e+02
1.116010595593890571e+02
1.332119252056689618e+02
1.152161994303240107e+02
1.191854065909538605e+02
1.300510011689928831e+02
1.081155910928969206e+02
1.276135907050832685e+02
1.200041013318147805e+02
1.107642152202990928e+02
1.300507077149143527e+02
1.091356790186409285e+02
1.195152326193716874e+02
1.242575793459951257e+02
1.052736681172820568e+02
1.264207699002461283e+02
1.132621917811419365e+02
1.107938346904333997e+02
1.260723819990160450e+02
1.041586329932933808e+02
1.197023634476884126e+02
1.180708441539226925e+02
1.037496094381751703e+02
1.244586864855026676e+02
1.069738987262079348e+02
1.112967839864498671e+02
1.213679061652411946e+02
1.004691262798889539e+02
1.194353902270997878e+02
1.117443941601203647e+02
1.033509454426095147e+02
1.216807948480124253e+02
1.014899281788959371e+02
1.119435643651921026e+02
1.160637355732639548e+02
9.811984368297713388e+01
1.185412231385648738e+02
1.055540154298963671e+02
1.037188542621490228e+02
1.180984582561536342e+02
9.705324973587133286e+01
1.123778770286446758e+02
1.103788224097342408e+02
9.702634389973529494e+01
1.168725112077173378e+02
9.982961842581181600e+01
1.045078368872408561e+02
1.137848360239158438e+02
9.386936445210339741e+01
1.123354971179442714e+02
1.045190877341627242e+02
9.697451916292052942e+01
1.143801224026445311e+02
9.482999027449213258e+01
1.053771227434538673e+02
1.088889942942125657e+02
9.193679634971060466e+01
1.116514562203858532e+02
9.880668412207053564e+01
9.761017253621847090e+01
1.110983027470055902e+02
9.086962458845225399e+01
1.059878367083315283e+02
1.035912233912131200e+02
9.119345739267757267e+01
1.101976517226911909e+02
9.352922736401383474e+01
9.860352610929088257e+01
1.070952263772769868e+02
8.808782305218620934e+01
1.061109932486902210e+02
9.814523856802998125e+01
9.140349256453784221e+01
1.079319854492229069e+02
8.898058907230262093e+01
9.961443869720348232e+01
1.025172519867142285e+02
8.652166175497163181e+01
1.055730392141800706e+02
9.283291957635786673e+01
9.225003643890842397e+01
1.048797329679987342e+02
8.541895413693482908e+01
1.003507988909633042e+02
9.755838405431977378e+01
8.607128268928563841e+01
1.042709461784376970e+02
8.794733980187238842e+01
9.339626641952644093e+01
1.011283015858625589e+02
8.299369251197546760e+01
1.005825601881842601e+02
9.245889072621918103e+01
8.650084193278087241e+01
1.021736403518705032e+02
8.378333540370260835e+01
9.451448543863941154e+01
9.681995780621214465e+01
8.173573116760354651e+01
1.001434620149124157e+02
8.748810389546993349e+01
8.750445328909069076e+01
9.930271219618640544e+01
8.057024616764154246e+01
9.532832062081918423e+01
9.214159253337862765e+01
8.152747500459409480e+01
9.895643666819970008e+01
8.295386848008003255e+01
8.876086102173346148e+01
9.575758665368095990e+01
7.846131654994685789e+01
9.562806716918876759e+01
8.734129460114158405e+01
8.214144893870229680e+01
9.698512940751882638e+01
7.912399571571113199e+01
8.995119594326082790e+01
9.167441021183159933e+01
7.747077030026319733e+01
9.526543795529870806e+01
8.268498184765155656e+01
8.327498035692953238e+01
9.426687627336980313e+01
7.622949960183102291e+01
9.081853673203983135e+01
8.724795348776645199e+01
7.747547715564047621e+01
9.415937362653143339e+01
7.845816225250281661e+01
8.460361521460562528e+01
9.088894300608750143e+01
7.440085034116972906e+01
9.115757496042130015e+01
8.270797590693783263e+01
7.823915672525414777e+01
9.228282177050998314e+01
7.492699147120900705e+01
8.584185192934880604e+01
8.700312610287822679e+01
7.364536757755807628e+01
9.083953315095946834e+01
7.832584398918132251e+01
7.946916444331273510e+01
8.968442816043308596e+01
7.231552282027452350e+01
8.673424275500134684e+01
8.279158625880337752e+01
7.382979391727472773e+01
8.978746297809546206e+01
7.437571092845384157e+01
8.085525102346724680e+01
8.645334050095385692e+01
7.073894703909991222e+01
8.709585570791109888e+01
7.848796987284526949e+01
7.471906392260940777e+01
8.798908955807006294e+01
7.112098325999502890e+01
8.211500230276917023e+01
8.273284199914522219e+01
7.019068842030753785e+01
8.680272272103086095e+01
7.435220103750911846e+01
7.602238246967155533e+01
8.548944427470033247e+01
6.876895426567449476e+01
8.301243471594834489e+01
7.871015687361439461e+01
7.053697860797761621e+01
8.578713435880430893e+01
7.064970237139209530e+01
7.745131193528315805e+01
8.238397253748222226e+01
6.741291961709913494e+01
8.338503780061073201e+01
7.462219505570217848e+01
7.152262362039886057e+01
8.405137437016486501e+01
6.765194134407012427e+01
7.871216101109510532e+01
7.881127087535877251e+01
6.705533250628182884e+01
8.309860208403554793e+01
7.070935834829461442e+01
7.288638881423490545e+01
8.163293521617885062e+01
6.553141686093330520e+01
7.960622430773936742e+01
7.496327503240779322e+01
6.753265183683494399e+01
8.210873741062987108e+01
6.724592122536647310e+01
7.432784039960981204e+01
7.863140399686874105e+01
6.438977792053866267e+01
7.996389545136300114e+01
7.106216954179980405e+01
6.861258918871453716e+01
8.041340489201695618e+01
6.447307824814591015e+01
7.559175051484625385e+01
7.519084047497526058e+01
6.419363922502105879e+01
7.968088538880095939e+01
6.735936143631707296e+01
7.001474439522472437e+01
7.806405851143867380e+01
6.257333579825020564e+01
7.646833145447729407e+01
7.149761593215292521e+01
6.479505228927781957e+01
7.870912535693578604e+01
6.411180044549247725e+01
7.146209665790890142e+01
7.515323411393616482e+01
6.161718420421803444e+01
7.680764572642469545e+01
6.777206767838656276e+01
6.594184134648190820e+01
7.704466890489260322e+01
6.155192237762394569e+01
7.271168653420413364e+01
7.183489979733950292e+01
6.157446362421215014e+01
7.651371554702190281e+01
6.426162250630105177e+01
6.737535316331364754e+01
7.475162640595401342e+01
5.985115779774535127e+01
7.356422158844729609e+01
6.828383852286602007e+01
6.227539968699202433e+01
7.554447140310450948e+01
6.121506301168886210e+01
6.882060484847522730e+01
7.192604432648457191e+01
5.907368585449399490e+01
7.387848999380848625e+01
6.472146129603194709e+01
6.348487605556112356e+01
7.390916023106031219e+01
5.885643749106618827e+01
7.004505886523757852e+01
6.871177876195034173e+01
5.916376979730535624e+01
7.356687862602431949e+01
6.138897301416884744e+01
6.493580767585801539e+01
7.166408229437925570e+01
5.734153352480166177e+01
7.086525684858932550e+01
6.529207023381663078e+01
5.995524379102477752e+01
7.259691692901350279e+01
5.853208472558556963e+01
6.636842016067544137e+01
6.891154053727771611e+01
5.672591421005332535e+01
7.114733028197122167e+01
6.188129738710318151e+01
6.121317544189338378e+01
7.097924583814659627e+01
5.636073215605591002e+01
6.756477313105700944e+01
6.579583396544794027e+01
5.693894282047111233e+01
7.081509626044100969e+01
5.871803505525428335e+01
6.267334559456783438e+01
6.877622037081518158e+01
5.502187038979133149e+01
6.834717102064378480e+01
6.249729114131594798e+01
5.781100904103617211e+01
6.983789044734797358e+01
5.603720230390396750e+01
6.408925452738759532e+01
6.609034737726189235e+01
5.455316690327349960e+01
6.859461341392039913e+01
5.922991980304987436e+01
5.910506046215397902e+01
6.823395974150221832e+01
5.404336494502279464e+01
6.524912865385793737e+01
6.306460905058501965e+01
5.487757256176060139e+01
6.823610136637493895e+01
5.622538394960820085e+01
6.056620467861235113e+01
6.606677169046068343e+01
5.286878307913897146e+01
6.598836406274568844e+01
5.987905695708882803e+01
5.581999317104669700e+01
6.724571838170365368e+01
5.371021797057339597e+01
6.196176676450192389e+01
6.344178529837099489e+01
5.253558156265863488e+01
6.620010320788867375e+01
5.674785976943179833e+01
5.714081239895334363e+01
6.565391172239878870e+01
5.188609636216899190e+01
6.307872476713308174e+01
6.049962451055373691e+01
5.296223152352636987e+01
6.581054081393091337e+01
5.389293715572576104e+01
5.859859277815512968e+01
6.351793126731197958e+01
5.086385193504280267e+01
6.377455406387506542e+01
5.742267787519664779e+01
5.396344062274616249e+01
6.480846171747435847e+01
5.154026093423212984e+01
5.996128902996284893e+01
6.094684568397009627e+01
5.066065128727301925e+01
6.394106653473328095e+01
5.441736594408791206e+01
5.530883617317929435e+01
6.321883870651551973e+01
4.987135253138275459e+01
6.104080325638015125e+01
5.808451107264195912e+01
5.117652601159231551e+01
6.352457109228214449e+01
5.170857432860122316e+01
5.675285495265314495e+01
6.111267218306188198e+01
4.899733428571199312e+01
6.168668017864001030e+01
5.510868480514822920e+01
5.223243054882512126e+01
6.250439467031471708e+01
4.950568041038012268e+01
5.808585974004475361e+01
5.859324644399501381e+01
4.890973309979804640e+01
6.181227027770611215e+01
5.222682445679338059e+01
5.358941570431947099e+01
6.091980533051638957e+01
4.798978791066535621e+01
5.911617652131160838e+01
5.580521272446789993e+01
4.951023594856533094e+01
6.135910786288777530e+01
4.965375923358200083e+01
5.502050432214171849e+01
5.883650856618393021e+01
4.724937779445057373e+01
5.971585421531319327e+01
5.292663786879820265e+01
5.060765918997557122e+01
6.032394445840329666e+01
4.759890587172944265e+01
5.631364963631072840e+01
5.636495051238956933e+01
4.727431531802958631e+01
5.979466396854616761e+01
5.016049637299746422e+01
5.197543971877580304e+01
5.874016724677999690e+01
4.622541721814756244e+01
5.729797594160358187e+01
5.364897305557696683e+01
4.794928932869476057e+01
5.930773051134635665e+01
4.772004463993097545e+01
5.338694882532654873e+01
