2.357563896446981175e+02
2.424143654872855222e+02
1.920355019649732071e+02
2.618263769746937442e+02
2.151518002244148420e+02
2.221054765640472226e+02
2.649418079272669502e+02
1.963538473028526994e+02
2.585656839856400211e+02
2.447465976647569050e+02
2.094386628617480710e+02
2.788208462945772226e+02
2.158895512369348637e+02
2.470511863205466625e+02
2.731015061189369817e+02
2.062683589417579242e+02
2.818790402963670090e+02
2.462099252881955920e+02
2.322763217581218385e+02
2.944967844341309160e+02
2.193940349248855455e+02
2.745603864491794752e+02
2.795360169026070025e+02
2.226490631208955335e+02
3.052108036811905549e+02
2.479209448337372805e+02
2.602070254879417348e+02
3.085044276428686771e+02
2.276306707219274585e+02
3.041085648064608336e+02
2.846016226920121994e+02
2.460865406200076677e+02
3.280337325235503272e+02
2.513356290836853759e+02
2.928097062185171922e+02
3.209692870213166884e+02
2.426451274708934704e+02
3.351150166459972866e+02
2.891260289890332160e+02
2.768444285429784486e+02
3.501265627428608127e+02
2.587763117776082140e+02
3.296654923229850169e+02
3.321776299330777533e+02
2.662879782455802911e+02
3.672307966463874891e+02
2.946282666536980059e+02
3.150638107776262018e+02
3.714386718499972631e+02
2.728581513095923583e+02
3.702641560851055260e+02
3.426154979851621647e+02
2.997845416880171001e+02
4.001651201234691939e+02
3.033360936670159163e+02
3.606483324628338778e+02
3.918877071400171985e+02
2.967614749845278652e+02
4.146405958798218307e+02
3.531190604345831616e+02
3.449669475295489178e+02
4.353119666564350609e+02
3.190939596330810559e+02
4.145476148903965168e+02
4.131351834324686365e+02
3.340375349204151121e+02
4.644241171349650017e+02
3.680454593177523179e+02
4.017226932667610981e+02
4.708816427363451567e+02
3.449773279153911858e+02
4.769174086834726154e+02
4.359860401933286767e+02
3.874958246833663225e+02
5.187918397631908647e+02
3.888008877445318490e+02
4.734362879709765934e+02
5.106499518958877388e+02
3.882115541878038698e+02
5.502956584620894773e+02
4.629909212885255556e+02
4.611136163799076826e+02
5.815083964128713205e+02
4.233528651828032139e+02
5.639168196004139872e+02
5.574832069669051862e+02
4.552357930610299377e+02
6.383108441508441047e+02
5.001569772293414644e+02
5.597818815507215504e+02
6.541553739795823503e+02
4.797140919424468279e+02
6.782301623739572278e+02
6.139122103616778077e+02
5.567651913229688034e+02
7.499777900121682706e+02
5.583417266679680324e+02
6.996235791667330659e+02
7.509135783499401668e+02
5.758338204866951173e+02
8.304079964034953036e+02
6.928585596814561995e+02
7.107725221871817212e+02
8.984970843194346344e+02
6.534342970210507247e+02
8.985172289081384633e+02
8.830857011599880479e+02
7.373568614956255942e+02
1.052560724672193601e+03
8.203761813677917871e+02
9.530789633569656871e+02
1.118416324635985575e+03
8.300454433426505148e+02
1.212617149989894870e+03
1.096304881399434635e+03
1.032308774379650913e+03
1.414865782590861727e+03
1.055591046349825547e+03
1.388662599819718707e+03
1.506107010300550655e+03
1.190646239683065915e+03
1.795135731809252093e+03
1.513716593468166138e+03
1.646188413719347636e+03
2.154817847858977075e+03
1.606896078300797853e+03
2.373105305361083083e+03
2.431878057085146338e+03
2.159531407294111887e+03
3.314730170430814269e+03
2.747408234225232263e+03
3.595506409718251689e+03
4.660958345626256232e+03
3.918551593708447399e+03
6.926250249755344157e+03
7.660320058498293292e+03
9.926670635934904567e+03
2.166931143633823376e+04
2.955220638987198254e+04
2.605879732102991693e+04
1.433447758389872251e+04
7.100637816148196180e+03
7.702371304276622141e+03
4.742063611132092774e+03
4.104790120785592990e+03
4.273435077041698605e+03
2.517621993900867892e+03
3.141628115062656889e+03
2.600957945133059638e+03
1.919315007107724341e+03
2.473568179194355707e+03
1.631197756575790891e+03
1.783541588911585222e+03
1.849367092054799514e+03
1.203482424959992159e+03
1.669330395724137361e+03
1.308080815019583270e+03
1.144846578591459092e+03
1.432123444824134822e+03
9.231288033390280816e+02
1.175233603654726039e+03
1.118045910578919802e+03
7.862712407626227105e+02
1.124038465504626629e+03
8.126832099074890721e+02
8.358660321492772027e+02
9.735204698266891228e+02
6.172009010320847437e+02
8.767328509273628470e+02
7.593476729628723660e+02
5.970270634378898649e+02
8.283067829395372428e+02
5.525408091570503757e+02
6.632609748861011667e+02
7.051539093360511288e+02
4.610544624990191096e+02
6.900497507923663534e+02
5.371264470953906311e+02
4.938344245543100328e+02
6.400912135233138542e+02
4.014224058090811127e+02
5.523783211963385611e+02
5.258428165449447533e+02
3.735306840656568852e+02
5.613880331791642675e+02
3.936768838290606141e+02
4.290747740097045266e+02
5.034771180467325848e+02
3.067895729282664661e+02
4.706697370906533706e+02
3.981203779875847317e+02
3.211785623490800958e+02
4.604523974591768933e+02
2.918300745661932183e+02
3.779721912110059634e+02
3.977767625903224484e+02
2.515410029908229035e+02
4.025397454263851387e+02
3.010626505296575601e+02
2.902885252127803142e+02
3.783185214053112873e+02
2.222580651965469940e+02
3.371567219899683892e+02
3.120372197309495732e+02
2.199565212371566645e+02
3.447432780225922784e+02
2.251713038206056865e+02
2.666150307526371535e+02
3.098155417397885572e+02
1.765949198943943372e+02
2.987845131480793839e+02
2.405278873804942350e+02
1.997080581200806932e+02
2.917764962638119073e+02
1.688248225277632741e+02
2.441839323671351849e+02
2.478665516676720131e+02
1.527929833486702478e+02
2.638363147382296461e+02
1.802520854819125020e+02
1.878064630302245916e+02
2.444100044268942895e+02
1.287571970960165402e+02
2.233305879226576565e+02
1.948770299001215562e+02
1.376471640680738062e+02
2.258879838881121600e+02
1.310529998595705194e+02
1.762023266005154483e+02
1.951193489905281808e+02
1.023215533044712231e+02
2.002654325540935076e+02
1.413553314885001555e+02
1.305174147530503888e+02
1.924200401358391446e+02
9.238185339560448028e+01
1.668114054587634598e+02
1.546160330646517878e+02
8.915349244680314200e+01
1.758822219752274520e+02
9.996154804454705811e+01
1.246894610952925291e+02
1.559520877808757575e+02
7.199836466137719526e+01
1.538964908713969919e+02
1.124619699126980095e+02
9.136628683684735108e+01
1.530062898625861010e+02
6.731438344504874749e+01
1.228320241899684788e+02
1.195305253742126723e+02
5.996854353796995696e+01
1.413285839146754768e+02
7.869213989568686429e+01
9.251485527341723980e+01
1.242320355864077612e+02
4.078814435769846369e+01
1.220362969116970646e+02
9.194007848236155667e+01
6.141346036917181550e+01
1.234241809292511505e+02
5.101034561390379451e+01
9.397609270271023263e+01
9.763450789008901154e+01
3.826047939556865884e+01
1.101020090762525285e+02
5.952452240807188133e+01
7.199846758715584372e+01
1.013283806492300556e+02
2.604553935203608006e+01
9.496159390915873644e+01
7.082161463986152228e+01
5.211304604913570415e+01
1.003235235647068322e+02
3.428871564139071637e+01
7.918006648159015981e+01
7.840025006708418687e+01
3.003101020408433541e+01
9.358241455018168153e+01
4.665339276025444804e+01
6.072261025717025262e+01
8.087357396814023502e+01
2.447140452488596196e+01
8.721907256047097690e+01
5.677935899015610488e+01
4.806871283942447803e+01
8.623829745486378329e+01
2.133290572288818154e+01
7.515412232675598148e+01
6.678903467401498517e+01
3.309627614721134137e+01
8.647011478680246910e+01
3.552671340957040513e+01
6.353335327560589718e+01
7.594728224194264499e+01
1.839838232495820236e+01
8.111101084953082818e+01
4.962196770030099913e+01
4.610127266613811514e+01
7.470823497514157907e+01
1.693014116138420633e+01
7.512851656410059320e+01
5.602192364628124466e+01
4.416036366100284738e+01
8.815996133848446448e+01
3.067056085880539484e+01
6.869385466861031375e+01
7.355492787918191766e+01
2.677589844995086565e+01
8.184631196343772785e+01
4.218390758687164066e+01
5.838049040248599653e+01
7.887709969587095316e+01
2.083108848002493474e+01
8.215616624783206134e+01
5.915688291800882581e+01
4.934891866603246058e+01
8.579920479218873197e+01
2.555620501969478298e+01
7.681658585903541336e+01
7.153004193747835870e+01
3.838136965303558412e+01
9.099075757790745911e+01
4.439780067914161066e+01
7.204288900947780405e+01
8.410327888749883130e+01
3.520890933232303155e+01
9.549846641559240368e+01
6.003644354818020190e+01
6.614831975811962650e+01
1.003404460077680511e+02
3.917212043126769316e+01
9.454205127178965995e+01
7.993876694662471039e+01
5.876576134262550966e+01
1.128867571666900318e+02
5.846710579468912528e+01
9.328697329907133451e+01
1.032607962315073991e+02
5.726229908071843511e+01
1.190651130736793135e+02
8.094837200684806078e+01
9.215529988182996135e+01
1.222755716587872286e+02
6.619576387360879721e+01
1.292225957803543395e+02
1.074662564537017886e+02
8.738576717848989972e+01
1.454386047155081201e+02
9.297080268091661992e+01
1.338967439065480107e+02
1.391638211826268900e+02
9.350974447098886344e+01
1.593313378474563820e+02
1.184507884711317018e+02
1.393106168682456314e+02
1.699801605169845971e+02
1.085265482234403294e+02
1.796462669720317251e+02
1.603848880840343725e+02
1.442532387277844350e+02
2.029138984057341588e+02
1.450169093079859408e+02
1.948963733137736369e+02
2.020845244648200207e+02
1.594440447166597892e+02
2.339736940382553883e+02
1.864158961365861558e+02
2.108013051017088628e+02
2.507037221694599225e+02
1.910963439821906888e+02
2.710684388937107769e+02
2.467275688689904314e+02
2.373225955228766679e+02
3.098929220726176368e+02
2.412315747461897217e+02
3.079099415893323339e+02
3.196151371707240969e+02
2.722395045186782454e+02
3.732821964637452083e+02
3.156707337096556216e+02
3.503115038439555065e+02
4.111976971880530414e+02
3.320859550297249143e+02
4.410374270411947464e+02
4.172907343403803111e+02
4.091218882675978534e+02
5.256681732168669896e+02
4.353113462518891765e+02
5.331750886635428515e+02
5.708169551914946851e+02
5.047844635127147512e+02
6.738582453151611844e+02
6.052015250272597768e+02
6.546383617909856412e+02
7.892120664178331708e+02
6.782589639498503402e+02
8.676893691406676226e+02
8.840766663164811234e+02
8.763044904900486927e+02
1.116996204227916678e+03
1.009758752365069768e+03
1.225535373470785089e+03
1.384915327023716600e+03
1.304566753305910424e+03
1.756207371984816291e+03
1.756933475522725985e+03
2.028907529738918129e+03
2.630836329995814140e+03
2.624608229055509128e+03
3.794893333482685193e+03
4.662224714012000732e+03
5.872577630032798879e+03
1.075345133932912358e+04
1.473146833215954211e+04
1.382511502382513208e+04
8.933911407979861906e+03
5.199868022044121972e+03
4.647993160829280896e+03
3.379562308044040947e+03
2.776823092373912459e+03
2.691371280187139291e+03
1.979247662861741219e+03
2.004348466622152728e+03
1.773745733395818206e+03
1.465150621222818017e+03
1.590565317796614863e+03
1.273634105274381454e+03
1.259973846350821077e+03
1.256505415919222969e+03
1.003456027268821686e+03
1.123086068674862418e+03
9.850547534836068735e+02
9.018417999833893646e+02
9.851213590409171275e+02
7.981752106012127115e+02
8.571737828800493162e+02
8.266756913459823863e+02
7.045053368115106878e+02
8.021779374718267945e+02
6.822128252541245956e+02
6.794741240003845633e+02
7.184442586058597726e+02
5.933018979144019340e+02
6.694121371253327197e+02
6.140051230819365173e+02
5.567604455103750070e+02
6.293884192396345725e+02
5.270908151325076005e+02
5.609944447059242520e+02
5.643994735530673097e+02
4.814868379446980384e+02
5.545741210992999868e+02
4.888219112274596796e+02
4.762800757113365648e+02
5.188849353958340771e+02
4.314183509726048555e+02
4.833770205464944638e+02
4.635292881594678533e+02
4.153619469681513010e+02
4.748450243616302942e+02
4.070995007321476464e+02
4.247875072529427030e+02
4.410341546084351876e+02
3.741602985585601573e+02
4.303922266463019355e+02
3.907484431854544482e+02
3.711795650270176452e+02
4.148915384156683217e+02
3.487891461295961903e+02
3.841156753502073684e+02
3.805544985210840991e+02
3.340471170036537387e+02
3.854152498972085823e+02
3.373078978569843116e+02
3.425322481122278759e+02
3.677461875800017879e+02
3.105911694430543548e+02
3.539668871978602169e+02
3.322203336089122558e+02
3.065568232430233024e+02
3.495443410092789236e+02
2.987066503087878573e+02
3.198379897423395732e+02
3.264599689509960854e+02
2.826875768594443343e+02
3.277068441012414723e+02
2.939099494994563884e+02
2.880533417178940567e+02
3.174826226849294244e+02
2.685492973671322261e+02
3.012461447793938305e+02
2.916535445209197519e+02
2.629054748579889633e+02
3.040002795137285716e+02
2.628381395992186071e+02
2.735165694471045299e+02
2.883180347111605215e+02
2.450403342772448809e+02
2.840455848700364641e+02
2.628467537359243238e+02
2.490187390125133504e+02
2.810513698102195121e+02
2.381080410125095739e+02
2.616571714305841851e+02
2.627862054491238268e+02
2.300669528545714400e+02
2.683654151059033097e+02
2.376031332852148523e+02
2.388790183681548172e+02
2.601791387121609205e+02
2.193924592617320286e+02
2.506342412513659497e+02
2.394970087911750909e+02
2.193595875355907481e+02
2.527868345192103448e+02
2.167496493946567853e+02
2.308480516311153110e+02
2.401677681745897530e+02
2.058728254638378417e+02
2.403358466006881997e+02
2.185909090465552538e+02
2.114052319780708729e+02
2.373658099769342869e+02
2.001743382985541189e+02
2.238005837308263608e+02
2.216453053134130187e+02
1.963361938990009321e+02
2.292990843281952209e+02
2.005929765483082861e+02
2.059634855826940623e+02
2.219443776515746833e+02
1.873970418396823163e+02
2.168365998683804037e+02
2.041455725436863133e+02
1.898074478084093357e+02
2.181649511338294758e+02
1.856685452830413112e+02
2.013781914046042516e+02
2.068629294047552776e+02
1.784167717899727563e+02
2.095291993795091230e+02
1.882321369848081076e+02
1.854033533925831136e+02
2.065364147902662637e+02
1.735702790615499111e+02
1.968967711744411417e+02
1.923885251568752608e+02
1.724210972450696886e+02
2.015962716098194392e+02
1.745315516638982842e+02
1.822733907224691734e+02
1.944973560525073424e+02
1.646049875416662189e+02
1.921617736979661686e+02
1.785624249690976910e+02
1.684329870187565632e+02
1.928526094976221543e+02
1.630398210131480425e+02
1.795060761343804643e+02
1.823445816689234107e+02
1.583739576875876764e+02
1.866629561486868454e+02
1.659196020114321470e+02
1.660495661269563641e+02
1.835550253276872184e+02
1.540881168286563536e+02
1.766208777946691839e+02
1.703574916633118619e+02
1.544007190035503072e+02
1.804145647090074647e+02
1.550845280905436709e+02
1.645808631910295503e+02
1.736642099498874927e+02
1.473611685707722643e+02
1.732345123540919190e+02
1.591481810527161542e+02
1.522485252615950913e+02
1.733674526429277591e+02
1.458895576589952441e+02
1.627435512405506017e+02
1.633637523787172654e+02
1.430193917147898048e+02
1.689749980318250948e+02
1.486273771959853605e+02
1.508762869921762899e+02
1.654143208807020073e+02
1.387895926387324721e+02
1.607348404337494969e+02
1.532116562607304218e+02
1.404211639541173042e+02
1.637716471226777628e+02
1.395338482642378892e+02
1.500338034611635010e+02
1.569142186365464511e+02
1.337228670675452804e+02
1.580201680095665608e+02
1.435464894885991498e+02
1.391657623343742785e+02
1.576348757481819121e+02
1.320708502897120411e+02
1.491390210253564987e+02
1.481386138220002806e+02
1.306358033546878232e+02
1.545378941369475569e+02
1.347260509172420484e+02
1.386578594104405795e+02
1.507946474749163599e+02
1.264873823908352648e+02
1.477150924418211844e+02
1.393182305386694964e+02
1.290457787736123692e+02
1.501013002274177950e+02
1.270868687058082287e+02
1.383793000961758537e+02
1.433279867986742886e+02
1.226653951519582080e+02
1.455912563695333404e+02
1.309478819202618638e+02
1.285121512490820521e+02
1.447522520043506518e+02
1.209264586107442341e+02
1.378991535363153673e+02
1.355556752122172668e+02
1.204954544454767529e+02
1.425915261342456404e+02
1.233131476004825799e+02
1.285207702054477181e+02
1.386427179716834814e+02
1.163824212782013490e+02
1.368676385265608531e+02
1.278037941266575217e+02
1.196131053491261582e+02
1.386489729915589066e+02
1.167702882484057483e+02
1.286350061321481348e+02
1.319768706573639747e+02
1.134751630891403238e+02
1.350998594343400896e+02
1.204002843591019740e+02
1.195825124161259367e+02
1.338771921386957331e+02
1.115894863409644415e+02
1.284241499640231154e+02
1.250131468350943464e+02
1.119991852567422654e+02
1.324516348737899989e+02
1.137158754013810835e+02
1.199215050357734214e+02
1.283331574402685362e+02
1.079166994455296873e+02
1.276556944852761291e+02
1.180498787384952379e+02
1.116219757169010336e+02
1.289162831283678656e+02
1.080666332587846625e+02
1.202745238619122148e+02
1.222923634022237849e+02
1.057056957628286540e+02
1.261138166338125188e+02
1.114503749547877902e+02
1.119471620052000986e+02
1.245405638276702120e+02
1.036853103782949859e+02
1.202731121647089338e+02
1.159697860397163254e+02
1.047591357194598629e+02
1.237193266740764699e+02
1.055357453565473946e+02
1.125487799422397046e+02
1.194727810025511019e+02
1.006873246751098634e+02
1.196672880531853167e+02
1.096708257669022828e+02
1.047634592822885367e+02
1.204664388776955803e+02
1.006039280934663083e+02
1.130556925650558497e+02
1.139159848533141428e+02
9.902387602279918610e+01
1.182985409145702960e+02
1.037213876383269877e+02
1.053377032551192656e+02
1.164295559288449198e+02
9.687249389730061466e+01
1.131625098245566647e+02
1.081242778008864036e+02
9.849367062047393517e+01
1.160867779407114284e+02
9.845307703223228657e+01
1.061062453473735587e+02
1.117308462140971557e+02
9.443292411201177572e+01
1.126627723112011239e+02
1.023696223818412676e+02
9.878874222058239241e+01
1.130602401347362189e+02
9.412749778877032725e+01
1.067147850421829389e+02
1.065826951396602453e+02
9.321276613614308815e+01
1.114088925358402804e+02
9.697833112911847309e+01
9.955098203412285329e+01
1.092832063807093590e+02
9.094002716864454783e+01
1.068986224750031653e+02
1.012294354392794986e+02
9.301003216668351570e+01
1.093456129243933788e+02
9.225026508316848606e+01
1.004232288045953823e+02
1.048963934761947172e+02
8.895738041606628599e+01
1.064603636085598026e+02
9.594634765855374781e+01
9.352727768925903717e+01
1.064945377943332119e+02
8.844070157977256486e+01
1.010931034910548334e+02
1.000957948252360410e+02
8.809983974906958792e+01
1.052860383323508842e+02
9.103448466127767347e+01
9.442023841406647477e+01
1.029346326038058521e+02
8.571875194872013992e+01
1.013151217789733209e+02
9.512453921435654536e+01
8.816711022091180894e+01
1.033309499099964626e+02
8.676962414531817558e+01
9.535408642289145575e+01
9.880361389192908916e+01
8.411967405584336177e+01
1.009087553418369509e+02
9.023899600270250687e+01
8.884393919632498182e+01
1.006154575213683131e+02
8.340453338830047869e+01
9.605669484907383548e+01
9.430113011177688520e+01
8.356367244296377805e+01
9.978806000983870206e+01
8.574139617176727768e+01
8.983097308048287744e+01
9.723868862813577607e+01
8.107692564905178756e+01
9.629098690767710877e+01
8.965634848334514118e+01
8.383385847903534227e+01
9.791379425174109485e+01
8.189413112176649179e+01
9.080834147373369092e+01
9.333368391217557303e+01
7.981219683121638298e+01
9.590606386127753069e+01
8.513276617691863635e+01
8.464800215855565568e+01
9.531987635027719818e+01
7.891537857927478683e+01
9.151403716530562349e+01
8.909092612209676076e+01
7.950802121834954050e+01
9.481962886376039989e+01
8.100263877570354509e+01
8.569847762819564707e+01
9.209911432207246662e+01
7.692969316692000348e+01
9.174095303059770856e+01
8.473722292207716578e+01
7.994747990145728522e+01
9.300619450170930236e+01
7.751807634418227622e+01
8.668973298460348076e+01
8.838490720123461131e+01
7.594896045988393496e+01
9.136170995831446362e+01
8.053059341817069594e+01
8.085784500815766762e+01
9.050957855018117471e+01
7.488183295090385627e+01
8.738628994769544533e+01
8.437241127446289113e+01
7.585402805508593360e+01
9.029531073756626824e+01
7.672761960982460039e+01
8.194417497384412741e+01
8.742065196652784209e+01
7.319874895182178420e+01
8.759906910784370382e+01
8.028109436539867261e+01
7.643135214122825971e+01
8.853171474933836294e+01
7.356925523616340001e+01
8.293688123058151973e+01
8.388060430329902317e+01
7.246141478261947100e+01
8.720837768720330985e+01
7.635679340779869051e+01
7.741249883391434139e+01
8.611688806963761067e+01
7.123586723630994300e+01
8.361034330823424909e+01
8.007616027797486424e+01
7.254275489236734131e+01
8.614890583144227776e+01
7.285227970629982508e+01
7.852010998493811655e+01
8.313987417228899801e+01
6.982157431516499457e+01
8.380241651442474904e+01
7.621525284192118477e+01
7.323177431385759917e+01
8.443028590582987647e+01
6.998179707773996938e+01
7.949858845851667866e+01
7.976089925672802394e+01
6.929287956012622374e+01
8.339230705950161848e+01
7.255386123811462085e+01
7.426283000588998107e+01
8.208260902165871187e+01
6.792417689619414034e+01
8.014292530166949291e+01
7.614069902692810388e+01
6.952411440851774671e+01
8.233977926333747632e+01
6.931617402205002065e+01
7.537405333115484041e+01
7.921613226005941044e+01
6.674378548826467750e+01
8.029753847056242932e+01
7.250117880075599430e+01
7.029941760713252563e+01
8.064378450852430547e+01
6.671671466441982545e+01
7.632905600602208551e+01
7.596864010941889944e+01
6.640363996606710373e+01
7.986834809017256021e+01
6.907059773023290461e+01
7.136692069198251431e+01
7.836175090491128969e+01
6.490313308423122862e+01
7.693596367633543309e+01
7.252338660038505225e+01
6.676225516756905165e+01
7.881282051532716082e+01
6.608226599552261860e+01
7.247644550395401097e+01
7.559090684989216413e+01
6.393194893439067528e+01
7.705176598067794203e+01
6.907854207958583004e+01
6.760524300879690429e+01
7.714137637981752960e+01
6.372282316381907918e+01
7.339688420878286479e+01
7.247024919251580855e+01
6.375322624766504731e+01
7.659937808701981510e+01
6.587029614792253085e+01
6.869333148890308394e+01
7.491301189388366311e+01
6.213459902060100148e+01
7.396155542686646811e+01
6.918127964040782274e+01
6.421868256620305715e+01
7.553836016238933837e+01
6.310664981624523051e+01
6.978438426723592158e+01
7.222785576447550682e+01
6.135234854069465626e+01
7.403922554920899302e+01
6.592473321748995829e+01
6.511715035736212087e+01
7.388637501134832064e+01
6.097228925878053474e+01
7.067071261052772968e+01
6.922727971431770300e+01
6.131358354947385436e+01
7.355481473118567237e+01
6.291654307746377839e+01
6.621336891728242335e+01
7.170586055496775657e+01
5.958686605343020659e+01
7.118914408047007214e+01
6.608493770103352460e+01
6.186855320991612217e+01
7.248519465777056325e+01
6.036330312692502531e+01
6.728132561332139971e+01
6.910151059341463053e+01
5.897332993667583878e+01
7.122271384277659934e+01
6.300103270499323571e+01
6.280790042452041888e+01
7.084874502921989858e+01
5.843623247203687754e+01
6.812606565497094380e+01
6.621013228135295492e+01
5.906025160659557116e+01
7.070908671841517901e+01
6.018170922903416198e+01
6.390519141373221856e+01
6.871358586906615074e+01
5.723562812750777340e+01
6.859600862219048167e+01
6.320686226307480382e+01
5.968995499477227185e+01
6.962793729921909858e+01
5.782530548347907029e+01
6.494418018352955357e+01
6.618239799635203724e+01
5.677418131011722835e+01
6.858619654340027694e+01
6.028392576003428616e+01
6.065844825401510576e+01
6.800623606819816303e+01
5.608872596390779819e+01
6.574311656808868065e+01
6.339523181843151889e+01
5.696968932271780517e+01
6.804054617759209123e+01
5.764201792646785094e+01
6.174750078217449101e+01
6.591231178168688132e+01
5.505773968854953893e+01
6.616171520787162308e+01
6.052286123855738253e+01
5.766142225449764425e+01
6.694543552338897996e+01
5.546974635723268676e+01
6.275236465095364480e+01
6.344819737689162764e+01
5.473473235752106802e+01
6.610935519071553301e+01
5.775103466834833199e+01
5.865093368025879528e+01
6.533803963906842682e+01
5.390813990934729816e+01
6.350443262868923000e+01
6.076226435331553688e+01
5.502253042460117882e+01
6.553012985706985205e+01
5.527814312618815507e+01
5.972369923497929989e+01
6.328128669680504004e+01
5.303514835359639079e+01
6.387149271958276842e+01
5.801164709223032645e+01
5.576644842270376756e+01
6.442447151023333163e+01
5.327625775017067156e+01
6.069050628654458990e+01
6.088830142507865872e+01
5.283274442521269521e+01
6.376874396081180407e+01
5.538861376918961099e+01
5.676591426305356691e+01
6.282228610235513599e+01
5.188459899025845345e+01
6.139259794855497887e+01
5.828911662955928108e+01
5.320889383405440043e+01
6.316167950308392420e+01
5.307009400776509978e+01
5.782155192010583278e+01
6.080593234318794060e+01
5.115152245592521041e+01
6.170763886269000409e+01
5.566020919191059591e+01
5.399248063557097055e+01
6.204072257459179696e+01
5.123329703128272428e+01
5.874787081025508684e+01
5.847254981246155126e+01
5.106255104399456002e+01
6.156315453896805678e+01
5.317123961311822455e+01
5.499659644354142074e+01
6.045273097904889426e+01
4.999059978975203222e+01
5.939731178278043444e+01
5.596788819292181927e+01
5.150672336425632380e+01
6.092075892429275541e+01
5.100676143796867734e+01
5.602552757558493823e+01
5.846839230297726431e+01
4.939285101527954680e+01
5.966032829255562575e+01
5.344923040390491309e+01
5.232420866064637011e+01
5.978852959280153101e+01
4.932148557580246973e+01
5.690828445451510476e+01
5.619821324324588829e+01
4.940336500288444910e+01
