1.278462190027395309e+02
1.657958085290477470e+02
1.727163909008390590e+02
1.258081945858881312e+02
1.870759688780799763e+02
1.471330956394895964e+02
1.506933992904465072e+02
1.885558742790516931e+02
1.275934817755380095e+02
1.806058293488911204e+02
1.700207612190502005e+02
1.365752788710312586e+02
1.963628487512076788e+02
1.429028236785678132e+02
1.671216317586115281e+02
1.903004876082365229e+02
1.312430765073854673e+02
1.946805876502039325e+02
1.660737507564647331e+02
1.509462218841628953e+02
2.035921619137071161e+02
1.403835526558366666e+02
1.844142387047203329e+02
1.901469827401141970e+02
1.396007852739518285e+02
2.073855980448693970e+02
1.617028902886509059e+02
1.681611388644060412e+02
2.085615891560677539e+02
1.411209114195745542e+02
2.014668940679977993e+02
1.877843069512488512e+02
1.526075946112950987e+02
2.184366575173389151e+02
1.580123025092640887e+02
1.874574926962937411e+02
2.113646310335688270e+02
1.464479888817047879e+02
2.179325248226673466e+02
1.841974371070880352e+02
1.698335183989424593e+02
2.274226319165950088e+02
1.563057483411162707e+02
2.075882158036780254e+02
2.118321617178379483e+02
1.570814880259956681e+02
2.332556715269688254e+02
1.803693935633948797e+02
1.904990996379503656e+02
2.342236733172625804e+02
1.586378036672694236e+02
2.281289628080338048e+02
2.105640743922809293e+02
1.734545256971705953e+02
2.470807740735901064e+02
1.775769541018055122e+02
2.135670963569269816e+02
2.386361530636158932e+02
1.662711250388686608e+02
2.481817395645704778e+02
2.079257342619540907e+02
1.945429723364345591e+02
2.586939198418156707e+02
1.774579528551150815e+02
2.382324491503830757e+02
2.407040980387777722e+02
1.805784243902845674e+02
2.677322453836002296e+02
2.053331964220943746e+02
2.201313919186492569e+02
2.684588543504714835e+02
1.821656741267236441e+02
2.639732083561150944e+02
2.414754030926629298e+02
2.014269062478540206e+02
2.855345272693703009e+02
2.042078113309114542e+02
2.490930834935525695e+02
2.757378010092783143e+02
1.936266510756217087e+02
2.900113704831405244e+02
2.409202177997952674e+02
2.288511580055836134e+02
3.020821426235251010e+02
2.067577049748570630e+02
2.811499140897929010e+02
2.815780710800895008e+02
2.131268740541730153e+02
3.157628645551154705e+02
2.408120691131217939e+02
2.622633089004253861e+02
3.170185419634038908e+02
2.156972583404368606e+02
3.153121423411252522e+02
2.857240961489551410e+02
2.420193152115026578e+02
3.421668454208035541e+02
2.434062167044384353e+02
3.010420722042330794e+02
3.309841200341810463e+02
2.335849642486772666e+02
3.510764051329758786e+02
2.894252187285335935e+02
2.793048233362665087e+02
3.676877911590776193e+02
2.513225351458534647e+02
3.449931399800071858e+02
3.437072372054314542e+02
2.633878114551346812e+02
3.899520981923770933e+02
2.959929817414700892e+02
3.274998170796973795e+02
3.940462657258110539e+02
2.679948979367326274e+02
3.950441982966167416e+02
3.576755348737991085e+02
3.060235309397391461e+02
4.309479230717334417e+02
3.069711528953605466e+02
3.845398090121788641e+02
4.205159329052183921e+02
2.990309688115287940e+02
4.512445112904676421e+02
3.714473216930145441e+02
3.644680462975260298e+02
4.773404046499781543e+02
3.268928642889073899e+02
4.541554623631734557e+02
4.504731299980521726e+02
3.502689511260280142e+02
5.210520620730005703e+02
3.952960684818564800e+02
4.388426433796917081e+02
5.266658599197388639e+02
3.628889361796476010e+02
5.425312959249916958e+02
4.883666762584873027e+02
4.246720687875613862e+02
6.000911447793836260e+02
4.271420137567286019e+02
5.452890155452810177e+02
5.965159116769946195e+02
4.300831417286171927e+02
6.545113837594711867e+02
5.372171907294004995e+02
5.380285941313110243e+02
7.085546085278399460e+02
4.874695181408006874e+02
6.904959034362597095e+02
6.853922393549230492e+02
5.395489128351609907e+02
8.146231216394577359e+02
6.207288427890377989e+02
7.165777400855529322e+02
8.669227901555618701e+02
6.032630142318670323e+02
9.181424286631001905e+02
8.309174305915962577e+02
7.403260444271044207e+02
1.070574892403332342e+03
7.705993051438148314e+02
1.018579410955162530e+03
1.134962751634753431e+03
8.450040563992855596e+02
1.332366618097888704e+03
1.113714658964892124e+03
1.165977520132309792e+03
1.593417008547827209e+03
1.129616291041003478e+03
1.703255206272447367e+03
1.776834092096826680e+03
1.496865219135370808e+03
2.408659273139220659e+03
1.947753535006971333e+03
2.484880247690821307e+03
3.349436890634006431e+03
2.655649072920798972e+03
4.852427643395792074e+03
5.432736380045953410e+03
6.730670825582225916e+03
1.528201591764216028e+04
2.120698059882091184e+04
1.887523148269866942e+04
1.037772205120401668e+04
4.835072363946051155e+03
5.424593338019769362e+03
3.349766058342816450e+03
2.777702693523714061e+03
2.996468368807940351e+03
1.723506486093731382e+03
2.129859895874143604e+03
1.794381255059209025e+03
1.276098413260502639e+03
1.690935575043842391e+03
1.109969483121408302e+03
1.186617783642887161e+03
1.262284749467587744e+03
7.794807006112154113e+02
1.098270588037744574e+03
8.747451900451717393e+02
7.314745512448257614e+02
9.455834355828936850e+02
5.976927058434109767e+02
7.566746093318558906e+02
7.471717776210125521e+02
4.968708375761297020e+02
7.174850669602026301e+02
5.258075374973382168e+02
5.132929075055488966e+02
6.232621666699590151e+02
3.890014826603364781e+02
5.375063879965973683e+02
4.820201291175599749e+02
3.636059199305003062e+02
5.118108913340044523e+02
3.470954891803179976e+02
3.953030753420650854e+02
4.332002187700574609e+02
2.749085730431854131e+02
4.089892413552631183e+02
3.305984513344539550e+02
2.825769395136393314e+02
3.733883561368350570e+02
2.371831099488117616e+02
3.134972041340992064e+02
3.110503951892150667e+02
2.162739779473383521e+02
3.157149283697842179e+02
2.285237674288754874e+02
2.353438783114227135e+02
2.815376477153578207e+02
1.751640739010514665e+02
2.513750944159136509e+02
2.167185926184167499e+02
1.753359905977861217e+02
2.497753617969246420e+02
1.635437007511740717e+02
1.980705328663109697e+02
2.111610754819659235e+02
1.345616476660340766e+02
2.059761236140094809e+02
1.579191019004036320e+02
1.480775246159067535e+02
1.923586171924017947e+02
1.154129504786651950e+02
1.665902854528291641e+02
1.592634192670988682e+02
1.074386325689539490e+02
1.649055537876553217e+02
1.161786584644367792e+02
1.218564985686104905e+02
1.432335275418960521e+02
9.184055688692602359e+01
1.376176538372984908e+02
1.148859402886783414e+02
9.543719960473283948e+01
1.301936510328350494e+02
8.368724685580005485e+01
1.095366422400211235e+02
1.128904272338863422e+02
7.681385067263765620e+01
1.104938875171468879e+02
8.213760869234276640e+01
8.442181535717422491e+01
1.026947774428085438e+02
6.917818649982496026e+01
9.467618029030511195e+01
8.138283617957708316e+01
6.658051737010750060e+01
9.414701555712480285e+01
6.554783652255095205e+01
7.536728994701145723e+01
8.169981129872748227e+01
5.943403465438399280e+01
8.023788359589356389e+01
6.430883028100305410e+01
6.371881501256072511e+01
7.943411228139432012e+01
5.518177749343166028e+01
6.613701812060894270e+01
6.541981701872653332e+01
5.437960566029055087e+01
7.045278890138519046e+01
5.257696157727384900e+01
5.459251703542667400e+01
6.841813111057246033e+01
5.155117168003622652e+01
5.788322746125869145e+01
5.666723785355679155e+01
4.851691411197963788e+01
6.117820650267707805e+01
5.068313677916626858e+01
4.977789145860747766e+01
6.001287204814492071e+01
4.908711782452092365e+01
5.312712924839330952e+01
5.334442951824883750e+01
4.861708091735986415e+01
5.865177060961165267e+01
5.108785200962591944e+01
5.360601913485459136e+01
5.624761403160731987e+01
4.182019281049196024e+01
5.805813685497167143e+01
5.293155489306626293e+01
4.332000549687847979e+01
6.034037259748151882e+01
4.350081137185533464e+01
5.610437375484949030e+01
6.483886814002639198e+01
3.945873777587300424e+01
6.380152006235058337e+01
5.635647467475830297e+01
3.916420139158912406e+01
6.213019396333389466e+01
4.290837452874883695e+01
6.086213706420150515e+01
6.507671210218593671e+01
4.092213723013207272e+01
6.968349139455730779e+01
5.323729604421873773e+01
5.719117199042558752e+01
7.493104861680538420e+01
3.986018744846496986e+01
7.001028774778352215e+01
6.681420743659386119e+01
5.111036710958055096e+01
8.142685032410125245e+01
4.947419225812954124e+01
6.894812874993198193e+01
8.088439917730438822e+01
4.684752473124586203e+01
8.419747106576372175e+01
6.480323842782473776e+01
6.815102061382022214e+01
9.405961475411731953e+01
5.250027535438790949e+01
8.995820082959961894e+01
8.426158297243013351e+01
6.096804709699420499e+01
1.042065174147503654e+02
6.774132165471607436e+01
9.171866058265700872e+01
1.036988453811113260e+02
5.880878569377777154e+01
1.147259917279570800e+02
8.920632323374763928e+01
8.616440919783350694e+01
1.225775744448748412e+02
6.774611334008466201e+01
1.210606956959117326e+02
1.152320148422088693e+02
7.893106854509461812e+01
1.443370089840343269e+02
9.589222909063911970e+01
1.182175710812952332e+02
1.466713911918151041e+02
8.355039824162126649e+01
1.498495533302894955e+02
1.235923827773579546e+02
1.138578683393641171e+02
1.726501533736247893e+02
1.030611520716735896e+02
1.581045735586334047e+02
1.639992422174209707e+02
1.090101291172872209e+02
1.940051625990019772e+02
1.385192885008198118e+02
1.529831895752535047e+02
2.000653876532326478e+02
1.153089308631187322e+02
2.070662182810277443e+02
1.878473560716745112e+02
1.483120811894143856e+02
2.372750645268212679e+02
1.535028540439701317e+02
2.074319638520800595e+02
2.379194389617987042e+02
1.486974338700544251e+02
2.589484899933611359e+02
2.074045308305089179e+02
2.009126150954158732e+02
2.840087033704310215e+02
1.767798448129586859e+02
2.737054040857587438e+02
2.730186978140437759e+02
1.971177253587857763e+02
3.258283943903699651e+02
2.335435698531258026e+02
2.721505680555084155e+02
3.406450842132761068e+02
2.132289782162104927e+02
3.526925569844334518e+02
3.125235367121003378e+02
2.622401186333775627e+02
4.013375289829689905e+02
2.684649847565121377e+02
3.617190100486798201e+02
4.018223252500050080e+02
2.688123180168874455e+02
4.493648458299674644e+02
3.584806660075176978e+02
3.590803039661713001e+02
4.941800418614913610e+02
3.168221662161533914e+02
4.804926003569585191e+02
4.774991595214994504e+02
3.581149638024299975e+02
5.760879825707708051e+02
4.201351565627724653e+02
4.919032613251583257e+02
6.093896685450146151e+02
3.962843008181721416e+02
6.422490297871388520e+02
5.723698570755434503e+02
4.982117869091368334e+02
7.454166417938649829e+02
5.066713763467332114e+02
6.967076790586678499e+02
7.729385597753985166e+02
5.371615248693493641e+02
8.904709710587237623e+02
7.194215709168022386e+02
7.422486555237230732e+02
1.018812008311395175e+03
6.743290510412620051e+02
1.031573285095513029e+03
1.033374528830766167e+03
8.163148121194439000e+02
1.317565340260475068e+03
9.840590480767372128e+02
1.207241601638061638e+03
1.512194920910486644e+03
1.034938707175230093e+03
1.730554743799973039e+03
1.590885853748055069e+03
1.488631445342640973e+03
2.296921268318502371e+03
1.656187559174617945e+03
2.427895735926424550e+03
2.864583088177019818e+03
2.214347730556477927e+03
4.000932338268669355e+03
3.622784042259012949e+03
4.430963784862377906e+03
7.253512911498251015e+03
6.312634317549745901e+03
1.409595590475706194e+04
2.566868800502180966e+04
2.867750792873758110e+04
2.043470244044220453e+04
8.667762682888673226e+03
7.132959669083189510e+03
6.436847243233319205e+03
3.460481446305654117e+03
4.459449098032608163e+03
3.285606388699213312e+03
2.523929464356292556e+03
3.150629906903092888e+03
1.913075529334684461e+03
2.302833815167041848e+03
2.211397113108342637e+03
1.441089434167849504e+03
2.067595546270599698e+03
1.490418625677217960e+03
1.421554547176490814e+03
1.716041806533281260e+03
1.057910986507156167e+03
1.453328430188779748e+03
1.302871205327923462e+03
9.652797049008796648e+02
1.366392181155862772e+03
9.307508085261162023e+02
1.045447060252236497e+03
1.160620407950524623e+03
7.398163845339743148e+02
1.088477333381561493e+03
8.907175533419900830e+02
7.640731394171029933e+02
1.023994081546204029e+03
6.633925671710903771e+02
8.523558932013679623e+02
8.612305965793093492e+02
5.913244467780472178e+02
8.783792837904214821e+02
6.582649709638610602e+02
6.585955806191178681e+02
8.110617301982581466e+02
5.152283655942381984e+02
7.322884829946897298e+02
6.678146775128673198e+02
5.093412022140108775e+02
7.357518050374104632e+02
5.113046082698529062e+02
5.889728833421205536e+02
6.597538003913443845e+02
4.297199768294150886e+02
6.425909124489946862e+02
5.307661860381630277e+02
4.668099169720644568e+02
6.280184488959871487e+02
4.126067541861788754e+02
5.418477492897185357e+02
5.472762746231637720e+02
3.831601809821116831e+02
5.741601595683154073e+02
4.316780773682736481e+02
4.405499488322466846e+02
5.429168024174648508e+02
3.494715735607147167e+02
5.013401824073942521e+02
4.565323632112804262e+02
3.579168916285130422e+02
5.150929770952180888e+02
3.576396059181551550e+02
4.205410958991851089e+02
4.692529774116209751e+02
3.099970414422263616e+02
4.663475388400087240e+02
3.835452959743657857e+02
3.438711876651873354e+02
4.612214701530419916e+02
3.036004885678125333e+02
4.040622154510823520e+02
4.060959558235931013e+02
2.886747429589117360e+02
4.329910733002492975e+02
3.247429523860720906e+02
3.379003027544448514e+02
4.133623617687762248e+02
2.672852323225239957e+02
3.874333335412201791e+02
3.506758918368979607e+02
2.793003487694713272e+02
4.006045534576331306e+02
2.776461120417507686e+02
3.319644063689109430e+02
3.676728594349915511e+02
2.451139740464139152e+02
3.700029134553125800e+02
3.026156182052330337e+02
2.763517371643783918e+02
3.680918629761809484e+02
2.423235945201435584e+02
3.260092240556534193e+02
3.252100739998497829e+02
2.346231296858769610e+02
3.511086950312484305e+02
2.616324647146549296e+02
2.763735000880705570e+02
3.357351171262877187e+02
2.182759419531916194e+02
3.187475273606013388e+02
2.861958404898571757e+02
2.316135391066173099e+02
3.303191426207995960e+02
2.281132148142847598e+02
2.766526839786041592e+02
3.037503880842571675e+02
2.044884395488011535e+02
3.091510006508506763e+02
2.509343500914609422e+02
2.329467673752428709e+02
3.078634181580405880e+02
2.027699042610934725e+02
2.757256099748644829e+02
2.725061583704185750e+02
1.989201540828917416e+02
2.968132496334002894e+02
2.199127469639797425e+02
2.361078131070169093e+02
2.841872405044072138e+02
1.855740832481113500e+02
2.724870825311831481e+02
2.425618104781696616e+02
1.992996640167524163e+02
2.822949116328225614e+02
1.942701730001560634e+02
2.387755749930326488e+02
2.595872114079617177e+02
1.764810680394616895e+02
2.668580623692467384e+02
2.147718121756456071e+02
2.026784528749432184e+02
2.655401743853691414e+02
1.747479286634336688e+02
2.399908684288885183e+02
2.349316953778106551e+02
1.738421611103590294e+02
2.583195678112481914e+02
1.900538220872737725e+02
2.071177086910018375e+02
2.469294234579988085e+02
1.619622516878314684e+02
2.390770811448422251e+02
2.108091070357720582e+02
1.757749905289132926e+02
2.473131793541542152e+02
1.695722788143035302e+02
2.110851199273297425e+02
2.271993511440934981e+02
1.557641214703873800e+02
2.354501889217008568e+02
1.879456568187574419e+02
1.801810215517231768e+02
2.339674544397093143e+02
1.537646248908855853e+02
2.130185703183102532e+02
2.065428128044678147e+02
1.548793009339090929e+02
2.291555859805553439e+02
1.674740834975725363e+02
1.852163209994998851e+02
2.186389813397938724e+02
1.440509892978198536e+02
2.134539545997638470e+02
1.864029158564904378e+02
1.578736760030196251e+02
2.204161540598001636e+02
1.504194501164102462e+02
1.896653856578913349e+02
2.021020613167589204e+02
1.397915606921405356e+02
2.111306496987243690e+02
1.671242296769898417e+02
1.627565938550882265e+02
2.093346503906801672e+02
1.377213797336516166e+02
1.924939005966687944e+02
1.846298566225637501e+02
1.401363059648242029e+02
2.063067210525176165e+02
1.497271548671579069e+02
1.680499608309758344e+02
1.963925830539160984e+02
1.299472229437661213e+02
1.932692924473157916e+02
1.671749947451610581e+02
1.436673350004710130e+02
1.990298280599805594e+02
1.352961628058437498e+02
1.726492049693966919e+02
1.820560771559285342e+02
1.270880379924043950e+02
1.917119235438877638e+02
1.504377474220979138e+02
1.487747477419387678e+02
1.895733824234519034e+02
1.247208358972178672e+02
1.757210359356273557e+02
1.668371431691518296e+02
1.282486192818266773e+02
1.877886861999849089e+02
1.353827440897416921e+02
1.541308860068706679e+02
1.782868732800421583e+02
1.185475032219591895e+02
1.768430166087998998e+02
1.514932323500854352e+02
1.321138309330174252e+02
1.815500521369108640e+02
1.229512536920506705e+02
1.587147916488088697e+02
1.656097087875926093e+02
1.167172610594765132e+02
1.757579804946244906e+02
1.367399352964039281e+02
1.372918583411686768e+02
1.732554596780779264e+02
1.140180047006159469e+02
1.618586029261438171e+02
1.520965219054034208e+02
1.184430211066269152e+02
1.724428781291129553e+02
1.234986486465182765e+02
1.425751677050482442e+02
1.632085925078027628e+02
1.090882090277310397e+02
1.631539677092095815e+02
1.383993553674211228e+02
1.225028304352705533e+02
1.669610949544816947e+02
1.126695059118692797e+02
1.470800015803674512e+02
1.518520045766194642e+02
1.080654220640380601e+02
1.623587856885049518e+02
1.252352729695117688e+02
1.276622915587772411e+02
1.595333836756540506e+02
1.050593032794765946e+02
1.501942594950517957e+02
1.396717712519815393e+02
1.101969474261204880e+02
1.594768929269878299e+02
1.134680492031710912e+02
1.328171901745210164e+02
1.504577007859168987e+02
1.011180927869501147e+02
1.515425202171179535e+02
1.273074658931195273e+02
1.143726581113752587e+02
1.545545449629450729e+02
1.039519300508033552e+02
1.371772273253586434e+02
1.401261336364171086e+02
1.007289979367774606e+02
1.509417681818035817e+02
1.154462141537108693e+02
1.194443648578819221e+02
1.477955729260518183e+02
9.743053604459655048e+01
1.402006468763471787e+02
1.290341420418119469e+02
1.031625145841699265e+02
1.483510699496967504e+02
1.048921791390765605e+02
1.244381852445726224e+02
1.394848288900616069e+02
9.430832602523638286e+01
1.415517579284922078e+02
1.177612206441622931e+02
1.073835643155306769e+02
1.438551840292791439e+02
9.646520739637350061e+01
1.286291819715010831e+02
1.300045600035849986e+02
9.442142298721346094e+01
1.410493682806379070e+02
1.069892380094579920e+02
1.123431315938443618e+02
1.376187408173615552e+02
9.086126494987477997e+01
1.315343226383534727e+02
1.198049224345602823e+02
9.708000964115595366e+01
1.386779868725657536e+02
9.745998158812514589e+01
1.171555797950647246e+02
1.299369903621479523e+02
8.841435426507139539e+01
1.328371647040920607e+02
1.094558703018358727e+02
1.013048947293866462e+02
1.345026706452817962e+02
8.996327549474118257e+01
1.211639078612713121e+02
1.211517040991645899e+02
8.894153699962473070e+01
1.323915997904001358e+02
9.959564647867583176e+01
1.061320874572466693e+02
1.287018661882882498e+02
8.513380035958802239e+01
1.239245169526312509e+02
1.117126684548282327e+02
9.176190366745657911e+01
1.301733732315509826e+02
9.095488569497389619e+01
1.107537189933750739e+02
1.215353923538686303e+02
8.326422586551531424e+01
1.251613410468750089e+02
1.021566706032576519e+02
9.596447051950698892e+01
1.262494809144187258e+02
8.425045727858703515e+01
1.145675081686147223e+02
1.133367024455313299e+02
8.412142815064717638e+01
1.247276915893435216e+02
9.307723521197945615e+01
1.006389683208531665e+02
1.208025765496709170e+02
8.009664958198337104e+01
1.171756248674227407e+02
1.045446285961709521e+02
8.706140767187653751e+01
1.226195224212602994e+02
8.520339119623935176e+01
1.050661249886635460e+02
1.140696356766559347e+02
7.871418936186854864e+01
1.183232370231064294e+02
9.566145939928823339e+01
9.121294254811600410e+01
1.189073433036182195e+02
7.921021858805491433e+01
1.086918045771658825e+02
1.063823308778218575e+02
7.985631387940451020e+01
1.178905987769110482e+02
8.729017118309535306e+01
9.574272285050976450e+01
1.137493236856466723e+02
7.563717768589660295e+01
1.111429634640889645e+02
9.814991667356761695e+01
8.287896374716304138e+01
1.158615858679758048e+02
8.008984534419468559e+01
9.997563818973436867e+01
1.073889151968176066e+02
7.467410950933616220e+01
1.121949807194595650e+02
8.986645922180700552e+01
8.696505576934559656e+01
1.123143295970531028e+02
7.471584201953125159e+01
1.034110645311046994e+02
1.001436400325714402e+02
7.604722294627678991e+01
1.117361626049756183e+02
8.210658989952000297e+01
9.134108906224894042e+01
1.074033614940344705e+02
7.165697483735809215e+01
1.057051475070521320e+02
9.240272267278446350e+01
7.912643868861624696e+01
1.097658821008281080e+02
7.550831794178247947e+01
9.538414220580230563e+01
1.013663782661764969e+02
7.105707704560742854e+01
1.066561446342751509e+02
8.465138715916398837e+01
8.313514755138044166e+01
1.063549070890229444e+02
7.068774777486738969e+01
9.862990514714417145e+01
9.450513974702147380e+01
7.262603302020463047e+01
1.061659877978427602e+02
7.743959202560679955e+01
8.735810937566813550e+01
1.016584042067383962e+02
6.808407880550197433e+01
1.007709832578699576e+02
8.720619507872827114e+01
7.573716756308439813e+01
1.042324071633792215e+02
7.138041940489313220e+01
9.121372402022311121e+01
9.590264251247377558e+01
6.780163336766689497e+01
1.016184621959922509e+02
7.993068870922427038e+01
7.966160771902610804e+01
1.009327936095579759e+02
6.705500056734244652e+01
9.427980388347313578e+01
8.938227992279213652e+01
6.953054438382066849e+01
1.010919275037262111e+02
7.321058657595274610e+01
8.373029383719540419e+01
9.642754985564906178e+01
6.485680857580285874e+01
9.626844037269383136e+01
8.248197244168228792e+01
7.265652428853105960e+01
9.918345355272309405e+01
6.764164192503440631e+01
8.740493231104457550e+01
9.092247029559520399e+01
6.485218937729375455e+01
9.701403439465426004e+01
7.563813419805215688e+01
7.648775794417942109e+01
9.598107615712251572e+01
6.376526159432060581e+01
9.029079880056670504e+01
8.471190387148209311e+01
6.671410735910508549e+01
9.643644570526747373e+01
6.936811036807871744e+01
8.040547597918121880e+01
9.163364665726774660e+01
6.193265583619958647e+01
9.213484292535255804e+01
7.816414559782721483e+01
6.984182285739041163e+01
9.454862457130892039e+01
6.424234544097127753e+01
8.390363442726186349e+01
8.635443324296571177e+01
6.217279136433088382e+01
9.277743082256731100e+01
7.171112466391791429e+01
7.358187138255638615e+01
9.142990191418191159e+01
6.077088792166238562e+01
8.662558939285419513e+01
8.042823231536796413e+01
6.413901736628355366e+01
9.215221266676405776e+01
6.585342723806483889e+01
7.734506273741035898e+01
8.722716275746631709e+01
5.926628710467863925e+01
8.832387598904824699e+01
7.420400292513609486e+01
6.725637241282032619e+01
9.027724970440652896e+01
6.113774905667172277e+01
8.067269259905870626e+01
8.215121259460153169e+01
5.972267138429047861e+01
8.886660873691094764e+01
6.810972994886243725e+01
7.089851161126885870e+01
8.722969667011589934e+01
5.803438702899647694e+01
8.322973297839482143e+01
7.647953701172829710e+01
6.177629576663700561e+01
8.819361144081388204e+01
6.263386730365706967e+01
7.451442533184028605e+01
8.315755989837916218e+01
5.682883614340121881e+01
8.479350487207696574e+01
7.055542974674533241e+01
6.487167707519081716e+01
8.632359405718506196e+01
5.829027842492778433e+01
7.767690834486762697e+01
7.826778297202511681e+01
5.747149866909553850e+01
8.523814193157518559e+01
6.479375954255688441e+01
6.841301955409373647e+01
8.333956810828432538e+01
5.552823772227206689e+01
8.007671078177949653e+01
7.283168044698267352e+01
5.959709192864819016e+01
8.451553640135766443e+01
5.966889005931579248e+01
7.188460471507931970e+01
7.938478004318322689e+01
5.458996998397214639e+01
8.150963748534104525e+01
6.718364779580170421e+01
6.266185818241343952e+01
8.264927439379836471e+01
5.567204193730253792e+01
7.488817784388616872e+01
7.466631729066608614e+01
5.539713666049090079e+01
8.186055073821046335e+01
6.173111643962115380e+01
6.610023988109649906e+01
7.972208611213110885e+01
5.322423565660970723e+01
7.713575335350587636e+01
6.944701421745754999e+01
5.758061034151748458e+01
8.108912622797271297e+01
5.693081537222763444e+01
6.943226230304723856e+01
7.587697674335690579e+01
5.252632310161128260e+01
7.844337216707819493e+01
6.405861631634078890e+01
6.060588871583629356e+01
7.922225890613636068e+01
5.325758847905959925e+01
7.228232167550449105e+01
7.131534775705343066e+01
5.347914310223126932e+01
7.870485885378857915e+01
5.889358924582069932e+01
6.394094237449264284e+01
7.634547177741079338e+01
5.109778187948606387e+01
7.438525629042469234e+01
6.629630530936637456e+01
5.570560187317733636e+01
7.788903413561688183e+01
5.439574570270792719e+01
6.713498743755452836e+01
7.260524109067287668e+01
5.061892965671416533e+01
7.557049837286459137e+01
6.115072271969285111e+01
5.868763501274018779e+01
7.601907641621937728e+01
5.101845476174781169e+01
6.984086079631580901e+01
6.819422433685508622e+01
5.168967837390362519e+01
7.574802603529541045e+01
5.626369121543952190e+01
6.190926141597582699e+01
7.318975257494953723e+01
4.913692640911114751e+01
7.179497670143608445e+01
6.336157360050318488e+01
