1.063001857709561051e+02
1.424328907958145578e+02
1.225476987671184474e+02
1.188496309920206926e+02
1.455892620790208412e+02
1.098906780359677953e+02
1.372039816734916258e+02
1.360764432800011434e+02
1.121606467506815790e+02
1.487001758921171870e+02
1.203910947722391285e+02
1.286924747072112609e+02
1.472124429659648399e+02
1.117539456160540539e+02
1.461727484782970805e+02
1.342823173473128691e+02
1.202313558222712544e+02
1.536276983514162282e+02
1.191683018854697451e+02
1.390596875041063356e+02
1.475471174605401359e+02
1.161211279677168591e+02
1.542422815580773943e+02
1.322230703970805905e+02
1.300498230483450754e+02
1.571402063182776772e+02
1.196547683344942214e+02
1.494297996622673566e+02
1.468720659963418314e+02
1.231282307630349777e+02
1.611806632574105436e+02
1.305950378784285419e+02
1.410078151941559383e+02
1.592253801287048987e+02
1.225920623681162596e+02
1.593768203721713519e+02
1.454984523134096150e+02
1.324750799673215624e+02
1.668364297761445414e+02
1.301477966431981201e+02
1.525556231580194435e+02
1.600690495739386279e+02
1.281459213923415632e+02
1.683601537911511059e+02
1.440004948988610067e+02
1.435267136592363784e+02
1.709570908845218185e+02
1.317841941487340023e+02
1.642940491624606807e+02
1.600856079991050080e+02
1.367309037139353052e+02
1.763987951964609238e+02
1.433765564785338142e+02
1.561716775984962453e+02
1.739596397768942779e+02
1.360489569285909113e+02
1.753873373308134660e+02
1.594416671458629082e+02
1.476702699017256464e+02
1.829873071229790185e+02
1.440957264369430959e+02
1.692702990738621338e+02
1.755851585257574641e+02
1.433684007679983097e+02
1.858384457068388258e+02
1.590218966024017675e+02
1.607007331441178906e+02
1.883464394993774818e+02
1.472235096434118873e+02
1.826236427163071880e+02
1.766517208970011836e+02
1.538535159961300849e+02
1.952947829396234454e+02
1.598548190750722142e+02
1.751794430458239731e+02
1.923965697163385755e+02
1.536199559903778606e+02
1.956770518607016243e+02
1.773300995766603592e+02
1.671192811820350528e+02
2.033969723794115225e+02
1.623216241599843102e+02
1.906513782500099410e+02
1.956931728190685078e+02
1.634716730399479445e+02
2.080960952432225497e+02
1.786217041808448016e+02
1.829108940173445319e+02
2.107470205029611918e+02
1.678436022474102742e+02
2.060923124855316928e+02
1.981658453551848424e+02
1.767188140538243886e+02
2.197298218900606344e+02
1.818532974410855445e+02
2.005262661016471384e+02
2.167962699222674132e+02
1.774314630197143572e+02
2.223020241814942040e+02
2.012320920818901584e+02
1.935232948744502437e+02
2.305522386242862467e+02
1.873812285693483943e+02
2.193748238108443900e+02
2.224051468061182391e+02
1.913359787459619668e+02
2.388890852604489794e+02
2.060997636800300086e+02
2.132151990361579692e+02
2.408395148197434708e+02
1.970625167713616008e+02
2.395763561662065513e+02
2.286182027107841463e+02
2.091027981140921383e+02
2.544766643498435883e+02
2.131874085094091527e+02
2.354379076272003033e+02
2.508424172139344535e+02
2.110095769000986650e+02
2.599919440314138228e+02
2.363171017573812378e+02
2.313995927331530140e+02
2.696643218760868308e+02
2.240455219427559541e+02
2.595773055236800815e+02
2.609995574308185269e+02
2.312272668727109703e+02
2.813869661704040368e+02
2.459838086538338757e+02
2.583296407719749936e+02
2.862158027483486649e+02
2.413169196385563851e+02
2.876845031135330828e+02
2.741202567373712213e+02
2.572643132486705326e+02
3.046490078076184886e+02
2.617929022111930522e+02
2.892635847624246708e+02
3.031691698180172807e+02
2.650225248139107066e+02
3.177582697728186076e+02
2.905804019914721721e+02
2.907044602302169096e+02
3.298616618109195997e+02
2.835022980129821235e+02
3.251990252564885964e+02
3.244848393344772148e+02
2.989975602893417204e+02
3.520772938668368965e+02
3.136368372133264870e+02
3.336843108555864319e+02
3.607641381222651376e+02
3.160314428975117380e+02
3.689833451095135501e+02
3.527141465773446498e+02
3.430628815091935166e+02
3.938360828975707477e+02
3.495199988729274310e+02
3.858615723095180670e+02
3.992126454631901993e+02
3.649631327137859103e+02
4.238224747975664286e+02
3.955093395467549726e+02
4.047078730143096550e+02
4.463522740875776549e+02
4.050463583209097465e+02
4.553628294780280612e+02
4.536806935886070278e+02
4.411842744693201439e+02
4.989005362482728856e+02
4.623333296001349026e+02
4.979884849523166395e+02
5.250881639429248935e+02
4.918120153126517380e+02
5.577601244823206343e+02
5.445364082923260867e+02
5.556775928887630016e+02
6.102167897723636543e+02
5.789148722722636649e+02
6.375473273034604063e+02
6.512594380702727221e+02
6.477363986519169430e+02
7.227922426822740363e+02
7.039641294569316869e+02
7.561319339894314453e+02
8.072084085764073507e+02
8.040664730572901817e+02
8.990796476824207275e+02
9.105220492871583247e+02
9.687655899013439011e+02
1.067762482172571708e+03
1.090805305675782847e+03
1.231678072552551384e+03
1.299777551207912438e+03
1.400199993981348598e+03
1.603076236482751256e+03
1.717658028603840876e+03
2.027194250160727051e+03
2.313430577158769211e+03
2.695111737861198890e+03
3.431947945741231706e+03
4.259492363194001882e+03
6.035291758042098081e+03
8.149311790551126251e+03
8.499640539694759354e+03
6.629345229329615904e+03
4.407293567722889748e+03
3.469450780097854476e+03
2.731074068903973057e+03
2.139009718147973217e+03
1.944459667522328118e+03
1.549637798961780163e+03
1.414562767968736580e+03
1.299014928438751667e+03
1.062064006875083805e+03
1.062212141232475688e+03
8.996131923354782884e+02
8.163181606254140661e+02
8.188761149671249768e+02
6.601519330494373889e+02
6.916709543514177767e+02
6.310571398318189722e+02
5.415055653198891150e+02
5.834022996873001148e+02
4.671797047817605062e+02
4.803162062117554001e+02
4.727327389357907350e+02
3.801711828773247817e+02
4.465835434948802458e+02
3.637813116224509713e+02
3.482352966268464343e+02
3.886232424885315595e+02
2.823992359592410821e+02
3.465810652336971884e+02
3.118922178866633885e+02
2.468290150274784196e+02
3.227996722501097224e+02
2.309099446780629989e+02
2.529326460038145967e+02
2.707111473802653450e+02
1.814351806122400603e+02
2.604680523289026723e+02
2.042348067420545021e+02
1.895485062615153424e+02
2.442024534286430821e+02
1.451718128456381294e+02
2.086867770927009076e+02
1.952393566188528382e+02
1.272981273253679433e+02
2.051785491677760263e+02
1.290832771019565257e+02
1.586476102843926697e+02
1.825949364592181894e+02
9.178724994267754766e+01
1.789360847766359939e+02
1.319075017501030516e+02
1.081097224616339503e+02
1.705567090474197869e+02
7.997078178797765702e+01
1.459810753348201615e+02
1.400445365832175924e+02
7.125357681141839805e+01
1.502286194016201648e+02
7.947410839370411395e+01
1.070113180562372861e+02
1.321693344086876607e+02
4.373079795300824912e+01
1.389012914248351365e+02
9.804313390188023902e+01
7.221628992087600807e+01
1.287695056692602122e+02
4.011086422877747282e+01
1.133410094015029443e+02
1.016096415200578633e+02
4.303989741073433350e+01
1.240444395237993689e+02
5.032375063182791308e+01
9.368867578046429401e+01
1.129680137021043578e+02
1.911999830680265333e+01
1.209521080821251076e+02
7.670554856316753956e+01
6.240048782497707691e+01
1.165349570753292170e+02
2.051859908459536896e+01
9.963149436477152676e+01
8.766546315674159473e+01
3.982261963940457861e+01
1.154322373900150183e+02
4.284421512619552885e+01
8.383033140940202088e+01
1.005119592366517622e+02
1.306632542126849827e+01
1.088467446287265403e+02
6.310463222286898599e+01
6.381695099817802230e+01
1.065481179736989077e+02
1.058109580634569546e+01
1.014214931832523234e+02
8.248978460676697466e+01
4.172990703738378926e+01
1.093977408632455877e+02
3.385921370908465633e+01
8.712745491065737724e+01
9.520490842341500581e+01
2.238423677845800697e+01
1.094249241865164493e+02
5.544016467375200108e+01
7.326601893182305503e+01
1.097510971925017316e+02
1.142429295435296943e+01
1.011448946838285963e+02
7.491741355462873742e+01
5.179535248242626011e+01
1.117346483647052082e+02
2.628457741649458512e+01
9.835372004892899156e+01
9.686953074848395318e+01
3.218824309746729284e+01
1.200026497193043014e+02
5.563058331267320966e+01
8.351697625851512896e+01
1.169245655421918570e+02
8.553558441572180371e+00
1.102928230208871696e+02
7.554257955646905032e+01
6.322478425194235996e+01
1.243126388434781120e+02
2.584886760450067555e+01
1.072744886975533376e+02
1.008968482224029088e+02
3.943378642063458983e+01
1.324957772348421656e+02
5.495552861145498014e+01
9.682054258708168959e+01
1.261341068209485456e+02
7.802733564699320112e+00
1.334893948697764472e+02
8.613078971360091884e+01
7.700633892823712756e+01
1.452082748989996333e+02
2.582904195734381503e+01
1.320994167176920655e+02
1.238077998433156779e+02
4.427286499089108673e+01
1.581322348775856312e+02
6.893361250766804460e+01
1.133252852380461206e+02
1.526968187446628065e+02
1.257543827291515370e+01
1.614431982484809112e+02
1.121352305111874017e+02
8.603749375816482825e+01
1.780689261436090192e+02
4.633134160959759384e+01
1.498376183660404308e+02
1.536760545960141826e+02
4.846811484657040836e+01
1.887377227730330276e+02
9.651909495654444981e+01
1.282784291115833639e+02
1.885714602806192772e+02
3.317333528364114414e+01
1.886955352422522481e+02
1.462379574613791533e+02
9.732713422035105566e+01
2.167508583272255862e+02
7.622917134898527536e+01
1.774297922039169180e+02
1.991930292084830114e+02
5.578842817829426082e+01
2.289126778447076163e+02
1.390369820208470060e+02
1.462291113705572343e+02
2.403578954410026256e+02
6.677883113425932038e+01
2.242369457412677605e+02
2.018011808469849768e+02
1.049330391303609673e+02
2.664453119496486124e+02
1.265814871850740957e+02
2.018996009710786552e+02
2.586966002422316251e+02
7.606242642931148623e+01
2.737235450072990375e+02
1.994427925147340090e+02
1.616136126805758124e+02
3.017138095477106958e+02
1.146488384678980168e+02
2.618641348738547663e+02
2.732530617762679412e+02
1.162132763636395083e+02
3.244482291081378662e+02
1.925190406370084588e+02
2.257464530091237407e+02
3.338952986088885382e+02
1.161230134749789187e+02
3.258775627620450450e+02
2.806324661744206423e+02
1.736253627156513062e+02
3.776735052747641816e+02
1.871621713084319651e+02
2.960053662339609559e+02
3.607896061086523787e+02
1.400294646392278253e+02
3.919592401636866725e+02
2.830160528778248477e+02
2.462761857776156944e+02
4.245755697895851881e+02
1.802430247572079907e+02
3.785755252550359842e+02
3.826961810522638530e+02
1.940401855686008901e+02
4.646442926438005543e+02
2.793269582205458619e+02
3.374924916006099238e+02
4.749799407122549155e+02
1.899796913479588909e+02
4.729582552242506495e+02
4.025113949355301202e+02
2.753711998044974507e+02
5.436020308580275469e+02
2.777357799119884589e+02
4.464278648495646280e+02
5.250690239654093148e+02
2.351552810850597837e+02
5.817603305326516647e+02
4.192760423691335632e+02
3.888792233031333581e+02
6.308017293349882948e+02
2.859497845811232537e+02
5.820376287777158950e+02
5.769710316607083769e+02
3.262949657524495706e+02
7.134944789142235777e+02
4.357445016722297169e+02
5.404600745702988434e+02
7.354336390770253047e+02
3.273864087374137171e+02
7.545727411548774626e+02
6.377024571295017950e+02
4.688473198395153076e+02
8.743684305727927040e+02
4.646667476005887352e+02
7.479807892604028439e+02
8.628799846490475147e+02
4.275308857267667690e+02
9.824659749551127561e+02
7.123237687368226716e+02
6.964170658643291745e+02
1.093832865507403312e+03
5.296770468432838470e+02
1.048452628726863395e+03
1.034890791296346151e+03
6.329025422302257766e+02
1.321664728215387640e+03
8.301472967038091610e+02
1.061487625666703025e+03
1.425681047570245710e+03
6.865141226229584390e+02
1.529683353058509283e+03
1.309593091005485348e+03
1.039878919284755284e+03
1.892189027524140329e+03
1.052397584334298244e+03
1.735977280727256584e+03
2.025562037209681421e+03
1.105169580523401464e+03
2.503816528818574625e+03
1.885931124067956262e+03
1.984406996043296203e+03
3.191107660584513269e+03
1.700846449143889686e+03
3.476236965718760530e+03
3.653644683858906319e+03
2.564740007354149839e+03
5.689304207829563893e+03
4.066492525250275321e+03
6.157212243687429691e+03
9.871232827424732022e+03
6.561986757693853178e+03
2.140721697326898720e+04
3.859094989927492861e+04
4.101986752036325925e+04
2.664211733632316464e+04
8.449374474534524779e+03
9.446311737617292238e+03
7.887958529389703472e+03
3.438613788199705596e+03
5.905133600623742495e+03
3.560148044426104207e+03
3.166392398966655946e+03
4.056370676301788535e+03
1.815938448424966509e+03
3.053002939462877748e+03
2.604097951424958410e+03
1.570071876045209819e+03
2.701572153886103479e+03
1.525769143017974102e+03
1.828084693478828513e+03
2.121196563554748991e+03
1.006091778100970146e+03
1.917123262728463487e+03
1.455753476838355027e+03
1.131050174469144395e+03
1.746674568145031117e+03
8.990003741675627680e+02
1.361896950599298179e+03
1.381284103939045508e+03
7.455615340484072249e+02
1.418530972400225664e+03
9.419170565660629109e+02
9.417543430981496613e+02
1.272672202317410211e+03
6.221484542960579347e+02
1.113086540426714691e+03
9.833516629334692425e+02
6.439612486723136726e+02
1.122796406839501060e+03
6.569271073242385910e+02
8.335675157680640268e+02
9.760180247894164722e+02
4.924480577230809786e+02
9.477078631616180928e+02
7.272475829219152956e+02
5.986071622563043775e+02
9.202844930518627962e+02
4.863704600390732367e+02
7.570451692700028161e+02
7.679875175577877826e+02
4.382097124046003955e+02
8.223849220523136410e+02
5.499026699764965542e+02
5.737172439108871913e+02
7.662529390265336815e+02
3.863511112723451220e+02
6.941849520658250867e+02
6.104962675314898206e+02
4.203495398204143498e+02
7.196546862228673263e+02
4.242122875727098972e+02
5.533582391566286560e+02
6.400965226359672897e+02
3.353284370791392917e+02
6.387881781782310782e+02
4.877804521381732457e+02
4.181410527639536099e+02
6.309420461461238574e+02
3.378925586436598110e+02
5.335360347796421365e+02
5.349506568224716148e+02
3.178930328910399226e+02
5.856643388942785577e+02
3.905089334118235911e+02
4.200938672384237407e+02
5.514124852420526395e+02
2.844959261111050637e+02
5.115940706807605238e+02
4.451540286183410444e+02
3.185943335150283815e+02
5.340944274573844268e+02
3.157626723387501215e+02
4.203444620346267584e+02
4.786441036885660196e+02
2.587477809665307404e+02
4.862711811217081959e+02
3.681388167042559303e+02
3.266763325322111768e+02
4.829345212091512849e+02
2.609346243144115078e+02
4.162887740692653438e+02
4.117224477818353421e+02
2.535219975374692751e+02
4.579401629628406454e+02
3.035463310303863977e+02
3.354351181730183384e+02
4.324576071087239484e+02
2.273558462417055637e+02
4.081419955522310943e+02
3.508778409020213758e+02
2.595632297104196482e+02
4.262704664806407209e+02
2.515804982519992450e+02
3.416498559389675620e+02
3.829974522640582677e+02
2.128186047391885722e+02
3.949988815643705493e+02
2.961196750099497876e+02
2.705413963443056105e+02
3.922455545629183575e+02
2.135340061038855310e+02
3.438149557774588061e+02
3.351365351174374609e+02
2.126193808999740327e+02
3.773734675865473491e+02
2.485625368500019476e+02
2.814203956719630355e+02
3.564215529722818587e+02
1.905078246194214273e+02
3.411691213056130891e+02
2.897067151608556514e+02
2.209463423724282904e+02
3.557083894181358232e+02
2.096361894192895079e+02
2.896998992092721892e+02
3.195247873357665185e+02
1.818903226607556292e+02
3.337511726590074659e+02
2.476920550870492548e+02
2.325773624763131977e+02
3.308681759100430781e+02
1.812184109027785439e+02
2.940734807664079540e+02
2.825708810445028689e+02
1.844518535517374858e+02
3.217765542755789738e+02
2.104762683125887577e+02
2.437578152146928687e+02
3.033713379063197522e+02
1.646313788199084058e+02
2.940811588758304538e+02
2.465762966387358119e+02
1.935198137264587785e+02
3.057648864359824756e+02
1.798586653445367460e+02
2.524975487585494989e+02
2.741378881218194010e+02
1.596817561075291394e+02
2.895841122195954540e+02
2.126164069676089241e+02
2.049437325942515145e+02
2.863343635862574956e+02
1.576970642584356312e+02
2.577353211459323461e+02
2.441448716197836291e+02
1.637360776414387544e+02
2.808659777633848762e+02
1.823520386020943818e+02
2.158188367606818758e+02
2.639622886495655507e+02
1.455397104334226412e+02
2.594660732911934815e+02
2.147151189667949041e+02
1.729640337410438349e+02
2.684600633122209956e+02
1.575772437384905800e+02
2.245721464633176083e+02
2.401084724688867027e+02
1.428790858226563785e+02
2.562278056725359079e+02
1.862271321217155844e+02
1.839514278428464706e+02
2.524985392521280403e+02
1.398306681385431318e+02
2.300148313517786391e+02
2.148284763068780023e+02
1.477882363683116864e+02
2.495571352110073065e+02
1.608326171865314222e+02
1.942784644687154696e+02
2.338899315535722963e+02
1.306293688519265572e+02
2.318928588759723368e+02
1.895645125833326574e+02
1.568230279186070106e+02
2.392235204214875068e+02
1.401064746186132481e+02
2.025689427883527571e+02
2.132779666374690350e+02
1.297099057191889813e+02
2.300494126565427280e+02
1.653904928742107359e+02
1.672625499124888222e+02
2.257486096431742908e+02
1.256893154161099915e+02
2.080119002306518325e+02
1.915578347565449633e+02
1.350366347242715221e+02
2.246006443980489280e+02
1.437125237350185785e+02
1.770301878685493193e+02
2.097075241807123689e+02
1.187607763857050429e+02
2.101266442095153764e+02
1.696152023147142813e+02
1.438560087243524208e+02
2.158049195969536243e+02
1.261345531847526615e+02
1.848873390302942425e+02
1.917463893169273206e+02
1.190188647542428129e+02
2.088360053057326127e+02
1.485642960931154732e+02
1.537361556431448264e+02
2.040931386922428032e+02
1.142573594494099609e+02
1.900926293417303157e+02
1.726423277823724618e+02
1.246320793172844503e+02
2.042384213238585176e+02
1.297540965959461516e+02
1.629040113908511103e+02
1.899467359218681963e+02
1.090658928925076481e+02
1.922666574133708366e+02
1.532686826273866814e+02
1.331642911435913277e+02
1.965484768601350254e+02
1.146735571923545649e+02
1.702774348495009349e+02
1.739934643981879105e+02
1.101953008622074037e+02
1.913060650324314054e+02
1.346901455305435888e+02
1.424877181495251932e+02
1.861323010841761629e+02
1.048029330226694924e+02
1.751885846502259483e+02
1.569318069155169724e+02
1.159427389050184445e+02
1.872746591150996665e+02
1.181581201650919155e+02
1.510827572711971527e+02
1.734544922901252448e+02
1.009830864032896898e+02
1.773066469235943998e+02
1.396078246544918215e+02
1.241705391364900919e+02
1.803941917219995617e+02
1.050957622436973082e+02
1.579710855629338369e+02
1.590758132662417381e+02
1.027688864029670128e+02
1.765264680036131324e+02
1.230237115885721693e+02
1.329700242035951590e+02
1.709759198014978665e+02
9.686033628233082027e+01
1.625630413697155063e+02
1.436578075977996605e+02
1.085934504654579627e+02
1.729030653921687133e+02
1.083601387968567309e+02
1.410211534936628368e+02
1.594530516878993183e+02
9.413369500669298873e+01
1.645680935764815729e+02
1.280041756552324443e+02
1.164889749109277375e+02
1.666280231867418991e+02
9.697203951012582479e+01
1.474435380177364152e+02
1.463469232023362281e+02
9.643053559420388865e+01
1.638760606838045533e+02
1.130652737781828989e+02
1.247996314270628062e+02
1.579960886040335026e+02
9.008611712313575026e+01
1.517171712863727464e+02
1.322823480232517852e+02
1.022549946480892658e+02
1.605409051667967333e+02
9.997264842484821656e+01
1.323349039496679325e+02
1.474053209527741046e+02
8.825870260794867761e+01
1.535686323081192199e+02
1.180190645157319693e+02
1.098370874944342006e+02
1.547348468687196430e+02
8.999381764443461407e+01
1.383171828718154188e+02
1.353457988809219614e+02
9.094592065665342773e+01
1.529080644159269582e+02
1.044702940669712348e+02
1.176847123521934293e+02
1.467332695190128504e+02
8.424731119076386676e+01
1.422719878601199639e+02
1.224112768440174079e+02
9.673749695554633377e+01
1.497759544718204836e+02
9.270969042276286132e+01
1.247473440940338207e+02
1.369119997699647229e+02
8.316304351199279665e+01
1.439586799491505076e+02
1.093282753754325540e+02
1.040105096963489046e+02
1.443408099370428772e+02
8.394008762395378653e+01
1.303149252371903515e+02
1.257323163600183307e+02
8.615706187695479912e+01
1.432889708326362666e+02
9.697254393239386161e+01
1.114355501177031726e+02
1.368536902998924631e+02
7.915248493710741684e+01
1.339632537495006375e+02
1.137566435768035973e+02
9.187646067890030110e+01
1.403044052496870790e+02
8.635823817069332620e+01
1.180467593664856167e+02
1.276782911976260948e+02
7.869739179996912526e+01
1.354749871605683893e+02
1.016874796024243892e+02
9.885399901798274414e+01
1.351654986071684448e+02
7.863352702283735596e+01
1.232257641555877115e+02
1.172463365923073297e+02
8.192724291796920966e+01
1.347696477546279539e+02
9.035623726805593492e+01
1.058782403447400071e+02
1.281158507983165293e+02
7.468923713375320972e+01
1.265866778663201586e+02
1.061063662606379978e+02
8.756389601363349584e+01
1.318979062212433746e+02
8.076293285678843858e+01
1.120793673369589385e+02
1.194861759552769769e+02
7.475579890688217688e+01
1.279215284778052961e+02
9.492000330569241839e+01
9.425531945018765612e+01
1.270007704670436084e+02
7.395258923956617991e+01
1.168951390445242993e+02
1.097016881342253356e+02
7.816472202648638756e+01
1.271673048198689742e+02
8.449799182471022618e+01
1.009004221856802275e+02
1.203143621732323965e+02
7.073688230159979184e+01
1.199771510865541870e+02
9.928570457969316010e+01
8.370229223592619405e+01
1.243721402650994321e+02
7.579436135571098987e+01
1.067200757720702882e+02
1.121594980161479498e+02
7.124691083351770260e+01
1.211397883997303495e+02
8.887930437766721070e+01
9.011760709355735344e+01
1.196751365742401276e+02
6.979449058381186433e+01
1.111976922846207572e+02
1.029423816039728905e+02
7.479178902500130732e+01
1.203279534839975611e+02
7.926667616309900666e+01
9.640871844530225587e+01
1.133030631010961713e+02
6.721878536430264717e+01
1.140135156178996567e+02
9.316535682383923245e+01
8.022121330050532606e+01
1.175877342579933043e+02
7.135656449075997898e+01
1.018725925916445760e+02
1.055620517637903220e+02
6.810454063759303267e+01
1.150096817322321670e+02
8.345510016549343391e+01
8.637016706662889476e+01
1.130584003223561638e+02
6.608117343976779523e+01
1.060321943996021901e+02
9.684430075585277109e+01
7.175333249262963875e+01
1.141340802652053981e+02
7.456447319285716446e+01
9.233249175219542337e+01
1.069591338024469138e+02
6.406342668944830621e+01
1.086029529041418300e+02
8.764078153717714770e+01
7.705980457344082879e+01
1.114363687684992072e+02
6.737218030612838504e+01
9.745906283666286640e+01
9.958556072720995189e+01
6.527431068904448352e+01
1.094355678600177981e+02
7.855425882441228680e+01
8.295738278852675762e+01
1.070510364147792757e+02
6.274185609339896530e+01
1.013240231397760738e+02
9.131920716684813044e+01
6.898995314040287496e+01
1.084939494236483739e+02
7.032416719627101998e+01
8.860136281905853650e+01
1.011893122064311541e+02
6.122605396281303314e+01
1.036556357869614260e+02
8.262785318801549295e+01
7.417620884318429830e+01
1.058215235071687346e+02
6.377773246064483459e+01
9.341996658306760537e+01
9.414251485890723359e+01
6.271015592909143521e+01
1.043376482667363518e+02
7.411033419495589669e+01
7.982743156476732338e+01
1.015609998926272795e+02
5.973456157689231816e+01
9.700234494482646141e+01
8.627635091871140105e+01
6.647591025459016123e+01
1.033253257021039531e+02
6.647037238080596921e+01
8.518281938968381439e+01
9.591403942301747065e+01
5.865432222239596172e+01
9.912031502935403182e+01
7.805772440257216260e+01
7.152741563845073358e+01
1.006775952020697389e+02
6.052066326241277494e+01
8.970154988025464604e+01
8.916207407816686725e+01
6.037522139996485038e+01
9.965158206595624790e+01
7.005664486836901972e+01
7.694483287813915240e+01
9.652459994750937256e+01
5.700800178034434396e+01
9.302381825995995257e+01
8.166408940968177887e+01
6.416841860862329838e+01
9.857249222797922528e+01
6.296499947885834558e+01
8.202302167940351296e+01
9.106809832358733559e+01
5.631778062809094365e+01
9.493546606900920892e+01
7.387328502294876387e+01
6.908416311455543735e+01
9.594003327793146241e+01
5.755839636054010100e+01
8.626298770018703976e+01
8.458506132990440562e+01
5.823949113516331977e+01
9.532519046833846232e+01
6.634751771262050113e+01
7.427725708955766493e+01
9.188359717064990662e+01
5.452623290615157714e+01
8.934022580365079591e+01
7.742493680034226600e+01
6.203880801821040336e+01
9.417930230618206622e+01
5.976192517221991096e+01
7.909148964284997874e+01
8.660153893616966059e+01
5.418778925528124546e+01
9.105590722973531115e+01
7.002884658276470020e+01
6.682198148306382279e+01
9.155748942465392304e+01
5.485552435079507916e+01
8.307103967316922422e+01
8.036308400034819499e+01
5.627674472004756723e+01
9.131417254092235680e+01
6.294361248171013301e+01
7.179626948378250972e+01
8.758818549316960400e+01
5.226321244119765197e+01
8.591633616268963181e+01
7.351319462812880090e+01
6.006820785880507430e+01
9.010476308776185306e+01
5.682595091467358372e+01
7.635899271732529314e+01
8.246703484204032009e+01
5.223762313269702418e+01
8.744478029598813862e+01
6.648289744968724335e+01
6.471802268379866518e+01
8.748830354442350199e+01
5.238032379025343488e+01
8.009489328223189375e+01
7.645497489977893224e+01
5.446499484022876914e+01
8.757923675257531215e+01
5.980942484438272544e+01
