-1.172033762274011116e-03 6.737282201136335358e-02 1.752070342058419383e-01
-1.163721466087670568e-03 6.733064366165376902e-02 1.741642348745415791e-01
-1.155409169901330021e-03 6.728785467821765676e-02 1.731226473896037010e-01
-1.147096873714989690e-03 6.724445453661413719e-02 1.720823093236379664e-01
-1.138784577528649143e-03 6.720044360930067795e-02 1.710432459408180728e-01
-1.130472281342308595e-03 6.715582324982281859e-02 1.700054836705891248e-01
-1.122159985155968048e-03 6.711059588290874123e-02 1.689690881261008693e-01
-1.113847688969627501e-03 6.706476510073974828e-02 1.679339128633046407e-01
-1.105535392783287170e-03 6.701833576573373863e-02 1.669001991867010426e-01
-1.097223096596946623e-03 6.697131412008663909e-02 1.658678783015107294e-01
-1.088910800410606075e-03 6.692370790244879519e-02 1.648369835056313348e-01
-1.080598504224265528e-03 6.687552647192859800e-02 1.638075465326757074e-01
-1.072286208037924980e-03 6.682678093978476619e-02 1.627797269397305291e-01
-1.063973911851584650e-03 6.677748430897857690e-02 1.617531031436735822e-01
-1.055661615665244102e-03 6.672765162189199517e-02 1.607282022831729995e-01
-1.047349319478903555e-03 6.667730011631339826e-02 1.597048675953089691e-01
-1.039037023292563007e-03 6.662644938994494170e-02 1.586831372615388480e-01
-1.030724727106222460e-03 6.657512157342380943e-02 1.576630785230618004e-01
-1.022412430919882129e-03 6.652334151199143508e-02 1.566445625131489550e-01
-1.014100134733541582e-03 6.647113695569643876e-02 1.556278425099381635e-01
-1.005787838547201034e-03 6.641853875805431295e-02 1.546128487026852683e-01
-9.974755423608604871e-04 6.636558108289739022e-02 1.535996300195589248e-01
-9.891632461745199396e-04 6.631230161910360577e-02 1.525879338504745886e-01
-9.808509499881793922e-04 6.625874180267340985e-02 1.515785922105933325e-01
-9.725386538018390616e-04 6.620494704554144572e-02 1.505709065178475747e-01
-9.642263576154985142e-04 6.615096697025109329e-02 1.495651413477071812e-01
-9.559140614291579668e-04 6.609685564952333392e-02 1.485614195587588449e-01
-9.476017652428174193e-04 6.604267184935766477e-02 1.475594767228709248e-01
-9.392894690564769803e-04 6.598847927425710580e-02 1.465597279451615609e-01
-9.309771728701364329e-04 6.593434681266813202e-02 1.455620658775561849e-01
-9.226648766837959939e-04 6.588034878058900146e-02 1.445665874708029486e-01
-9.143525804974554465e-04 6.582656516085103049e-02 1.435731195882679889e-01
-9.060402843111148991e-04 6.577308183526227314e-02 1.425820006667078144e-01
-8.977279881247744600e-04 6.571999080638610269e-02 1.415931763362714702e-01
-8.894156919384340210e-04 6.566739040532468263e-02 1.406065476931929736e-01
-8.811033957520934736e-04 6.561538548141686300e-02 1.396224260315156174e-01
-8.727910995657529262e-04 6.556408756927595283e-02 1.386407257306563334e-01
-8.644788033794123788e-04 6.551361502823450922e-02 1.376613639388680477e-01
-8.561665071930719398e-04 6.546409314860110462e-02 1.366847268828830508e-01
-8.478542110067313923e-04 6.541565421888101417e-02 1.357106536490074455e-01
-8.395419148203909533e-04 6.536843754747982682e-02 1.347390858282665471e-01
-8.312296186340504059e-04 6.532258943210775270e-02 1.337704124335455103e-01
-8.229173224477098585e-04 6.527826306968130543e-02 1.328045271756473078e-01
-8.146050262613694195e-04 6.523561839922956129e-02 1.318412864327929424e-01
-8.062927300750288720e-04 6.519482187007981377e-02 1.308811277959191777e-01
-7.979804338886884330e-04 6.515604612754989644e-02 1.299236522028001106e-01
-7.896681377023478856e-04 6.511946960831786757e-02 1.289696729879578063e-01
-7.813558415160073382e-04 6.508527603792586824e-02 1.280187572596821755e-01
-7.730435453296668992e-04 6.505365382318041567e-02 1.270706963686327184e-01
-7.647312491433263517e-04 6.502479533288632596e-02 1.261261885238250946e-01
-7.564189529569859127e-04 6.499889606112908835e-02 1.251848004666225589e-01
-7.481066567706453653e-04 6.497615366847693530e-02 1.242470802198948343e-01
-7.397943605843048179e-04 6.495676689784378455e-02 1.233126352659948272e-01
-7.314820643979642704e-04 6.494093436345797776e-02 1.223820593572434307e-01
-7.231697682116238314e-04 6.492885321335711835e-02 1.214548883910637062e-01
-7.148574720252833924e-04 6.492071766815527001e-02 1.205319128937604178e-01
-7.065451758389428450e-04 6.491671744132411492e-02 1.196122814546495966e-01
-6.982328796526022976e-04 6.491703604921497672e-02 1.186965763566036336e-01
-6.899205834662617502e-04 6.492184902182648876e-02 1.177856026550427593e-01
-6.816082872799213111e-04 6.493132202880323722e-02 1.168783171677290345e-01
-6.732959910935807637e-04 6.494560893814983749e-02 1.159751115656585257e-01
-6.649836949072403247e-04 6.496484982849283496e-02 1.150770841842916337e-01
-6.566713987208997773e-04 6.498916897886639066e-02 1.141829894884350410e-01
-6.483591025345593383e-04 6.501867286270963942e-02 1.132934310694350966e-01
-6.400468063482187909e-04 6.505344817538347146e-02 1.124095645410379957e-01
-6.317345101618782434e-04 6.509355992644896838e-02 1.115294665987627692e-01
-6.234222139755378044e-04 6.513904962921115982e-02 1.106546429860322533e-01
-6.151099177891972570e-04 6.518993362082535492e-02 1.097849849803751582e-01
-6.067976216028568180e-04 6.524620154573913811e-02 1.089206061304247714e-01
-5.984853254165162706e-04 6.530781503428742529e-02 1.080616531322636381e-01
-5.901730292301757231e-04 6.537470660588444449e-02 1.072082999015947224e-01
-5.818607330438352841e-04 6.544677882324406726e-02 1.063607294703062950e-01
-5.735484368574947367e-04 6.552390371961498705e-02 1.055191025290619505e-01
-5.652361406711542977e-04 6.560592251632298144e-02 1.046835698710583268e-01
-5.569238444848137503e-04 6.569264564163813935e-02 1.038543146556384217e-01
-5.486115482984732028e-04 6.578385305568847097e-02 1.030316524651671978e-01
-5.402992521121327638e-04 6.587929487911882431e-02 1.022138409443794083e-01
-5.319869559257922164e-04 6.597869231591231565e-02 1.014050695492692000e-01
-5.236746597394516690e-04 6.608173885357598865e-02 1.006030561416939029e-01
-5.153623635531112300e-04 6.618810171699945899e-02 9.980664644469587621e-02
-5.070500673667706825e-04 6.629742354570694607e-02 9.901962971218229714e-02
-4.987377711804302435e-04 6.640932425860469890e-02 9.823848836881220181e-02
-4.904254749940896961e-04 6.652340306553786164e-02 9.746540779483237049e-02
-4.821131788077491487e-04 6.663924058121363514e-02 9.670269148313756502e-02
-4.738008826214087097e-04 6.675640099490695589e-02 9.594626884425559721e-02
-4.654885864350681622e-04 6.687443424823939775e-02 9.519882261369455589e-02
-4.571762902487277232e-04 6.699287817391483268e-02 9.446061511887671180e-02
-4.488639940623871758e-04 6.711126055026384041e-02 9.373217398051439386e-02
-4.405516978760466284e-04 6.722910103000179216e-02 9.300979992205241076e-02
-4.322394016897061894e-04 6.734591290658485663e-02 9.230156969996104743e-02
-4.239271055033656420e-04 6.746120468812571991e-02 9.160010070011417871e-02
-4.156148093170252029e-04 6.757448145688940699e-02 9.091396918866895271e-02
-4.073025131306846555e-04 6.768524600206872466e-02 9.023521673881024219e-02
-3.989902169443441081e-04 6.779299972485526571e-02 8.956848117738130943e-02
-3.906779207580036691e-04 6.789724332811551688e-02 8.891236526885987201e-02
-3.823656245716631217e-04 6.799747731823752028e-02 8.826802832744465310e-02
-3.740533283853226827e-04 6.809320236445662311e-02 8.763781372832242511e-02
-3.657410321989821352e-04 6.818391958122248242e-02 8.702193454640928805e-02
-3.574287360126415878e-04 6.826913082255918475e-02 8.641702674624184011e-02
-3.491164398263011488e-04 6.834833910344940977e-02 8.582475439170315912e-02
-3.408041436399606014e-04 6.842104929233727706e-02 8.525161753098525752e-02
-3.324918474536200539e-04 6.848676924964693102e-02 8.469138409954735103e-02
-3.241795512672796149e-04 6.854501161833406742e-02 8.414501349238662220e-02
-3.158672550809390675e-04 6.859529650070925189e-02 8.361664323230176554e-02
-3.075549588945986285e-04 6.863715527676372830e-02 8.310400787874180906e-02
-2.992426627082580811e-04 6.867013582604220012e-02 8.261074199681425756e-02
-2.909303665219175336e-04 6.869380939944871867e-02 8.213272002625864043e-02
-2.826180703355770946e-04 6.870777933881770660e-02 8.167489290776873412e-02
-2.743057741492365472e-04 6.871169175031596743e-02 8.123703587709574236e-02
-2.659934779628961082e-04 6.870524809419215062e-02 8.081716632033299208e-02
-2.576811817765555608e-04 6.868821945548356234e-02 8.041827861854695947e-02
-2.493688855902150133e-04 6.866046201470285548e-02 8.003900831166115004e-02
-2.410565894038745743e-04 6.862193296517762886e-02 7.968087267310924871e-02
-2.327442932175340269e-04 6.857270586105268517e-02 7.934369269846287820e-02
-2.244319970311935879e-04 6.851298417638296279e-02 7.902714002400516857e-02
-2.161197008448530405e-04 6.844311176643992634e-02 7.873151180811718830e-02
-2.078074046585124931e-04 6.836357899404041372e-02 7.845646721437007920e-02
-1.994951084721720540e-04 6.827502353902006882e-02 7.820156794936822253e-02
-1.911828122858315066e-04 6.817822533393569362e-02 7.796637929419879265e-02
-1.828705160994909592e-04 6.807409560906457768e-02 7.775022745257309520e-02
-1.745582199131504118e-04 6.796366059870194432e-02 7.755234986493009242e-02
-1.662459237268100812e-04 6.784804096190792666e-02 7.737188954114301853e-02
-1.579336275404695338e-04 6.772842832134007285e-02 7.720791480485976466e-02
-1.496213313541289863e-04 6.760606047583404832e-02 7.705944407795155271e-02
-1.413090351677884389e-04 6.748219679206993171e-02 7.692546979620236425e-02
-1.329967389814478915e-04 6.735809506358993171e-02 7.680498042024966332e-02
-1.246844427951075609e-04 6.723499080130423966e-02 7.669697997065866302e-02
-1.163721466087670135e-04 6.711407955702673733e-02 7.660050458367437254e-02
-1.080598504224264660e-04 6.699650253442099301e-02 7.651463582668500962e-02
-9.974755423608591860e-05 6.688333545107877365e-02 7.643851066996494581e-02
-9.143525804974537118e-05 6.677558040895746616e-02 7.637132856212242027e-02
-8.312296186340504059e-05 6.667416039213408530e-02 7.631235592230860287e-02
-7.481066567706449316e-05 6.657991593195865254e-02 7.626092845974485890e-02
-6.649836949072394574e-05 6.649360349747901466e-02 7.621645193160199450e-02
-5.818607330438339831e-05 6.641589517888034366e-02 7.617840160865513299e-02
-4.987377711804285088e-05 6.634737925476967557e-02 7.614632097668784516e-02
-4.156148093170252029e-05 6.628856132703425663e-02 7.611981995167822757e-02
-3.324918474536197287e-05 6.623986576415759331e-02 7.609857284415248724e-02
-2.493688855902142544e-05 6.620163718198945890e-02 7.608231642322972610e-02
-1.662459237268087801e-05 6.617414192502348025e-02 7.607084802150118619e-02
-8.312296186340330587e-06 6.615756933202722456e-02 7.606402407722116787e-02
0.000000000000000000e+00 6.615203257065543907e-02 7.606175892137725936e-02
8.312296186340547427e-06 6.615756933202722456e-02 7.606402407722116787e-02
1.662459237268109485e-05 6.617414192502348025e-02 7.607084802150118619e-02
2.493688855902164228e-05 6.620163718198945890e-02 7.608231642322972610e-02
3.324918474536218971e-05 6.623986576415759331e-02 7.609857284415248724e-02
4.156148093170252029e-05 6.628856132703425663e-02 7.611981995167822757e-02
4.987377711804306772e-05 6.634737925476967557e-02 7.614632097668784516e-02
5.818607330438361515e-05 6.641589517888034366e-02 7.617840160865513299e-02
6.649836949072416258e-05 6.649360349747901466e-02 7.621645193160199450e-02
7.481066567706471000e-05 6.657991593195865254e-02 7.626092845974485890e-02
8.312296186340525743e-05 6.667416039213408530e-02 7.631235592230860287e-02
9.143525804974558802e-05 6.677558040895746616e-02 7.637132856212242027e-02
9.974755423608613544e-05 6.688333545107878753e-02 7.643851066996495969e-02
1.080598504224266829e-04 6.699650253442099301e-02 7.651463582668500962e-02
1.163721466087672303e-04 6.711407955702675121e-02 7.660050458367438642e-02
1.246844427951077777e-04 6.723499080130425354e-02 7.669697997065867690e-02
1.329967389814481083e-04 6.735809506358993171e-02 7.680498042024966332e-02
1.413090351677886557e-04 6.748219679206993171e-02 7.692546979620236425e-02
1.496213313541292032e-04 6.760606047583404832e-02 7.705944407795158047e-02
1.579336275404697506e-04 6.772842832134008673e-02 7.720791480485977853e-02
1.662459237268102980e-04 6.784804096190792666e-02 7.737188954114301853e-02
1.745582199131506286e-04 6.796366059870194432e-02 7.755234986493009242e-02
1.828705160994911760e-04 6.807409560906457768e-02 7.775022745257309520e-02
1.911828122858317235e-04 6.817822533393570750e-02 7.796637929419880653e-02
1.994951084721722709e-04 6.827502353902006882e-02 7.820156794936823641e-02
2.078074046585128183e-04 6.836357899404041372e-02 7.845646721437010696e-02
2.161197008448531489e-04 6.844311176643992634e-02 7.873151180811718830e-02
2.244319970311936963e-04 6.851298417638294891e-02 7.902714002400516857e-02
2.327442932175342438e-04 6.857270586105268517e-02 7.934369269846287820e-02
2.410565894038747912e-04 6.862193296517762886e-02 7.968087267310924871e-02
2.493688855902153386e-04 6.866046201470285548e-02 8.003900831166116392e-02
2.576811817765556692e-04 6.868821945548356234e-02 8.041827861854695947e-02
2.659934779628962166e-04 6.870524809419216450e-02 8.081716632033300596e-02
2.743057741492367640e-04 6.871169175031595355e-02 8.123703587709574236e-02
2.826180703355773115e-04 6.870777933881769273e-02 8.167489290776873412e-02
2.909303665219178589e-04 6.869380939944871867e-02 8.213272002625864043e-02
2.992426627082581895e-04 6.867013582604218624e-02 8.261074199681427144e-02
3.075549588945987369e-04 6.863715527676372830e-02 8.310400787874180906e-02
3.158672550809392843e-04 6.859529650070923801e-02 8.361664323230176554e-02
3.241795512672798318e-04 6.854501161833406742e-02 8.414501349238662220e-02
3.324918474536203792e-04 6.848676924964695878e-02 8.469138409954736491e-02
3.408041436399607098e-04 6.842104929233727706e-02 8.525161753098527140e-02
3.491164398263012572e-04 6.834833910344940977e-02 8.582475439170315912e-02
3.574287360126418046e-04 6.826913082255918475e-02 8.641702674624186786e-02
3.657410321989823521e-04 6.818391958122249630e-02 8.702193454640930192e-02
3.740533283853228995e-04 6.809320236445662311e-02 8.763781372832245287e-02
3.823656245716632301e-04 6.799747731823752028e-02 8.826802832744465310e-02
3.906779207580037775e-04 6.789724332811551688e-02 8.891236526885987201e-02
3.989902169443443249e-04 6.779299972485526571e-02 8.956848117738133719e-02
4.073025131306848724e-04 6.768524600206872466e-02 9.023521673881024219e-02
4.156148093170254198e-04 6.757448145688940699e-02 9.091396918866895271e-02
4.239271055033657504e-04 6.746120468812571991e-02 9.160010070011417871e-02
4.322394016897062978e-04 6.734591290658485663e-02 9.230156969996107519e-02
4.405516978760468452e-04 6.722910103000179216e-02 9.300979992205241076e-02
4.488639940623873927e-04 6.711126055026384041e-02 9.373217398051440774e-02
4.571762902487279401e-04 6.699287817391484656e-02 9.446061511887672568e-02
4.654885864350684875e-04 6.687443424823941163e-02 9.519882261369455589e-02
4.738008826214088181e-04 6.675640099490695589e-02 9.594626884425559721e-02
4.821131788077493655e-04 6.663924058121362126e-02 9.670269148313760665e-02
4.904254749940899129e-04 6.652340306553784777e-02 9.746540779483241212e-02
4.987377711804304604e-04 6.640932425860471278e-02 9.823848836881224345e-02
5.070500673667710078e-04 6.629742354570694607e-02 9.901962971218232490e-02
5.153623635531113384e-04 6.618810171699945899e-02 9.980664644469587621e-02
5.236746597394518858e-04 6.608173885357600252e-02 1.006030561416939167e-01
5.319869559257924332e-04 6.597869231591231565e-02 1.014050695492692278e-01
5.402992521121329807e-04 6.587929487911881044e-02 1.022138409443794499e-01
5.486115482984735281e-04 6.578385305568847097e-02 1.030316524651672117e-01
5.569238444848138587e-04 6.569264564163813935e-02 1.038543146556384217e-01
5.652361406711544061e-04 6.560592251632299532e-02 1.046835698710583407e-01
5.735484368574949535e-04 6.552390371961498705e-02 1.055191025290619783e-01
5.818607330438355010e-04 6.544677882324406726e-02 1.063607294703063227e-01
5.901730292301760484e-04 6.537470660588444449e-02 1.072082999015947502e-01
5.984853254165163790e-04 6.530781503428743917e-02 1.080616531322636520e-01
6.067976216028569264e-04 6.524620154573913811e-02 1.089206061304247991e-01
6.151099177891974738e-04 6.518993362082542431e-02 1.097849849803751998e-01
6.234222139755380213e-04 6.513904962921121533e-02 1.106546429860322672e-01
6.317345101618785687e-04 6.509355992644896838e-02 1.115294665987627970e-01
6.400468063482188993e-04 6.505344817538347146e-02 1.124095645410379957e-01
6.483591025345594467e-04 6.501867286270963942e-02 1.132934310694350966e-01
6.566713987208999941e-04 6.498916897886639066e-02 1.141829894884350410e-01
6.649836949072405416e-04 6.496484982849283496e-02 1.150770841842916753e-01
6.732959910935810890e-04 6.494560893814982361e-02 1.159751115656585535e-01
6.816082872799214196e-04 6.493132202880323722e-02 1.168783171677290345e-01
6.899205834662619670e-04 6.492184902182650263e-02 1.177856026550427732e-01
6.982328796526025144e-04 6.491703604921497672e-02 1.186965763566036614e-01
7.065451758389430618e-04 6.491671744132410105e-02 1.196122814546496105e-01
7.148574720252836093e-04 6.492071766815527001e-02 1.205319128937604456e-01
7.231697682116239399e-04 6.492885321335710447e-02 1.214548883910637200e-01
7.314820643979644873e-04 6.494093436345797776e-02 1.223820593572434584e-01
7.397943605843050347e-04 6.495676689784378455e-02 1.233126352659948549e-01
7.481066567706455821e-04 6.497615366847693530e-02 1.242470802198948621e-01
7.564189529569861296e-04 6.499889606112908835e-02 1.251848004666225589e-01
7.647312491433264602e-04 6.502479533288629820e-02 1.261261885238251224e-01
7.730435453296670076e-04 6.505365382318163692e-02 1.270706963686327740e-01
7.813558415160075550e-04 6.508527603792584049e-02 1.280187572596821755e-01
7.896681377023481024e-04 6.511946960831786757e-02 1.289696729879578063e-01
7.979804338886886499e-04 6.515604612754989644e-02 1.299236522028001106e-01
8.062927300750291973e-04 6.519482187007978602e-02 1.308811277959191777e-01
8.146050262613697447e-04 6.523561839922953354e-02 1.318412864327929424e-01
8.229173224477102921e-04 6.527826306968130543e-02 1.328045271756473633e-01
8.312296186340504059e-04 6.532258943210775270e-02 1.337704124335455103e-01
8.395419148203909533e-04 6.536843754747982682e-02 1.347390858282665471e-01
8.478542110067315007e-04 6.541565421888095866e-02 1.357106536490074733e-01
8.561665071930720482e-04 6.546409314860072992e-02 1.366847268828830786e-01
8.644788033794125956e-04 6.551361502823460636e-02 1.376613639388681032e-01
8.727910995657531430e-04 6.556408756927599446e-02 1.386407257306563889e-01
8.811033957520936905e-04 6.561538548141672422e-02 1.396224260315156451e-01
8.894156919384342379e-04 6.566739040532457161e-02 1.406065476931930014e-01
8.977279881247747853e-04 6.571999080638625534e-02 1.415931763362714979e-01
9.060402843111153327e-04 6.577308183526227314e-02 1.425820006667078699e-01
9.143525804974554465e-04 6.582656516085103049e-02 1.435731195882679889e-01
9.226648766837959939e-04 6.588034878058900146e-02 1.445665874708029486e-01
9.309771728701365413e-04 6.593434681266813202e-02 1.455620658775561849e-01
9.392894690564770888e-04 6.598847927425710580e-02 1.465597279451615609e-01
9.476017652428176362e-04 6.604267184935749824e-02 1.475594767228709525e-01
9.559140614291581836e-04 6.609685564952348658e-02 1.485614195587588726e-01
9.642263576154987310e-04 6.615096697025268924e-02 1.495651413477072089e-01
9.725386538018392785e-04 6.620494704554184817e-02 1.505709065178476025e-01
9.808509499881798259e-04 6.625874180267340985e-02 1.515785922105933881e-01
9.891632461745203733e-04 6.631230161910373067e-02 1.525879338504746163e-01
9.974755423608609207e-04 6.636558108289739022e-02 1.535996300195589803e-01
1.005787838547201034e-03 6.641853875805431295e-02 1.546128487026852683e-01
1.014100134733541582e-03 6.647113695569643876e-02 1.556278425099381635e-01
1.022412430919882129e-03 6.652334151199143508e-02 1.566445625131489550e-01
1.030724727106222677e-03 6.657512157342396208e-02 1.576630785230618559e-01
1.039037023292563224e-03 6.662644938994494170e-02 1.586831372615389035e-01
1.047349319478903772e-03 6.667730011631339826e-02 1.597048675953089691e-01
1.055661615665244319e-03 6.672765162189184251e-02 1.607282022831729995e-01
1.063973911851584866e-03 6.677748430897835485e-02 1.617531031436736100e-01
1.072286208037925414e-03 6.682678093978476619e-02 1.627797269397305846e-01
1.080598504224265961e-03 6.687552647192859800e-02 1.638075465326757629e-01
1.088910800410606075e-03 6.692370790244879519e-02 1.648369835056313348e-01
1.097223096596946623e-03 6.697131412008663909e-02 1.658678783015107294e-01
1.105535392783287170e-03 6.701833576573373863e-02 1.669001991867010426e-01
1.113847688969627717e-03 6.706476510074166342e-02 1.679339128633046685e-01
1.122159985155968265e-03 6.711059588290707589e-02 1.689690881261008693e-01
1.130472281342308812e-03 6.715582324982215245e-02 1.700054836705891526e-01
1.138784577528649360e-03 6.720044360930067795e-02 1.710432459408180728e-01
1.147096873714989907e-03 6.724445453661480332e-02 1.720823093236379941e-01
1.155409169901330454e-03 6.728785467821765676e-02 1.731226473896037565e-01
1.163721466087671002e-03 6.733064366165376902e-02 1.741642348745416347e-01
1.172033762274011116e-03 6.737282201136335358e-02 1.752070342058419383e-01
