0.000000000000000000e+00 1.252335953925900824e+01 1.565090070895733909e+01 1.757971291649856838e+01
8.908923067207553015e-06 1.250906695868057028e+01 1.562924375426324808e+01 1.754996726009391494e+01
1.781784613441510603e-05 1.249477437818561043e+01 1.560758679956915707e+01 1.752022160368926151e+01
2.672676920162265905e-05 1.248048179760717247e+01 1.558592984487506605e+01 1.749047594720112997e+01
3.563569226883021206e-05 1.246618921711221262e+01 1.556427289026445315e+01 1.746073029071299842e+01
4.454461533603776508e-05 1.245189663661725277e+01 1.554261593548688403e+01 1.743098463430834499e+01
5.345353840324531809e-05 1.243760405612229292e+01 1.552095898087626935e+01 1.740123897790368801e+01
6.236246147045287111e-05 1.242331147554385673e+01 1.549930202618217834e+01 1.737149332141555647e+01
7.127138453766042412e-05 1.240901889504889688e+01 1.547764507140461099e+01 1.734174766501090303e+01
8.018030760486797714e-05 1.239472631447045892e+01 1.545598811679399631e+01 1.731200200860624960e+01
8.908923067207553015e-05 1.238043373397549907e+01 1.543433116201642896e+01 1.728225635211811806e+01
9.799815373928308317e-05 1.236614115339706110e+01 1.541267420740581429e+01 1.725251069562998651e+01
1.069070768064906362e-04 1.235184857281862314e+01 1.539101725271172327e+01 1.722276503922533308e+01
1.158159998736981892e-04 1.233755599240714140e+01 1.536936029801763226e+01 1.719301938282067610e+01
1.247249229409057422e-04 1.232326341182870344e+01 1.534770334332354125e+01 1.716327372641602267e+01
1.336338460081133088e-04 1.230897083133374359e+01 1.532604638862945023e+01 1.713352806992789112e+01
1.425427690753208482e-04 1.229467825075530740e+01 1.530438943393535922e+01 1.710378241352323769e+01
1.514516921425283877e-04 1.228038567026034755e+01 1.528273247924126821e+01 1.707403675703510615e+01
1.603606152097359543e-04 1.226609308968190959e+01 1.526107552463065353e+01 1.704429110063045272e+01
1.692695382769435208e-04 1.225180050918694974e+01 1.523941856985308618e+01 1.701454544414232117e+01
1.781784613441510603e-04 1.223750792860851178e+01 1.521776161524247151e+01 1.698479978773766419e+01
1.870873844113585998e-04 1.222321534819703004e+01 1.519610466054838049e+01 1.695505413133301076e+01
1.959963074785661663e-04 1.220892276761859208e+01 1.517444770577081137e+01 1.692530847492835733e+01
2.049052305457737329e-04 1.219463018704015411e+01 1.515279075116019847e+01 1.689556281835674767e+01
2.138141536129812724e-04 1.218033760654519426e+01 1.513113379646610746e+01 1.686581716195209424e+01
2.227230766801888118e-04 1.216604502596675808e+01 1.510947684177201644e+01 1.683607150554744081e+01
2.316319997473963784e-04 1.215175244547179823e+01 1.508781988707792543e+01 1.680632584914278382e+01
2.405409228146039450e-04 1.213745986489336026e+01 1.506616293238383442e+01 1.677658019265465228e+01
2.494498458818114844e-04 1.212316728439840041e+01 1.504450597768974340e+01 1.674683453624999885e+01
2.583587689490190239e-04 1.210887470390344056e+01 1.502284902299565239e+01 1.671708887984534542e+01
2.672676920162266176e-04 1.209458212340848071e+01 1.500119206830156138e+01 1.668734322335721387e+01
2.761766150834341570e-04 1.208028954283004275e+01 1.497953511360746859e+01 1.665759756686908233e+01
2.850855381506416965e-04 1.206599696233508290e+01 1.495787815899685569e+01 1.662785191046442890e+01
2.939944612178492359e-04 1.205170438175664493e+01 1.493622120421928656e+01 1.659810625405977191e+01
3.029033842850567754e-04 1.203741180117820875e+01 1.491456424960867366e+01 1.656836059765511848e+01
3.118123073522643691e-04 1.202311922068324890e+01 1.489290729491458265e+01 1.653861494116698694e+01
3.207212304194719085e-04 1.200882664010481093e+01 1.487125034013701352e+01 1.650886928467885539e+01
3.296301534866794480e-04 1.199453405960985108e+01 1.484959338552640062e+01 1.647912362827420196e+01
3.385390765538870417e-04 1.198024147911489123e+01 1.482793643083230961e+01 1.644937797186954853e+01
3.474479996210945811e-04 1.196594889861993138e+01 1.480627947613821860e+01 1.641963231538141699e+01
3.563569226883021206e-04 1.195165631804149342e+01 1.478462252144412759e+01 1.638988665897676000e+01
3.652658457555096601e-04 1.193736373754653357e+01 1.476296556675003480e+01 1.636014100257210657e+01
3.741747688227171995e-04 1.192307115696809561e+01 1.474130861205594378e+01 1.633039534616745314e+01
3.830836918899247932e-04 1.190877857647313576e+01 1.471965165736185277e+01 1.630064968959584348e+01
3.919926149571323327e-04 1.189448599589469957e+01 1.469799470266776176e+01 1.627090403319119005e+01
4.009015380243398721e-04 1.188019341531626161e+01 1.467633774797367074e+01 1.624115837678653662e+01
4.098104610915474658e-04 1.186590083490477809e+01 1.465468079336305784e+01 1.621141272038187964e+01
4.187193841587550053e-04 1.185160825432634191e+01 1.463302383858548872e+01 1.618166706389374809e+01
4.276283072259625447e-04 1.183731567383138206e+01 1.461136688389139771e+01 1.615192140748909466e+01
4.365372302931700842e-04 1.182302309325294409e+01 1.458970992928078481e+01 1.612217575108444123e+01
4.454461533603776236e-04 1.180873051275798424e+01 1.456805297450321568e+01 1.609243009459630969e+01
4.543550764275852173e-04 1.179443793217954628e+01 1.454639601989260100e+01 1.606268443810817814e+01
4.632639994947927568e-04 1.178014535168458643e+01 1.452473906519850999e+01 1.603293878170352471e+01
4.721729225620002962e-04 1.176585277110615024e+01 1.450308211050441898e+01 1.600319312529886773e+01
4.810818456292078899e-04 1.175156019069466673e+01 1.448142515581032796e+01 1.597344746889421607e+01
4.899907686964153752e-04 1.173726761011622877e+01 1.445976820111623695e+01 1.594370181240608275e+01
4.988996917636229688e-04 1.172297502953779258e+01 1.443811124642214594e+01 1.591395615591795121e+01
5.078086148308305625e-04 1.170868244904283273e+01 1.441645429172805493e+01 1.588421049951329778e+01
5.167175378980380478e-04 1.169438986846439477e+01 1.439479733711744203e+01 1.585446484310864257e+01
5.256264609652456414e-04 1.168009728796943492e+01 1.437314038233987290e+01 1.582471918662051102e+01
5.345353840324532351e-04 1.166580470739099695e+01 1.435148342772926000e+01 1.579497353021585759e+01
5.434443070996607204e-04 1.165151212689603710e+01 1.432982647303516721e+01 1.576522787381120416e+01
5.523532301668683140e-04 1.163721954640107725e+01 1.430816951825759986e+01 1.573548221740654895e+01
5.612621532340757993e-04 1.162292696590611740e+01 1.428651256364698519e+01 1.570573656083493930e+01
5.701710763012833930e-04 1.160863438532767944e+01 1.426485560886941784e+01 1.567599090443028587e+01
5.790799993684909866e-04 1.159434180483271959e+01 1.424319865425880316e+01 1.564624524802563066e+01
5.879889224356984719e-04 1.158004922425428340e+01 1.422154169956471215e+01 1.561649959162097723e+01
5.968978455029060656e-04 1.156575664367584544e+01 1.419988474487062113e+01 1.558675393513284568e+01
6.058067685701135508e-04 1.155146406318088559e+01 1.417822779017653012e+01 1.555700827872819048e+01
6.147156916373211445e-04 1.153717148260244763e+01 1.415657083548243911e+01 1.552726262224005893e+01
6.236246147045287382e-04 1.152287890219096589e+01 1.413491388078834810e+01 1.549751696583540550e+01
6.325335377717362234e-04 1.150858632161252793e+01 1.411325692609425708e+01 1.546777130934727396e+01
6.414424608389438171e-04 1.149429374111756808e+01 1.409159997148364241e+01 1.543802565294261875e+01
6.503513839061514108e-04 1.148000116053913011e+01 1.406994301670607506e+01 1.540827999653796532e+01
6.592603069733588960e-04 1.146570858004417026e+01 1.404828606209546038e+01 1.537853434013331189e+01
6.681692300405664897e-04 1.145141599946573407e+01 1.402662910740136937e+01 1.534878868364517857e+01
6.770781531077740834e-04 1.143712341888729611e+01 1.400497215262380202e+01 1.531904302715704702e+01
6.859870761749815686e-04 1.142283083839233626e+01 1.398331519801318734e+01 1.528929737075239359e+01
6.948959992421891623e-04 1.140853825781389830e+01 1.396165824331909633e+01 1.525955171434773838e+01
7.038049223093966475e-04 1.139424567740241656e+01 1.394000128862500532e+01 1.522980605794308495e+01
7.127138453766042412e-04 1.137995309682397860e+01 1.391834433393091430e+01 1.520006040145495341e+01
7.216227684438118349e-04 1.136566051632901875e+01 1.389668737923682329e+01 1.517031474505029998e+01
7.305316915110193201e-04 1.135136793575058078e+01 1.387503042454273228e+01 1.514056908856216666e+01
7.394406145782269138e-04 1.133707535525562093e+01 1.385337346984864126e+01 1.511082343215751322e+01
7.483495376454343991e-04 1.132278277467718475e+01 1.383171651515455025e+01 1.508107777566938168e+01
7.572584607126419927e-04 1.130849019418222490e+01 1.381005956046045924e+01 1.505133211926472647e+01
7.661673837798495864e-04 1.129419761360378693e+01 1.378840260584984456e+01 1.502158646286007304e+01
7.750763068470570717e-04 1.127990503310882708e+01 1.376674565107227721e+01 1.499184080645541961e+01
7.839852299142646653e-04 1.126561245261386723e+01 1.374508869646166254e+01 1.496209514996728629e+01
7.928941529814722590e-04 1.125131987203542927e+01 1.372343174176757152e+01 1.493234949347915475e+01
8.018030760486797442e-04 1.123702729154046942e+01 1.370177478699000240e+01 1.490260383707450131e+01
8.107119991158873379e-04 1.122273471096203146e+01 1.368011783237938950e+01 1.487285818066984788e+01
8.196209221830949316e-04 1.120844213046707161e+01 1.365846087768529848e+01 1.484311252418171456e+01
8.285298452503024168e-04 1.119414954988863542e+01 1.363680392299120747e+01 1.481336686777706113e+01
8.374387683175100105e-04 1.117985696939367557e+01 1.361514696829711646e+01 1.478362121137240770e+01
8.463476913847174958e-04 1.116556438889871572e+01 1.359349001368650178e+01 1.475387555488427438e+01
8.552566144519250894e-04 1.115127180840375587e+01 1.357183305890893443e+01 1.472412989839614283e+01
8.641655375191326831e-04 1.113697922782531791e+01 1.355017610421484342e+01 1.469438424199148940e+01
8.730744605863401684e-04 1.112268664724687994e+01 1.352851914952075063e+01 1.466463858558683420e+01
8.819833836535477620e-04 1.110839406675192009e+01 1.350686219482665962e+01 1.463489292918218077e+01
