0.000000000000000000e+00 6.632174360091622201e-02 7.562359349706807010e-02
4.156148093170252538e-06 6.632322443327544337e-02 7.562433970961165985e-02
8.312296186340505075e-06 6.632766488083809142e-02 7.562657990648070927e-02
1.246844427951075677e-05 6.633505878595358229e-02 7.563031876808820608e-02
1.662459237268101015e-05 6.634539587450642706e-02 7.563556410408005248e-02
2.078074046585126354e-05 6.635866176813599859e-02 7.564232686665187111e-02
2.493688855902151353e-05 6.637483793151711942e-02 7.565062116894365196e-02
2.909303665219176692e-05 6.639390168228700984e-02 7.566046430826402214e-02
3.324918474536202030e-05 6.641582616243325854e-02 7.567187679381051635e-02
3.740533283853227369e-05 6.644058030740485066e-02 7.568488237847209588e-02
4.156148093170252707e-05 6.646812882117521248e-02 7.569950809419954962e-02
4.571762902487278046e-05 6.649843215733146351e-02 7.571578429034214741e-02
4.987377711804302706e-05 6.653144646143396845e-02 7.573374467422577805e-02
5.402992521121328045e-05 6.656712357301519667e-02 7.575342635313994655e-02
5.818607330438353383e-05 6.660541096877654887e-02 7.577486987677205243e-02
6.234222139755379399e-05 6.664625174472979530e-02 7.579811927897138479e-02
6.649836949072404060e-05 6.668958458994053706e-02 7.582322211761571840e-02
7.065451758389428721e-05 6.673534375798370610e-02 7.585022951114697709e-02
7.481066567706454737e-05 6.678345905841585883e-02 7.587919617020848218e-02
7.896681377023479398e-05 6.683385584070435093e-02 7.591018042264070786e-02
8.312296186340505414e-05 6.688645500058335025e-02 7.594324422993030399e-02
8.727910995657530075e-05 6.694117298719856612e-02 7.597845319292499677e-02
9.143525804974556091e-05 6.699792182967174992e-02 7.601587654469364741e-02
9.559140614291580752e-05 6.705660918188527386e-02 7.605558712799929955e-02
9.974755423608605413e-05 6.711713837730218235e-02 7.609766135480090787e-02
1.039037023292563143e-04 6.717940851514070388e-02 7.614217914509166518e-02
1.080598504224265609e-04 6.724331456315950362e-02 7.618922384277918014e-02
1.122159985155968211e-04 6.730874749077499219e-02 7.623888210443946489e-02
1.163721466087670677e-04 6.737559443056757857e-02 7.629124376082391246e-02
1.205282947019373278e-04 6.744373887173453486e-02 7.634640164386102823e-02
1.246844427951075880e-04 6.751306088841045605e-02 7.640445138337904896e-02
1.288405908882778346e-04 6.758343740442426806e-02 7.646549116499980203e-02
1.329967389814480812e-04 6.765474249654117311e-02 7.652962145051241116e-02
1.371528870746183278e-04 6.772684773728823715e-02 7.659694465865865554e-02
1.413090351677885744e-04 6.779962257819675819e-02 7.666756480099569393e-02
1.454651832609588481e-04 6.787293477324164714e-02 7.674158708608504187e-02
1.496213313541290947e-04 6.794665084162170021e-02 7.681911751548077538e-02
1.537774794472993414e-04 6.802063656803969405e-02 7.690026230955644693e-02
1.579336275404695880e-04 6.809475753752773641e-02 7.698512750047857567e-02
1.620897756336398617e-04 6.816887970089516302e-02 7.707381841683784429e-02
1.662459237268101083e-04 6.824286996572127839e-02 7.716643880730304772e-02
1.704020718199803549e-04 6.831659680674860569e-02 7.726309097847303131e-02
1.745582199131506015e-04 6.838993088852562963e-02 7.736387393849120109e-02
1.787143680063208481e-04 6.846274569225238582e-02 7.746888469443900804e-02
1.828705160994911218e-04 6.853491813805756561e-02 7.757821495222136376e-02
1.870266641926613684e-04 6.860632919342338210e-02 7.769195441423494553e-02
1.911828122858316150e-04 6.867686445821853669e-02 7.781018404681966372e-02
1.953389603790018616e-04 6.874641471683071159e-02 7.793298662381080433e-02
1.994951084721721083e-04 6.881487644822704974e-02 7.806042608369027913e-02
2.036512565653423820e-04 6.888215228541731683e-02 7.819257770010684672e-02
2.078074046585126286e-04 6.894815141673982239e-02 7.832949892175349038e-02
2.119635527516828752e-04 6.901278992260100054e-02 7.847123194692966208e-02
2.161197008448531218e-04 6.907599104273610957e-02 7.861782573513670380e-02
2.202758489380233955e-04 6.913768537065956288e-02 7.876932219906662702e-02
2.244319970311936421e-04 6.919781097367273814e-02 7.892575108308966247e-02
2.285881451243638887e-04 6.925631343852527155e-02 7.908713855688340177e-02
2.327442932175341353e-04 6.931314584450551375e-02 7.925351164033274387e-02
2.369004413107043819e-04 6.936826866730549934e-02 7.942485054799196253e-02
2.410565894038746557e-04 6.942164961840006920e-02 7.960109697162295883e-02
2.452127374970449023e-04 6.947326342585709302e-02 7.978243952341250445e-02
2.493688855902151760e-04 6.952309156341889007e-02 7.996857743158421183e-02
2.535250336833853955e-04 6.957112193534864542e-02 8.015983961669767566e-02
2.576811817765556692e-04 6.961734852491575920e-02 8.035591025880921279e-02
2.618373298697258887e-04 6.966177101451141718e-02 8.055679018758904464e-02
2.659934779628961624e-04 6.970439438526336573e-02 8.076254892145866282e-02
2.701496260560664361e-04 6.974522850368582161e-02 8.097316863321708802e-02
2.743057741492366556e-04 6.978428770239536449e-02 8.118862973250159931e-02
2.784619222424069293e-04 6.982159036128521290e-02 8.140869470615995362e-02
2.826180703355771488e-04 6.985715849481849427e-02 8.163311841643827727e-02
2.867742184287474226e-04 6.989101735031462426e-02 8.186276468494384229e-02
2.909303665219176963e-04 6.992319502129536180e-02 8.209622159643113759e-02
2.950865146150879158e-04 6.995372207915952212e-02 8.233489443656716311e-02
2.992426627082581895e-04 6.998263122569060857e-02 8.257766313009110015e-02
3.033988108014284090e-04 7.000995696818926306e-02 8.282454297702411539e-02
3.075549588945986827e-04 7.003573531837593846e-02 8.307581331141870862e-02
3.117111069877689564e-04 7.006000351563625161e-02 8.333143514657358197e-02
3.158672550809391759e-04 7.008279977468631627e-02 8.359136305029457592e-02
3.200234031741094496e-04 7.010416305731802245e-02 8.385545890118289991e-02
3.241795512672797233e-04 7.012413286754376474e-02 8.412299868759333388e-02
3.283356993604499429e-04 7.014274906918863128e-02 8.439460842837337440e-02
3.324918474536202166e-04 7.016005172477363105e-02 8.467092176795987246e-02
3.366479955467904361e-04 7.017608095438529481e-02 8.494978843199539609e-02
3.408041436399607098e-04 7.019087681313061766e-02 8.523368816985089913e-02
3.449602917331309835e-04 7.020447918572234047e-02 8.552049330201803856e-02
3.491164398263012030e-04 7.021692769672198409e-02 8.581067641009440528e-02
3.532725879194714767e-04 7.022826163497991603e-02 8.610494748672449516e-02
3.574287360126416962e-04 7.023851989084686775e-02 8.640312300156763325e-02
3.615848841058119699e-04 7.024774090478448640e-02 8.670444740506434711e-02
3.657410321989822436e-04 7.025596262606897957e-02 8.700899819045083972e-02
3.698971802921524631e-04 7.026322248035749007e-02 8.731678703752718262e-02
3.740533283853227369e-04 7.026955734496877215e-02 8.762752738505709404e-02
3.782094764784929564e-04 7.027500353081442275e-02 8.794149496617482964e-02
3.823656245716632301e-04 7.027959677000245042e-02 8.825924132087065166e-02
3.865217726648335038e-04 7.028337220822067355e-02 8.858022313847183082e-02
3.906779207580037233e-04 7.028636440108940175e-02 8.890376280574339984e-02
3.948340688511739970e-04 7.028860731375351223e-02 8.923005337739652043e-02
3.989902169443442165e-04 7.029013432305952769e-02 8.956017873152746778e-02
4.031463650375144902e-04 7.029097822173509258e-02 8.989194967830850536e-02
4.073025131306847639e-04 7.029117122405595386e-02 9.022789314872561861e-02
4.114586612238549834e-04 7.029074497254762799e-02 9.056544501867812291e-02
4.156148093170252572e-04 7.028973054532768050e-02 9.090698006143674292e-02
4.197709574101955309e-04 7.028815846374744658e-02 9.125011817250951174e-02
4.239271055033657504e-04 7.028605870004200895e-02 9.159597258647322882e-02
4.280832535965360241e-04 7.028346068474158881e-02 9.194555261175096916e-02
4.322394016897062436e-04 7.028039331363948594e-02 9.229665633523136126e-02
4.363955497828765173e-04 7.027688495414854963e-02 9.265036966806700081e-02
4.405516978760467910e-04 7.027296345091262053e-02 9.300657348613046438e-02
4.447078459692170105e-04 7.026865613057019233e-02 9.336584935247516093e-02
4.488639940623872842e-04 7.026398980559545038e-02 9.372738327401275438e-02
4.530201421555575037e-04 7.025899077716701857e-02 9.409089322461379468e-02
4.571762902487277774e-04 7.025368483703736677e-02 9.445677717914684191e-02
4.613324383418980512e-04 7.024809726839623125e-02 9.482499080879720765e-02
4.654885864350682707e-04 7.024225284573938632e-02 9.519548628523172296e-02
4.696447345282385444e-04 7.023617583377016194e-02 9.556822268609276028e-02
4.738008826214087639e-04 7.022988998537554872e-02 9.594316326952928575e-02
4.779570307145790376e-04 7.022341853873073636e-02 9.632027597672124242e-02
4.821131788077493113e-04 7.021678421359714428e-02 9.669953775861832301e-02
4.862693269009195308e-04 7.021000920688792724e-02 9.708091973590592116e-02
4.904254749940898045e-04 7.020311518758284852e-02 9.746372490222092455e-02
4.945816230872600782e-04 7.019612329108075588e-02 9.784910071519278829e-02
4.987377711804303520e-04 7.018905411308290487e-02 9.823658530581665105e-02
5.028939192736005172e-04 7.018192770310452411e-02 9.862598994880332481e-02
5.070500673667707910e-04 7.017476355771401497e-02 9.901734673908064999e-02
5.112062154599410647e-04 7.016758061360169052e-02 9.941053348649170340e-02
5.153623635531113384e-04 7.016039724057938909e-02 9.980527467316117896e-02
5.195185116462816121e-04 7.015323123461278398e-02 1.002022832464931068e-01
5.236746597394517774e-04 7.014609981098614278e-02 1.006011084399267008e-01
5.278308078326220511e-04 7.013901959769712480e-02 1.010012195005139807e-01
5.319869559257923248e-04 7.013200662917622175e-02 1.014037138004470207e-01
5.361431040189625985e-04 7.012507634042164373e-02 1.018078373166598494e-01
5.402992521121328722e-04 7.011824356163542937e-02 1.022132342510304465e-01
5.444554002053030375e-04 7.011152251344202058e-02 1.026208884979840363e-01
5.486115482984733113e-04 7.010492680276426969e-02 1.030301095915357595e-01
5.527676963916435850e-04 7.009846941942599052e-02 1.034406197328322091e-01
5.569238444848138587e-04 7.009216273354330895e-02 1.038531196197897410e-01
5.610799925779841324e-04 7.008601849376031034e-02 1.042670803626791348e-01
5.652361406711542977e-04 7.008004782637682062e-02 1.046825756225579773e-01
5.693922887643245714e-04 7.007426123540957952e-02 1.050998215505241362e-01
5.735484368574948451e-04 7.006866860361928018e-02 1.055182643775533224e-01
5.777045849506651188e-04 7.006327919452942643e-02 1.059385184526095980e-01
5.818607330438353925e-04 7.005810165545497958e-02 1.063600113757629945e-01
5.860168811370055578e-04 7.005314402155075892e-02 1.067832226080205893e-01
5.901730292301758315e-04 7.004841372088309315e-02 1.072076549632716980e-01
5.943291773233461053e-04 7.004391758052039285e-02 1.076337460407443547e-01
5.984853254165163790e-04 7.003966183363134757e-02 1.080610352070692226e-01
6.026414735096866527e-04 7.003565212757342784e-02 1.084899281474006327e-01
6.067976216028568180e-04 7.003189353294750341e-02 1.089199905045959427e-01
6.109537696960270917e-04 7.002839055358876796e-02 1.093516296385064479e-01
6.151099177891973654e-04 7.002514713745892905e-02 1.097843655023932607e-01
6.192660658823676391e-04 7.002216668839897351e-02 1.102186756597350603e-01
6.234222139755379128e-04 7.001945207869841870e-02 1.106540156040883155e-01
6.275783620687081866e-04 7.001700566243168611e-02 1.110906745595846845e-01
6.317345101618783518e-04 7.001482928950986118e-02 1.115288083217686327e-01
6.358906582550486256e-04 7.001292432039235569e-02 1.119680190169872191e-01
6.400468063482188993e-04 7.001129164140092176e-02 1.124086717588811540e-01
6.442029544413891730e-04 7.000993168057660643e-02 1.128502669285892379e-01
6.483591025345594467e-04 7.000884442401832108e-02 1.132931220372551950e-01
6.525152506277296120e-04 7.000802943264140821e-02 1.137373301023199279e-01
6.566713987208998857e-04 7.000748585929353340e-02 1.141825604466019939e-01
6.608275468140701594e-04 7.000721246616571636e-02 1.146288632132124174e-01
6.649836949072404331e-04 7.000720764243636984e-02 1.150765993101536128e-01
6.691398430004107068e-04 7.000746942208709023e-02 1.155252653372529081e-01
6.732959910935808721e-04 7.000799550183051112e-02 1.159749958283977922e-01
6.774521391867511459e-04 7.000878325909147548e-02 1.164260203928440401e-01
6.816082872799214196e-04 7.000982976998507135e-02 1.168779859110978259e-01
6.857644353730916933e-04 7.001113182723714412e-02 1.173309153508173414e-01
6.899205834662619670e-04 7.001268595799498007e-02 1.177852047188558127e-01
6.940767315594321323e-04 7.001448844147890871e-02 1.182403443322311426e-01
6.982328796526024060e-04 7.001653532642784783e-02 1.186964721519996879e-01
7.023890277457726797e-04 7.001882244829507607e-02 1.191537885713937345e-01
7.065451758389429534e-04 7.002134544615341849e-02 1.196119796248789058e-01
7.107013239321132271e-04 7.002409977927193108e-02 1.200711627612501553e-01
7.148574720252833924e-04 7.002708074332981980e-02 1.205314453601212671e-01
7.190136201184536661e-04 7.003028348623591137e-02 1.209925495017764030e-01
7.231697682116239399e-04 7.003370302352564247e-02 1.214546473540989296e-01
7.273259163047942136e-04 7.003733425331043483e-02 1.219176493472595296e-01
7.314820643979644873e-04 7.004117197075754309e-02 1.223817344384050265e-01
7.356382124911346526e-04 7.004521088208161272e-02 1.228466259885630657e-01
7.397943605843049263e-04 7.004944561803187753e-02 1.233124353782361210e-01
7.439505086774752000e-04 7.005387074686202087e-02 1.237790583610020173e-01
7.481066567706454737e-04 7.005848078677258395e-02 1.242468035572675406e-01
7.522628048638157474e-04 7.006327021781819098e-02 1.247152771871402888e-01
7.564189529569859127e-04 7.006823349327447048e-02 1.251846223760250121e-01
7.605751010501561864e-04 7.007336505046225794e-02 1.256547718024101923e-01
7.647312491433264602e-04 7.007865932102806672e-02 1.261259306830848637e-01
7.688873972364967339e-04 7.008411074068328361e-02 1.265978120028357634e-01
7.730435453296670076e-04 7.008971375840489237e-02 1.270705273917720757e-01
7.771996934228371729e-04 7.009546284510326242e-02 1.275440477058008004e-01
7.813558415160074466e-04 7.010135250176491306e-02 1.280184654343908546e-01
7.855119896091777203e-04 7.010737726707710893e-02 1.284935812141506650e-01
7.896681377023479940e-04 7.011353172454574956e-02 1.289695085753158887e-01
7.938242857955182677e-04 7.011981050911673952e-02 1.294462150012095081e-01
7.979804338886884330e-04 7.012620831331312088e-02 1.299236553279057571e-01
8.021365819818587067e-04 7.013271989290138786e-02 1.304019790559276526e-01
8.062927300750289804e-04 7.013934007209998711e-02 1.308809636549593258e-01
8.104488781681992542e-04 7.014606374834590763e-02 1.313607008761031036e-01
8.146050262613695279e-04 7.015288589663330743e-02 1.318411723566787486e-01
8.187611743545398016e-04 7.015980157343959522e-02 1.323223413907958501e-01
8.229173224477099669e-04 7.016680592025670293e-02 1.328043336030123867e-01
8.270734705408802406e-04 7.017389416674096880e-02 1.332869539527726244e-01
8.312296186340505143e-04 7.018106163350054660e-02 1.337702858855650545e-01
8.353857667272207880e-04 7.018830373453460725e-02 1.342543125318994002e-01
8.395419148203910617e-04 7.019561597934220742e-02 1.347390184890610576e-01
8.436980629135612270e-04 7.020299397471706226e-02 1.352244857406352252e-01
8.478542110067315007e-04 7.021043342624237737e-02 1.357105124266954899e-01
8.520103590999017745e-04 7.021793013950548834e-02 1.361972381429384371e-01
8.561665071930720482e-04 7.022548002104350706e-02 1.366846227057069985e-01
8.603226552862423219e-04 7.023307907904002834e-02 1.371726554659444264e-01
8.644788033794124872e-04 7.024072342378374911e-02 1.376613205943800766e-01
8.686349514725827609e-04 7.024840926790756890e-02 1.381506891213685750e-01
8.727910995657530346e-04 7.025613292641900987e-02 1.386406049166551135e-01
8.769472476589233083e-04 7.026389081653927615e-02 1.391311619831055169e-01
8.811033957520935820e-04 7.027167945736192967e-02 1.396223350334627467e-01
8.852595438452637473e-04 7.027949546934429692e-02 1.401141150581457218e-01
8.894156919384340210e-04 7.028733557364717777e-02 1.406064920167088561e-01
8.935718400316042948e-04 7.029519659133044718e-02 1.410994476978980339e-01
8.977279881247745685e-04 7.030307544242006546e-02 1.415930587310019195e-01
9.018841362179448422e-04 7.031096914485512883e-02 1.420871984126787224e-01
9.060402843111150075e-04 7.031887481332627088e-02 1.425819171106492977e-01
9.101964324042852812e-04 7.032678965801703042e-02 1.430772052598430766e-01
9.143525804974555549e-04 7.033471098325487503e-02 1.435730555294430777e-01
9.185087285906258286e-04 7.034263618608378732e-02 1.440694587867129839e-01
9.226648766837961023e-04 7.035056275476561649e-02 1.445664518950890431e-01
9.268210247769662676e-04 7.035848826721854965e-02 1.450639461042919354e-01
9.309771728701365413e-04 7.036641038940158466e-02 1.455619842047396473e-01
9.351333209633068150e-04 7.037432687365031969e-02 1.460605592585270951e-01
9.392894690564770888e-04 7.038223555697341316e-02 1.465596627572958999e-01
9.434456171496473625e-04 7.039013435931305851e-02 1.470592883203337975e-01
9.476017652428175278e-04 7.039802128177923002e-02 1.475594294045041999e-01
9.517579133359878015e-04 7.040589440486126616e-02 1.480600743580230694e-01
9.559140614291580752e-04 7.041375188662025997e-02 1.485612793707066226e-01
9.600702095223283489e-04 7.042159196087174888e-02 1.490629207565477843e-01
9.642263576154986226e-04 7.042941293536024439e-02 1.495650744414569189e-01
9.683825057086687879e-04 7.043721318992918201e-02 1.500677203091151657e-01
9.725386538018390616e-04 7.044499117469175953e-02 1.505708519000088230e-01
9.766948018950093353e-04 7.045274540820825604e-02 1.510744637213657093e-01
9.808509499881796091e-04 7.046047447566709809e-02 1.515785502676468000e-01
9.850070980813498828e-04 7.046817702707930398e-02 1.520831045241280155e-01
9.891632461745201565e-04 7.047585177548601476e-02 1.525880722808673762e-01
9.933193942676904302e-04 7.048349749517970886e-02 1.530936332887966322e-01
9.974755423608607039e-04 7.049111301994712142e-02 1.535995694882710261e-01
1.001631690454030761e-03 7.049869724132917792e-02 1.541059608393495761e-01
1.005787838547201034e-03 7.050624910690547753e-02 1.546128000359128229e-01
1.009943986640371308e-03 7.051376761860093934e-02 1.551200820022941018e-01
1.014100134733541582e-03 7.052125183101956574e-02 1.556278020167931597e-01
1.018256282826711856e-03 7.052870084980283893e-02 1.561359553460279215e-01
1.022412430919882129e-03 7.053611383001689994e-02 1.566445365943445467e-01
1.026568579013052403e-03 7.054348997457031423e-02 1.571535309223501542e-01
1.030724727106222677e-03 7.055082853265741416e-02 1.576629960991467738e-01
1.034880875199392950e-03 7.055812879823597505e-02 1.581728335343151604e-01
1.039037023292563224e-03 7.056539010853396521e-02 1.586830904905722206e-01
1.043193171385733281e-03 7.057261184258820097e-02 1.591937570969316207e-01
1.047349319478903555e-03 7.057979341981432397e-02 1.597048285503447906e-01
1.051505467572073829e-03 7.058693429861025159e-02 1.602163006306815130e-01
1.055661615665244102e-03 7.059403397499063038e-02 1.607281692675137652e-01
1.059817763758414376e-03 7.060109198125358310e-02 1.612404303945039474e-01
1.063973911851584650e-03 7.060810788468223353e-02 1.617530796776365243e-01
1.068130059944754923e-03 7.061508128627481951e-02 1.622661105325713671e-01
1.072286208037925197e-03 7.062201181951113793e-02 1.627795775143666135e-01
1.076442356131095471e-03 7.062889914914806389e-02 1.632933391572899684e-01
1.080598504224265744e-03 7.063574297004866775e-02 1.638075052341315951e-01
1.084754652317436018e-03 7.064254300604166925e-02 1.643220437551103918e-01
1.088910800410606075e-03 7.064929900881432301e-02 1.648369497557650720e-01
1.093066948503776349e-03 7.065601075683372589e-02 1.653522193989580003e-01
1.097223096596946623e-03 7.066267805430084814e-02 1.658678490901836500e-01
1.101379244690116896e-03 7.066930073013300007e-02 1.663838353241093304e-01
1.105535392783287170e-03 7.067587863697731565e-02 1.669001746232504080e-01
1.109691540876457444e-03 7.068241165025353212e-02 1.674168634498026109e-01
1.113847688969627717e-03 7.068889966722352591e-02 1.679338978409424255e-01
1.118003837062797991e-03 7.069534260609187937e-02 1.684512693018489771e-01
1.122159985155968265e-03 7.070174040513248215e-02 1.689690169254628449e-01
1.126316133249138539e-03 7.070809302184255518e-02 1.694870626914888601e-01
1.130472281342308595e-03 7.071440043212315341e-02 1.700054508527009123e-01
1.134628429435478869e-03 7.072066262948586979e-02 1.705241708010994672e-01
1.138784577528649143e-03 7.072687962428668429e-02 1.710432186835425805e-01
1.142940725621819417e-03 7.073305144298037972e-02 1.715625912537035447e-01
1.147096873714989690e-03 7.073917812740464217e-02 1.720822854271522040e-01
1.151253021808159964e-03 7.074525973408438140e-02 1.726022981917704757e-01
1.155409169901330238e-03 7.075129633355947689e-02 1.731226265764189420e-01
1.159565317994500511e-03 7.075728800973762889e-02 1.736432676266451425e-01
1.163721466087670785e-03 7.076323485926590273e-02 1.741642183549025891e-01
1.167877614180841059e-03 7.076913699092617083e-02 1.746854755458076280e-01
1.172033762274011116e-03 7.077499452505132960e-02 1.752070342155055138e-01
