6.638203955884879048e-02 7.123518928018689467e-01
6.638657992253936546e-02 1.423716433202437237e+00
6.639414070317456451e-02 2.133104171320646891e+00
6.640471215603512001e-02 2.839526125308526883e+00
6.641828062573645886e-02 3.541988441060862414e+00
6.643482853371776575e-02 4.239492116380617404e+00
6.645433436254326309e-02 4.931035901186315407e+00
6.647677263731475994e-02 5.615611387205768246e+00
6.650211390457132221e-02 6.292203450101100159e+00
6.653032470913493313e-02 6.959791690493426941e+00
6.656136756945014998e-02 7.617346499611632460e+00
6.659520095206265811e-02 8.263831574795533541e+00
6.663177924598749635e-02 8.898204020223124289e+00
6.667105273783079100e-02 9.519411957989296624e+00
6.671296758865156995e-02 1.012639820297906113e+01
6.675746581368097177e-02 1.071809897730961758e+01
6.680448526615456739e-02 1.129344604317451228e+01
6.685395962665854896e-02 1.185136820347288911e+01
6.690581839954046206e-02 1.239079309237601478e+01
6.695998691808670300e-02 1.291064996824441380e+01
6.701638636032061780e-02 1.340987214478374234e+01
6.707493377741993723e-02 1.388740151925801491e+01
6.713554213688814609e-02 1.434219197173694660e+01
6.719812038273226262e-02 1.477321434445811299e+01
6.726257351499430326e-02 1.517946221221821368e+01
6.732880269104565829e-02 1.555995752976529722e+01
6.739670535107390725e-02 1.591375769615246050e+01
6.746617537016061372e-02 1.623996281332856739e+01
6.753710323925560255e-02 1.653772372413466485e+01
6.760937627718698051e-02 1.680625059045635084e+01
6.768287887559903959e-02 1.704482190655582130e+01
6.775749277836985718e-02 1.725279389101095262e+01
6.783309739662436721e-02 1.742961011106230274e+01
6.790957015991869183e-02 1.757481118075087778e+01
6.798678690353103515e-02 1.768804432962239304e+01
6.806462229105567086e-02 1.776907264694964184e+01
6.814295027067004962e-02 1.781778374902209805e+01
6.822164456254789511e-02 1.783419761907367018e+01
6.830057917394403988e-02 1.781847336442766760e+01
6.837962893751051152e-02 1.777091462358913176e+01
6.845867006745154359e-02 1.769197337385723401e+01
6.853758072722669625e-02 1.758225191060261139e+01
6.861624160171082842e-02 1.744250280327976910e+01
6.869453646605713781e-02 1.727362667934587037e+01
6.877235274302904988e-02 1.707666774365304008e+01
6.884958204030278139e-02 1.685280700626745443e+01
6.892612065922543163e-02 1.660335326300167935e+01
6.900187006676032631e-02 1.632973194695120966e+01
6.907673732286877255e-02 1.603347204251236491e+01
6.915063545635785625e-02 1.571619132128122942e+01
6.922348378324390261e-02 1.537958021832336541e+01
6.929520816290656027e-02 1.502538471425037869e+01
6.936574118869112682e-02 1.465538862015212906e+01
6.943502231110063039e-02 1.427139567772485407e+01
6.950299789324450306e-02 1.387521188456975274e+01
6.956962119971182856e-02 1.346862843557024014e+01
6.963485232145896764e-02 1.305340563692357136e+01
6.969865804058521241e-02 1.263125810219927914e+01
6.976101163997625032e-02 1.220384148311740624e+01
6.982189266368918346e-02 1.177274092474737444e+01
6.988128663461432022e-02 1.133946136950226169e+01
6.993918473637356081e-02 1.090541976977845096e+01
6.999558346660442187e-02 1.047193920864464900e+01
7.005048426875230827e-02 1.004024487379902375e+01
7.010389314927142901e-02 9.611461783963674677e+00
7.015582028674986759e-02 9.186614130145626334e+00
7.020627963895800794e-02 8.766626066919686266e+00
7.025528855320757604e-02 8.352323771077825754e+00
7.030286738473372210e-02 7.944438575875646613e+00
7.034903912710671614e-02 7.543610987772521703e+00
7.039382905797036960e-02 7.150395397714239820e+00
7.043726440271377842e-02 6.765265309259678617e+00
7.047937401803083812e-02 6.388618920075924024e+00
7.052018809672107313e-02 6.020784910098539555e+00
7.055973789454549061e-02 5.662028307860138554e+00
7.059805547947733961e-02 5.312556325211036601e+00
7.063517350328178679e-02 4.972524069266278879e+00
7.067112499502049838e-02 4.642040057958564780e+00
7.070594317580221333e-02 4.321171481941576964e+00
7.073966129388632729e-02 4.009949170415438857e+00
7.077231247908528922e-02 3.708372231446841472e+00
7.080392961529964613e-02 3.416412348697599466e+00
7.083454522994747649e-02 3.134017725953452516e+00
7.086419139901473097e-02 2.861116678765244892e+00
7.089289966644565788e-02 2.597620878857259452e+00
7.092070097660975458e-02 2.343428261926039369e+00
7.094762561861671368e-02 2.098425613222884234e+00
7.097370318130105660e-02 1.862490848009525246e+00
7.099896251775737743e-02 1.635495005836367532e+00
7.102343171837476044e-02 1.417303978687902255e+00
7.104713809138955838e-02 1.207779993472313684e+00
7.107010815004928539e-02 1.006782869455848717e+00
7.109236760555351364e-02 8.141710708134409780e-01
7.111394136501007768e-02 6.298025738593705514e-01
7.113485353371451492e-02 4.535355677437240551e-01
7.115512742112756195e-02 2.852290063335850001e-01
7.117478554998886431e-02 1.247430280612591563e-01
7.119384966806385773e-02 -2.806074064683665784e-02
7.121234076207601238e-02 -1.733189838255293214e-01
7.123027907342766030e-02 -3.111665828789627053e-01
7.124768411535842283e-02 -4.417365795633518832e-01
7.126457469123377575e-02 -5.651602036964917808e-01
7.128096891369396781e-02 -6.815669552094245631e-01
7.129688422442873041e-02 -7.910847310572249880e-01
7.131233741437467688e-02 -8.938399884107610660e-01
7.132734464416003173e-02 -9.899579362775388081e-01
7.134192146464655992e-02 -1.079562748487768786e+00
7.135608283744095115e-02 -1.162777791659628024e+00
7.136984315526739842e-02 -1.239725862393791234e+00
7.138321626211077686e-02 -1.310529428521626683e+00
7.139621547305512184e-02 -1.375310869789084345e+00
7.140885359375552521e-02 -1.434192713880872549e+00
7.142114293949336501e-02 -1.487297864115253665e+00
7.143309535377521946e-02 -1.534749815627297176e+00
7.144472222644429604e-02 -1.576672857247434889e+00
7.145603451128153261e-02 -1.613192256652802525e+00
7.146704274307963400e-02 -1.644434426766204993e+00
7.147775705417916403e-02 -1.670527071688074905e+00
7.148818719046096115e-02 -1.691599310795738997e+00
7.149834252679278246e-02 -1.707781779908084552e+00
7.150823208193188285e-02 -1.719206708776017445e+00
7.151786453288812295e-02 -1.726007974356109198e+00
7.152724822875451693e-02 -1.728321129633695774e+00
7.153639120401418527e-02 -1.726283408005443221e+00
7.154530119133431509e-02 -1.720033703411712578e+00
7.155398563385879929e-02 -1.709712526727933168e+00
7.156245169701276609e-02 -1.695461939034389021e+00
7.157070627983228017e-02 -1.677425462580827364e+00
7.157875602583355090e-02 -1.655747970507722489e+00
7.158660733343628901e-02 -1.630575556474514132e+00
7.159426636595588034e-02 -1.602055385495400275e+00
7.160173906117933695e-02 -1.570335527441869106e+00
7.160903114053995822e-02 -1.535564774741277727e+00
7.161614811790550927e-02 -1.497892445909306369e+00
7.162309530799440549e-02 -1.457468176650948744e+00
7.162987783443468259e-02 -1.414441700242994759e+00
7.163650063747931118e-02 -1.368962619046200313e+00
7.164296848139226070e-02 -1.321180168988653314e+00
7.164928596151845519e-02 -1.271242978765016796e+00
7.165545751105061034e-02 -1.219298825674969500e+00
7.166148740750598323e-02 -1.165494389842183454e+00
7.166737977892505274e-02 -1.109975008533474750e+00
7.167313860980399631e-02 -1.052884432357866773e+00
7.167876774677268970e-02 -9.943645849082628496e-01
7.168427090402895718e-02 -9.345553273967435182e-01
7.168965166853993876e-02 -8.735942297860764816e-01
7.169491350502057991e-02 -8.116163497230324264e-01
7.170005976069920850e-02 -7.487540205824300132e-01
7.170509366987976030e-02 -6.851366497104581788e-01
7.171001835830909110e-02 -6.208905279107418407e-01
7.171483684735895092e-02 -5.561386510930749205e-01
7.171955205802993394e-02 -4.910005548210896742e-01
7.172416681478603617e-02 -4.255921624584060869e-01
7.172868384922716223e-02 -3.600256473857408324e-01
7.173310580360670041e-02 -2.944093097430957040e-01
7.173743523420131329e-02 -2.288474679624820096e-01
7.174167461453950789e-02 -1.634403652531286888e-01
7.174582633849513336e-02 -9.828409110762442724e-02
7.174989272325223155e-02 -3.347051776388219879e-02
7.175387601214644473e-02 3.091274848893399430e-02
7.175777837738911424e-02 9.478240145436067632e-02
7.176160192267876103e-02 1.580594549246532587e-01
7.176534868570537407e-02 2.206692487178760764e-01
7.176902064055196151e-02 2.825414413803026825e-01
7.177261969999820801e-02 3.436099900533213791e-01
7.177614771773031810e-02 4.038131181225798616e-01
7.177960649046138952e-02 4.630932712904746729e-01
7.178299775996627163e-02 5.213970627381370182e-01
7.178632321503436442e-02 5.786752081181938401e-01
7.178958449334450764e-02 6.348824510761760243e-01
7.179278318326477726e-02 6.899774800886010473e-01
7.179592082558100552e-02 7.439228373673577588e-01
7.179899891515673094e-02 7.966848205800202143e-01
7.180201890252776997e-02 8.482333781741194789e-01
7.180498219543418603e-02 8.985419990416418923e-01
7.180789016029233418e-02 9.475875972900802413e-01
7.181074412360963222e-02 9.953503928229149311e-01
7.181354537334447286e-02 1.041813788425729470e+00
7.181629516021358073e-02 1.086964244074195340e+00
7.181899469894911792e-02 1.130791149095017101e+00
7.182164516950770294e-02 1.173286692780875162e+00
7.182424771823324450e-02 1.214445734098801744e+00
7.182680345897576868e-02 1.254265670986180137e+00
7.182931347416772472e-02 1.292746309820375972e+00
7.183177881586005897e-02 1.329889735521127880e+00
7.183420050671923685e-02 1.365700182656337303e+00
7.183657954098705833e-02 1.400183908165651303e+00
7.183891688540504361e-02 1.433349065860446192e+00
7.184121348010429065e-02 1.465205583127615840e+00
7.184347023946277555e-02 1.495765040237856613e+00
7.184568805293112259e-02 1.525040552356953460e+00
7.184786778582821776e-02 1.553046654649069769e+00
7.185001028010792878e-02 1.579799190558860422e+00
7.185211635509793082e-02 1.605315203571254346e+00
7.185418680821208104e-02 1.629612832562439717e+00
7.185622241563714707e-02 1.652711210683612819e+00
7.185822393299480526e-02 1.674630368233281930e+00
7.186019209598044910e-02 1.695391139277708348e+00
7.186212762097898832e-02 1.715015072161397480e+00
7.186403120565919289e-02 1.733524344009482299e+00
7.186590352954694283e-02 1.750941679096782000e+00
7.186774525457854945e-02 1.767290271320614004e+00
7.186955702563489756e-02 1.782593710329918313e+00
7.187133947105669995e-02 1.796875911733089248e+00
7.187309320314247407e-02 1.810161051028905010e+00
7.187481881862883837e-02 1.822473501297278586e+00
7.187651689915487696e-02 1.833837774608098048e+00
7.187818801171023952e-02 1.844278466969508923e+00
7.187983270906837807e-02 1.853820206813972860e+00
7.188145153020480960e-02 1.862487606871840562e+00
7.188304500070161196e-02 1.870305219449136747e+00
7.188461363313819463e-02 1.877297494603681782e+00
7.188615792746885780e-02 1.883488741772171959e+00
7.188767837138823613e-02 1.888903094183737030e+00
7.188917544068419707e-02 1.893564476053298362e+00
7.189064959957941481e-02 1.897496572679941096e+00
7.189210130106156449e-02 1.900722802944430301e+00
7.189353098720269175e-02 1.903266294564820660e+00
7.189493908946842371e-02 1.905149861554203738e+00
7.189632602901685487e-02 1.906395983915649017e+00
7.189769221698798229e-02 1.907026789636115938e+00
7.189903805478375931e-02 1.907064038551929963e+00
7.190036393433914264e-02 1.906529108287838836e+00
7.190167023838463234e-02 1.905442981904017063e+00
7.190295734070029088e-02 1.903826237307785885e+00
7.190422560636192117e-02 1.901699038192968372e+00
7.190547539197922333e-02 1.899081126555300925e+00
7.190670704592674878e-02 1.895991816810610908e+00
7.190792090856761021e-02 1.892449990759455858e+00
7.190911731246990568e-02 1.888474094111122881e+00
7.191029658261682833e-02 1.884082134334917891e+00
7.191145903661017025e-02 1.879291679127519821e+00
7.191260498486742869e-02 1.874119855968880533e+00
7.191373473081288936e-02 1.868583353008754999e+00
7.191484857106322792e-02 1.862698420297159929e+00
7.191594679560692205e-02 1.856480871844596647e+00
7.191702968797863971e-02 1.849946088805882072e+00
7.191809752542831224e-02 1.843109022700709421e+00
7.191915057908483677e-02 1.835984199670997796e+00
7.192018911411535154e-02 1.828585725138935691e+00
7.192121338987930712e-02 1.820927288807280053e+00
7.192222366007830492e-02 1.813022170279059875e+00
7.192322017290125880e-02 1.804883244986144719e+00
7.192420317116551831e-02 1.796522990414994636e+00
7.192517289245359269e-02 1.787953492532754485e+00
7.192612956924598899e-02 1.779186452929586437e+00
7.192707342905041434e-02 1.770233195575334761e+00
7.192800469452671763e-02 1.761104674026970685e+00
7.192892358360869487e-02 1.751811479056762488e+00
7.192983030962216140e-02 1.742363845988275317e+00
7.193072508139969345e-02 1.732771662302836635e+00
7.193160810339199740e-02 1.723044475434662770e+00
7.193247957577630913e-02 1.713191500527583733e+00
7.193333969456151833e-02 1.703221628049858438e+00
7.193418865169033671e-02 1.693143431863104675e+00
7.193502663513884343e-02 1.682965176845462096e+00
7.193585382901279690e-02 1.672694826701743631e+00
7.193667041364172621e-02 1.662340051832020382e+00
7.193747656567003879e-02 1.651908236871305835e+00
7.193827245814579663e-02 1.641406488381170758e+00
7.193905826060689734e-02 1.630841642521320134e+00
7.193983413916510417e-02 1.620220272490775049e+00
7.194060025658749469e-02 1.609548695883906699e+00
7.194135677237591120e-02 1.598832982048139950e+00
7.194210384284406568e-02 1.588078959236301824e+00
7.194284162119267412e-02 1.577292221862482524e+00
7.194357025758259250e-02 1.566478137245345570e+00
7.194428989920573225e-02 1.555641852560129879e+00
7.194500069035439371e-02 1.544788301703837519e+00
7.194570277248855950e-02 1.533922211726335805e+00
7.194639628430141154e-02 1.523048109314887766e+00
7.194708136178309954e-02 1.512170327131760361e+00
7.194775813828283018e-02 1.501293010231972591e+00
7.194842674456949916e-02 1.490420121803204934e+00
7.194908730889025550e-02 1.479555449211237494e+00
7.194973995702810821e-02 1.468702610003649101e+00
7.195038481235764560e-02 1.457865057160549815e+00
7.195102199589932523e-02 1.447046084932994470e+00
7.195165162637262579e-02 1.436248834112080042e+00
7.195227382024746432e-02 1.425476297152792338e+00
7.195288869179454483e-02 1.414731323548285014e+00
