-1.172033762274011116e-03 6.966315918224888493e-02 1.752070341993921532e-01
-1.163721466087670568e-03 6.964145874095059585e-02 1.741642237470762133e-01
-1.155409169901330021e-03 6.961943833705848406e-02 1.731226333735557954e-01
-1.147096873714989690e-03 6.959709724682111576e-02 1.720822932310337727e-01
-1.138784577528649143e-03 6.957443517693508162e-02 1.710432275883215225e-01
-1.130472281342308595e-03 6.955145230580295213e-02 1.700054615754693077e-01
-1.122159985155968048e-03 6.952814932769865730e-02 1.689690402010178005e-01
-1.113847688969627501e-03 6.950452749997272639e-02 1.679339027398490392e-01
-1.105535392783287170e-03 6.948058869346321331e-02 1.669001826446403769e-01
-1.097223096596946623e-03 6.945633544623128208e-02 1.658678586308186542e-01
-1.088910800410606075e-03 6.943177102080695662e-02 1.648369607817058990e-01
-1.080598504224265528e-03 6.940689946503719732e-02 1.638075187295167656e-01
-1.072286208037924980e-03 6.938172567671326008e-02 1.627796263590381987e-01
-1.063973911851584650e-03 6.935625547205870323e-02 1.617530873359231403e-01
-1.055661615665244102e-03 6.933049565822675675e-02 1.607281800481727141e-01
-1.047349319478903555e-03 6.930445410985269783e-02 1.597048413052909177e-01
-1.039037023292563007e-03 6.927813984978355155e-02 1.586831057724858163e-01
-1.030724727106222460e-03 6.925156313397526353e-02 1.576630230399603816e-01
-1.022412430919882129e-03 6.922473554061871204e-02 1.566445450510909887e-01
-1.014100134733541582e-03 6.919767006343098548e-02 1.556278152412591820e-01
-1.005787838547201034e-03 6.917038120906630894e-02 1.546128159338497066e-01
-9.974755423608604871e-04 6.914288509850637088e-02 1.535995892674749397e-01
-9.891632461745199396e-04 6.911519957226594513e-02 1.525880270711930664e-01
-9.808509499881793922e-04 6.908734429914015207e-02 1.515785639605504997e-01
-9.725386538018390616e-04 6.905934088817716754e-02 1.505708697411507480e-01
-9.642263576154985142e-04 6.903121300343063871e-02 1.495650963013769597e-01
-9.559140614291579668e-04 6.900298648099660592e-02 1.485613251910764265e-01
-9.476017652428174193e-04 6.897468944764222065e-02 1.475594448531163672e-01
-9.392894690564769803e-04 6.894635244030951349e-02 1.465596840504439502e-01
-9.309771728701364329e-04 6.891800852552638912e-02 1.455620108905688326e-01
-9.226648766837959939e-04 6.888969341768635957e-02 1.445664962199295078e-01
-9.143525804974554465e-04 6.886144559493394268e-02 1.435730764498316381e-01
-9.060402843111148991e-04 6.883330641123247551e-02 1.425819444065870856e-01
-8.977279881247744600e-04 6.880532020298275875e-02 1.415930971620105450e-01
-8.894156919384340210e-04 6.877753438835645938e-02 1.406065101910363990e-01
-8.811033957520934736e-04 6.874999955727753576e-02 1.396223647596617767e-01
-8.727910995657529262e-04 6.872276954974036733e-02 1.386406443916545772e-01
-8.644788033794123788e-04 6.869590151997237437e-02 1.376613347340954752e-01
-8.561665071930719398e-04 6.866945598361498537e-02 1.366846567369339460e-01
-8.478542110067313923e-04 6.864349684496887094e-02 1.357105585692376937e-01
-8.395419148203909533e-04 6.861809140102918814e-02 1.347390404684792875e-01
-8.312296186340504059e-04 6.859331031888347974e-02 1.337703272268810639e-01
-8.229173224477098585e-04 6.856922758283087727e-02 1.328043968583294543e-01
-8.146050262613694195e-04 6.854592040743334724e-02 1.318412096131757194e-01
-8.062927300750288720e-04 6.852346911258887230e-02 1.308810172821579521e-01
-7.979804338886884330e-04 6.850195695668905016e-02 1.299236542960186536e-01
-7.896681377023478856e-04 6.848146992389032850e-02 1.289695622843659017e-01
-7.813558415160073382e-04 6.846209646166546980e-02 1.280185607995076025e-01
-7.730435453296668992e-04 6.844392716494981932e-02 1.270705825875701189e-01
-7.647312491433263517e-04 6.842705440352703228e-02 1.261260149348819304e-01
-7.564189529569859127e-04 6.841157188968116643e-02 1.251846805450181066e-01
-7.481066567706453653e-04 6.839757418371303355e-02 1.242468939551788637e-01
-7.397943605843048179e-04 6.838515613559412176e-02 1.233125006688260139e-01
-7.314820643979642704e-04 6.837441226187515597e-02 1.223818406065286524e-01
-7.231697682116238314e-04 6.836543605794245804e-02 1.214547260912035576e-01
-7.148574720252833924e-04 6.835831924686813776e-02 1.205315981398721731e-01
-7.065451758389428450e-04 6.835315096733431128e-02 1.196120782329204157e-01
-6.982328796526022976e-04 6.835001690459062418e-02 1.186965061840390689e-01
-6.899205834662617502e-04 6.834899836977839649e-02 1.177853347370176745e-01
-6.816082872799213111e-04 6.835017133467759243e-02 1.168780941207405860e-01
-6.732959910935807637e-04 6.835360543041431314e-02 1.159750336577189400e-01
-6.649836949072403247e-04 6.835936292031964678e-02 1.150767577359804034e-01
-6.566713987208997773e-04 6.836749765868076201e-02 1.141827006111935522e-01
-6.483591025345593383e-04 6.837805404845546942e-02 1.132932229785964806e-01
-6.400468063482187909e-04 6.839106601230532378e-02 1.124089634981692981e-01
-6.317345101618782434e-04 6.840655599223945116e-02 1.115290234057583069e-01
-6.234222139755378044e-04 6.842453399376012546e-02 1.106542205820864599e-01
-6.151099177891972570e-04 6.844499669076228865e-02 1.097845678866458397e-01
-6.067976216028568180e-04 6.846792660713954537e-02 1.089201916222057448e-01
-5.984853254165162706e-04 6.849329139053005056e-02 1.080612370746144718e-01
-5.901730292301757231e-04 6.852104319240474861e-02 1.072078656565740862e-01
-5.818607330438352841e-04 6.855111816714734574e-02 1.063602459701487313e-01
-5.735484368574947367e-04 6.858343610050361694e-02 1.055185381993382771e-01
-5.652361406711542977e-04 6.861790017537883202e-02 1.046829004608461899e-01
-5.569238444848137503e-04 6.865439687977181737e-02 1.038535100729839900e-01
-5.486115482984732028e-04 6.869279605843391090e-02 1.030306137300552316e-01
-5.402992521121327638e-04 6.873295110627755666e-02 1.022134324775018921e-01
-5.319869559257922164e-04 6.877469929787229097e-02 1.014041567520588966e-01
-5.236746597394516690e-04 6.881786224371738703e-02 1.006017448557401661e-01
-5.153623635531112300e-04 6.886224646050682907e-02 9.980572287190705993e-02
-5.070500673667706825e-04 6.890764403929754145e-02 9.901809270098278770e-02
-4.987377711804302435e-04 6.895383339269874068e-02 9.823720709444834498e-02
-4.904254749940896961e-04 6.900058005985851284e-02 9.746427477513157356e-02
-4.821131788077491487e-04 6.904763754624758387e-02 9.670056825794764999e-02
-4.738008826214087097e-04 6.909474817434109462e-02 9.594417800927196316e-02
-4.654885864350681622e-04 6.914164392099746148e-02 9.519657642221407423e-02
-4.571762902487277232e-04 6.918804721801280477e-02 9.445803123605286955e-02
-4.488639940623871758e-04 6.923367169385238884e-02 9.372894868634898402e-02
-4.405516978760466284e-04 6.927822283708090501e-02 9.300762772087181607e-02
-4.322394016897061894e-04 6.932139856550680046e-02 9.229826178503373890e-02
-4.239271055033656420e-04 6.936288968967975477e-02 9.159732144539430021e-02
-4.156148093170252029e-04 6.940238026515853365e-02 9.090926383962016910e-02
-4.073025131306846555e-04 6.943954783506628425e-02 9.023028620548004253e-02
-3.989902169443441081e-04 6.947406357299140689e-02 8.956289164988275042e-02
-3.906779207580036691e-04 6.950559234656279728e-02 8.890657375204458202e-02
-3.823656245716631217e-04 6.953379273414339590e-02 8.826211257702322455e-02
-3.740533283853226827e-04 6.955831704141568483e-02 8.763088856053649622e-02
-3.657410321989821352e-04 6.957881138126176257e-02 8.701322534808397791e-02
-3.574287360126415878e-04 6.959491589958446967e-02 8.640766626152365792e-02
-3.491164398263011488e-04 6.960626525123206343e-02 8.581527658028026417e-02
-3.408041436399606014e-04 6.961248945381845465e-02 8.523954690862292627e-02
-3.324918474536200539e-04 6.961321527176662916e-02 8.467760823499867473e-02
-3.241795512672796149e-04 6.960806830667728984e-02 8.413019243548268411e-02
-3.158672550809390675e-04 6.959667599009329575e-02 8.359962385524646877e-02
-3.075549588945986285e-04 6.957867168674240765e-02 8.308502645940679665e-02
-2.992426627082580811e-04 6.955370011437800315e-02 8.258847238750824382e-02
-2.909303665219175336e-04 6.952142426327771740e-02 8.210814827127578541e-02
-2.826180703355770946e-04 6.948153394601264132e-02 8.164676921227735640e-02
-2.743057741492365472e-04 6.943375601853291057e-02 8.120444763639794727e-02
-2.659934779628961082e-04 6.937786618147223638e-02 8.078039654394303382e-02
-2.576811817765555608e-04 6.931370209592856158e-02 8.037629076733417144e-02
-2.493688855902150133e-04 6.924117733919600559e-02 7.999159263530172814e-02
-2.410565894038745743e-04 6.916029550288141370e-02 7.962716591024215917e-02
-2.327442932175340269e-04 6.907116353038225687e-02 7.928298089547826388e-02
-2.244319970311935879e-04 6.897400324374179659e-02 7.895888291082395205e-02
-2.161197008448530405e-04 6.886915996467324330e-02 7.865497609399442480e-02
-2.078074046585124931e-04 6.875710722519913498e-02 7.837098973373081423e-02
-1.994951084721720540e-04 6.863844680289020450e-02 7.810654863583946228e-02
-1.911828122858315066e-04 6.851390368711923751e-02 7.786122585744138791e-02
-1.828705160994909592e-04 6.838431603756085775e-02 7.763442565216512048e-02
-1.745582199131504118e-04 6.825062066296432028e-02 7.742546469992865610e-02
-1.662459237268100812e-04 6.811383494970922603e-02 7.723357674588360311e-02
-1.579336275404695338e-04 6.797503644194398398e-02 7.705793084639211976e-02
-1.496213313541289863e-04 6.783534138344486653e-02 7.689765250545019248e-02
-1.413090351677884389e-04 6.769588347599431177e-02 7.675184424661621319e-02
-1.329967389814478915e-04 6.755779392097989444e-02 7.661960468163728222e-02
-1.246844427951075609e-04 6.742218353924560315e-02 7.650004547912528374e-02
-1.163721466087670135e-04 6.729012746359366859e-02 7.639230578990871545e-02
-1.080598504224264660e-04 6.716265261273332565e-02 7.629556391904115942e-02
-9.974755423608591860e-05 6.704072791690550426e-02 7.620904620652119155e-02
-9.143525804974537118e-05 6.692525709318869476e-02 7.613203342323109080e-02
-8.312296186340504059e-05 6.681707365511038721e-02 7.606386496568522115e-02
-7.481066567706449316e-05 6.671693777930859381e-02 7.600394120436891610e-02
-6.649836949072394574e-05 6.662553465557999322e-02 7.595172444595722772e-02
-5.818607330438339831e-05 6.654347395835556733e-02 7.590673879206968899e-02
-4.987377711804285088e-05 6.647129010341616684e-02 7.586856929217396239e-02
-4.156148093170252029e-05 6.640944301808460182e-02 7.583686064518831149e-02
-3.324918474536197287e-05 6.635831920073617662e-02 7.581131566383406128e-02
-2.493688855902142544e-05 6.631823285785361233e-02 7.579169375485773907e-02
-1.662459237268087801e-05 6.628942704052930013e-02 7.577780944670586827e-02
-8.312296186340330587e-06 6.627207462728329501e-02 7.576953120911218698e-02
0.000000000000000000e+00 6.626627901295376044e-02 7.576678050186871904e-02
8.312296186340547427e-06 6.627207462728329501e-02 7.576953120911218698e-02
1.662459237268109485e-05 6.628942704052930013e-02 7.577780944670586827e-02
2.493688855902164228e-05 6.631823285785361233e-02 7.579169375485773907e-02
3.324918474536218971e-05 6.635831920073617662e-02 7.581131566383406128e-02
4.156148093170252029e-05 6.640944301808460182e-02 7.583686064518831149e-02
4.987377711804306772e-05 6.647129010341616684e-02 7.586856929217396239e-02
5.818607330438361515e-05 6.654347395835556733e-02 7.590673879206968899e-02
6.649836949072416258e-05 6.662553465557999322e-02 7.595172444595722772e-02
7.481066567706471000e-05 6.671693777930859381e-02 7.600394120436891610e-02
8.312296186340525743e-05 6.681707365511038721e-02 7.606386496568522115e-02
9.143525804974558802e-05 6.692525709318869476e-02 7.613203342323109080e-02
9.974755423608613544e-05 6.704072791690551814e-02 7.620904620652120542e-02
1.080598504224266829e-04 6.716265261273332565e-02 7.629556391904115942e-02
1.163721466087672303e-04 6.729012746359368247e-02 7.639230578990872933e-02
1.246844427951077777e-04 6.742218353924561702e-02 7.650004547912529762e-02
1.329967389814481083e-04 6.755779392097989444e-02 7.661960468163728222e-02
1.413090351677886557e-04 6.769588347599431177e-02 7.675184424661621319e-02
1.496213313541292032e-04 6.783534138344486653e-02 7.689765250545022024e-02
1.579336275404697506e-04 6.797503644194399786e-02 7.705793084639213364e-02
1.662459237268102980e-04 6.811383494970922603e-02 7.723357674588360311e-02
1.745582199131506286e-04 6.825062066296432028e-02 7.742546469992865610e-02
1.828705160994911760e-04 6.838431603756085775e-02 7.763442565216512048e-02
1.911828122858317235e-04 6.851390368711925138e-02 7.786122585744140179e-02
1.994951084721722709e-04 6.863844680289020450e-02 7.810654863583947616e-02
2.078074046585128183e-04 6.875710722519913498e-02 7.837098973373084199e-02
2.161197008448531489e-04 6.886915996467324330e-02 7.865497609399442480e-02
2.244319970311936963e-04 6.897400324374179659e-02 7.895888291082395205e-02
2.327442932175342438e-04 6.907116353038225687e-02 7.928298089547826388e-02
2.410565894038747912e-04 6.916029550288141370e-02 7.962716591024215917e-02
2.493688855902153386e-04 6.924117733919601947e-02 7.999159263530174202e-02
2.576811817765556692e-04 6.931370209592856158e-02 8.037629076733417144e-02
2.659934779628962166e-04 6.937786618147225026e-02 8.078039654394304769e-02
2.743057741492367640e-04 6.943375601853291057e-02 8.120444763639794727e-02
2.826180703355773115e-04 6.948153394601264132e-02 8.164676921227735640e-02
2.909303665219178589e-04 6.952142426327771740e-02 8.210814827127578541e-02
2.992426627082581895e-04 6.955370011437798927e-02 8.258847238750825770e-02
3.075549588945987369e-04 6.957867168674240765e-02 8.308502645940679665e-02
3.158672550809392843e-04 6.959667599009329575e-02 8.359962385524646877e-02
3.241795512672798318e-04 6.960806830667728984e-02 8.413019243548268411e-02
3.324918474536203792e-04 6.961321527176664303e-02 8.467760823499868861e-02
3.408041436399607098e-04 6.961248945381846853e-02 8.523954690862294015e-02
3.491164398263012572e-04 6.960626525123206343e-02 8.581527658028026417e-02
3.574287360126418046e-04 6.959491589958446967e-02 8.640766626152368568e-02
3.657410321989823521e-04 6.957881138126177645e-02 8.701322534808399178e-02
3.740533283853228995e-04 6.955831704141568483e-02 8.763088856053652398e-02
3.823656245716632301e-04 6.953379273414339590e-02 8.826211257702322455e-02
3.906779207580037775e-04 6.950559234656279728e-02 8.890657375204458202e-02
3.989902169443443249e-04 6.947406357299140689e-02 8.956289164988277818e-02
4.073025131306848724e-04 6.943954783506628425e-02 9.023028620548004253e-02
4.156148093170254198e-04 6.940238026515853365e-02 9.090926383962016910e-02
4.239271055033657504e-04 6.936288968967975477e-02 9.159732144539430021e-02
4.322394016897062978e-04 6.932139856550680046e-02 9.229826178503376666e-02
4.405516978760468452e-04 6.927822283708090501e-02 9.300762772087181607e-02
4.488639940623873927e-04 6.923367169385240272e-02 9.372894868634899790e-02
4.571762902487279401e-04 6.918804721801281865e-02 9.445803123605288343e-02
4.654885864350684875e-04 6.914164392099746148e-02 9.519657642221408811e-02
4.738008826214088181e-04 6.909474817434109462e-02 9.594417800927196316e-02
4.821131788077493655e-04 6.904763754624758387e-02 9.670056825794769162e-02
4.904254749940899129e-04 6.900058005985851284e-02 9.746427477513162907e-02
4.987377711804304604e-04 6.895383339269875456e-02 9.823720709444838661e-02
5.070500673667710078e-04 6.890764403929754145e-02 9.901809270098281546e-02
5.153623635531113384e-04 6.886224646050682907e-02 9.980572287190705993e-02
5.236746597394518858e-04 6.881786224371740091e-02 1.006017448557401800e-01
5.319869559257924332e-04 6.877469929787229097e-02 1.014041567520589243e-01
5.402992521121329807e-04 6.873295110627755666e-02 1.022134324775019337e-01
5.486115482984735281e-04 6.869279605843391090e-02 1.030306137300552594e-01
5.569238444848138587e-04 6.865439687977181737e-02 1.038535100729839900e-01
5.652361406711544061e-04 6.861790017537884590e-02 1.046829004608462038e-01
5.735484368574949535e-04 6.858343610050361694e-02 1.055185381993383048e-01
5.818607330438355010e-04 6.855111816714734574e-02 1.063602459701487590e-01
5.901730292301760484e-04 6.852104319240474861e-02 1.072078656565741139e-01
5.984853254165163790e-04 6.849329139053006443e-02 1.080612370746144857e-01
6.067976216028569264e-04 6.846792660713954537e-02 1.089201916222057726e-01
6.151099177891974738e-04 6.844499669076231640e-02 1.097845678866458813e-01
6.234222139755380213e-04 6.842453399376015322e-02 1.106542205820864738e-01
6.317345101618785687e-04 6.840655599223945116e-02 1.115290234057583346e-01
6.400468063482188993e-04 6.839106601230532378e-02 1.124089634981692981e-01
6.483591025345594467e-04 6.837805404845546942e-02 1.132932229785964806e-01
6.566713987208999941e-04 6.836749765868076201e-02 1.141827006111935522e-01
6.649836949072405416e-04 6.835936292031963291e-02 1.150767577359804450e-01
6.732959910935810890e-04 6.835360543041428538e-02 1.159750336577189678e-01
6.816082872799214196e-04 6.835017133467759243e-02 1.168780941207405860e-01
6.899205834662619670e-04 6.834899836977841037e-02 1.177853347370176884e-01
6.982328796526025144e-04 6.835001690459062418e-02 1.186965061840390967e-01
7.065451758389430618e-04 6.835315096733429741e-02 1.196120782329204296e-01
7.148574720252836093e-04 6.835831924686813776e-02 1.205315981398722008e-01
7.231697682116239399e-04 6.836543605794244416e-02 1.214547260912035714e-01
7.314820643979644873e-04 6.837441226187515597e-02 1.223818406065286801e-01
7.397943605843050347e-04 6.838515613559412176e-02 1.233125006688260417e-01
7.481066567706455821e-04 6.839757418371303355e-02 1.242468939551788915e-01
7.564189529569861296e-04 6.841157188968116643e-02 1.251846805450181066e-01
7.647312491433264602e-04 6.842705440352701840e-02 1.261260149348819581e-01
7.730435453296670076e-04 6.844392716495042994e-02 1.270705825875701744e-01
7.813558415160075550e-04 6.846209646166544205e-02 1.280185607995076025e-01
7.896681377023481024e-04 6.848146992389032850e-02 1.289695622843659017e-01
7.979804338886886499e-04 6.850195695668905016e-02 1.299236542960186536e-01
8.062927300750291973e-04 6.852346911258884454e-02 1.308810172821579521e-01
8.146050262613697447e-04 6.854592040743333337e-02 1.318412096131757194e-01
8.229173224477102921e-04 6.856922758283087727e-02 1.328043968583295098e-01
8.312296186340504059e-04 6.859331031888347974e-02 1.337703272268810639e-01
8.395419148203909533e-04 6.861809140102918814e-02 1.347390404684792875e-01
8.478542110067315007e-04 6.864349684496882931e-02 1.357105585692377214e-01
8.561665071930720482e-04 6.866945598361479108e-02 1.366846567369339738e-01
8.644788033794125956e-04 6.869590151997242988e-02 1.376613347340955307e-01
8.727910995657531430e-04 6.872276954974039509e-02 1.386406443916546327e-01
8.811033957520936905e-04 6.874999955727745249e-02 1.396223647596618045e-01
8.894156919384342379e-04 6.877753438835640387e-02 1.406065101910364268e-01
8.977279881247747853e-04 6.880532020298285589e-02 1.415930971620105727e-01
9.060402843111153327e-04 6.883330641123247551e-02 1.425819444065871411e-01
9.143525804974554465e-04 6.886144559493394268e-02 1.435730764498316381e-01
9.226648766837959939e-04 6.888969341768635957e-02 1.445664962199295078e-01
9.309771728701365413e-04 6.891800852552638912e-02 1.455620108905688326e-01
9.392894690564770888e-04 6.894635244030951349e-02 1.465596840504439502e-01
9.476017652428176362e-04 6.897468944764212351e-02 1.475594448531163949e-01
9.559140614291581836e-04 6.900298648099670307e-02 1.485613251910764543e-01
9.642263576154987310e-04 6.903121300343144362e-02 1.495650963013769874e-01
9.725386538018392785e-04 6.905934088817737571e-02 1.505708697411507757e-01
9.808509499881798259e-04 6.908734429914015207e-02 1.515785639605505553e-01
9.891632461745203733e-04 6.911519957226601452e-02 1.525880270711930942e-01
9.974755423608609207e-04 6.914288509850637088e-02 1.535995892674749952e-01
1.005787838547201034e-03 6.917038120906630894e-02 1.546128159338497066e-01
1.014100134733541582e-03 6.919767006343098548e-02 1.556278152412591820e-01
1.022412430919882129e-03 6.922473554061871204e-02 1.566445450510909887e-01
1.030724727106222677e-03 6.925156313397533292e-02 1.576630230399604371e-01
1.039037023292563224e-03 6.927813984978355155e-02 1.586831057724858718e-01
1.047349319478903772e-03 6.930445410985269783e-02 1.597048413052909177e-01
1.055661615665244319e-03 6.933049565822667348e-02 1.607281800481727141e-01
1.063973911851584866e-03 6.935625547205859220e-02 1.617530873359231680e-01
1.072286208037925414e-03 6.938172567671326008e-02 1.627796263590382542e-01
1.080598504224265961e-03 6.940689946503719732e-02 1.638075187295168211e-01
1.088910800410606075e-03 6.943177102080695662e-02 1.648369607817058990e-01
1.097223096596946623e-03 6.945633544623128208e-02 1.658678586308186542e-01
1.105535392783287170e-03 6.948058869346321331e-02 1.669001826446403769e-01
1.113847688969627717e-03 6.950452749997369783e-02 1.679339027398490669e-01
1.122159985155968265e-03 6.952814932769782463e-02 1.689690402010178005e-01
1.130472281342308812e-03 6.955145230580261906e-02 1.700054615754693355e-01
1.138784577528649360e-03 6.957443517693508162e-02 1.710432275883215225e-01
1.147096873714989907e-03 6.959709724682146270e-02 1.720822932310338005e-01
1.155409169901330454e-03 6.961943833705848406e-02 1.731226333735558509e-01
1.163721466087671002e-03 6.964145874095059585e-02 1.741642237470762689e-01
1.172033762274011116e-03 6.966315918224888493e-02 1.752070341993921532e-01
