-1.172033762274011116e-03 6.959649269696825680e-02 1.752070342380686596e-01
-1.163721466087670568e-03 6.957419589828385542e-02 1.741642240901942751e-01
-1.155409169901330021e-03 6.955157067121936487e-02 1.731226337953298833e-01
-1.147096873714989690e-03 6.952861629778116226e-02 1.720822937158748289e-01
-1.138784577528649143e-03 6.950533250400388330e-02 1.710432281312601888e-01
-1.130472281342308595e-03 6.948171950246322115e-02 1.700054622250523062e-01
-1.122159985155968048e-03 6.945777803777665460e-02 1.689690415749909025e-01
-1.113847688969627501e-03 6.943350943524086161e-02 1.679339030654914133e-01
-1.105535392783287170e-03 6.940891565276195718e-02 1.669001831439211048e-01
-1.097223096596946623e-03 6.938399933622578508e-02 1.658678592202406932e-01
-1.088910800410606075e-03 6.935876387846354185e-02 1.648369614537497363e-01
-1.080598504224265528e-03 6.933321348195152500e-02 1.638075195419053109e-01
-1.072286208037924980e-03 6.930735322538075782e-02 1.627796292503872755e-01
-1.063973911851584650e-03 6.928118913422562364e-02 1.617530878271003503e-01
-1.055661615665244102e-03 6.925472825541972854e-02 1.607281807218550740e-01
-1.047349319478903555e-03 6.922797873623663667e-02 1.597048420854166872e-01
-1.039037023292563007e-03 6.920094990744575514e-02 1.586831066977115179e-01
-1.030724727106222460e-03 6.917365237078790252e-02 1.576630246414344183e-01
-1.022412430919882129e-03 6.914609809078782476e-02 1.566445455996560432e-01
-1.014100134733541582e-03 6.911830049087359928e-02 1.556278160610060912e-01
-1.005787838547201034e-03 6.909027455373265014e-02 1.546128169068115288e-01
-9.974755423608604871e-04 6.906203692577890518e-02 1.535995904611509866e-01
-9.891632461745199396e-04 6.903360602554353687e-02 1.525880242698231526e-01
-9.808509499881793922e-04 6.900500215572691332e-02 1.515785648247858775e-01
-9.725386538018390616e-04 6.897624761857062969e-02 1.505708708355637526e-01
-9.642263576154985142e-04 6.894736683411030465e-02 1.495650976278670996e-01
-9.559140614291579668e-04 6.891838646077026731e-02 1.485613279180191537e-01
-9.476017652428174193e-04 6.888933551763204433e-02 1.475594458256465069e-01
-9.392894690564769803e-04 6.886024550758489127e-02 1.465596853588654325e-01
-9.309771728701364329e-04 6.883115054041852310e-02 1.455620125058977865e-01
-9.226648766837959939e-04 6.880208745474716836e-02 1.445664988211219637e-01
-9.143525804974554465e-04 6.877309593749289518e-02 1.435730777474908404e-01
-9.060402843111148991e-04 6.874421863944985001e-02 1.425819460748322387e-01
-8.977279881247744600e-04 6.871550128526070222e-02 1.415930994742542193e-01
-8.894156919384340210e-04 6.868699277590611940e-02 1.406065113445378600e-01
-8.811033957520934736e-04 6.865874528158566470e-02 1.396223665791176127e-01
-8.727910995657529262e-04 6.863081432263309911e-02 1.386406467806572951e-01
-8.644788033794123788e-04 6.860325883585725870e-02 1.376613356594373061e-01
-8.561665071930719398e-04 6.857614122345841168e-02 1.366846588204291002e-01
-8.478542110067313923e-04 6.854952738142826296e-02 1.357105613639230379e-01
-8.395419148203909533e-04 6.852348670410586540e-02 1.347390418694301151e-01
-8.312296186340504059e-04 6.849809206134199746e-02 1.337703297509134637e-01
-8.229173224477098585e-04 6.847341974453295677e-02 1.328044006650132280e-01
-8.146050262613694195e-04 6.844954937762946778e-02 1.318412119197989729e-01
-8.062927300750288720e-04 6.842656378910205728e-02 1.308810205415218975e-01
-7.979804338886884330e-04 6.840454884079802400e-02 1.299236542665742900e-01
-7.896681377023478856e-04 6.838359320962873744e-02 1.289695655698578081e-01
-7.813558415160073382e-04 6.836378811812485190e-02 1.280185665294486796e-01
-7.730435453296668992e-04 6.834522701009049239e-02 1.270705859770364932e-01
-7.647312491433263517e-04 6.832800516788845036e-02 1.261260200202308779e-01
-7.564189529569859127e-04 6.831221926831569646e-02 1.251846841286363421e-01
-7.481066567706453653e-04 6.829796687459604998e-02 1.242468994240721741e-01
-7.397943605843048179e-04 6.828534586271926832e-02 1.233125046848150136e-01
-7.314820643979642704e-04 6.827445378122276587e-02 1.223818470209961373e-01
-7.231697682116238314e-04 6.826538714452354273e-02 1.214547309168544087e-01
-7.148574720252833924e-04 6.825824066107863408e-02 1.205316073342585920e-01
-7.065451758389428450e-04 6.825310639896234322e-02 1.196120842385665906e-01
-6.982328796526022976e-04 6.825007289288942403e-02 1.186965082925248022e-01
-6.899205834662617502e-04 6.824922419825965592e-02 1.177853426187190217e-01
-6.816082872799213111e-04 6.825063889941818118e-02 1.168781007484435142e-01
-6.732959910935807637e-04 6.825438908098224733e-02 1.159750359070162162e-01
-6.649836949072403247e-04 6.826053927272628108e-02 1.150767673326379970e-01
-6.566713987208997773e-04 6.826914538009191957e-02 1.141827091592519522e-01
-6.483591025345593383e-04 6.828025361383532887e-02 1.132932291867525254e-01
-6.400468063482187909e-04 6.829389943357468129e-02 1.124089810624617214e-01
-6.317345101618782434e-04 6.831010652098980229e-02 1.115290364307834209e-01
-6.234222139755378044e-04 6.832888579908771853e-02 1.106542330300359089e-01
-6.151099177891972570e-04 6.835023451421862184e-02 1.097845802118699865e-01
-6.067976216028568180e-04 6.837413539735506807e-02 1.089202038952051532e-01
-5.984853254165162706e-04 6.840055592049003319e-02 1.080612493971731120e-01
-5.901730292301757231e-04 6.842944766284114744e-02 1.072078785149898766e-01
-5.818607330438352841e-04 6.846074579985934883e-02 1.063602602815348075e-01
-5.735484368574947367e-04 6.849436872584629965e-02 1.055185548854920136e-01
-5.652361406711542977e-04 6.853021781831897252e-02 1.046829201944818877e-01
-5.569238444848137503e-04 6.856817734918110863e-02 1.038535337492499239e-01
-5.486115482984732028e-04 6.860811454434918855e-02 1.030306441881281981e-01
-5.402992521121327638e-04 6.864987978983452810e-02 1.022134444914365031e-01
-5.319869559257922164e-04 6.869330697852016332e-02 1.014041836460454621e-01
-5.236746597394516690e-04 6.873821398811352790e-02 1.006017833100669445e-01
-5.153623635531112300e-04 6.878440327714457903e-02 9.980575004720412813e-02
-5.070500673667706825e-04 6.883166258253992087e-02 9.901813778837803559e-02
-4.987377711804302435e-04 6.887976569937304117e-02 9.823724479154874456e-02
-4.904254749940896961e-04 6.892847332098656077e-02 9.746430804901101697e-02
-4.821131788077491487e-04 6.897753391591274208e-02 9.670063048447888332e-02
-4.738008826214087097e-04 6.902668461697587798e-02 9.594423936477025627e-02
-4.654885864350681622e-04 6.907565209772324744e-02 9.519664233972982559e-02
-4.571762902487277232e-04 6.912415341196395668e-02 9.445810700506464264e-02
-4.488639940623871758e-04 6.917189677374994961e-02 9.372904315584193458e-02
-4.405516978760466284e-04 6.921858225766519546e-02 9.300769145256969350e-02
-4.322394016897061894e-04 6.926390240285024147e-02 9.229835880035629214e-02
-4.239271055033656420e-04 6.930754270885022827e-02 9.159740298227204980e-02
-4.156148093170252029e-04 6.934918201722768683e-02 9.090940163230210036e-02
-4.073025131306846555e-04 6.938849278004804999e-02 9.023043062530140823e-02
-3.989902169443441081e-04 6.942514122499150730e-02 8.956305534067068863e-02
-3.906779207580036691e-04 6.945878743716871195e-02 8.890674337625750767e-02
-3.823656245716631217e-04 6.948908538995562933e-02 8.826228581513953508e-02
-3.740533283853226827e-04 6.951568297156279774e-02 8.763109137736362075e-02
-3.657410321989821352e-04 6.953822207083690254e-02 8.701348023114297003e-02
-3.574287360126415878e-04 6.955633880508398093e-02 8.640794022632972138e-02
-3.491164398263011488e-04 6.956966399442925109e-02 8.581555405133145520e-02
-3.408041436399606014e-04 6.957782401096158920e-02 8.523990005344117549e-02
-3.324918474536200539e-04 6.958044215566093482e-02 8.467801116546976037e-02
-3.241795512672796149e-04 6.957714074006701721e-02 8.413062599660793561e-02
-3.158672550809390675e-04 6.956754406989529294e-02 8.360012162239799371e-02
-3.075549588945986285e-04 6.955128254003078991e-02 8.308558158276564687e-02
-2.992426627082580811e-04 6.952799804866745259e-02 8.258912348197997022e-02
-2.909303665219175336e-04 6.949735091548399357e-02 8.210886667656934479e-02
-2.826180703355770946e-04 6.945902843642941249e-02 8.164759131609056197e-02
-2.743057741492365472e-04 6.941275511804086140e-02 8.120540006930303256e-02
-2.659934779628961082e-04 6.935830450177442319e-02 8.078147107536423621e-02
-2.576811817765555608e-04 6.929551231345797146e-02 8.037751760149705604e-02
-2.493688855902150133e-04 6.922429046314858281e-02 7.999297790422610355e-02
-2.410565894038745743e-04 6.914464119621493987e-02 7.962873479587083414e-02
-2.327442932175340269e-04 6.905667048929919893e-02 7.928475418817185205e-02
-2.244319970311935879e-04 6.896059963624484590e-02 7.896087636853656166e-02
-2.161197008448530405e-04 6.885677392256565887e-02 7.865721109040171855e-02
-2.078074046585124931e-04 6.874566737712180242e-02 7.837348559041537599e-02
-1.994951084721720540e-04 6.862788282969375930e-02 7.810932284506984236e-02
-1.911828122858315066e-04 6.850414687613427811e-02 7.786429567295531651e-02
-1.828705160994909592e-04 6.837529981005799340e-02 7.763780605268558177e-02
-1.745582199131504118e-04 6.824228104982454912e-02 7.742916834205519627e-02
-1.662459237268100812e-04 6.810611099393203138e-02 7.723761366398189387e-02
-1.579336275404695338e-04 6.796787051250757772e-02 7.706230811303266259e-02
-1.496213313541289863e-04 6.782867939218772957e-02 7.690237409801274626e-02
-1.413090351677884389e-04 6.768967499647482455e-02 7.675691090496133961e-02
-1.329967389814478915e-04 6.755199221471248905e-02 7.662501395799992121e-02
-1.246844427951075609e-04 6.741674549963393159e-02 7.650579177916622120e-02
-1.163721466087670135e-04 6.728501349097454343e-02 7.639838052550476655e-02
-1.080598504224264660e-04 6.715782643527333506e-02 7.630195567416102331e-02
-9.974755423608591860e-05 6.703615637187208820e-02 7.621574096652436459e-02
-9.143525804974537118e-05 6.692090988192357648e-02 7.613901480504753350e-02
-8.312296186340504059e-05 6.681292308307999750e-02 7.607111445079876855e-02
-7.481066567706449316e-05 6.671295849017315482e-02 7.601143839142397718e-02
-6.649836949072394574e-05 6.662170336620011624e-02 7.595944727491894810e-02
-5.818607330438339831e-05 6.653976919972230675e-02 7.591466377805987376e-02
-4.987377711804285088e-05 6.646769197080527880e-02 7.587667174079146259e-02
-4.156148093170252029e-05 6.640593293321547796e-02 7.584511484970068995e-02
-3.324918474536197287e-05 6.635487968755175714e-02 7.581969510410541124e-02
-2.493688855902142544e-05 6.631484732931645920e-02 7.580017125140155188e-02
-1.662459237268087801e-05 6.628607959297774799e-02 7.578635733624956849e-02
-8.312296186340330587e-06 6.626874983913680350e-02 7.577812147195822634e-02
0.000000000000000000e+00 6.626296174658037608e-02 7.577538491177594759e-02
8.312296186340547427e-06 6.626874983913680350e-02 7.577812147195822634e-02
1.662459237268109485e-05 6.628607959297774799e-02 7.578635733624956849e-02
2.493688855902164228e-05 6.631484732931645920e-02 7.580017125140155188e-02
3.324918474536218971e-05 6.635487968755175714e-02 7.581969510410541124e-02
4.156148093170252029e-05 6.640593293321547796e-02 7.584511484970068995e-02
4.987377711804306772e-05 6.646769197080527880e-02 7.587667174079146259e-02
5.818607330438361515e-05 6.653976919972230675e-02 7.591466377805987376e-02
6.649836949072416258e-05 6.662170336620011624e-02 7.595944727491894810e-02
7.481066567706471000e-05 6.671295849017315482e-02 7.601143839142397718e-02
8.312296186340525743e-05 6.681292308307999750e-02 7.607111445079876855e-02
9.143525804974558802e-05 6.692090988192357648e-02 7.613901480504753350e-02
9.974755423608613544e-05 6.703615637187210208e-02 7.621574096652437846e-02
1.080598504224266829e-04 6.715782643527333506e-02 7.630195567416102331e-02
1.163721466087672303e-04 6.728501349097455730e-02 7.639838052550478043e-02
1.246844427951077777e-04 6.741674549963394547e-02 7.650579177916623508e-02
1.329967389814481083e-04 6.755199221471248905e-02 7.662501395799990733e-02
1.413090351677886557e-04 6.768967499647482455e-02 7.675691090496133961e-02
1.496213313541292032e-04 6.782867939218772957e-02 7.690237409801277402e-02
1.579336275404697506e-04 6.796787051250759160e-02 7.706230811303267647e-02
1.662459237268102980e-04 6.810611099393203138e-02 7.723761366398189387e-02
1.745582199131506286e-04 6.824228104982454912e-02 7.742916834205519627e-02
1.828705160994911760e-04 6.837529981005799340e-02 7.763780605268558177e-02
1.911828122858317235e-04 6.850414687613429199e-02 7.786429567295533039e-02
1.994951084721722709e-04 6.862788282969377318e-02 7.810932284506985623e-02
2.078074046585128183e-04 6.874566737712180242e-02 7.837348559041540375e-02
2.161197008448531489e-04 6.885677392256565887e-02 7.865721109040171855e-02
2.244319970311936963e-04 6.896059963624484590e-02 7.896087636853656166e-02
2.327442932175342438e-04 6.905667048929919893e-02 7.928475418817185205e-02
2.410565894038747912e-04 6.914464119621493987e-02 7.962873479587083414e-02
2.493688855902153386e-04 6.922429046314859669e-02 7.999297790422611742e-02
2.576811817765556692e-04 6.929551231345797146e-02 8.037751760149705604e-02
2.659934779628962166e-04 6.935830450177443707e-02 8.078147107536425009e-02
2.743057741492367640e-04 6.941275511804086140e-02 8.120540006930303256e-02
2.826180703355773115e-04 6.945902843642941249e-02 8.164759131609056197e-02
2.909303665219178589e-04 6.949735091548399357e-02 8.210886667656934479e-02
2.992426627082581895e-04 6.952799804866743871e-02 8.258912348197997022e-02
3.075549588945987369e-04 6.955128254003078991e-02 8.308558158276564687e-02
3.158672550809392843e-04 6.956754406989529294e-02 8.360012162239799371e-02
3.241795512672798318e-04 6.957714074006701721e-02 8.413062599660793561e-02
3.324918474536203792e-04 6.958044215566093482e-02 8.467801116546977425e-02
3.408041436399607098e-04 6.957782401096158920e-02 8.523990005344118936e-02
3.491164398263012572e-04 6.956966399442925109e-02 8.581555405133145520e-02
3.574287360126418046e-04 6.955633880508398093e-02 8.640794022632974913e-02
3.657410321989823521e-04 6.953822207083690254e-02 8.701348023114298391e-02
3.740533283853228995e-04 6.951568297156279774e-02 8.763109137736364851e-02
3.823656245716632301e-04 6.948908538995562933e-02 8.826228581513953508e-02
3.906779207580037775e-04 6.945878743716871195e-02 8.890674337625750767e-02
3.989902169443443249e-04 6.942514122499149343e-02 8.956305534067071639e-02
4.073025131306848724e-04 6.938849278004804999e-02 9.023043062530140823e-02
4.156148093170254198e-04 6.934918201722768683e-02 9.090940163230210036e-02
4.239271055033657504e-04 6.930754270885022827e-02 9.159740298227204980e-02
4.322394016897062978e-04 6.926390240285024147e-02 9.229835880035631990e-02
4.405516978760468452e-04 6.921858225766519546e-02 9.300769145256969350e-02
4.488639940623873927e-04 6.917189677374992185e-02 9.372904315584194845e-02
4.571762902487279401e-04 6.912415341196392893e-02 9.445810700506465651e-02
4.654885864350684875e-04 6.907565209772326131e-02 9.519664233972983947e-02
4.738008826214088181e-04 6.902668461697587798e-02 9.594423936477025627e-02
4.821131788077493655e-04 6.897753391591276984e-02 9.670063048447891108e-02
4.904254749940899129e-04 6.892847332098653301e-02 9.746430804901105860e-02
4.987377711804304604e-04 6.887976569937299953e-02 9.823724479154878619e-02
5.070500673667710078e-04 6.883166258253992087e-02 9.901813778837806335e-02
5.153623635531113384e-04 6.878440327714457903e-02 9.980575004720412813e-02
5.236746597394518858e-04 6.873821398811350014e-02 1.006017833100669584e-01
5.319869559257924332e-04 6.869330697852016332e-02 1.014041836460454898e-01
5.402992521121329807e-04 6.864987978983456973e-02 1.022134444914365448e-01
5.486115482984735281e-04 6.860811454434918855e-02 1.030306441881282259e-01
5.569238444848138587e-04 6.856817734918110863e-02 1.038535337492499239e-01
5.652361406711544061e-04 6.853021781831893089e-02 1.046829201944819016e-01
5.735484368574949535e-04 6.849436872584629965e-02 1.055185548854920413e-01
5.818607330438355010e-04 6.846074579985934883e-02 1.063602602815348352e-01
5.901730292301760484e-04 6.842944766284114744e-02 1.072078785149899044e-01
5.984853254165163790e-04 6.840055592049000543e-02 1.080612493971731258e-01
6.067976216028569264e-04 6.837413539735506807e-02 1.089202038952051810e-01
6.151099177891974738e-04 6.835023451421864960e-02 1.097845802118700281e-01
6.234222139755380213e-04 6.832888579908774629e-02 1.106542330300359228e-01
6.317345101618785687e-04 6.831010652098980229e-02 1.115290364307834486e-01
6.400468063482188993e-04 6.829389943357468129e-02 1.124089810624617214e-01
6.483591025345594467e-04 6.828025361383532887e-02 1.132932291867525254e-01
6.566713987208999941e-04 6.826914538009191957e-02 1.141827091592519522e-01
6.649836949072405416e-04 6.826053927272629496e-02 1.150767673326380386e-01
6.732959910935810890e-04 6.825438908098226121e-02 1.159750359070162440e-01
6.816082872799214196e-04 6.825063889941818118e-02 1.168781007484435142e-01
6.899205834662619670e-04 6.824922419825965592e-02 1.177853426187190355e-01
6.982328796526025144e-04 6.825007289288942403e-02 1.186965082925248299e-01
7.065451758389430618e-04 6.825310639896232934e-02 1.196120842385666044e-01
7.148574720252836093e-04 6.825824066107863408e-02 1.205316073342586197e-01
7.231697682116239399e-04 6.826538714452351497e-02 1.214547309168544226e-01
7.314820643979644873e-04 6.827445378122276587e-02 1.223818470209961651e-01
7.397943605843050347e-04 6.828534586271926832e-02 1.233125046848150413e-01
7.481066567706455821e-04 6.829796687459604998e-02 1.242468994240722019e-01
7.564189529569861296e-04 6.831221926831569646e-02 1.251846841286363421e-01
7.647312491433264602e-04 6.832800516788840872e-02 1.261260200202309056e-01
7.730435453296670076e-04 6.834522701009054790e-02 1.270705859770365487e-01
7.813558415160075550e-04 6.836378811812478251e-02 1.280185665294486796e-01
7.896681377023481024e-04 6.838359320962873744e-02 1.289695655698578081e-01
7.979804338886886499e-04 6.840454884079802400e-02 1.299236542665742900e-01
8.062927300750291973e-04 6.842656378910197401e-02 1.308810205415218975e-01
8.146050262613697447e-04 6.844954937762938452e-02 1.318412119197989729e-01
8.229173224477102921e-04 6.847341974453295677e-02 1.328044006650132836e-01
8.312296186340504059e-04 6.849809206134199746e-02 1.337703297509134637e-01
8.395419148203909533e-04 6.852348670410586540e-02 1.347390418694301151e-01
8.478542110067315007e-04 6.854952738142805480e-02 1.357105613639230657e-01
8.561665071930720482e-04 6.857614122345818963e-02 1.366846588204291280e-01
8.644788033794125956e-04 6.860325883585738360e-02 1.376613356594373616e-01
8.727910995657531430e-04 6.863081432263322401e-02 1.386406467806573506e-01
8.811033957520936905e-04 6.865874528158541490e-02 1.396223665791176405e-01
8.894156919384342379e-04 6.868699277590599450e-02 1.406065113445378878e-01
8.977279881247747853e-04 6.871550128526097978e-02 1.415930994742542470e-01
9.060402843111153327e-04 6.874421863944985001e-02 1.425819460748322942e-01
9.143525804974554465e-04 6.877309593749289518e-02 1.435730777474908404e-01
9.226648766837959939e-04 6.880208745474716836e-02 1.445664988211219637e-01
9.309771728701365413e-04 6.883115054041852310e-02 1.455620125058977865e-01
9.392894690564770888e-04 6.886024550758489127e-02 1.465596853588654325e-01
9.476017652428176362e-04 6.888933551763171126e-02 1.475594458256465347e-01
9.559140614291581836e-04 6.891838646077060038e-02 1.485613279180191815e-01
9.642263576154987310e-04 6.894736683411065159e-02 1.495650976278671274e-01
9.725386538018392785e-04 6.897624761857081011e-02 1.505708708355637804e-01
9.808509499881798259e-04 6.900500215572691332e-02 1.515785648247859330e-01
9.891632461745203733e-04 6.903360602554371728e-02 1.525880242698231803e-01
9.974755423608609207e-04 6.906203692577890518e-02 1.535995904611510421e-01
1.005787838547201034e-03 6.909027455373265014e-02 1.546128169068115288e-01
1.014100134733541582e-03 6.911830049087359928e-02 1.556278160610060912e-01
1.022412430919882129e-03 6.914609809078782476e-02 1.566445455996560432e-01
1.030724727106222677e-03 6.917365237078811069e-02 1.576630246414344738e-01
1.039037023292563224e-03 6.920094990744575514e-02 1.586831066977115734e-01
1.047349319478903772e-03 6.922797873623663667e-02 1.597048420854166872e-01
1.055661615665244319e-03 6.925472825541952038e-02 1.607281807218550740e-01
1.063973911851584866e-03 6.928118913422517955e-02 1.617530878271003780e-01
1.072286208037925414e-03 6.930735322538075782e-02 1.627796292503873310e-01
1.080598504224265961e-03 6.933321348195152500e-02 1.638075195419053665e-01
1.088910800410606075e-03 6.935876387846354185e-02 1.648369614537497363e-01
1.097223096596946623e-03 6.938399933622578508e-02 1.658678592202406932e-01
1.105535392783287170e-03 6.940891565276195718e-02 1.669001831439211048e-01
1.113847688969627717e-03 6.943350943524133345e-02 1.679339030654914411e-01
1.122159985155968265e-03 6.945777803777641868e-02 1.689690415749909025e-01
1.130472281342308812e-03 6.948171950246273543e-02 1.700054622250523340e-01
1.138784577528649360e-03 6.950533250400388330e-02 1.710432281312601888e-01
1.147096873714989907e-03 6.952861629778166186e-02 1.720822937158748567e-01
1.155409169901330454e-03 6.955157067121936487e-02 1.731226337953299388e-01
1.163721466087671002e-03 6.957419589828384154e-02 1.741642240901943306e-01
1.172033762274011116e-03 6.959649269696825680e-02 1.752070342380686596e-01
