1.741642126196108475e-01 -1.253805444375307303e+02
1.731226193575078898e-01 -1.252319652505072156e+02
1.720822771384295791e-01 -1.250800992562527938e+02
1.710432092358249723e-01 -1.249252579711574782e+02
1.700054394803494906e-01 -1.247661602625373973e+02
1.689689922759347596e-01 -1.246081174877436553e+02
1.679338926163934098e-01 -1.244456636704979928e+02
1.669001661025797389e-01 -1.242763611242471313e+02
1.658678389601265790e-01 -1.241066032729816015e+02
1.648369380577804355e-01 -1.239332449270216614e+02
1.638074909263577961e-01 -1.237523397411679866e+02
1.627795257783458960e-01 -1.235778699862122778e+02
1.617530715281726983e-01 -1.233984258106268754e+02
1.607281578131724564e-01 -1.232057722539717588e+02
1.597048150152728940e-01 -1.230149875737218537e+02
1.586830742834327845e-01 -1.228190982497442860e+02
1.576629675568589906e-01 -1.226232230154049887e+02
1.566445275890330224e-01 -1.224215628752949243e+02
1.556277879725802282e-01 -1.222122411965552260e+02
1.546127831650141171e-01 -1.220015236697203278e+02
1.535995485153909823e-01 -1.217950245995614864e+02
1.525881202919115720e-01 -1.215684325401100097e+02
1.515785357105076392e-01 -1.213355124167828194e+02
1.505708329644539212e-01 -1.211137784182590593e+02
1.495650512550467659e-01 -1.208777257508488532e+02
1.485612308233940360e-01 -1.206436679624365240e+02
1.475594129833618373e-01 -1.204025045716601028e+02
1.465596401557263395e-01 -1.201493110309921377e+02
1.455619559035815080e-01 -1.198938592334352649e+02
1.445664049690560671e-01 -1.196381068371533871e+02
1.435730333113953150e-01 -1.193745206980777596e+02
1.425818881464663845e-01 -1.190993576775022262e+02
1.415930179877495920e-01 -1.188260551603404309e+02
1.406064726888798522e-01 -1.185432310734474157e+02
1.396223034878079083e-01 -1.182503919380926476e+02
1.386405630526528210e-01 -1.179596392933420077e+02
1.376613055293228749e-01 -1.176562959487918647e+02
1.366845865909848412e-01 -1.173426843668023878e+02
1.357104634894679140e-01 -1.170324605489987135e+02
1.347389951086920279e-01 -1.167085225017560930e+02
1.337702420202165898e-01 -1.163722490781818806e+02
1.328042665410115730e-01 -1.160400079513875369e+02
1.318411327935584965e-01 -1.156948742185094403e+02
1.308809067683967542e-01 -1.153446418557469286e+02
1.299236563892372243e-01 -1.149775542650387194e+02
1.289694515807739694e-01 -1.145945533230762408e+02
1.280183643393330017e-01 -1.142271371382239238e+02
1.270704688065075194e-01 -1.138401752531262474e+02
1.261258413459387662e-01 -1.134404866070112519e+02
1.251845606234136543e-01 -1.130325817339515737e+02
1.242467076904628931e-01 -1.126150585741788603e+02
1.233123660716572145e-01 -1.121863538826278273e+02
1.223816218558138741e-01 -1.117485305091421282e+02
1.214545637913434090e-01 -1.112953415795031589e+02
1.205312833859839283e-01 -1.108386080681176651e+02
1.196118750111912349e-01 -1.103846037602327215e+02
1.186964360114745043e-01 -1.098818893658663001e+02
1.177850668189925898e-01 -1.093805792838232662e+02
1.168778710737521376e-01 -1.088932992232429768e+02
1.159749557497793404e-01 -1.083535388672517001e+02
1.150764312876691731e-01 -1.078117711150357962e+02
1.141824117339520495e-01 -1.072831204460885886e+02
1.132930148877578647e-01 -1.066930278365782669e+02
1.124083624553006006e-01 -1.061194594381857996e+02
1.115285802127538584e-01 -1.055513418367694527e+02
1.106537981781406804e-01 -1.049322702059190959e+02
1.097841507929165211e-01 -1.043050617999064968e+02
1.089197771139867321e-01 -1.036615380434105731e+02
1.080608210169653194e-01 -1.029995407904924747e+02
1.072074314115534638e-01 -1.023176434950375295e+02
1.063597624699911676e-01 -1.016159429132168839e+02
1.055179738696145897e-01 -1.008951106560220836e+02
1.046822310506340531e-01 -1.001541029648456345e+02
1.038527054903295443e-01 -9.938745981338141178e+01
1.030295749949432793e-01 -9.865440433345908389e+01
1.022130240106243759e-01 -9.783461185824144479e+01
1.014032439548485931e-01 -9.694440292069798204e+01
1.006004335697864294e-01 -9.614873935002533756e+01
9.980479929911824366e-02 -9.525920913954475111e+01
9.901655568978327826e-02 -9.434849411603505587e+01
9.823592582008448815e-02 -9.346573464985524993e+01
9.746314175543079050e-02 -9.243019453487190162e+01
9.669844503275773495e-02 -9.143494469907504651e+01
9.594208717428832911e-02 -9.046767048679855350e+01
9.519433023073360645e-02 -8.939361196896166462e+01
9.445544735322902730e-02 -8.827880714233759818e+01
9.372572339218356030e-02 -8.724517991059991573e+01
9.300545551969123526e-02 -8.605831189200532094e+01
9.229495387010641649e-02 -8.483146164925801713e+01
9.159454219067440783e-02 -8.354834433935602078e+01
9.090455849057138549e-02 -8.222591726320843009e+01
9.022535567214984287e-02 -8.098522125834732321e+01
8.955730212238419141e-02 -7.962223790936930357e+01
8.890078223522930589e-02 -7.824369442397190255e+01
8.825619682660178211e-02 -7.673282870924063559e+01
8.762396339275056734e-02 -7.511796716584194655e+01
8.700451614975866776e-02 -7.357480554193210764e+01
8.639830577680547574e-02 -7.205747683654765012e+01
8.580579876885735535e-02 -7.025977820713163169e+01
8.522747628626059502e-02 -6.842530994811032485e+01
8.466383237044998455e-02 -6.672488756212096916e+01
8.411537137857873214e-02 -6.483705097293356800e+01
8.358260447819115813e-02 -6.286135566003964925e+01
8.306604504007177037e-02 -6.081340930075249673e+01
8.256620277820221621e-02 -5.875120931093148613e+01
8.208357651629294427e-02 -5.663490236528215860e+01
8.161864551678597868e-02 -5.434518856239526485e+01
8.117185939570016606e-02 -5.209873549438758999e+01
8.074362676755307555e-02 -4.979866268278682639e+01
8.033430291612136953e-02 -4.742932358653496294e+01
7.994417695894230624e-02 -4.504067160507849366e+01
7.957345914737508352e-02 -4.260096730059157721e+01
7.922226909249363569e-02 -4.017292047603842065e+01
7.889062579764274941e-02 -3.774787878717340561e+01
7.857844037987167518e-02 -3.533264244640577090e+01
7.828551225309154926e-02 -3.295649198787042167e+01
7.801152932231071591e-02 -3.062871594354412252e+01
7.775607242068398317e-02 -2.836260774484287239e+01
7.751862385175714576e-02 -2.617371428698350755e+01
7.729857953492720590e-02 -2.407231285630300022e+01
7.709526395062418769e-02 -2.206732176034515902e+01
7.690794688792448874e-02 -2.016528035418426157e+01
7.673586093294881838e-02 -1.837020729441625022e+01
7.657821869703004825e-02 -1.668372575971283212e+01
7.643422894302491499e-02 -1.510528018766812863e+01
7.630311098759189059e-02 -1.363242041757231071e+01
7.618410699614305837e-02 -1.226111897577460219e+01
7.607649201139732309e-02 -1.098610750183146756e+01
7.597958174307743728e-02 -9.801194848016107741e+00
7.589273828433976132e-02 -8.699552595542630939e+00
7.581537400906183943e-02 -7.673957397788617740e+00
7.574695394899297329e-02 -6.716987302697489781e+00
7.568699696031247481e-02 -5.821172104233452771e+00
7.563507597548423111e-02 -4.979101578665417804e+00
7.559081760766007962e-02 -4.183496761909925254e+00
7.555390133869839542e-02 -3.427250148982905031e+00
7.552405848351563533e-02 -2.703440619271550549e+00
7.550107108648576593e-02 -2.005328438044960748e+00
7.548477087191053647e-02 -1.326335043231469335e+00
7.547503834100320608e-02 -6.600116398433741871e-01
7.547180208236017873e-02 0.000000000000000000e+00
7.547503834100320608e-02 6.600116398433741871e-01
7.548477087191053647e-02 1.326335043231469335e+00
7.550107108648576593e-02 2.005328438044960748e+00
7.552405848351563533e-02 2.703440619271550549e+00
7.555390133869839542e-02 3.427250148982905031e+00
7.559081760766007962e-02 4.183496761909925254e+00
7.563507597548423111e-02 4.979101578665417804e+00
7.568699696031247481e-02 5.821172104233452771e+00
7.574695394899297329e-02 6.716987302697489781e+00
7.581537400906183943e-02 7.673957397788617740e+00
7.589273828433976132e-02 8.699552595543465827e+00
7.597958174307745116e-02 9.801194848016107741e+00
7.607649201139732309e-02 1.098610750183146756e+01
7.618410699614307224e-02 1.226111897577543708e+01
7.630311098759190447e-02 1.363242041757064094e+01
7.643422894302491499e-02 1.510528018766729375e+01
7.657821869703004825e-02 1.668372575971533678e+01
7.673586093294884614e-02 1.837020729441708511e+01
7.690794688792450262e-02 2.016528035418259179e+01
7.709526395062418769e-02 2.206732176034432413e+01
7.729857953492720590e-02 2.407231285630300022e+01
7.751862385175714576e-02 2.617371428698434244e+01
7.775607242068399705e-02 2.836260774484370728e+01
7.801152932231072978e-02 3.062871594354495741e+01
7.828551225309157702e-02 3.295649198786958323e+01
7.857844037987167518e-02 3.533264244640410112e+01
7.889062579764274941e-02 3.774787878717340561e+01
7.922226909249363569e-02 4.017292047603842065e+01
7.957345914737508352e-02 4.260096730059241565e+01
7.994417695894232012e-02 4.504067160507849366e+01
8.033430291612136953e-02 4.742932358653496294e+01
8.074362676755308943e-02 4.979866268278682639e+01
8.117185939570016606e-02 5.209873549438675866e+01
8.161864551678597868e-02 5.434518856239526485e+01
8.208357651629294427e-02 5.663490236528215860e+01
8.256620277820223008e-02 5.875120931093148613e+01
8.306604504007177037e-02 6.081340930075249673e+01
8.358260447819115813e-02 6.286135566003964925e+01
8.411537137857873214e-02 6.483705097293439223e+01
8.466383237044999843e-02 6.672488756212180760e+01
8.522747628626060890e-02 6.842530994810950062e+01
8.580579876885735535e-02 7.025977820713247013e+01
8.639830577680550350e-02 7.205747683654848856e+01
8.700451614975868164e-02 7.357480554193210764e+01
8.762396339275059509e-02 7.511796716584112232e+01
8.825619682660178211e-02 7.673282870923897292e+01
8.890078223522930589e-02 7.824369442397356522e+01
8.955730212238421917e-02 7.962223790936930357e+01
9.022535567214984287e-02 8.098522125834564633e+01
9.090455849057138549e-02 8.222591726320843009e+01
9.159454219067440783e-02 8.354834433935768345e+01
9.229495387010644425e-02 8.483146164925801713e+01
9.300545551969123526e-02 8.605831189200448250e+01
9.372572339218357418e-02 8.724517991060073996e+01
9.445544735322904117e-02 8.827880714233759818e+01
9.519433023073362032e-02 8.939361196896084039e+01
9.594208717428832911e-02 9.046767048679937773e+01
9.669844503275777658e-02 9.143494469907754763e+01
9.746314175543083214e-02 9.243019453487274006e+01
9.823592582008452978e-02 9.346573464985441149e+01
9.901655568978330602e-02 9.434849411603255476e+01
9.980479929911824366e-02 9.525920913954391267e+01
1.006004335697864432e-01 9.614873935002701444e+01
1.014032439548486209e-01 9.694440292069965892e+01
1.022130240106244176e-01 9.783461185824144479e+01
1.030295749949433071e-01 9.865440433345658278e+01
1.038527054903295443e-01 9.938745981338058755e+01
1.046822310506340670e-01 1.001541029648472971e+02
1.055179738696146174e-01 1.008951106560229221e+02
1.063597624699911953e-01 1.016159429132168839e+02
1.072074314115534915e-01 1.023176434950367053e+02
1.080608210169653333e-01 1.029995407904924747e+02
1.089197771139867599e-01 1.036615380434122358e+02
1.097841507929165628e-01 1.043050617999056584e+02
1.106537981781406943e-01 1.049322702059182717e+02
1.115285802127538861e-01 1.055513418367686285e+02
1.124083624553006006e-01 1.061194594381841370e+02
1.132930148877578647e-01 1.066930278365782669e+02
1.141824117339520495e-01 1.072831204460910897e+02
1.150764312876692147e-01 1.078117711150374589e+02
1.159749557497793682e-01 1.083535388672491990e+02
1.168778710737521376e-01 1.088932992232421384e+02
1.177850668189926037e-01 1.093805792838249289e+02
1.186964360114745320e-01 1.098818893658663001e+02
1.196118750111912488e-01 1.103846037602327215e+02
1.205312833859839561e-01 1.108386080681176651e+02
1.214545637913434228e-01 1.112953415795031589e+02
1.223816218558139018e-01 1.117485305091429666e+02
1.233123660716572423e-01 1.121863538826278273e+02
1.242467076904629208e-01 1.126150585741771835e+02
1.251845606234136543e-01 1.130325817339515737e+02
1.261258413459387939e-01 1.134404866070145914e+02
1.270704688065075749e-01 1.138401752531245847e+02
1.280183643393330017e-01 1.142271371382205842e+02
1.289694515807739694e-01 1.145945533230762408e+02
1.299236563892372243e-01 1.149775542650387194e+02
1.308809067683967542e-01 1.153446418557469286e+02
1.318411327935584965e-01 1.156948742185127799e+02
1.328042665410116285e-01 1.160400079513875369e+02
1.337702420202165898e-01 1.163722490781785410e+02
1.347389951086920279e-01 1.167085225017577557e+02
1.357104634894679418e-01 1.170324605490003762e+02
1.366845865909848690e-01 1.173426843668040647e+02
1.376613055293229304e-01 1.176562959487935416e+02
1.386405630526528765e-01 1.179596392933403308e+02
1.396223034878079361e-01 1.182503919380909707e+02
1.406064726888798799e-01 1.185432310734474157e+02
1.415930179877496198e-01 1.188260551603421078e+02
1.425818881464664400e-01 1.190993576775005636e+02
1.435730333113953150e-01 1.193745206980744200e+02
1.445664049690560671e-01 1.196381068371533871e+02
1.455619559035815080e-01 1.198938592334352649e+02
1.465596401557263395e-01 1.201493110309938004e+02
1.475594129833618651e-01 1.204025045716617797e+02
1.485612308233940637e-01 1.206436679624365240e+02
1.495650512550467937e-01 1.208777257508488532e+02
1.505708329644539489e-01 1.211137784182607362e+02
1.515785357105076947e-01 1.213355124167828194e+02
1.525881202919115998e-01 1.215684325401100097e+02
1.535995485153910378e-01 1.217950245995598095e+02
1.546127831650141171e-01 1.220015236697169883e+02
1.556277879725802282e-01 1.222122411965552260e+02
1.566445275890330224e-01 1.224215628752982639e+02
1.576629675568590461e-01 1.226232230154083283e+02
1.586830742834328400e-01 1.228190982497409465e+02
1.597048150152728940e-01 1.230149875737185283e+02
1.607281578131724564e-01 1.232057722539734357e+02
1.617530715281727260e-01 1.233984258106302150e+02
1.627795257783459515e-01 1.235778699862139547e+02
1.638074909263578516e-01 1.237523397411646471e+02
1.648369380577804355e-01 1.239332449270183218e+02
1.658678389601265790e-01 1.241066032729816015e+02
1.669001661025797389e-01 1.242763611242487940e+02
1.679338926163934376e-01 1.244456636704979928e+02
1.689689922759347596e-01 1.246081174877436553e+02
1.700054394803495184e-01 1.247661602625373973e+02
1.710432092358249723e-01 1.249252579711574782e+02
1.720822771384296068e-01 1.250800992562561333e+02
1.731226193575079453e-01 1.252319652505088783e+02
1.741642126196109031e-01 1.253805444375273908e+02
