0.000000000000000000e+00 1.252335953925900824e+01 1.757971291649856838e+01 1.902294889130185851e+01
8.908923067207553015e-06 1.250947075135276698e+01 1.755080776001729603e+01 1.897474676494809032e+01
1.781784613441510603e-05 1.249558196336304938e+01 1.752190260345254913e+01 1.892654463859432212e+01
2.672676920162265905e-05 1.248169317545680812e+01 1.749299744697127679e+01 1.887834251215707582e+01
3.563569226883021206e-05 1.246780438746708874e+01 1.746409229049000444e+01 1.883014038580330762e+01
4.454461533603776508e-05 1.245391559956084748e+01 1.743518713400873210e+01 1.878193825944953943e+01
5.345353840324531809e-05 1.244002681165460800e+01 1.740628197744398165e+01 1.873373613309576768e+01
6.236246147045287111e-05 1.242613802374836673e+01 1.737737682104618742e+01 1.868553400674199949e+01
7.127138453766042412e-05 1.241224923575864736e+01 1.734847166456491507e+01 1.863733188038823130e+01
8.018030760486797714e-05 1.239836044785240787e+01 1.731956650800016462e+01 1.858912975395098499e+01
8.908923067207553015e-05 1.238447165977921038e+01 1.729066135151889227e+01 1.854092762759721680e+01
9.799815373928308317e-05 1.237058287195644724e+01 1.726175619495414182e+01 1.849272550124344860e+01
1.069070768064906362e-04 1.235669408405020597e+01 1.723285103847286948e+01 1.844452337480620230e+01
1.158159998736981892e-04 1.234280529614396649e+01 1.720394588190811902e+01 1.839632124828547788e+01
1.247249229409057422e-04 1.232891650815424711e+01 1.717504072559380290e+01 1.834811912209866591e+01
1.336338460081133088e-04 1.231502772024800585e+01 1.714613556902905245e+01 1.829991699574489417e+01
1.425427690753208482e-04 1.230113893234176459e+01 1.711723041246430199e+01 1.825171486939112597e+01
1.514516921425283877e-04 1.228725014435204699e+01 1.708832525614998588e+01 1.820351274295387967e+01
1.603606152097359543e-04 1.227336135644580573e+01 1.705942009950175731e+01 1.815531061643315525e+01
1.692695382769435208e-04 1.225947256845608813e+01 1.703051494310396308e+01 1.810710849007938705e+01
1.781784613441510603e-04 1.224558378046636875e+01 1.700160978653921262e+01 1.805890636397605320e+01
1.870873844113585998e-04 1.223169499256012749e+01 1.697270463014141839e+01 1.801070423753880689e+01
1.959963074785661663e-04 1.221780620473736434e+01 1.694379947349319337e+01 1.796250211110156059e+01
2.049052305457737329e-04 1.220391741674764674e+01 1.691489431709539559e+01 1.791429998466431428e+01
2.138141536129812724e-04 1.219002862875792736e+01 1.688598916053064869e+01 1.786609785831054609e+01
2.227230766801888118e-04 1.217613984101864233e+01 1.685708400421632902e+01 1.781789573220720868e+01
2.316319997473963784e-04 1.216225105294544662e+01 1.682817884740114778e+01 1.776969360535257536e+01
2.405409228146039450e-04 1.214836226478877279e+01 1.679927369117030622e+01 1.772149147933271607e+01
2.494498458818114844e-04 1.213447347713296409e+01 1.677036853468903388e+01 1.767328935297894787e+01
2.583587689490190239e-04 1.212058468931020094e+01 1.674146337779037452e+01 1.762508722645822345e+01
2.672676920162266176e-04 1.210669590115352712e+01 1.671255822155953652e+01 1.757688510018793338e+01
2.761766150834341570e-04 1.209280711316380952e+01 1.668365306507826418e+01 1.752868297366720896e+01
2.850855381506416965e-04 1.207891832534104459e+01 1.665474790851351372e+01 1.748048084756387155e+01
2.939944612178492359e-04 1.206502953726784888e+01 1.662584275194876327e+01 1.743227872121010336e+01
3.029033842850567754e-04 1.205114074936160939e+01 1.659693759580140338e+01 1.738407659468937894e+01
3.118123073522643691e-04 1.203725196137189002e+01 1.656803243890274047e+01 1.733587446841908886e+01
3.207212304194719085e-04 1.202336317363260498e+01 1.653912728250494624e+01 1.728767234173140821e+01
3.296301534866794480e-04 1.200947438547593116e+01 1.651022212610715201e+01 1.723947021579502703e+01
3.385390765538870417e-04 1.199558559773664435e+01 1.648131696970935778e+01 1.719126808877344104e+01
3.474479996210945811e-04 1.198169680991388120e+01 1.645241181289417653e+01 1.714306596258662552e+01
3.563569226883021206e-04 1.196780802159025292e+01 1.642350665657985687e+01 1.709486383673372245e+01
3.652658457555096601e-04 1.195391923385096788e+01 1.639460150026554075e+01 1.704666171054690693e+01
3.741747688227171995e-04 1.194003044594472662e+01 1.636569634378426841e+01 1.699845958385922984e+01
3.830836918899247932e-04 1.192614165812196347e+01 1.633679118705256172e+01 1.695025745767241432e+01
3.919926149571323327e-04 1.191225287004876598e+01 1.630788603040433671e+01 1.690205533098473722e+01
4.009015380243398721e-04 1.189836408197557027e+01 1.627898087392306437e+01 1.685385320429706013e+01
4.098104610915474658e-04 1.188447529406932901e+01 1.625007571760874825e+01 1.680565107794328839e+01
4.187193841587550053e-04 1.187058650624656586e+01 1.622117056129442858e+01 1.675744895183995453e+01
4.276283072259625447e-04 1.185669771834032460e+01 1.619226540439576922e+01 1.670924682523575200e+01
4.365372302931700842e-04 1.184280893018365255e+01 1.616336024783101877e+01 1.666104469921589271e+01
4.454461533603776236e-04 1.182892014269479830e+01 1.613445509185061155e+01 1.661284257319603341e+01
4.543550764275852173e-04 1.181503135453812448e+01 1.610554993520238654e+01 1.656464044717617412e+01
4.632639994947927568e-04 1.180114256663188499e+01 1.607664477838720174e+01 1.651643831940328866e+01
4.721729225620002962e-04 1.178725377864216561e+01 1.604773962207288562e+01 1.646823619363386371e+01
4.810818456292078899e-04 1.177336499040201545e+01 1.601883446575856951e+01 1.642003406744704819e+01
4.899907686964153752e-04 1.175947620282968309e+01 1.598992930919381905e+01 1.637183194067589298e+01
4.988996917636229688e-04 1.174558741492344360e+01 1.596102415296297750e+01 1.632362981465603369e+01
5.078086148308305625e-04 1.173169862701720234e+01 1.593211899606431814e+01 1.627542768855269983e+01
5.167175378980380478e-04 1.171780983927791553e+01 1.590321383908218245e+01 1.622722556161458840e+01
5.256264609652456414e-04 1.170392105112124348e+01 1.587430868360263858e+01 1.617902343567820722e+01
5.345353840324532351e-04 1.169003226313152410e+01 1.584540352662050111e+01 1.613082130899052657e+01
5.434443070996607204e-04 1.167614347497485028e+01 1.581649836972184175e+01 1.608261918246980215e+01
5.523532301668683140e-04 1.166225468698513268e+01 1.578759321365795643e+01 1.603441705611603396e+01
5.612621532340757993e-04 1.164836589882845885e+01 1.575868805734364031e+01 1.598621493009617645e+01
5.701710763012833930e-04 1.163447711142308272e+01 1.572978290061193540e+01 1.593801280374240825e+01
5.790799993684909866e-04 1.162058832326640889e+01 1.570087774438109562e+01 1.588981067697125127e+01
5.879889224356984719e-04 1.160669953519321318e+01 1.567197258739895815e+01 1.584160855120182454e+01
5.968978455029060656e-04 1.159281074787131516e+01 1.564306743133507283e+01 1.579340642493153446e+01
6.058067685701135508e-04 1.157892195954768688e+01 1.561416227510423305e+01 1.574520429816037748e+01
6.147156916373211445e-04 1.156503317205883263e+01 1.558525711795514113e+01 1.569700217180660928e+01
6.236246147045287382e-04 1.155114438348477179e+01 1.555635196139039067e+01 1.564880004545283931e+01
6.325335377717362234e-04 1.153725559549505419e+01 1.552744680557693790e+01 1.560059791843125154e+01
6.414424608389438171e-04 1.152336680792272361e+01 1.549854164851132410e+01 1.555239579207748335e+01
6.503513839061514108e-04 1.150947801976604978e+01 1.546963649186309731e+01 1.550419366680892175e+01
6.592603069733588960e-04 1.149558923169285407e+01 1.544073133571573386e+01 1.545599154020471921e+01
6.681692300405664897e-04 1.148170044420399982e+01 1.541182617898402896e+01 1.540778941418486170e+01
6.770781531077740834e-04 1.146781165621428222e+01 1.538292102292014540e+01 1.535958728624502001e+01
6.859870761749815686e-04 1.145392286797413028e+01 1.535401586635539495e+01 1.531138516097645841e+01
6.948959992421891623e-04 1.144003408073571038e+01 1.532511070945673559e+01 1.526318303378791619e+01
7.038049223093966475e-04 1.142614529249555844e+01 1.529620555280850880e+01 1.521498090851935459e+01
7.127138453766042412e-04 1.141225650383802126e+01 1.526730039666114536e+01 1.516677878216558462e+01
7.216227684438118349e-04 1.139836771643264512e+01 1.523839523992944045e+01 1.511857665514399685e+01
7.305316915110193201e-04 1.138447892844292575e+01 1.520949008394903323e+01 1.507037452979195713e+01
7.394406145782269138e-04 1.137059014062016260e+01 1.518058492730080644e+01 1.502217240210254978e+01
7.483495376454343991e-04 1.135670135263044500e+01 1.515167977106996666e+01 1.497397027633312305e+01
7.572584607126419927e-04 1.134281256489115819e+01 1.512277461458869432e+01 1.492576814922805717e+01
7.661673837798495864e-04 1.132892377681796248e+01 1.509386945760655685e+01 1.487756602404297190e+01
7.750763068470570717e-04 1.131503498907867566e+01 1.506496430087485194e+01 1.482936389752224926e+01
7.839852299142646653e-04 1.130114620100547995e+01 1.503605914431010326e+01 1.478116177058413783e+01
7.928941529814722590e-04 1.128725741276532979e+01 1.500715398791230726e+01 1.473295964397993707e+01
8.018030760486797442e-04 1.127336862469213408e+01 1.497824883126408047e+01 1.468475751729225820e+01
8.107119991158873379e-04 1.125947983711980172e+01 1.494934367561758215e+01 1.463655539177326403e+01
8.196209221830949316e-04 1.124559104904660600e+01 1.492043851863544646e+01 1.458835326466819815e+01
8.285298452503024168e-04 1.123170226130732097e+01 1.489153336248808301e+01 1.454015113965006911e+01
8.374387683175100105e-04 1.121781347323412525e+01 1.486262820600681067e+01 1.449194901246152511e+01
8.463476913847174958e-04 1.120392468507745143e+01 1.483372304885771875e+01 1.444374688744339608e+01
8.552566144519250894e-04 1.119003589742164273e+01 1.480481789229296830e+01 1.439554475933659994e+01
8.641655375191326831e-04 1.117614710984931214e+01 1.477591273631256108e+01 1.434734263264892284e+01
8.730744605863401684e-04 1.116225832127525130e+01 1.474700757916346916e+01 1.429914050721340502e+01
8.819833836535477620e-04 1.114836953303510114e+01 1.471810242360044896e+01 1.425093838052572615e+01
