0.000000000000000000e+00 1.245075890291865051e+01 1.743709326221974720e+01 1.880266336775511249e+01
2.010050251256281229e+00 1.245069091954128382e+01 1.743695082095304727e+01 1.880242421893370519e+01
4.020100502512562457e+00 1.245048908815065047e+01 1.743652792872098445e+01 1.880171419044372172e+01
6.030150753768843686e+00 1.245015968758754532e+01 1.743583772003441013e+01 1.880055527350431888e+01
8.040201005025124914e+00 1.244971130142201687e+01 1.743489815147977851e+01 1.879897753277392880e+01
1.005025125628140614e+01 1.244915338155666973e+01 1.743372899594616499e+01 1.879701407366101407e+01
1.206030150753768737e+01 1.244849533339717063e+01 1.743234992873749079e+01 1.879469783762431589e+01
1.407035175879396860e+01 1.244774603518900413e+01 1.743077952208649251e+01 1.879205991901675077e+01
1.608040201005024983e+01 1.244691363015860475e+01 1.742903481107192221e+01 1.878912883732892780e+01
1.809045226130653106e+01 1.244600547058345441e+01 1.742713117516401766e+01 1.878593034034928166e+01
2.010050251256281229e+01 1.244502813907883088e+01 1.742508238430407275e+01 1.878248747971116472e+01
2.211055276381909351e+01 1.244398750552944222e+01 1.742290071702504761e+01 1.877882080948574384e+01
2.412060301507537474e+01 1.244288879729396768e+01 1.742059710745536449e+01 1.877494863244050904e+01
2.613065326633165597e+01 1.244173667066177025e+01 1.741818129516096647e+01 1.877088725055513407e+01
2.814070351758793720e+01 1.244053527880354793e+01 1.741566196739090699e+01 1.876665120309920809e+01
3.015075376884421843e+01 1.243928833354465446e+01 1.741304688721526261e+01 1.876225348167016449e+01
3.216080402010049966e+01 1.243799915979240822e+01 1.741034300839010385e+01 1.875770572185754759e+01
3.417085427135678088e+01 1.243667074311824372e+01 1.740755657519655841e+01 1.875301837094922064e+01
3.618090452261306211e+01 1.243530577208078469e+01 1.740469320950779419e+01 1.874820083326564202e+01
3.819095477386934334e+01 1.243390667362029056e+01 1.740175798675350549e+01 1.874326159729602637e+01
4.020100502512562457e+01 1.243247564478008549e+01 1.739875550044801145e+01 1.873820834438601324e+01
4.221105527638190580e+01 1.243101467941935390e+01 1.739568991912185325e+01 1.873304804315066363e+01
4.422110552763818703e+01 1.242952559158682568e+01 1.739256503557353284e+01 1.872778703203367812e+01
4.623115577889446826e+01 1.242801003597275589e+01 1.738938430844125449e+01 1.872243108934499389e+01
4.824120603015074948e+01 1.242646952560614793e+01 1.738615089943390402e+01 1.871698549536799661e+01
5.025125628140703071e+01 1.242490544663026064e+01 1.738286770572027962e+01 1.871145508586859663e+01
5.226130653266331194e+01 1.242331907241030109e+01 1.737953738722623598e+01 1.870584429867563614e+01
5.427135678391959317e+01 1.242171157455244845e+01 1.737616239167792287e+01 1.870015721458484848e+01
5.628140703517587440e+01 1.242008403375593240e+01 1.737274497572157017e+01 1.869439759317070227e+01
5.829145728643215563e+01 1.241843744832772067e+01 1.736928722387288815e+01 1.868856890442434349e+01
6.030150753768843686e+01 1.241677274269722808e+01 1.736579106521254801e+01 1.868267435596725434e+01
6.231155778894471808e+01 1.241509077384408499e+01 1.736225828816169781e+01 1.867671691809449896e+01
6.432160804020099931e+01 1.241339233797632069e+01 1.735869055325402144e+01 1.867069934497797945e+01
6.633165829145727344e+01 1.241167817570598331e+01 1.735508940448865189e+01 1.866462419445061371e+01
6.834170854271356177e+01 1.240994897747516035e+01 1.735145628043269639e+01 1.865849384453487403e+01
7.035175879396985010e+01 1.240820538764638314e+01 1.734779252256897664e+01 1.865231050905305210e+01
7.236180904522612423e+01 1.240644800800867564e+01 1.734409938364376202e+01 1.864607625165148974e+01
7.437185929648239835e+01 1.240467740220186244e+01 1.734037803551366963e+01 1.863979299815523660e+01
7.638190954773868668e+01 1.240289409822089262e+01 1.733662957498907176e+01 1.863346254708622141e+01
7.839195979899497502e+01 1.240109859142102700e+01 1.733285503059578403e+01 1.862708658093269065e+01
8.040201005025124914e+01 1.239929134718911641e+01 1.732905536691587400e+01 1.862066667441349210e+01
8.241206030150752326e+01 1.239747280311401667e+01 1.732523149051458944e+01 1.861420430366058554e+01
8.442211055276381160e+01 1.239564337099004909e+01 1.732138425336290766e+01 1.860770085364854864e+01
8.643216080402009993e+01 1.239380343923784622e+01 1.731751445784619037e+01 1.860115762520667460e+01
8.844221105527637405e+01 1.239195337407303299e+01 1.731362285918503829e+01 1.859457584178064593e+01
9.045226130653264818e+01 1.239009352117578189e+01 1.730971016994307377e+01 1.858795665552640131e+01
9.246231155778893651e+01 1.238822420744383379e+01 1.730577706228081780e+01 1.858130115290310513e+01
9.447236180904522485e+01 1.238634574199423000e+01 1.730182417121132588e+01 1.857461035959833495e+01
9.648241206030149897e+01 1.238445841733200048e+01 1.729785209677059399e+01 1.856788524562020726e+01
9.849246231155777309e+01 1.238256251060231783e+01 1.729386140660536952e+01 1.856112672997209501e+01
1.005025125628140614e+02 1.238065828475918906e+01 1.728985263856094079e+01 1.855433568399175215e+01
1.025125628140703498e+02 1.237874598923326985e+01 1.728582630184982349e+01 1.854751293619299446e+01
1.045226130653266239e+02 1.237682586059968770e+01 1.728178287963956805e+01 1.854065927502044531e+01
1.065326633165828980e+02 1.237489812391368282e+01 1.727772283072231119e+01 1.853377545277299632e+01
1.085427135678391863e+02 1.237296299312798809e+01 1.727364659068344821e+01 1.852686218785768801e+01
1.105527638190954747e+02 1.237102067176065745e+01 1.726955457423900953e+01 1.851992016854619649e+01
1.125628140703517488e+02 1.236907135347940390e+01 1.726544717582000388e+01 1.851295005472785604e+01
1.145728643216080229e+02 1.236711522293637344e+01 1.726132477149240074e+01 1.850595248091486056e+01
1.165829145728643113e+02 1.236515245610205405e+01 1.725718771995885703e+01 1.849892805782832284e+01
1.185929648241205996e+02 1.236318322076614784e+01 1.725303636372739291e+01 1.849187737490260020e+01
1.206030150753768737e+02 1.236120767728885816e+01 1.724887103019662149e+01 1.848480100187137509e+01
1.226130653266331478e+02 1.235922597868437300e+01 1.724469203282440688e+01 1.847769949035371795e+01
1.246231155778894362e+02 1.235723827103825201e+01 1.724049967204614475e+01 1.847057337560711332e+01
1.266331658291457245e+02 1.235524469459263130e+01 1.723629423602602628e+01 1.846342317752919726e+01
1.286432160804019986e+02 1.235324538307840392e+01 1.723207600140836249e+01 1.845624940216034204e+01
1.306532663316582727e+02 1.235124046488390803e+01 1.722784523448626004e+01 1.844905254285235685e+01
1.326633165829145469e+02 1.234923006288796721e+01 1.722360219178595742e+01 1.844183308093628071e+01
1.346733668341708494e+02 1.234721429521119163e+01 1.721934712023379177e+01 1.843459148689109384e+01
1.366834170854271235e+02 1.234519327488206564e+01 1.721508025874225822e+01 1.842732822084456856e+01
1.386934673366833977e+02 1.234316711083867446e+01 1.721080183795958263e+01 1.842004373357499958e+01
1.407035175879397002e+02 1.234113590776175684e+01 1.720651208110449915e+01 1.841273846692859451e+01
1.427135678391959743e+02 1.233909976615817783e+01 1.720221120488449884e+01 1.840541285457076626e+01
1.447236180904522485e+02 1.233705878311222648e+01 1.719789941907844977e+01 1.839806732198614370e+01
1.467336683417085226e+02 1.233501305211865784e+01 1.719357692770526214e+01 1.839070228739680601e+01
1.487437185929647967e+02 1.233296266324965806e+01 1.718924392935782564e+01 1.838331816217969461e+01
1.507537688442210992e+02 1.233090770373916989e+01 1.718490061720298101e+01 1.837591535028224854e+01
1.527638190954773734e+02 1.232884825756552516e+01 1.718054717956588817e+01 1.836849424980847800e+01
1.547738693467336475e+02 1.232678440645315554e+01 1.717618380034739189e+01 1.836105525193377375e+01
1.567839195979899500e+02 1.232471622895435459e+01 1.717181065910751414e+01 1.835359874207357933e+01
1.587939698492462242e+02 1.232264380161795359e+01 1.716742793131588130e+01 1.834612509971643846e+01
1.608040201005024983e+02 1.232056719857194160e+01 1.716303578876911473e+01 1.833863469817356417e+01
1.628140703517587724e+02 1.231848649177388921e+01 1.715863439975776927e+01 1.833112790516317148e+01
1.648241206030150465e+02 1.231640175117791181e+01 1.715422392914983973e+01 1.832360508306092584e+01
1.668341708542713491e+02 1.231431304465118259e+01 1.714980453880812306e+01 1.831606658806515853e+01
1.688442211055276232e+02 1.231222043855828652e+01 1.714537638742327630e+01 1.830851277136555666e+01
1.708542713567838973e+02 1.231012399742730068e+01 1.714093963101467466e+01 1.830094397839185305e+01
1.728643216080401999e+02 1.230802378411675413e+01 1.713649442276345880e+01 1.829336054906427478e+01
1.748743718592964740e+02 1.230591985998258409e+01 1.713204091334645085e+01 1.828576281829440120e+01
1.768844221105527481e+02 1.230381228504508151e+01 1.712757925093614730e+01 1.827815111498343370e+01
1.788944723618090222e+02 1.230170111782195086e+01 1.712310958145114981e+01 1.827052576310740406e+01
1.809045226130652964e+02 1.229958641582916101e+01 1.711863204847269415e+01 1.826288708113282766e+01
1.829145728643215989e+02 1.229746823491313634e+01 1.711414679324464672e+01 1.825523538201671059e+01
1.849246231155778730e+02 1.229534663025247987e+01 1.710965395509088793e+01 1.824757097354045854e+01
1.869346733668341471e+02 1.229322165577362824e+01 1.710515367108141760e+01 1.823989415805943537e+01
1.889447236180904497e+02 1.229109336423434229e+01 1.710064607653319513e+01 1.823220523250297731e+01
1.909547738693467238e+02 1.228896180747412359e+01 1.709613130450930285e+01 1.822450448854133498e+01
1.929648241206029979e+02 1.228682703641422336e+01 1.709160948640325728e+01 1.821679221275263671e+01
1.949748743718592721e+02 1.228468910114111878e+01 1.708708075160513218e+01 1.820906868595506722e+01
1.969849246231155462e+02 1.228254805090651480e+01 1.708254522758500826e+01 1.820133418395815639e+01
1.989949748743718487e+02 1.228040393387690621e+01 1.707800304022689630e+01 1.819358897731236624e+01
2.010050251256281229e+02 1.227825679780140078e+01 1.707345431349483533e+01 1.818583333130906610e+01
2.030150753768843970e+02 1.227610668951085415e+01 1.706889916951634589e+01 1.817806750589707221e+01
2.050251256281406995e+02 1.227395365516830417e+01 1.706433772899984191e+01 1.817029175593308210e+01
2.070351758793969736e+02 1.227179774001853652e+01 1.705977011056679515e+01 1.816250633109818224e+01
2.090452261306532478e+02 1.226963898888894455e+01 1.705519643133608199e+01 1.815471147606481495e+01
2.110552763819095219e+02 1.226747744585563105e+01 1.705061680659008516e+01 1.814690743016286234e+01
2.130653266331657960e+02 1.226531315449383186e+01 1.704603135010858139e+01 1.813909442788051507e+01
2.150753768844220986e+02 1.226314615754400528e+01 1.704144017391832477e+01 1.813127269886427584e+01
2.170854271356783727e+02 1.226097649732922612e+01 1.703684338837651779e+01 1.812344246725112384e+01
2.190954773869346468e+02 1.225880421558822597e+01 1.703224110233777822e+01 1.811560395292070069e+01
2.211055276381909493e+02 1.225662935330843695e+01 1.702763342290368342e+01 1.810775737057704049e+01
2.231155778894472235e+02 1.225445195122686215e+01 1.702302045550626985e+01 1.809990292991551897e+01
2.251256281407034976e+02 1.225227204932920522e+01 1.701840230399150045e+01 1.809204083654113404e+01
2.271356783919597717e+02 1.225008968718378277e+01 1.701377907078622442e+01 1.808417129079979091e+01
2.291457286432160458e+02 1.224790490360761552e+01 1.700915085656425418e+01 1.807629448861309385e+01
2.311557788944723484e+02 1.224571773725076795e+01 1.700451776024639017e+01 1.806841062156182076e+01
2.331658291457286225e+02 1.224352822609548674e+01 1.699987987958473568e+01 1.806051987638505096e+01
2.351758793969848966e+02 1.224133640762315167e+01 1.699523731049490038e+01 1.805262243564799718e+01
2.371859296482411992e+02 1.223914231889775373e+01 1.699059014730640627e+01 1.804471847749156055e+01
2.391959798994974733e+02 1.223694599639894776e+01 1.698593848284620123e+01 1.803680817579929752e+01
2.412060301507537474e+02 1.223474747610551638e+01 1.698128240860557980e+01 1.802889170028089083e+01
2.432160804020100215e+02 1.223254679374581499e+01 1.697662201415585770e+01 1.802096921647214245e+01
2.452261306532662957e+02 1.223034398454733385e+01 1.697195738798314579e+01 1.801304088581846585e+01
2.472361809045225982e+02 1.222813908290278562e+01 1.696728861665357257e+01 1.800510686592530973e+01
2.492462311557788723e+02 1.222593212328836110e+01 1.696261578556458360e+01 1.799716731022425265e+01
2.512562814070351465e+02 1.222372313942895872e+01 1.695793897836059472e+01 1.798922236855733559e+01
2.532663316582914490e+02 1.222151216463208279e+01 1.695325827760081339e+01 1.798127218675968564e+01
2.552763819095477231e+02 1.221929923170437782e+01 1.694857376392447179e+01 1.797331690732733023e+01
2.572864321608039972e+02 1.221708437328552854e+01 1.694388551671863397e+01 1.796535666883286098e+01
2.592964824120602998e+02 1.221486762118045100e+01 1.693919361420168102e+01 1.795739160634280296e+01
2.613065326633165455e+02 1.221264900719405766e+01 1.693449813275549687e+01 1.794942185141764668e+01
2.633165829145728480e+02 1.221042856229648699e+01 1.692979914750979020e+01 1.794144753252919955e+01
2.653266331658290937e+02 1.220820631729092298e+01 1.692509673234211931e+01 1.793346877430931485e+01
2.673366834170853963e+02 1.220598230256315908e+01 1.692039095954396544e+01 1.792548569871856401e+01
2.693467336683416988e+02 1.220375654783117447e+01 1.691568190023812690e+01 1.791749842404451343e+01
2.713567839195979445e+02 1.220152908272946846e+01 1.691096962412828120e+01 1.790950706565300976e+01
2.733668341708542471e+02 1.219929993630819709e+01 1.690625419941552110e+01 1.790151173590472311e+01
2.753768844221105496e+02 1.219706913711665131e+01 1.690153569329919847e+01 1.789351254423860738e+01
2.773869346733667953e+02 1.219483671345369125e+01 1.689681417164303312e+01 1.788550959692146591e+01
2.793969849246230979e+02 1.219260269320079182e+01 1.689208969872466781e+01 1.787750299763230899e+01
2.814070351758794004e+02 1.219036710357160302e+01 1.688736233782002216e+01 1.786949284729539045e+01
2.834170854271356461e+02 1.218812997186325475e+01 1.688263215086937663e+01 1.786147924399672604e+01
2.854271356783919487e+02 1.218589132453810286e+01 1.687789919881127076e+01 1.785346228315105677e+01
2.874371859296481944e+02 1.218365118797502866e+01 1.687316354099818483e+01 1.784544205783575066e+01
2.894472361809044969e+02 1.218140958796856310e+01 1.686842523594781795e+01 1.783741865837342644e+01
2.914572864321607994e+02 1.217916654989585723e+01 1.686368434059179933e+01 1.782939217283280087e+01
2.934673366834170452e+02 1.217692209888362775e+01 1.685894091111046578e+01 1.782136268661131950e+01
2.954773869346733477e+02 1.217467625972467893e+01 1.685419500234850076e+01 1.781333028318644907e+01
2.974874371859295934e+02 1.217242905654399898e+01 1.684944666823235337e+01 1.780529504336436375e+01
2.994974874371858959e+02 1.217018051346657259e+01 1.684469596110238854e+01 1.779725704594779856e+01
3.015075376884421985e+02 1.216793065411652286e+01 1.683994293279810961e+01 1.778921636765253211e+01
3.035175879396984442e+02 1.216567950136667520e+01 1.683518763365642812e+01 1.778117308294046595e+01
3.055276381909547467e+02 1.216342707842376392e+01 1.683043011317947801e+01 1.777312726435351564e+01
3.075376884422110493e+02 1.216117340757626941e+01 1.682567041978418843e+01 1.776507898226317650e+01
3.095477386934672950e+02 1.215891851094572118e+01 1.682090860096923635e+01 1.775702830520445019e+01
3.115577889447235975e+02 1.215666241040321438e+01 1.681614470298113062e+01 1.774897529995930157e+01
3.135678391959799001e+02 1.215440512731897726e+01 1.681137877131509484e+01 1.774092003122276751e+01
3.155778894472361458e+02 1.215214668264585463e+01 1.680661085054808979e+01 1.773286256202032973e+01
3.175879396984924483e+02 1.214988709733668948e+01 1.680184098408839688e+01 1.772480295370792547e+01
3.195979899497486940e+02 1.214762639159302715e+01 1.679706921442604184e+01 1.771674126588846221e+01
3.216080402010049966e+02 1.214536458553293485e+01 1.679229558338323613e+01 1.770867755641181773e+01
3.236180904522612991e+02 1.214310169885709634e+01 1.678752013178046099e+01 1.770061188162528509e+01
3.256281407035175448e+02 1.214083775109923380e+01 1.678274289935298214e+01 1.769254429629007319e+01
3.276381909547738474e+02 1.213857276120873685e+01 1.677796392533521086e+01 1.768447485374828076e+01
3.296482412060300931e+02 1.213630674788455188e+01 1.677318324787634651e+01 1.767640360558898394e+01
3.316582914572863956e+02 1.213403972957519983e+01 1.676840090412386175e+01 1.766833060239952502e+01
3.336683417085426981e+02 1.213177172456224540e+01 1.676361693105826944e+01 1.766025589284726038e+01
3.356783919597989438e+02 1.212950275054291005e+01 1.675883136415749064e+01 1.765217952451434513e+01
3.376884422110552464e+02 1.212723282496398447e+01 1.675404423848206292e+01 1.764410154389772245e+01
3.396984924623115489e+02 1.212496196518877767e+01 1.674925558817426463e+01 1.763602199574132001e+01
3.417085427135677946e+02 1.212269018791278619e+01 1.674446544687551608e+01 1.762794092378732103e+01
3.437185929648240972e+02 1.212041750999845391e+01 1.673967384714202566e+01 1.761985837060923288e+01
3.457286432160803997e+02 1.211814394764041225e+01 1.673488082102914021e+01 1.761177437736144569e+01
3.477386934673366454e+02 1.211586951694980741e+01 1.673008639992438162e+01 1.760368898436357199e+01
3.497487437185929480e+02 1.211359423370388200e+01 1.672529061438050491e+01 1.759560223051611416e+01
3.517587939698491937e+02 1.211131811326248808e+01 1.672049349444939637e+01 1.758751415388478634e+01
3.537688442211054962e+02 1.210904117115243395e+01 1.671569506918121206e+01 1.757942479119967771e+01
3.557788944723617988e+02 1.210676342189879939e+01 1.671089536737567727e+01 1.757133417852304902e+01
3.577889447236180445e+02 1.210448488044404769e+01 1.670609441699773967e+01 1.756324235058152894e+01
3.597989949748743470e+02 1.210220556122978053e+01 1.670129224551148539e+01 1.755514934135043958e+01
3.618090452261305927e+02 1.209992547836369070e+01 1.669648887946274840e+01 1.754705518371990536e+01
3.638190954773868953e+02 1.209764464570303488e+01 1.669168434523040645e+01 1.753895990982874764e+01
3.658291457286431978e+02 1.209536307702159696e+01 1.668687866827508159e+01 1.753086355064710133e+01
3.678391959798994435e+02 1.209308078567576672e+01 1.668207187364001953e+01 1.752276613656076876e+01
3.698492462311557460e+02 1.209079778477151024e+01 1.667726398578411207e+01 1.751466769712076399e+01
3.718592964824120486e+02 1.208851408749826284e+01 1.667245502858191131e+01 1.750656826079291051e+01
3.738693467336682943e+02 1.208622970629416749e+01 1.666764502549058946e+01 1.749846785545867434e+01
3.758793969849245968e+02 1.208394465376432336e+01 1.666283399929949383e+01 1.749036650808127646e+01
3.778894472361808994e+02 1.208165894217991365e+01 1.665802197238057758e+01 1.748226424503959819e+01
3.798994974874371451e+02 1.207937258347821796e+01 1.665320896652146487e+01 1.747416109196121781e+01
3.819095477386934476e+02 1.207708558951303601e+01 1.664839500317586030e+01 1.746605707372242122e+01
3.839195979899496933e+02 1.207479797172077873e+01 1.664358010312965419e+01 1.745795221419775700e+01
3.859296482412059959e+02 1.207250974178829139e+01 1.663876428675134278e+01 1.744984653726178792e+01
3.879396984924622984e+02 1.207022091073459791e+01 1.663394757415900216e+01 1.744174006570385416e+01
3.899497487437185441e+02 1.206793148949524763e+01 1.662912998463591663e+01 1.743363282147852900e+01
3.919597989949748467e+02 1.206564148883883369e+01 1.662431153738191014e+01 1.742552482645691114e+01
3.939698492462310924e+02 1.206335091920003677e+01 1.661949225101245275e+01 1.741741610159184006e+01
3.959798994974873949e+02 1.206105979126397187e+01 1.661467214372563461e+01 1.740930666725181908e+01
3.979899497487436975e+02 1.205876811496445988e+01 1.660985123338562985e+01 1.740119654338796096e+01
4.000000000000000000e+02 1.205647590031879268e+01 1.660502953718879482e+01 1.739308574920008255e+01
