2.000000000000000000e+02 1.228622080739022593e+01 1.708996286357714212e+01 1.821325277862461434e+01
2.020202020202020208e+02 1.228412241447269615e+01 1.708551732325258143e+01 1.820567343752226819e+01
2.040404040404040416e+02 1.228202112705764470e+01 1.708106554398945676e+01 1.819808423180474222e+01
2.060606060606060623e+02 1.227991699022290106e+01 1.707660764399184927e+01 1.819048541056877966e+01
2.080808080808080831e+02 1.227781004829499345e+01 1.707214373895952519e+01 1.818287721673380020e+01
2.101010101010101039e+02 1.227570034543350452e+01 1.706767394434180929e+01 1.817525988988011676e+01
2.121212121212121247e+02 1.227358792454584702e+01 1.706319837249937166e+01 1.816763366307680627e+01
2.141414141414141454e+02 1.227147282820552654e+01 1.705871713495810127e+01 1.815999876546949920e+01
2.161616161616161662e+02 1.226935509848518535e+01 1.705423034115694847e+01 1.815235542036040783e+01
2.181818181818181870e+02 1.226723477653921179e+01 1.704973809961661502e+01 1.814470384654396184e+01
2.202020202020202078e+02 1.226511190360547054e+01 1.704524051626999892e+01 1.813704425872419534e+01
2.222222222222222285e+02 1.226298651966966879e+01 1.704073769621522416e+01 1.812937686542780469e+01
2.242424242424242493e+02 1.226085866446707584e+01 1.703622974246348676e+01 1.812170187150848122e+01
2.262626262626262701e+02 1.225872837739905563e+01 1.703171675677380392e+01 1.811401947689475378e+01
2.282828282828282909e+02 1.225659569694871820e+01 1.702719883923565547e+01 1.810632987675692362e+01
2.303030303030303116e+02 1.225446066159917358e+01 1.702267608801853882e+01 1.809863326200794731e+01
2.323232323232323324e+02 1.225232330883180154e+01 1.701814859987283413e+01 1.809092981913647691e+01
2.343434343434343532e+02 1.225018367571059485e+01 1.701361647079761852e+01 1.808321972937207889e+01
2.363636363636363740e+02 1.224804179921606995e+01 1.700907979387026359e+01 1.807550317052175259e+01
2.383838383838383947e+02 1.224589771532701299e+01 1.700453866191771013e+01 1.806778031580122956e+01
2.404040404040404155e+02 1.224375146018916638e+01 1.699999316501213542e+01 1.806005133466976176e+01
2.424242424242424363e+02 1.224160306861262981e+01 1.699544339289181494e+01 1.805231639157794277e+01
2.444444444444444571e+02 1.223945257607532611e+01 1.699088943312460387e+01 1.804457564797118607e+01
2.464646464646464779e+02 1.223730001655258093e+01 1.698633137144185667e+01 1.803682925995234854e+01
2.484848484848484986e+02 1.223514542385276727e+01 1.698176929315754080e+01 1.802907738145387384e+01
2.505050505050505194e+02 1.223298883170078000e+01 1.697720328099781995e+01 1.802132016081520405e+01
2.525252525252525402e+02 1.223083027323717076e+01 1.697263341693756544e+01 1.801355774395494791e+01
2.545454545454545610e+02 1.222866978076771893e+01 1.696805978119861180e+01 1.800579027236740259e+01
2.565656565656565817e+02 1.222650738668168025e+01 1.696348245266716503e+01 1.799801788370690403e+01
2.585858585858586025e+02 1.222434312295091985e+01 1.695890150897726656e+01 1.799024071312346251e+01
2.606060606060606233e+02 1.222217702029514541e+01 1.695431702600992452e+01 1.798245889209407977e+01
2.626262626262626441e+02 1.222000910993492795e+01 1.694972907814356233e+01 1.797467254758797850e+01
2.646464646464646648e+02 1.221783942250649702e+01 1.694513773892181874e+01 1.796688180373614330e+01
2.666666666666666856e+02 1.221566798772782647e+01 1.694054307988488617e+01 1.795908678241567102e+01
2.686868686868687064e+02 1.221349483548384995e+01 1.693594517215555584e+01 1.795128760074543806e+01
2.707070707070707272e+02 1.221131999482472352e+01 1.693134408460273832e+01 1.794348437442520705e+01
2.727272727272727479e+02 1.220914349446669611e+01 1.692673988509361038e+01 1.793567721464696163e+01
2.747474747474747687e+02 1.220696536312601133e+01 1.692213263999274986e+01 1.792786623051573969e+01
2.767676767676767895e+02 1.220478562843370973e+01 1.691752241499692389e+01 1.792005152729662498e+01
2.787878787878788103e+02 1.220260431835474435e+01 1.691290927371595743e+01 1.791223320900253313e+01
2.808080808080808310e+02 1.220042145968537817e+01 1.690829327909185764e+01 1.790441137505512259e+01
2.828282828282828518e+02 1.219823707947230673e+01 1.690367449281446710e+01 1.789658612404127780e+01
2.848484848484848726e+02 1.219605120392745867e+01 1.689905297457017141e+01 1.788875755012357160e+01
2.868686868686868934e+02 1.219386385917927385e+01 1.689442878412883431e+01 1.788092574596198858e+01
2.888888888888889142e+02 1.219167507077185952e+01 1.688980197900642821e+01 1.787309080137828232e+01
2.909090909090909349e+02 1.218948486408236320e+01 1.688517261596762609e+01 1.786525280410726069e+01
2.929292929292929557e+02 1.218729326356968201e+01 1.688054075102580853e+01 1.785741183904550056e+01
2.949494949494949765e+02 1.218510029402662020e+01 1.687590643777349797e+01 1.784956798841831116e+01
2.969696969696969973e+02 1.218290597974512046e+01 1.687126973030409971e+01 1.784172133369968805e+01
2.989898989898989612e+02 1.218071034393191709e+01 1.686663068045711000e+01 1.783387195294105965e+01
3.010101010101010388e+02 1.217851341012765509e+01 1.686198933965464875e+01 1.782601992160605420e+01
3.030303030303030027e+02 1.217631520153906699e+01 1.685734575739885344e+01 1.781816531373917911e+01
3.050505050505050804e+02 1.217411574062159296e+01 1.685269998335881070e+01 1.781030820229973344e+01
3.070707070707070443e+02 1.217191504966371340e+01 1.684805206545058454e+01 1.780244865674097099e+01
3.090909090909091219e+02 1.216971315020261457e+01 1.684340205033807436e+01 1.779458674467963419e+01
3.111111111111110858e+02 1.216751006452677863e+01 1.683874998426779612e+01 1.778672253273073522e+01
3.131313131313131635e+02 1.216530581342209238e+01 1.683409591231758284e+01 1.777885608533888018e+01
3.151515151515151274e+02 1.216310041759096805e+01 1.682943987839657396e+01 1.777098746511216021e+01
3.171717171717172050e+02 1.216089389790277053e+01 1.682478192591305444e+01 1.776311673240478228e+01
3.191919191919191690e+02 1.215868627439209071e+01 1.682012209660575053e+01 1.775524394640226689e+01
3.212121212121212466e+02 1.215647756667613244e+01 1.681546043212992103e+01 1.774736916478754267e+01
3.232323232323232105e+02 1.215426779470600849e+01 1.681079697263821870e+01 1.773949244374093936e+01
3.252525252525252881e+02 1.215205697734762680e+01 1.680613175828331052e+01 1.773161383743932973e+01
3.272727272727272521e+02 1.214984513371732433e+01 1.680146482721438872e+01 1.772373339822308580e+01
3.292929292929293297e+02 1.214763228209666579e+01 1.679679621707979820e+01 1.771585117834909440e+01
3.313131313131312936e+02 1.214541844110112656e+01 1.679212596552786607e+01 1.770796722648471899e+01
3.333333333333333712e+02 1.214320362834445177e+01 1.678745410778608615e+01 1.770008159196513731e+01
3.353535353535353352e+02 1.214098786160733745e+01 1.678278068058453698e+01 1.769219432153773397e+01
3.373737373737374128e+02 1.213877115816961982e+01 1.677810571764812053e+01 1.768430546144901427e+01
3.393939393939393767e+02 1.213655353514418067e+01 1.677342925295215537e+01 1.767641505619247155e+01
3.414141414141414543e+02 1.213433500897607686e+01 1.676875131972067834e+01 1.766852314909290556e+01
3.434343434343434183e+02 1.213211559627732505e+01 1.676407195059337596e+01 1.766062978188904964e+01
3.454545454545454959e+02 1.212989531332603121e+01 1.675939117720820093e+01 1.765273499523442879e+01
3.474747474747474598e+02 1.212767417581595630e+01 1.675470903028486802e+01 1.764483882944865201e+01
3.494949494949495374e+02 1.212545219969129739e+01 1.675002553995873456e+01 1.763694132351569976e+01
3.515151515151515014e+02 1.212322939972756330e+01 1.674534073653212118e+01 1.762904251441608494e+01
3.535353535353535790e+02 1.212100579161851854e+01 1.674065464838736261e+01 1.762114243871293695e+01
3.555555555555555429e+02 1.211878138947185413e+01 1.673596730390680065e+01 1.761324113213461118e+01
3.575757575757576205e+02 1.211655620806308065e+01 1.673127873088843032e+01 1.760533862890686407e+01
3.595959595959595845e+02 1.211433026166684179e+01 1.672658895637894361e+01 1.759743496283806863e+01
3.616161616161616621e+02 1.211210356447431025e+01 1.672189800717461239e+01 1.758953016673486758e+01
3.636363636363636260e+02 1.210987612992535567e+01 1.671720590840214626e+01 1.758162427156739938e+01
3.656565656565657036e+02 1.210764797179375662e+01 1.671251268593956496e+01 1.757371730880667116e+01
3.676767676767676676e+02 1.210541910326895731e+01 1.670781836449619462e+01 1.756580930825412779e+01
3.696969696969697452e+02 1.210318953737343683e+01 1.670312296777963113e+01 1.755790029845907085e+01
3.717171717171717091e+02 1.210095928654534170e+01 1.669842652008182071e+01 1.754999030855512743e+01
3.737373737373737868e+02 1.209872836380715100e+01 1.669372904444254146e+01 1.754207936567247827e+01
3.757575757575757507e+02 1.209649678126310057e+01 1.668903056239897609e+01 1.753416749685781895e+01
3.777777777777778283e+02 1.209426455101742270e+01 1.668433109724134056e+01 1.752625472707090992e+01
3.797979797979797922e+02 1.209203168509086801e+01 1.667963067017290868e+01 1.751834108277410706e+01
3.818181818181818699e+02 1.208979819508680720e+01 1.667492930197956724e+01 1.751042658809239683e+01
3.838383838383838338e+02 1.208756409227469675e+01 1.667022701369764093e+01 1.750251126648294786e+01
3.858585858585859114e+02 1.208532938825790382e+01 1.666552382544519162e+01 1.749459514198726851e+01
3.878787878787878753e+02 1.208309409322067829e+01 1.666081975600465270e+01 1.748667823639297225e+01
3.898989898989899530e+02 1.208085821918377611e+01 1.665611482624538908e+01 1.747876057223897917e+01
3.919191919191919169e+02 1.207862177608101284e+01 1.665140905353071332e+01 1.747084217047813226e+01
3.939393939393939377e+02 1.207638477401316379e+01 1.664670245672652982e+01 1.746292305197979289e+01
3.959595959595959584e+02 1.207414722391577655e+01 1.664199505453179384e+01 1.745500323669507736e+01
3.979797979797979792e+02 1.207190913563919032e+01 1.663728686355851494e+01 1.744708274440814222e+01
4.000000000000000000e+02 1.206967051861635731e+01 1.663257790108653111e+01 1.743916159490314755e+01
