7.195585208889922202e-02 0.000000000000000000e+00
7.195464348019786627e-02 -5.103932494504347162e+00
7.195340514140108334e-02 -5.182901327406908010e+00
7.195213610482323330e-02 -5.262187634614508447e+00
7.195083536355123544e-02 -5.341689096107182344e+00
7.194950186953719129e-02 -5.421292724241673078e+00
7.194813453158226124e-02 -5.500874046901094161e+00
7.194673221320517509e-02 -5.580296239538014902e+00
7.194529373038754949e-02 -5.659409207813917320e+00
7.194381784918796319e-02 -5.738048618405824364e+00
7.194230328321571388e-02 -5.816034879162147675e+00
7.194074869095523628e-02 -5.893172065595875253e+00
7.193915267293068960e-02 -5.969246797197798493e+00
7.193751376869990388e-02 -6.044027062826805796e+00
7.193583045366576390e-02 -6.117260998154073981e+00
7.193410113569261022e-02 -6.188675616419967440e+00
7.193232415151339099e-02 -6.257975499599267799e+00
7.193049776291335351e-02 -6.324841451024838967e+00
7.192862015267370568e-02 -6.388929120477101264e+00
7.192668942025837175e-02 -6.449867606621051408e+00
7.192470357722482999e-02 -6.507258049838373637e+00
7.192266054233883987e-02 -6.560672226759142411e+00
7.192055813637115991e-02 -6.609651161797895469e+00
7.191839407655226113e-02 -6.653703774481495081e+00
7.191616597065958461e-02 -6.692305581942237680e+00
7.191387131070864358e-02 -6.724897484434309014e+00
7.191150746621827183e-02 -6.750884657896730090e+00
7.190907167701635072e-02 -6.769635590267825798e+00
7.190656104555018246e-02 -6.780481296354654575e+00
7.190397252866223554e-02 -6.782714753926051721e+00
7.190130292878837981e-02 -6.775590608267529014e+00
7.189854888453242610e-02 -6.758325196137634272e+00
7.189570686056537263e-02 -6.730096949892364400e+00
7.189277313679424963e-02 -6.690047241996599503e+00
7.188974379673965243e-02 -6.637281740325775559e+00
7.188661471505544687e-02 -6.570872347909971545e+00
7.188338154411760828e-02 -6.489859806063366321e+00
7.188003969960256312e-02 -6.393257042738707874e+00
7.187658434496738136e-02 -6.280053352282241264e+00
7.187301037473539655e-02 -6.149219494278839626e+00
7.186931239648189362e-02 -5.999713797520866976e+00
7.186548471140291605e-02 -5.830489356045904792e+00
7.186152129333983618e-02 -5.640502394987559676e+00
7.185741576611789916e-02 -5.428721880869876060e+00
7.185316137904308731e-02 -5.194140435729556415e+00
7.184875098038542851e-02 -4.935786600040299454e+00
7.184417698865849800e-02 -4.652738469492516238e+00
7.183943136148426833e-02 -4.344138705030721859e+00
7.183450556181092406e-02 -4.009210883477201115e+00
7.182939052122447321e-02 -3.647277122437461383e+00
7.182407660006756567e-02 -3.257776868634413514e+00
7.181855354404678704e-02 -2.840286693311319777e+00
7.181281043697392008e-02 -2.394540885953086118e+00
7.180683564924605911e-02 -1.920452582243275419e+00
7.180061678162535932e-02 -1.418135103240805828e+00
7.179414060382706408e-02 -8.879231251207749809e-01
7.178739298736787344e-02 -3.303932403195060652e-01
7.178035883206204670e-02 2.536165818471975419e-01
7.177302198547949597e-02 8.629891733519269303e-01
7.176536515459770726e-02 1.496312558450786812e+00
7.175736980878666404e-02 2.151867153332824856e+00
7.174901607316022667e-02 2.827616374546586098e+00
7.174028261120878047e-02 3.521201239666170935e+00
7.173114649549290622e-02 4.229939503449764437e+00
7.172158306502590674e-02 4.950829806180325754e+00
7.171156576779971759e-02 5.680561217677228214e+00
7.170106598671416309e-02 6.415528439370215885e+00
7.169005284694843216e-02 7.151852780455995706e+00
7.167849300256363965e-02 7.885408855324601340e+00
7.166635039984414757e-02 8.611856761616737188e+00
7.165358601456719989e-02 9.326679300134516737e+00
7.164015756003327962e-02 1.002522359466389901e+01
7.162601916228905630e-02 1.070274627175361992e+01
7.161112099852691426e-02 1.135446117683325795e+01
7.159540889414831022e-02 1.197558844200670514e+01
7.157882387342798247e-02 1.256140359388645500e+01
7.156130165811587507e-02 1.310728530065675912e+01
7.154277210766261941e-02 1.360876031662475150e+01
7.152315859406219167e-02 1.406154418974608866e+01
7.150237730358456612e-02 1.446157635653173834e+01
7.148033645694348848e-02 1.480504835819485088e+01
7.145693543874957754e-02 1.508842406566043870e+01
7.143206382648757680e-02 1.530845099870856529e+01
7.140560030881519527e-02 1.546216205405463207e+01
7.137741148282601700e-02 1.554686721620769063e+01
7.134735052021970447e-02 1.556013510725671090e+01
7.131525569331939596e-02 1.549976453265266230e+01
7.128094875389415219e-02 1.536374650571824141e+01
7.124423316123661143e-02 1.515021758728928702e+01
7.120489216151212886e-02 1.485740577985112409e+01
7.116268672883642454e-02 1.448357069034271838e+01
7.111735339088455510e-02 1.402694026444798325e+01
7.106860197938892620e-02 1.348564714785970509e+01
7.101611337023486237e-02 1.285766871309056647e+01
7.095953731085090366e-02 1.214077607826938809e+01
7.089849047619728450e-02 1.133249911240729979e+01
7.083255495072503238e-02 1.043011652776327658e+01
7.076127740342935679e-02 9.430682706518663139e+00
7.068416930628404482e-02 8.331105789717403454e+00
7.060070863987545631e-02 7.128294462043737845e+00
7.051034362631210251e-02 5.819393169886918571e+00
7.041249911402827633e-02 4.402126124359667436e+00
7.030658628846953029e-02 2.875267712531297981e+00
7.019201636318075921e-02 1.239248661391049167e+00
7.006821877506483331e-02 -5.031089795888993299e-01
6.993466412067939064e-02 -2.345761146398916086e+00
6.979089159351026250e-02 -4.278584446366145322e+00
6.963654001307705010e-02 -6.286603100641142916e+00
6.947138072933631281e-02 -8.349449071051273208e+00
6.929534986748800418e-02 -1.044122350689530876e+01
6.910857674538051221e-02 -1.253091075936075782e+01
6.891140507388324177e-02 -1.458343122584085805e+01
6.870440391944555858e-02 -1.656130875761533616e+01
6.848836641405471604e-02 -1.842679524243595424e+01
6.826429569876073244e-02 -2.014417891131789418e+01
6.803337926882471742e-02 -2.168194538460003074e+01
6.779695436194821401e-02 -2.301448506871420463e+01
6.755646796779228580e-02 -2.412314029268570081e+01
6.731343528065372728e-02 -2.499652589006210945e+01
6.706940001595000644e-02 -2.563019243516891166e+01
6.682589916804332342e-02 -2.602579662810957828e+01
6.658443376433112459e-02 -2.618997731450142652e+01
6.634644620001073356e-02 -2.613314258354789388e+01
6.611330396815576216e-02 -2.586829078540786853e+01
6.588628908809693319e-02 -2.540999429593640357e+01
6.566659226871264521e-02 -2.477356736041546981e+01
6.545531077020823318e-02 -2.397442740568618902e+01
6.525344898474261246e-02 -2.302766282855630564e+01
6.506192088521330075e-02 -2.194773936504581613e+01
6.488155364885626886e-02 -2.074832831957271750e+01
6.471309191929373872e-02 -1.944218501270409760e+01
6.455720231116385266e-02 -1.804127338314895468e+01
6.441447787851244111e-02 -1.655661478883752835e+01
6.428544236052161076e-02 -1.499848252340064114e+01
6.417055408788616133e-02 -1.337646018719243202e+01
6.407020948363596757e-02 -1.169942172758038268e+01
6.398474612717963694e-02 -9.975802648605018419e+00
6.391444537330752407e-02 -8.213497021974900392e+00
6.385953453182544037e-02 -6.420007538082004750e+00
6.382018862081774435e-02 -4.602621020107323879e+00
6.379653170914248439e-02 -2.768283670371234351e+00
6.378863786307775730e-02 -9.238880089401551032e-01
6.379653170914248439e-02 9.238880089401551032e-01
6.382018862081775823e-02 2.768283670371234351e+00
6.385953453182544037e-02 4.602621020107323879e+00
6.391444537330752407e-02 6.420007538082004750e+00
6.398474612717963694e-02 8.213497021974900392e+00
6.407020948363596757e-02 9.975802648605018419e+00
6.417055408788618909e-02 1.169942172758372045e+01
6.428544236052161076e-02 1.337646018718909247e+01
6.441447787851244111e-02 1.499848252340064114e+01
6.455720231116385266e-02 1.655661478883752835e+01
6.471309191929373872e-02 1.804127338314895468e+01
6.488155364885626886e-02 1.944218501270409760e+01
6.506192088521330075e-02 2.074832831957271750e+01
6.525344898474261246e-02 2.194773936504581613e+01
6.545531077020823318e-02 2.302766282855630564e+01
6.566659226871264521e-02 2.397442740568618902e+01
6.588628908809694706e-02 2.477356736041713958e+01
6.611330396815576216e-02 2.540999429593473380e+01
6.634644620001073356e-02 2.586829078540786853e+01
6.658443376433112459e-02 2.613314258354622410e+01
6.682589916804333730e-02 2.618997731450476607e+01
6.706940001595000644e-02 2.602579662810790850e+01
6.731343528065374116e-02 2.563019243517057788e+01
6.755646796779228580e-02 2.499652589006043968e+01
6.779695436194822789e-02 2.412314029268737059e+01
6.803337926882471742e-02 2.301448506871253485e+01
6.826429569876073244e-02 2.168194538460003074e+01
6.848836641405472991e-02 2.014417891131956395e+01
6.870440391944555858e-02 1.842679524243428446e+01
6.891140507388322789e-02 1.656130875761366639e+01
6.910857674538051221e-02 1.458343122584252782e+01
6.929534986748800418e-02 1.253091075936075782e+01
6.947138072933632669e-02 1.044122350689697853e+01
6.963654001307705010e-02 8.349449071049603432e+00
6.979089159351027638e-02 6.286603100641142916e+00
6.993466412067940452e-02 4.278584446366145322e+00
7.006821877506483331e-02 2.345761146398916086e+00
7.019201636318075921e-02 5.031089795888993299e-01
7.030658628846953029e-02 -1.239248661391049167e+00
7.041249911402827633e-02 -2.875267712531297981e+00
7.051034362631211638e-02 -4.402126124361337212e+00
7.060070863987547019e-02 -5.819393169885248795e+00
7.068416930628405870e-02 -7.128294462043737845e+00
7.076127740342934291e-02 -8.331105789715733678e+00
7.083255495072504626e-02 -9.430682706522002690e+00
7.089849047619728450e-02 -1.043011652776160680e+01
7.095953731085090366e-02 -1.133249911240729979e+01
7.101611337023484849e-02 -1.214077607826771832e+01
7.106860197938894008e-02 -1.285766871309557402e+01
7.111735339088455510e-02 -1.348564714785636554e+01
7.116268672883642454e-02 -1.402694026444798325e+01
7.120489216151212886e-02 -1.448357069034271838e+01
7.124423316123659755e-02 -1.485740577984611654e+01
7.128094875389413831e-02 -1.515021758728928702e+01
7.131525569331939596e-02 -1.536374650572324896e+01
7.134735052021971835e-02 -1.549976453265934140e+01
7.137741148282601700e-02 -1.556013510725003179e+01
7.140560030881519527e-02 -1.554686721620769063e+01
7.143206382648756292e-02 -1.546216205404628319e+01
7.145693543874959142e-02 -1.530845099872525950e+01
7.148033645694348848e-02 -1.508842406565209160e+01
7.150237730358455224e-02 -1.480504835818650200e+01
7.152315859406219167e-02 -1.446157635654008544e+01
7.154277210766260553e-02 -1.406154418973773979e+01
7.156130165811587507e-02 -1.360876031663310037e+01
7.157882387342798247e-02 -1.310728530065675912e+01
7.159540889414829634e-02 -1.256140359387643812e+01
7.161112099852690038e-02 -1.197558844200670514e+01
7.162601916228904242e-02 -1.135446117683325795e+01
7.164015756003329349e-02 -1.070274627177365545e+01
7.165358601456718601e-02 -1.002522359464386348e+01
7.166635039984413369e-02 -9.326679300136186512e+00
7.167849300256363965e-02 -8.611856761625086065e+00
7.169005284694844604e-02 -7.885408855332949329e+00
7.170106598671417697e-02 -7.151852780455995706e+00
7.171156576779971759e-02 -6.415528439361868784e+00
7.172158306502590674e-02 -5.680561217677228214e+00
7.173114649549290622e-02 -4.950829806180325754e+00
7.174028261120876659e-02 -4.229939503444755999e+00
7.174901607316024055e-02 -3.521201239674518924e+00
7.175736980878666404e-02 -2.827616374543246991e+00
7.176536515459772114e-02 -2.151867153336163963e+00
7.177302198547949597e-02 -1.496312558447447705e+00
7.178035883206204670e-02 -8.629891733519269303e-01
7.178739298736785956e-02 -2.536165818488670953e-01
7.179414060382706408e-02 3.303932403211756186e-01
7.180061678162535932e-02 8.879231251207749809e-01
7.180683564924604523e-02 1.418135103237466721e+00
7.181281043697392008e-02 1.920452582246614526e+00
7.181855354404678704e-02 2.394540885953086118e+00
7.182407660006753791e-02 2.840286693294624687e+00
7.182939052122447321e-02 3.257776868651109048e+00
7.183450556181092406e-02 3.647277122435792052e+00
7.183943136148428221e-02 4.009210883492227318e+00
7.184417698865849800e-02 4.344138705017365432e+00
7.184875098038545627e-02 4.652738469522567755e+00
7.185316137904308731e-02 4.935786600010247938e+00
7.185741576611789916e-02 5.194140435729556415e+00
7.186152129333985006e-02 5.428721880888240925e+00
7.186548471140291605e-02 5.640502394969193922e+00
7.186931239648189362e-02 5.830489356045904792e+00
7.187301037473539655e-02 5.999713797520866976e+00
7.187658434496738136e-02 6.149219494278839626e+00
7.188003969960256312e-02 6.280053352282241264e+00
7.188338154411758052e-02 6.393257042683612390e+00
7.188661471505544687e-02 6.489859806118460916e+00
7.188974379673965243e-02 6.570872347909971545e+00
7.189277313679423576e-02 6.637281740295724042e+00
7.189570686056537263e-02 6.690047242026651020e+00
7.189854888453242610e-02 6.730096949892364400e+00
7.190130292878837981e-02 6.758325196137634272e+00
7.190397252866220779e-02 6.775590608195738440e+00
7.190656104555018246e-02 6.782714753997842294e+00
7.190907167701635072e-02 6.780481296354654575e+00
7.191150746621824408e-02 6.769635590189357011e+00
7.191387131070861582e-02 6.750884657893390539e+00
7.191616597065957073e-02 6.724897484474378295e+00
7.191839407655226113e-02 6.692305581983975848e+00
7.192055813637114603e-02 6.653703774438087137e+00
7.192266054233883987e-02 6.609651161841304301e+00
7.192470357722482999e-02 6.560672226759142411e+00
7.192668942025837175e-02 6.507258049838373637e+00
7.192862015267370568e-02 6.449867606621051408e+00
7.193049776291335351e-02 6.388929120477101264e+00
7.193232415151339099e-02 6.324841451024838967e+00
7.193410113569259634e-02 6.257975499549180753e+00
7.193583045366577777e-02 6.188675616520140643e+00
7.193751376869989000e-02 6.117260998052231002e+00
7.193915267293068960e-02 6.044027062878562617e+00
7.194074869095525016e-02 5.969246797249554426e+00
7.194230328321571388e-02 5.893172065544119320e+00
7.194381784918796319e-02 5.816034879162147675e+00
7.194529373038754949e-02 5.738048618405824364e+00
7.194673221320517509e-02 5.659409207813917320e+00
7.194813453158227512e-02 5.580296239594779273e+00
7.194950186953721905e-02 5.500874046956189645e+00
7.195083536355126319e-02 5.421292724243342853e+00
7.195213610482320554e-02 5.341689095878454197e+00
7.195340514140108334e-02 5.262187634729706964e+00
7.195464348019786627e-02 5.182901327406908010e+00
