7.196695541843042832e-02 0.000000000000000000e+00
7.196585448541159558e-02 -5.012058366952135025e+00
7.196472385965214935e-02 -5.110965766355473505e+00
7.196356246133051027e-02 -5.211485030880338876e+00
7.196236916083967317e-02 -5.313571245401413456e+00
7.196114277598794629e-02 -5.417169505756712411e+00
7.195988206901267337e-02 -5.522213806876201225e+00
7.195858574339240865e-02 -5.628625825177864250e+00
7.195725244044215430e-02 -5.736313584688017109e+00
7.195588073567410481e-02 -5.845170000965635104e+00
7.195446913490489982e-02 -5.955071292588021592e+00
7.195301607008960931e-02 -6.065875246068420878e+00
7.195151989485908117e-02 -6.177419330991685165e+00
7.194997887973689221e-02 -6.289518647341878932e+00
7.194839120700860513e-02 -6.401963699246850936e+00
7.194675496521396596e-02 -6.514517982097249416e+00
7.194506814322995658e-02 -6.626915371785553788e+00
7.194332862390875882e-02 -6.738857308467004259e+00
7.194153417723225807e-02 -6.850009760973479800e+00
7.193968245293942687e-02 -6.959999968708185492e+00
7.193777097257983422e-02 -7.068412949160665093e+00
7.193579712094097522e-02 -7.174787768935180665e+00
7.193375813679142583e-02 -7.278613577148798086e+00
7.193165110287658148e-02 -7.379325399713300371e+00
7.192947293509602269e-02 -7.476299704005659130e+00
7.192722037078452813e-02 -7.568849743573720978e+00
7.192488995600988810e-02 -7.656220702741415529e+00
7.192247803179088739e-02 -7.737584668984924363e+00
7.191998071912834856e-02 -7.812035469462646375e+00
7.191739390272927634e-02 -7.878583423500042926e+00
7.191471321329113986e-02 -7.936150072907889985e+00
7.191193400819653747e-02 -7.983562975057206579e+00
7.190905135045158603e-02 -8.019550657246002245e+00
7.190605998568097568e-02 -8.042737857129926837e+00
7.190295431696935857e-02 -8.051641200082311656e+00
7.189972837731316291e-02 -8.044665490981715905e+00
7.189637579941657308e-02 -8.020100833600045220e+00
7.189288978253162432e-02 -7.976120824000012099e+00
7.188926305600340516e-02 -7.910782103862258552e+00
7.188548783913602247e-02 -7.822025601831952279e+00
7.188155579694446851e-02 -7.707679830199035464e+00
7.187745799129682811e-02 -7.565466652180779406e+00
7.187318482688409560e-02 -7.393009970658412477e+00
7.186872599137433815e-02 -7.187847832587771713e+00
7.186407038901726496e-02 -6.947448469742941057e+00
7.185920606685705647e-02 -6.669230822874105513e+00
7.185412013258793418e-02 -6.350590099252510612e+00
7.184879866294077710e-02 -5.988928905207655085e+00
7.184322660131961524e-02 -5.581694456570004625e+00
7.183738764320660164e-02 -5.126422304768387228e+00
7.183126410761909997e-02 -4.620786911354933579e+00
7.182483679262635645e-02 -4.062659256090545234e+00
7.181808481260393284e-02 -3.450171470341655944e+00
7.181098541451688688e-02 -2.781788236672563919e+00
7.180351377005894653e-02 -2.056384395382758523e+00
7.179564273992469770e-02 -1.273327841493525181e+00
7.178734260583077842e-02 -4.325663946941038507e-01
7.177858076511130225e-02 4.652831147361399244e-01
7.176932138175887155e-02 1.418845756649748546e+00
7.175952498663241974e-02 2.425902071183204889e+00
7.174914801815923671e-02 3.483307371521661810e+00
7.173814229316462232e-02 4.586920185280375151e+00
7.172645439539873657e-02 5.731543449928421019e+00
7.171402496680513716e-02 6.910882116884629056e+00
7.170078788347859777e-02 8.117520638762966811e+00
7.168666929444784952e-02 9.342923373126311049e+00
7.167158649671442894e-02 1.057746019840052298e+01
7.165544661415376715e-02 1.181045858663952508e+01
7.163814504065470212e-02 1.303028201204062064e+01
7.161956359887870771e-02 1.422443291655244835e+01
7.159956835480350834e-02 1.537967655351842922e+01
7.157800701421744571e-02 1.648217994682638832e+01
7.155470580984121809e-02 1.751765802789279647e+01
7.152946576592135453e-02 1.847151682421804253e+01
7.150205819993962764e-02 1.932898145775492793e+01
7.147221928733987761e-02 2.007519472961941531e+01
7.143964347362767586e-02 2.069527025110281926e+01
7.140397546766534542e-02 2.117428243221475981e+01
7.136480048972462797e-02 2.149717413624992446e+01
7.132163237828481606e-02 2.164856145348317185e+01
7.127389908359457737e-02 2.161241394553564632e+01
7.122092500152799044e-02 2.137158825121903405e+01
7.116190954538603730e-02 2.090719411719459231e+01
7.109590134970676656e-02 2.019777687445155223e+01
7.102176761086807788e-02 1.921831341463022014e+01
7.093815840251464777e-02 1.793904776195893191e+01
7.084346653804370064e-02 1.632425111290337227e+01
7.073578496106334990e-02 1.433110147483239238e+01
7.061286610240032069e-02 1.190906965960087405e+01
7.047209156005274089e-02 9.000501093816618337e+00
7.031046604620745655e-02 5.543495895386408634e+00
7.012465624721256341e-02 1.478608449000399450e+00
6.991110076151930974e-02 -3.239020400091451979e+00
6.966621655295328341e-02 -8.621385206994176542e+00
6.938671290181724904e-02 -1.462518385404370669e+01
6.906999000043984038e-02 -2.113180516279217613e+01
6.871455133128073767e-02 -2.794058977479557981e+01
6.832032020919416582e-02 -3.478548700936147497e+01
6.788875447623503312e-02 -4.137599255396632714e+01
6.742271338802298397e-02 -4.744936215209342834e+01
6.692611938569018037e-02 -5.281344822522417104e+01
6.640352186300033099e-02 -5.736525654710092681e+01
6.585967762290305394e-02 -6.108428688256338290e+01
6.529922396590059908e-02 -6.401058770469366266e+01
6.472646922242711320e-02 -6.621936558886503121e+01
6.414528838999940252e-02 -6.779996252045982885e+01
6.355909538345676235e-02 -6.884182153031471785e+01
6.297086262246608113e-02 -6.942673877004376948e+01
6.238316499928964198e-02 -6.962558237517191628e+01
6.179823292354455488e-02 -6.949781712177454551e+01
6.121800548364450534e-02 -6.909228188496940959e+01
6.064417916392663560e-02 -6.844866294634334736e+01
6.007825026979318750e-02 -6.759893941281774232e+01
5.952155072828888699e-02 -6.656886395679322277e+01
5.897527768743938970e-02 -6.537916223262983806e+01
5.844051765130012926e-02 -6.404657027181265505e+01
5.791826596288302681e-02 -6.258466183525410287e+01
5.740944240546876076e-02 -6.100452718112399708e+01
5.691490360238796870e-02 -5.931530587233177698e+01
5.643545279202104997e-02 -5.752461568489912480e+01
5.597184745590210592e-02 -5.563889553076423766e+01
5.552480519070903536e-02 -5.366367782226453897e+01
5.509500814164056126e-02 -5.160380844787795240e+01
5.468310625476664744e-02 -4.946362386819217960e+01
5.428971955787432330e-02 -4.724709430262681309e+01
5.391543964128457656e-02 -4.495794015737480009e+01
5.356083048028847937e-02 -4.259972661241925351e+01
5.322642871763626909e-02 -4.017594037590279754e+01
5.291274350653096814e-02 -3.769005176598226825e+01
5.262025600067994635e-02 -3.514556427223861590e+01
5.234941856719291936e-02 -3.254605352080918834e+01
5.210065378970549915e-02 -2.989519690994364964e+01
5.187435332242009561e-02 -2.719679505817218512e+01
5.167087665027250004e-02 -2.445478590110028350e+01
5.149054980573408019e-02 -2.167325216729213722e+01
5.133366408851264273e-02 -1.885642286486315911e+01
5.120047483035297664e-02 -1.600866936449375189e+01
5.109120024306262886e-02 -1.313449663370391107e+01
5.100602038365459334e-02 -1.023853020141928560e+01
5.094507626601391809e-02 -7.325499426883935961e+00
5.090846914371210952e-02 -4.400217694983887817e+00
5.089625998350801039e-02 -1.467560176169139030e+00
5.090846914371210952e-02 1.467560176169139030e+00
5.094507626601391809e-02 4.400217694983887817e+00
5.100602038365460722e-02 7.325499426885604848e+00
5.109120024306262886e-02 1.023853020141761583e+01
5.120047483035297664e-02 1.313449663370391107e+01
5.133366408851264967e-02 1.600866936449458677e+01
5.149054980573408019e-02 1.885642286486232422e+01
5.167087665027251392e-02 2.167325216729380699e+01
5.187435332242010949e-02 2.445478590110028350e+01
5.210065378970549915e-02 2.719679505817051535e+01
5.234941856719292630e-02 2.989519690994448453e+01
5.262025600067995329e-02 3.254605352080918834e+01
5.291274350653096814e-02 3.514556427223777746e+01
5.322642871763627603e-02 3.769005176598310669e+01
5.356083048028847937e-02 4.017594037590196621e+01
5.391543964128457656e-02 4.259972661241925351e+01
5.428971955787434411e-02 4.495794015737730120e+01
5.468310625476666131e-02 4.724709430262597465e+01
5.509500814164058208e-02 4.946362386819301804e+01
5.552480519070903536e-02 5.160380844787545129e+01
5.597184745590212673e-02 5.366367782226704719e+01
5.643545279202107773e-02 5.563889553076506900e+01
5.691490360238798951e-02 5.752461568489828636e+01
5.740944240546878158e-02 5.931530587233177698e+01
5.791826596288304763e-02 6.100452718112399708e+01
5.844051765130013620e-02 6.258466183525243309e+01
5.897527768743941051e-02 6.404657027181431772e+01
5.952155072828890781e-02 6.537916223262983806e+01
6.007825026979319444e-02 6.656886395679156010e+01
6.064417916392666336e-02 6.759893941282024343e+01
6.121800548364451228e-02 6.844866294634084625e+01
6.179823292354457570e-02 6.909228188497108647e+01
6.238316499928964892e-02 6.949781712177288284e+01
6.297086262246610888e-02 6.962558237517275472e+01
6.355909538345677623e-02 6.942673877004376948e+01
6.414528838999940252e-02 6.884182153031304097e+01
6.472646922242712708e-02 6.779996252046149152e+01
6.529922396590061295e-02 6.621936558886503121e+01
6.585967762290306782e-02 6.401058770469198578e+01
6.640352186300035875e-02 6.108428688256672245e+01
6.692611938569018037e-02 5.736525654709759436e+01
6.742271338802299785e-02 5.281344822522584082e+01
6.788875447623503312e-02 4.744936215209175856e+01
6.832032020919416582e-02 4.137599255396465736e+01
6.871455133128073767e-02 3.478548700936314475e+01
6.906999000043985426e-02 2.794058977479724959e+01
6.938671290181724904e-02 2.113180516279050636e+01
6.966621655295328341e-02 1.462518385404370669e+01
6.991110076151932362e-02 8.621385206994176542e+00
7.012465624721257729e-02 3.239020400091451979e+00
7.031046604620747043e-02 -1.478608449000399450e+00
7.047209156005274089e-02 -5.543495895386408634e+00
7.061286610240032069e-02 -9.000501093816618337e+00
7.073578496106336377e-02 -1.190906965960254382e+01
7.084346653804371452e-02 -1.433110147483239238e+01
7.093815840251464777e-02 -1.632425111290337227e+01
7.102176761086806400e-02 -1.793904776195392259e+01
7.109590134970676656e-02 -1.921831341463355614e+01
7.116190954538603730e-02 -2.019777687445155223e+01
7.122092500152799044e-02 -2.090719411719459231e+01
7.127389908359456350e-02 -2.137158825121402472e+01
7.132163237828481606e-02 -2.161241394554065565e+01
7.136480048972464185e-02 -2.164856145348985095e+01
7.140397546766535930e-02 -2.149717413625159423e+01
7.143964347362768974e-02 -2.117428243221475981e+01
7.147221928733987761e-02 -2.069527025109447038e+01
7.150205819993962764e-02 -2.007519472961941531e+01
7.152946576592135453e-02 -1.932898145775492793e+01
7.155470580984121809e-02 -1.847151682421804253e+01
7.157800701421744571e-02 -1.751765802789446624e+01
7.159956835480350834e-02 -1.648217994682471854e+01
7.161956359887870771e-02 -1.537967655351842922e+01
7.163814504065471600e-02 -1.422443291656079545e+01
7.165544661415373939e-02 -1.303028201201390779e+01
7.167158649671444282e-02 -1.181045858666790771e+01
7.168666929444784952e-02 -1.057746019839050611e+01
7.170078788347859777e-02 -9.342923373126311049e+00
7.171402496680515104e-02 -8.117520638769644137e+00
7.172645439539872270e-02 -6.910882116871272629e+00
7.173814229316462232e-02 -5.731543449935099233e+00
7.174914801815923671e-02 -4.586920185280375151e+00
7.175952498663241974e-02 -3.483307371521661810e+00
7.176932138175887155e-02 -2.425902071183204889e+00
7.177858076511131613e-02 -1.418845756649748546e+00
7.178734260583077842e-02 -4.652831147361399244e-01
7.179564273992469770e-02 4.325663946941038507e-01
7.180351377005894653e-02 1.273327841493525181e+00
7.181098541451690076e-02 2.056384395387766961e+00
7.181808481260394672e-02 2.781788236674233694e+00
7.182483679262632870e-02 3.450171470318282196e+00
7.183126410761908609e-02 4.062659256097223448e+00
7.183738764320660164e-02 4.620786911364950456e+00
7.184322660131964300e-02 5.126422304795100082e+00
7.184879866294077710e-02 5.581694456543291771e+00
7.185412013258792030e-02 5.988928905190959107e+00
7.185920606685705647e-02 6.350590099269206590e+00
7.186407038901726496e-02 6.669230822874105513e+00
7.186872599137433815e-02 6.947448469742941057e+00
7.187318482688409560e-02 7.187847832587771713e+00
7.187745799129682811e-02 7.393009970658412477e+00
7.188155579694446851e-02 7.565466652180779406e+00
7.188548783913602247e-02 7.707679830199035464e+00
7.188926305600340516e-02 7.822025601831952279e+00
7.189288978253163820e-02 7.910782103893979844e+00
7.189637579941658696e-02 7.976120824001681875e+00
7.189972837731317679e-02 8.020100833600045220e+00
7.190295431696935857e-02 8.044665490948325726e+00
7.190605998568097568e-02 8.051641200082311656e+00
7.190905135045158603e-02 8.042737857129926837e+00
7.191193400819653747e-02 8.019550657246002245e+00
7.191471321329113986e-02 7.983562975057206579e+00
7.191739390272927634e-02 7.936150072907889985e+00
7.191998071912833468e-02 7.878583423456634982e+00
7.192247803179088739e-02 7.812035469506054319e+00
7.192488995600990198e-02 7.737584669031671858e+00
7.192722037078452813e-02 7.656220702694668034e+00
7.192947293509599493e-02 7.568849743478557102e+00
7.193165110287658148e-02 7.476299704100823007e+00
7.193375813679142583e-02 7.379325399713300371e+00
7.193579712094097522e-02 7.278613577148798086e+00
7.193777097257983422e-02 7.174787768935180665e+00
7.193968245293942687e-02 7.068412949160665093e+00
7.194153417723225807e-02 6.959999968708185492e+00
7.194332862390878658e-02 6.850009761080331216e+00
7.194506814322995658e-02 6.738857308360152842e+00
7.194675496521397984e-02 6.626915371840648383e+00
7.194839120700859125e-02 6.514517981987058448e+00
7.194997887973689221e-02 6.401963699301946420e+00
7.195151989485906729e-02 6.289518647285114561e+00
7.195301607008959544e-02 6.177419330991685165e+00
7.195446913490489982e-02 6.065875246125186138e+00
7.195588073567410481e-02 5.955071292588021592e+00
7.195725244044215430e-02 5.845170000965635104e+00
7.195858574339240865e-02 5.736313584688017109e+00
7.195988206901265949e-02 5.628625825117761217e+00
7.196114277598796016e-02 5.522213806996408181e+00
7.196236916083967317e-02 5.417169505696608489e+00
7.196356246133048251e-02 5.313571245276197175e+00
7.196472385965214935e-02 5.211485031005555157e+00
7.196585448541159558e-02 5.110965766355473505e+00
