-1.172033762274011116e-03 7.065941211616209860e-02 1.752070376812029928e-01
-1.163721466087670568e-03 7.065107535467562982e-02 1.741642292904491685e-01
-1.155409169901330021e-03 7.064256681986902375e-02 1.731226428739207901e-01
-1.147096873714989690e-03 7.063388248054104646e-02 1.720823410537913323e-01
-1.138784577528649143e-03 7.062501822611989832e-02 1.710432250763876116e-01
-1.130472281342308595e-03 7.061596986785716179e-02 1.700054633030993467e-01
-1.122159985155968048e-03 7.060673314041522597e-02 1.689690446906980115e-01
-1.113847688969627501e-03 7.059730370389315224e-02 1.679339083056346493e-01
-1.105535392783287170e-03 7.058767714634363311e-02 1.669001919361522701e-01
-1.097223096596946623e-03 7.057784898683545916e-02 1.658678931500952580e-01
-1.088910800410606075e-03 7.056781467912606742e-02 1.648369560803895628e-01
-1.080598504224265528e-03 7.055756961601022947e-02 1.638075208091003820e-01
-1.072286208037924980e-03 7.054710913441915310e-02 1.627796331061056034e-01
-1.063973911851584650e-03 7.053642852135288965e-02 1.617530951409525963e-01
-1.055661615665244102e-03 7.052552302073415713e-02 1.607281953683205589e-01
-1.047349319478903555e-03 7.051438784128229165e-02 1.597048126063229934e-01
-1.039037023292563007e-03 7.050301816551340917e-02 1.586831062442015106e-01
-1.030724727106222460e-03 7.049140915998265700e-02 1.576630288834567351e-01
-1.022412430919882129e-03 7.047955598689752132e-02 1.566445539357552708e-01
-1.014100134733541582e-03 7.046745381723860946e-02 1.556278337927944899e-01
-1.005787838547201034e-03 7.045509784553882771e-02 1.546127933834926527e-01
-9.974755423608604871e-04 7.044248330648467116e-02 1.535995914284348507e-01
-9.891632461745199396e-04 7.042960549351660882e-02 1.525880312917737847e-01
-9.808509499881793922e-04 7.041645977961963343e-02 1.515785781084804662e-01
-9.725386538018390616e-04 7.040304164051158775e-02 1.505709499635757287e-01
-9.642263576154985142e-04 7.038934668045174203e-02 1.495650948473121744e-01
-9.559140614291579668e-04 7.037537066091123505e-02 1.485613342056700814e-01
-9.476017652428174193e-04 7.036110953236056342e-02 1.475594602643146847e-01
-9.392894690564769803e-04 7.034655946945089777e-02 1.465597667091974032e-01
-9.309771728701364329e-04 7.033171690988401781e-02 1.455620103576590052e-01
-9.226648766837959939e-04 7.031657859727938331e-02 1.445665134810109331e-01
-9.143525804974554465e-04 7.030114162837206027e-02 1.435730993957523849e-01
-9.060402843111148991e-04 7.028540350488500510e-02 1.425819014150086772e-01
-8.977279881247744600e-04 7.026936219044299659e-02 1.415931040961447007e-01
-8.894156919384340210e-04 7.025301617290287404e-02 1.406065283820255307e-01
-8.811033957520934736e-04 7.023636453249050560e-02 1.396224722367609694e-01
-8.727910995657529262e-04 7.021940701614506897e-02 1.386406474314577086e-01
-8.644788033794123788e-04 7.020214411847072733e-02 1.376613526017025080e-01
-8.561665071930719398e-04 7.018457716969689342e-02 1.366847415428547874e-01
-8.478542110067313923e-04 7.016670843104037825e-02 1.357105620630028597e-01
-8.395419148203909533e-04 7.014854119784344477e-02 1.347390632735349369e-01
-8.312296186340504059e-04 7.013007991083193560e-02 1.337704661021351660e-01
-8.229173224477098585e-04 7.011133027579549704e-02 1.328044082875727283e-01
-8.146050262613694195e-04 7.009229939193666048e-02 1.318412479797065884e-01
-8.062927300750288720e-04 7.007299588904897236e-02 1.308809978134629626e-01
-7.979804338886884330e-04 7.005343007359154939e-02 1.299236756906277934e-01
-7.896681377023478856e-04 7.003361408359200235e-02 1.289697906057564181e-01
-7.813558415160073382e-04 7.001356205215109041e-02 1.280185792434485603e-01
-7.730435453296668992e-04 6.999329027912694345e-02 1.270706588296046657e-01
-7.647312491433263517e-04 6.997281741033482827e-02 1.261260245016559423e-01
-7.564189529569859127e-04 6.995216462331144136e-02 1.251847446809268571e-01
-7.481066567706453653e-04 6.993135581835753511e-02 1.242468989658906120e-01
-7.397943605843048179e-04 6.991041781316574555e-02 1.233125716720214482e-01
-7.314820643979642704e-04 6.988938053888502089e-02 1.223818509749814987e-01
-7.231697682116238314e-04 6.986827723493356512e-02 1.214548310754309524e-01
-7.148574720252833924e-04 6.984714463926944283e-02 1.205316259099320775e-01
-7.065451758389428450e-04 6.982602317014285909e-02 1.196123690046273225e-01
-6.982328796526022976e-04 6.980495709459504095e-02 1.186965540908689887e-01
-6.899205834662617502e-04 6.978399467813597989e-02 1.177853154907570893e-01
-6.816082872799213111e-04 6.976318830913048885e-02 1.168782336015386364e-01
-6.732959910935807637e-04 6.974259459046555643e-02 1.159750939908292949e-01
-6.649836949072403247e-04 6.972227439007358529e-02 1.150767304480841274e-01
-6.566713987208997773e-04 6.970229284087502142e-02 1.141829561411626393e-01
-6.483591025345593383e-04 6.968271927970663693e-02 1.132933137229818615e-01
-6.400468063482187909e-04 6.966362711386930862e-02 1.124090139357682844e-01
-6.317345101618782434e-04 6.964509360310305874e-02 1.115290021515479846e-01
-6.234222139755378044e-04 6.962719954414965662e-02 1.106539529560096324e-01
-6.151099177891972570e-04 6.961002884466260809e-02 1.097849377713595448e-01
-6.067976216028568180e-04 6.959366797315667819e-02 1.089204214362891610e-01
-5.984853254165162706e-04 6.957820527204346128e-02 1.080614312730731608e-01
-5.901730292301757231e-04 6.956373012167341163e-02 1.072080582464285670e-01
-5.818607330438352841e-04 6.955033194479165459e-02 1.063604664613550937e-01
-5.735484368574947367e-04 6.953809904300334299e-02 1.055188373161898008e-01
-5.652361406711542977e-04 6.952711725980591229e-02 1.046834355666141775e-01
-5.569238444848137503e-04 6.951746846853060213e-02 1.038532030070448697e-01
-5.486115482984732028e-04 6.950922888815171119e-02 1.030306240414918667e-01
-5.402992521121327638e-04 6.950246723533737292e-02 1.022135988323557426e-01
-5.319869559257922164e-04 6.949724272723331597e-02 1.014047275265954340e-01
-5.236746597394516690e-04 6.949360295613338234e-02 1.006017292770095412e-01
-5.153623635531112300e-04 6.949158166416229132e-02 9.980609209314737773e-02
-5.070500673667706825e-04 6.949119645307537396e-02 9.901804263139815654e-02
-4.987377711804302435e-04 6.949244647089550253e-02 9.823787332249131476e-02
-4.904254749940896961e-04 6.949531012294289656e-02 9.746457464207346211e-02
-4.821131788077491487e-04 6.949974285942532581e-02 9.670058299569711524e-02
-4.738008826214087097e-04 6.950567509471058947e-02 9.594390855974122001e-02
-4.654885864350681622e-04 6.951301031431925126e-02 9.519621291207221170e-02
-4.571762902487277232e-04 6.952162342426443375e-02 9.445778652644486184e-02
-4.488639940623871758e-04 6.953135939348534245e-02 9.372907570349700568e-02
-4.405516978760466284e-04 6.954203223381512367e-02 9.300824759333869984e-02
-4.322394016897061894e-04 6.955342435345114593e-02 9.229803854356033455e-02
-4.239271055033656420e-04 6.956528630975668259e-02 9.159803915317073220e-02
-4.156148093170252029e-04 6.957733697614930379e-02 9.090942902319133767e-02
-4.073025131306846555e-04 6.958926412676647022e-02 9.023011515240829394e-02
-3.989902169443441081e-04 6.960072543265409528e-02 8.956282773445552181e-02
-3.906779207580036691e-04 6.961134985560432642e-02 8.890730181524357512e-02
-3.823656245716631217e-04 6.962073942169387519e-02 8.826362849410990252e-02
-3.740533283853226827e-04 6.962847135717253888e-02 8.763188084687173474e-02
-3.657410321989821352e-04 6.963410057554955679e-02 8.701367625282932505e-02
-3.574287360126415878e-04 6.963716251711921101e-02 8.640857395775515537e-02
-3.491164398263011488e-04 6.963717636088626040e-02 8.581709574849065436e-02
-3.408041436399606014e-04 6.963364865338746157e-02 8.524044879763238713e-02
-3.324918474536200539e-04 6.962607742793471000e-02 8.467829442916428861e-02
-3.241795512672796149e-04 6.961395691896150872e-02 8.413180016686652718e-02
-3.158672550809390675e-04 6.959678300580771082e-02 8.360118433203903021e-02
-3.075549588945986285e-04 6.957405954333574505e-02 8.308718974015998071e-02
-2.992426627082580811e-04 6.954530574659685549e-02 8.259009610483225572e-02
-2.909303665219175336e-04 6.951006478535926014e-02 8.211073504718092997e-02
-2.826180703355770946e-04 6.946791370293933787e-02 8.164949730250160853e-02
-2.743057741492365472e-04 6.941847469427142592e-02 8.120688999542138853e-02
-2.659934779628961082e-04 6.936142765501027152e-02 8.078335226646234102e-02
-2.576811817765555608e-04 6.929652374671033122e-02 8.037927980590564569e-02
-2.493688855902150133e-04 6.922359952151387052e-02 7.999500874877467360e-02
-2.410565894038745743e-04 6.914259093335682615e-02 7.963077997039445799e-02
-2.327442932175340269e-04 6.905354636340738095e-02 7.928673141757364151e-02
-2.244319970311935879e-04 6.895663764622379788e-02 7.896289030648005747e-02
-2.161197008448530405e-04 6.885216804263373513e-02 7.865916282717215491e-02
-2.078074046585124931e-04 6.874057619906621952e-02 7.837532687881262894e-02
-1.994951084721720540e-04 6.862243537328292786e-02 7.811103260047518038e-02
-1.911828122858315066e-04 6.849844757553763541e-02 7.786580669967760326e-02
-1.828705160994909592e-04 6.836943272358093904e-02 7.763906196415990002e-02
-1.745582199131504118e-04 6.823631336883276277e-02 7.743011130894808525e-02
-1.662459237268100812e-04 6.810009594318960913e-02 7.723818529161330382e-02
-1.579336275404695338e-04 6.796184973886755520e-02 7.706245189039750976e-02
-1.496213313541289863e-04 6.782268493384981112e-02 7.690203721453096886e-02
-1.413090351677884389e-04 6.768373091401039265e-02 7.675604588899678782e-02
-1.329967389814478915e-04 6.754611595098365673e-02 7.662358005732129718e-02
-1.246844427951075609e-04 6.741094902159623647e-02 7.650375622772490058e-02
-1.163721466087670135e-04 6.727930425329185782e-02 7.639571949505699622e-02
-1.080598504224264660e-04 6.715220819567908894e-02 7.629865495786869456e-02
-9.974755423608591860e-05 6.703062988176920756e-02 7.621179638640607212e-02
-9.143525804974537118e-05 6.691547346838003230e-02 7.613443236926531466e-02
-8.312296186340504059e-05 6.680757313487668825e-02 7.606591027349564327e-02
-7.481066567706449316e-05 6.670768986515837606e-02 7.600563840359361722e-02
-6.649836949072394574e-05 6.661650972724966757e-02 7.595308675198583770e-02
-5.818607330438339831e-05 6.653464328468809696e-02 7.590778671091194529e-02
-4.987377711804285088e-05 6.646262581208579878e-02 7.586933007524424011e-02
-4.156148093170252029e-05 6.640091803421245553e-02 7.583736761728653020e-02
-3.324918474536197287e-05 6.634990715683466989e-02 7.581160746474434331e-02
-2.493688855902142544e-05 6.630990800400660135e-02 7.579181346609629999e-02
-1.662459237268087801e-05 6.628116411815479503e-02 7.577780368576149395e-02
-8.312296186340330587e-06 6.626384871528384624e-02 7.576944913551586502e-02
0.000000000000000000e+00 6.625806541806654459e-02 7.576667281834828516e-02
8.312296186340547427e-06 6.626384871528384624e-02 7.576944913551586502e-02
1.662459237268109485e-05 6.628116411815479503e-02 7.577780368576149395e-02
2.493688855902164228e-05 6.630990800400660135e-02 7.579181346609629999e-02
3.324918474536218971e-05 6.634990715683466989e-02 7.581160746474434331e-02
4.156148093170252029e-05 6.640091803421245553e-02 7.583736761728653020e-02
4.987377711804306772e-05 6.646262581208579878e-02 7.586933007524424011e-02
5.818607330438361515e-05 6.653464328468809696e-02 7.590778671091194529e-02
6.649836949072416258e-05 6.661650972724966757e-02 7.595308675198583770e-02
7.481066567706471000e-05 6.670768986515837606e-02 7.600563840359361722e-02
8.312296186340525743e-05 6.680757313487668825e-02 7.606591027349564327e-02
9.143525804974558802e-05 6.691547346838003230e-02 7.613443236926531466e-02
9.974755423608613544e-05 6.703062988176922143e-02 7.621179638640608600e-02
1.080598504224266829e-04 6.715220819567908894e-02 7.629865495786869456e-02
1.163721466087672303e-04 6.727930425329187170e-02 7.639571949505701010e-02
1.246844427951077777e-04 6.741094902159625035e-02 7.650375622772491446e-02
1.329967389814481083e-04 6.754611595098365673e-02 7.662358005732128330e-02
1.413090351677886557e-04 6.768373091401039265e-02 7.675604588899678782e-02
1.496213313541292032e-04 6.782268493384981112e-02 7.690203721453099661e-02
1.579336275404697506e-04 6.796184973886756908e-02 7.706245189039752364e-02
1.662459237268102980e-04 6.810009594318960913e-02 7.723818529161330382e-02
1.745582199131506286e-04 6.823631336883276277e-02 7.743011130894808525e-02
1.828705160994911760e-04 6.836943272358093904e-02 7.763906196415990002e-02
1.911828122858317235e-04 6.849844757553764929e-02 7.786580669967761714e-02
1.994951084721722709e-04 6.862243537328294174e-02 7.811103260047519425e-02
2.078074046585128183e-04 6.874057619906621952e-02 7.837532687881265669e-02
2.161197008448531489e-04 6.885216804263373513e-02 7.865916282717215491e-02
2.244319970311936963e-04 6.895663764622379788e-02 7.896289030648005747e-02
2.327442932175342438e-04 6.905354636340738095e-02 7.928673141757364151e-02
2.410565894038747912e-04 6.914259093335682615e-02 7.963077997039445799e-02
2.493688855902153386e-04 6.922359952151388440e-02 7.999500874877468748e-02
2.576811817765556692e-04 6.929652374671033122e-02 8.037927980590564569e-02
2.659934779628962166e-04 6.936142765501028540e-02 8.078335226646235490e-02
2.743057741492367640e-04 6.941847469427142592e-02 8.120688999542138853e-02
2.826180703355773115e-04 6.946791370293933787e-02 8.164949730250160853e-02
2.909303665219178589e-04 6.951006478535926014e-02 8.211073504718092997e-02
2.992426627082581895e-04 6.954530574659684161e-02 8.259009610483226960e-02
3.075549588945987369e-04 6.957405954333574505e-02 8.308718974015998071e-02
3.158672550809392843e-04 6.959678300580771082e-02 8.360118433203901633e-02
3.241795512672798318e-04 6.961395691896150872e-02 8.413180016686652718e-02
3.324918474536203792e-04 6.962607742793471000e-02 8.467829442916430249e-02
3.408041436399607098e-04 6.963364865338746157e-02 8.524044879763240101e-02
3.491164398263012572e-04 6.963717636088626040e-02 8.581709574849065436e-02
3.574287360126418046e-04 6.963716251711921101e-02 8.640857395775518313e-02
3.657410321989823521e-04 6.963410057554955679e-02 8.701367625282933893e-02
3.740533283853228995e-04 6.962847135717253888e-02 8.763188084687176249e-02
3.823656245716632301e-04 6.962073942169387519e-02 8.826362849410990252e-02
3.906779207580037775e-04 6.961134985560432642e-02 8.890730181524357512e-02
3.989902169443443249e-04 6.960072543265409528e-02 8.956282773445554957e-02
4.073025131306848724e-04 6.958926412676647022e-02 9.023011515240829394e-02
4.156148093170254198e-04 6.957733697614930379e-02 9.090942902319133767e-02
4.239271055033657504e-04 6.956528630975668259e-02 9.159803915317073220e-02
4.322394016897062978e-04 6.955342435345114593e-02 9.229803854356036230e-02
4.405516978760468452e-04 6.954203223381512367e-02 9.300824759333869984e-02
4.488639940623873927e-04 6.953135939348534245e-02 9.372907570349701956e-02
4.571762902487279401e-04 6.952162342426443375e-02 9.445778652644487572e-02
4.654885864350684875e-04 6.951301031431925126e-02 9.519621291207222558e-02
4.738008826214088181e-04 6.950567509471058947e-02 9.594390855974122001e-02
4.821131788077493655e-04 6.949974285942532581e-02 9.670058299569715687e-02
4.904254749940899129e-04 6.949531012294289656e-02 9.746457464207350374e-02
4.987377711804304604e-04 6.949244647089550253e-02 9.823787332249135640e-02
5.070500673667710078e-04 6.949119645307537396e-02 9.901804263139818429e-02
5.153623635531113384e-04 6.949158166416229132e-02 9.980609209314737773e-02
5.236746597394518858e-04 6.949360295613338234e-02 1.006017292770095550e-01
5.319869559257924332e-04 6.949724272723331597e-02 1.014047275265954617e-01
5.402992521121329807e-04 6.950246723533737292e-02 1.022135988323557843e-01
5.486115482984735281e-04 6.950922888815171119e-02 1.030306240414918945e-01
5.569238444848138587e-04 6.951746846853060213e-02 1.038532030070448697e-01
5.652361406711544061e-04 6.952711725980592616e-02 1.046834355666141914e-01
5.735484368574949535e-04 6.953809904300334299e-02 1.055188373161898285e-01
5.818607330438355010e-04 6.955033194479165459e-02 1.063604664613551215e-01
5.901730292301760484e-04 6.956373012167341163e-02 1.072080582464285947e-01
5.984853254165163790e-04 6.957820527204348904e-02 1.080614312730731746e-01
6.067976216028569264e-04 6.959366797315667819e-02 1.089204214362891887e-01
6.151099177891974738e-04 6.961002884466258034e-02 1.097849377713595864e-01
6.234222139755380213e-04 6.962719954414962886e-02 1.106539529560096463e-01
6.317345101618785687e-04 6.964509360310305874e-02 1.115290021515480123e-01
6.400468063482188993e-04 6.966362711386930862e-02 1.124090139357682844e-01
6.483591025345594467e-04 6.968271927970663693e-02 1.132933137229818615e-01
6.566713987208999941e-04 6.970229284087502142e-02 1.141829561411626393e-01
6.649836949072405416e-04 6.972227439007355754e-02 1.150767304480841691e-01
6.732959910935810890e-04 6.974259459046547316e-02 1.159750939908293227e-01
6.816082872799214196e-04 6.976318830913048885e-02 1.168782336015386364e-01
6.899205834662619670e-04 6.978399467813602153e-02 1.177853154907571032e-01
6.982328796526025144e-04 6.980495709459504095e-02 1.186965540908690164e-01
7.065451758389430618e-04 6.982602317014281745e-02 1.196123690046273363e-01
7.148574720252836093e-04 6.984714463926944283e-02 1.205316259099321052e-01
7.231697682116239399e-04 6.986827723493350961e-02 1.214548310754309662e-01
7.314820643979644873e-04 6.988938053888502089e-02 1.223818509749815264e-01
7.397943605843050347e-04 6.991041781316574555e-02 1.233125716720214760e-01
7.481066567706455821e-04 6.993135581835753511e-02 1.242468989658906398e-01
7.564189529569861296e-04 6.995216462331144136e-02 1.251847446809268571e-01
7.647312491433264602e-04 6.997281741033475888e-02 1.261260245016559700e-01
7.730435453296670076e-04 6.999329027912701284e-02 1.270706588296047213e-01
7.813558415160075550e-04 7.001356205215103490e-02 1.280185792434485603e-01
7.896681377023481024e-04 7.003361408359200235e-02 1.289697906057564181e-01
7.979804338886886499e-04 7.005343007359154939e-02 1.299236756906277934e-01
8.062927300750291973e-04 7.007299588904890297e-02 1.308809978134629626e-01
8.146050262613697447e-04 7.009229939193659109e-02 1.318412479797065884e-01
8.229173224477102921e-04 7.011133027579549704e-02 1.328044082875727838e-01
8.312296186340504059e-04 7.013007991083193560e-02 1.337704661021351660e-01
8.395419148203909533e-04 7.014854119784344477e-02 1.347390632735349369e-01
8.478542110067315007e-04 7.016670843104022559e-02 1.357105620630028875e-01
8.561665071930720482e-04 7.018457716969674076e-02 1.366847415428548151e-01
8.644788033794125956e-04 7.020214411847079672e-02 1.376613526017025635e-01
8.727910995657531430e-04 7.021940701614515223e-02 1.386406474314577641e-01
8.811033957520936905e-04 7.023636453249035294e-02 1.396224722367609972e-01
8.894156919384342379e-04 7.025301617290280465e-02 1.406065283820255585e-01
8.977279881247747853e-04 7.026936219044314924e-02 1.415931040961447285e-01
9.060402843111153327e-04 7.028540350488500510e-02 1.425819014150087327e-01
9.143525804974554465e-04 7.030114162837206027e-02 1.435730993957523849e-01
9.226648766837959939e-04 7.031657859727938331e-02 1.445665134810109331e-01
9.309771728701365413e-04 7.033171690988401781e-02 1.455620103576590052e-01
9.392894690564770888e-04 7.034655946945089777e-02 1.465597667091974032e-01
9.476017652428176362e-04 7.036110953236039689e-02 1.475594602643147124e-01
9.559140614291581836e-04 7.037537066091140159e-02 1.485613342056701092e-01
9.642263576154987310e-04 7.038934668045190857e-02 1.495650948473122022e-01
9.725386538018392785e-04 7.040304164051167102e-02 1.505709499635757564e-01
9.808509499881798259e-04 7.041645977961963343e-02 1.515785781084805217e-01
9.891632461745203733e-04 7.042960549351670596e-02 1.525880312917738124e-01
9.974755423608609207e-04 7.044248330648467116e-02 1.535995914284349062e-01
1.005787838547201034e-03 7.045509784553882771e-02 1.546127933834926527e-01
1.014100134733541582e-03 7.046745381723860946e-02 1.556278337927944899e-01
1.022412430919882129e-03 7.047955598689752132e-02 1.566445539357552708e-01
1.030724727106222677e-03 7.049140915998274026e-02 1.576630288834567906e-01
1.039037023292563224e-03 7.050301816551340917e-02 1.586831062442015661e-01
1.047349319478903772e-03 7.051438784128229165e-02 1.597048126063229934e-01
1.055661615665244319e-03 7.052552302073405999e-02 1.607281953683205589e-01
1.063973911851584866e-03 7.053642852135270924e-02 1.617530951409526241e-01
1.072286208037925414e-03 7.054710913441915310e-02 1.627796331061056589e-01
1.080598504224265961e-03 7.055756961601022947e-02 1.638075208091004376e-01
1.088910800410606075e-03 7.056781467912606742e-02 1.648369560803895628e-01
1.097223096596946623e-03 7.057784898683545916e-02 1.658678931500952580e-01
1.105535392783287170e-03 7.058767714634363311e-02 1.669001919361522701e-01
1.113847688969627717e-03 7.059730370389334653e-02 1.679339083056346771e-01
1.122159985155968265e-03 7.060673314041512882e-02 1.689690446906980115e-01
1.130472281342308812e-03 7.061596986785696750e-02 1.700054633030993745e-01
1.138784577528649360e-03 7.062501822611989832e-02 1.710432250763876116e-01
1.147096873714989907e-03 7.063388248054122687e-02 1.720823410537913600e-01
1.155409169901330454e-03 7.064256681986902375e-02 1.731226428739208456e-01
1.163721466087671002e-03 7.065107535467561595e-02 1.741642292904492240e-01
1.172033762274011116e-03 7.065941211616209860e-02 1.752070376812029928e-01
