7.195227382024743656e-02 -1.013275749290336591e+00
7.195102199589931136e-02 -1.034183199753885285e+00
7.194973995702810821e-02 -1.055580392934188927e+00
7.194842674456949916e-02 -1.077476805585931396e+00
7.194708136178309954e-02 -1.099881747159101364e+00
7.194570277248857337e-02 -1.122804309757593710e+00
7.194428989920570450e-02 -1.146253312226003684e+00
7.194284162119267412e-02 -1.170237237796138974e+00
7.194135677237591120e-02 -1.194764164576169074e+00
7.193983413916510417e-02 -1.219841688182046635e+00
7.193827245814579663e-02 -1.245476835927681991e+00
7.193667041364174008e-02 -1.271675971561300633e+00
7.193502663513884343e-02 -1.298444689715704259e+00
7.193333969456151833e-02 -1.325787699120796193e+00
7.193160810339199740e-02 -1.353708693497339910e+00
7.192983030962216140e-02 -1.382210209099329346e+00
7.192800469452670376e-02 -1.411293467528432988e+00
7.192612956924598899e-02 -1.440958202585041148e+00
7.192420317116551831e-02 -1.471202469835306115e+00
7.192222366007830492e-02 -1.502022437252170439e+00
7.192018911411535154e-02 -1.533412155362680052e+00
7.191809752542829837e-02 -1.565363305256238347e+00
7.191594679560689429e-02 -1.597864922611455185e+00
7.191373473081288936e-02 -1.630903095852496376e+00
7.191145903661017025e-02 -1.664460636389734294e+00
7.190911731246987793e-02 -1.698516718977135742e+00
7.190670704592677653e-02 -1.733046490071071810e+00
7.190422560636192117e-02 -1.768020641808096594e+00
7.190167023838463234e-02 -1.803404949692571702e+00
7.189903805478373156e-02 -1.839159771652589370e+00
7.189632602901685487e-02 -1.875239506359728914e+00
7.189353098720269175e-02 -1.911592008793327357e+00
7.189064959957941481e-02 -1.948157961175192687e+00
7.188767837138823613e-02 -1.984870197883195519e+00
7.188461363313819463e-02 -2.021652982784372998e+00
7.188145153020479572e-02 -2.058421238406547893e+00
7.187818801171023952e-02 -2.095079726911730944e+00
7.187481881862886612e-02 -2.131522183279509264e+00
7.187133947105672771e-02 -2.167630402334912887e+00
7.186774525457854945e-02 -2.203273282575858083e+00
7.186403120565920677e-02 -2.238305831130981804e+00
7.186019209598044910e-02 -2.272568135707146109e+00
7.185622241563714707e-02 -2.305884312058015251e+00
7.185211635509793082e-02 -2.338061437763994110e+00
7.184786778582821776e-02 -2.368888486053074338e+00
7.184347023946277555e-02 -2.398135277348117711e+00
7.183891688540505749e-02 -2.425551469840686813e+00
7.183420050671922297e-02 -2.450865615401018882e+00
7.182931347416773860e-02 -2.473784312635729510e+00
7.182424771823324450e-02 -2.493991494517860730e+00
7.181899469894911792e-02 -2.511147895228855287e+00
7.181354537334447286e-02 -2.524890748087843306e+00
7.180789016029233418e-02 -2.534833774416587193e+00
7.180201890252778385e-02 -2.540567532048700006e+00
7.179592082558100552e-02 -2.541660200952740922e+00
7.178958449334450764e-02 -2.537658892841664571e+00
7.178299775996627163e-02 -2.528091580515615444e+00
7.177614771773030422e-02 -2.512469751329964307e+00
7.176902064055196151e-02 -2.490291896627523816e+00
7.176160192267877491e-02 -2.461047954723791786e+00
7.175387601214644473e-02 -2.424224828318929159e+00
7.174582633849513336e-02 -2.379313097140871580e+00
7.173743523420131329e-02 -2.325815041892487223e+00
7.172868384922716223e-02 -2.263254085279577055e+00
7.171955205802993394e-02 -2.191185738756084689e+00
7.171001835830910498e-02 -2.109210118022018854e+00
7.170005976069922238e-02 -2.016986055434374592e+00
7.168965166853993876e-02 -1.914246792086279347e+00
7.167876774677267582e-02 -1.800817175671802106e+00
7.166737977892505274e-02 -1.676632222129575078e+00
7.165545751105061034e-02 -1.541756819986019655e+00
7.164296848139226070e-02 -1.396406267614151986e+00
7.162987783443468259e-02 -1.240967237587294214e+00
7.161614811790550927e-02 -1.076018662785184876e+00
7.160173906117933695e-02 -9.023519408440040523e-01
7.158660733343630289e-02 -7.209897632192093786e-01
7.157070627983228017e-02 -5.332028001214089707e-01
7.155398563385878541e-02 -3.405234212134656269e-01
7.153639120401418527e-02 -1.447556128932788178e-01
7.151786453288812295e-02 5.201972558631462462e-02
7.149834252679278246e-02 2.474448561086236564e-01
7.147775705417915015e-02 4.388912742193494254e-01
7.145603451128154648e-02 6.234722353087880364e-01
7.143309535377521946e-02 7.980619672652921048e-01
7.140885359375552521e-02 9.593215398202424860e-01
7.138321626211077686e-02 1.103731072302495120e+00
7.135608283744095115e-02 1.227627667083576402e+00
7.132734464416003173e-02 1.327248179754617841e+00
7.129688422442873041e-02 1.398775706511273587e+00
7.126457469123377575e-02 1.438388512758547844e+00
7.123027907342766030e-02 1.442310071264662152e+00
7.119384966806385773e-02 1.406858946101158914e+00
7.115512742112756195e-02 1.328497465847601644e+00
7.111394136501007768e-02 1.203878482618831125e+00
7.107010815004928539e-02 1.029890007790382089e+00
7.102343171837476044e-02 8.036981332328935190e-01
7.097370318130104272e-02 5.227893563847114677e-01
7.092070097660975458e-02 1.850141806639416797e-01
7.086419139901473097e-02 -2.113654069211174380e-01
7.080392961529963225e-02 -6.676213589326307485e-01
7.073966129388632729e-02 -1.184494271168532897e+00
7.067112499502049838e-02 -1.762113709033743980e+00
7.059805547947733961e-02 -2.399900985922899466e+00
7.052018809672107313e-02 -3.096452415606112396e+00
7.043726440271379230e-02 -3.849403133736162275e+00
7.034903912710671614e-02 -4.655274663136681035e+00
7.025528855320757604e-02 -5.509313493805877648e+00
7.015582028674986759e-02 -6.405332867231862792e+00
7.005048426875230827e-02 -7.335575202523135552e+00
6.993918473637356081e-02 -8.290617322015760848e+00
6.982189266368916958e-02 -9.259343621950105074e+00
6.969865804058521241e-02 -1.022901219436423581e+01
6.956962119971182856e-02 -1.118543438325754735e+01
6.943502231110063039e-02 -1.211327870538151252e+01
6.929520816290656027e-02 -1.299649593289447402e+01
6.915063545635785625e-02 -1.381884525050508827e+01
6.900187006676032631e-02 -1.456448483672116367e+01
6.884958204030276752e-02 -1.521857763669103214e+01
6.869453646605713781e-02 -1.576785769109342183e+01
6.853758072722669625e-02 -1.620110582885186190e+01
6.837962893751051152e-02 -1.650949531948999294e+01
6.822164456254789511e-02 -1.668678564387916907e+01
6.806462229105567086e-02 -1.672936205727307879e+01
6.790957015991869183e-02 -1.663613619306753222e+01
6.775749277836985718e-02 -1.640833569323563879e+01
6.760937627718698051e-02 -1.604921743105388643e+01
6.746617537016061372e-02 -1.556373955624511218e+01
6.732880269104565829e-02 -1.495822369342977431e+01
6.719812038273224875e-02 -1.424003199549594534e+01
6.707493377741993723e-02 -1.341727615884673419e+01
6.695998691808670300e-02 -1.249856829952134163e+01
6.685395962665854896e-02 -1.149281758877840964e+01
6.675746581368097177e-02 -1.040907208977006526e+01
6.667105273783079100e-02 -9.256402305342749770e+00
6.659520095206265811e-02 -8.043821314704223013e+00
6.653032470913493313e-02 -6.780235732958933781e+00
6.647677263731475994e-02 -5.474421758178528385e+00
6.643482853371776575e-02 -4.135021006159471213e+00
6.640471215603512001e-02 -2.770551463171123441e+00
6.638657992253936546e-02 -1.389429561365253640e+00
6.638052545525208181e-02 0.000000000000000000e+00
6.638657992253936546e-02 1.389429561365253640e+00
6.640471215603512001e-02 2.770551463171123441e+00
6.643482853371776575e-02 4.135021006159471213e+00
6.647677263731475994e-02 5.474421758178528385e+00
6.653032470913493313e-02 6.780235732958933781e+00
6.659520095206265811e-02 8.043821314704223013e+00
6.667105273783079100e-02 9.256402305342749770e+00
6.675746581368097177e-02 1.040907208977006526e+01
6.685395962665854896e-02 1.149281758877840964e+01
6.695998691808670300e-02 1.249856829952134163e+01
6.707493377741993723e-02 1.341727615884756908e+01
6.719812038273226262e-02 1.424003199549594534e+01
6.732880269104565829e-02 1.495822369342977431e+01
6.746617537016062760e-02 1.556373955624594707e+01
6.760937627718699439e-02 1.604921743105305154e+01
6.775749277836985718e-02 1.640833569323480390e+01
6.790957015991869183e-02 1.663613619306753222e+01
6.806462229105567086e-02 1.672936205727391368e+01
6.822164456254790899e-02 1.668678564387916907e+01
6.837962893751051152e-02 1.650949531948915805e+01
6.853758072722669625e-02 1.620110582885186190e+01
6.869453646605713781e-02 1.576785769109425672e+01
6.884958204030278139e-02 1.521857763669186703e+01
6.900187006676034018e-02 1.456448483672032879e+01
6.915063545635785625e-02 1.381884525050425339e+01
6.929520816290656027e-02 1.299649593289447402e+01
6.943502231110063039e-02 1.211327870538151252e+01
6.956962119971182856e-02 1.118543438325754735e+01
6.969865804058521241e-02 1.022901219436507070e+01
6.982189266368918346e-02 9.259343621950105074e+00
6.993918473637356081e-02 8.290617322015760848e+00
7.005048426875232215e-02 7.335575202523135552e+00
7.015582028674986759e-02 6.405332867231027905e+00
7.025528855320757604e-02 5.509313493805877648e+00
7.034903912710671614e-02 4.655274663135846147e+00
7.043726440271377842e-02 3.849403133736162275e+00
7.052018809672107313e-02 3.096452415606947284e+00
7.059805547947733961e-02 2.399900985922899466e+00
7.067112499502049838e-02 1.762113709033743980e+00
7.073966129388631341e-02 1.184494271168532897e+00
7.080392961529964613e-02 6.676213589326307485e-01
7.086419139901473097e-02 2.113654069211174380e-01
7.092070097660975458e-02 -1.850141806639416797e-01
7.097370318130105660e-02 -5.227893563847114677e-01
7.102343171837476044e-02 -8.036981332328935190e-01
7.107010815004928539e-02 -1.029890007790382089e+00
7.111394136501007768e-02 -1.203878482618831125e+00
7.115512742112756195e-02 -1.328497465847601644e+00
7.119384966806385773e-02 -1.406858946101158914e+00
7.123027907342766030e-02 -1.442310071264662152e+00
7.126457469123377575e-02 -1.438388512758547844e+00
7.129688422442873041e-02 -1.398775706511273587e+00
7.132734464416003173e-02 -1.327248179754617841e+00
7.135608283744096503e-02 -1.227627667083576402e+00
7.138321626211079074e-02 -1.103731072302495120e+00
7.140885359375551134e-02 -9.593215398202424860e-01
7.143309535377521946e-02 -7.980619672652921048e-01
7.145603451128153261e-02 -6.234722353087880364e-01
7.147775705417916403e-02 -4.388912742193494254e-01
7.149834252679279634e-02 -2.474448561086236564e-01
7.151786453288812295e-02 -5.201972558631462462e-02
7.153639120401418527e-02 1.447556128932788178e-01
7.155398563385879929e-02 3.405234212134656269e-01
7.157070627983228017e-02 5.332028001214089707e-01
7.158660733343628901e-02 7.209897632192093786e-01
7.160173906117933695e-02 9.023519408440040523e-01
7.161614811790550927e-02 1.076018662786019764e+00
7.162987783443469647e-02 1.240967237587294214e+00
7.164296848139226070e-02 1.396406267613317098e+00
7.165545751105061034e-02 1.541756819986019655e+00
7.166737977892505274e-02 1.676632222131244632e+00
7.167876774677268970e-02 1.800817175671802106e+00
7.168965166853993876e-02 1.914246792082940241e+00
7.170005976069920850e-02 2.016986055432705260e+00
7.171001835830909110e-02 2.109210118023688629e+00
7.171955205802993394e-02 2.191185738757754464e+00
7.172868384922716223e-02 2.263254085279577055e+00
7.173743523420131329e-02 2.325815041892487223e+00
7.174582633849513336e-02 2.379313097139201805e+00
7.175387601214643085e-02 2.424224828313920721e+00
7.176160192267874716e-02 2.461047954725461562e+00
7.176902064055196151e-02 2.490291896635036917e+00
7.177614771773031810e-02 2.512469751329964307e+00
7.178299775996627163e-02 2.528091580510606562e+00
7.178958449334449377e-02 2.537658892841664571e+00
7.179592082558100552e-02 2.541660200951906035e+00
7.180201890252776997e-02 2.540567532048700006e+00
7.180789016029233418e-02 2.534833774419926300e+00
7.181354537334447286e-02 2.524890748087843306e+00
7.181899469894911792e-02 2.511147895228855287e+00
7.182424771823324450e-02 2.493991494513687179e+00
7.182931347416772472e-02 2.473784312639903504e+00
7.183420050671923685e-02 2.450865615401853770e+00
7.183891688540504361e-02 2.425551469836512819e+00
7.184347023946277555e-02 2.398135277351456818e+00
7.184786778582821776e-02 2.368888486048900788e+00
7.185211635509791694e-02 2.338061437759820116e+00
7.185622241563713319e-02 2.305884312062189245e+00
7.186019209598044910e-02 2.272568135711320103e+00
7.186403120565920677e-02 2.238305831130981804e+00
7.186774525457854945e-02 2.203273282566675650e+00
7.187133947105669995e-02 2.167630402325730454e+00
7.187481881862883837e-02 2.131522183292865691e+00
7.187818801171025340e-02 2.095079726925921815e+00
7.188145153020480960e-02 2.058421238393191466e+00
7.188461363313816688e-02 2.021652982775190122e+00
7.188767837138822225e-02 1.984870197901560607e+00
7.189064959957944256e-02 1.948157961179366682e+00
7.189353098720269175e-02 1.911592008784144703e+00
7.189632602901685487e-02 1.875239506359728914e+00
7.189903805478373156e-02 1.839159771652589370e+00
7.190167023838463234e-02 1.803404949692571702e+00
7.190422560636192117e-02 1.768020641798079273e+00
7.190670704592674878e-02 1.733046490081089130e+00
7.190911731246990568e-02 1.698516718997170383e+00
7.191145903661019800e-02 1.664460636384725634e+00
7.191373473081290324e-02 1.630903095842479056e+00
7.191594679560689429e-02 1.597864922612289851e+00
7.191809752542831224e-02 1.565363305256238347e+00
7.192018911411535154e-02 1.533412155356836726e+00
7.192222366007830492e-02 1.502022437252170439e+00
7.192420317116551831e-02 1.471202469835306115e+00
7.192612956924598899e-02 1.440958202590049808e+00
7.192800469452671763e-02 1.411293467528432988e+00
7.192983030962216140e-02 1.382210209094320685e+00
7.193160810339199740e-02 1.353708693491496362e+00
7.193333969456150445e-02 1.325787699109944207e+00
7.193502663513881568e-02 1.298444689721547585e+00
7.193667041364174008e-02 1.271675971572152841e+00
7.193827245814579663e-02 1.245476835927681991e+00
7.193983413916510417e-02 1.219841688182046635e+00
7.194135677237591120e-02 1.194764164576169074e+00
7.194284162119267412e-02 1.170237237807825625e+00
7.194428989920573225e-02 1.146253312220160359e+00
7.194570277248855950e-02 1.122804309734219963e+00
7.194708136178307178e-02 1.099881747164944912e+00
7.194842674456949916e-02 1.077476805608470256e+00
7.194973995702813596e-02 1.055580392934188927e+00
7.195102199589931136e-02 1.034183199742198411e+00
7.195227382024743656e-02 1.013275749290336591e+00
