7.195227382024743656e-02 -2.702142990447784499e+00
7.195102199589931136e-02 -2.741697328927795496e+00
7.194973995702810821e-02 -2.781311335576801991e+00
7.194842674456949916e-02 -2.820929034928146617e+00
7.194708136178309954e-02 -2.860489157338626409e+00
7.194570277248857337e-02 -2.899924770581582045e+00
7.194428989920570450e-02 -2.939162893099991347e+00
7.194284162119267412e-02 -2.978124089011386033e+00
7.194135677237591120e-02 -3.016722044916353873e+00
7.193983413916510417e-02 -3.054863129018164258e+00
7.193827245814579663e-02 -3.092445933728051433e+00
7.193667041364174008e-02 -3.129360802337149305e+00
7.193502663513884343e-02 -3.165489341411280577e+00
7.193333969456151833e-02 -3.200703920802695723e+00
7.193160810339199740e-02 -3.234867163561040648e+00
7.192983030962216140e-02 -3.267831428938235305e+00
7.192800469452670376e-02 -3.299438291676096480e+00
7.192612956924598899e-02 -3.329518022063628013e+00
7.192420317116551831e-02 -3.357889072029728528e+00
7.192222366007830492e-02 -3.384357573010394304e+00
7.192018911411535154e-02 -3.408716852645102158e+00
7.191809752542829837e-02 -3.430746978537417835e+00
7.191594679560689429e-02 -3.450214338317446394e+00
7.191373473081288936e-02 -3.466871266649508954e+00
7.191145903661017025e-02 -3.480455731079735937e+00
7.190911731246987793e-02 -3.490691090484851600e+00
7.190670704592677653e-02 -3.497285941333398540e+00
7.190422560636192117e-02 -3.499934068105970297e+00
7.190167023838463234e-02 -3.498314517070086449e+00
7.189903805478373156e-02 -3.492091813392552258e+00
7.189632602901685487e-02 -3.480916343694127502e+00
7.189353098720269175e-02 -3.464424927906037066e+00
7.189064959957941481e-02 -3.442241605741195531e+00
7.188767837138823613e-02 -3.413978665023010617e+00
7.188461363313819463e-02 -3.379237939411817937e+00
7.188145153020479572e-02 -3.337612404836217905e+00
7.187818801171023952e-02 -3.288688104288848280e+00
7.187481881862886612e-02 -3.232046430040095952e+00
7.187133947105672771e-02 -3.167266792001020015e+00
7.186774525457854945e-02 -3.093929699641133624e+00
7.186403120565920677e-02 -3.011620282202094767e+00
7.186019209598044910e-02 -2.919932268071669057e+00
7.185622241563714707e-02 -2.818472440136160273e+00
7.185211635509793082e-02 -2.706865577371532439e+00
7.184786778582821776e-02 -2.584759885236804333e+00
7.184347023946277555e-02 -2.451832908706591319e+00
7.183891688540505749e-02 -2.307797910359087101e+00
7.183420050671922297e-02 -2.152410683777308709e+00
7.182931347416773860e-02 -1.985476758457968671e+00
7.182424771823324450e-02 -1.806858936388827441e+00
7.181899469894911792e-02 -1.616485083904297682e+00
7.181354537334447286e-02 -1.414356084418813886e+00
7.180789016029233418e-02 -1.200553839053726479e+00
7.180201890252778385e-02 -9.752491839002637164e-01
7.179592082558100552e-02 -7.387095747009262414e-01
7.178958449334450764e-02 -4.913063734802910476e-01
7.178299775996627163e-02 -2.335215574408220085e-01
7.177614771773030422e-02 3.404634026920658196e-02
7.176902064055196151e-02 3.106772549249854354e-01
7.176160192267877491e-02 5.955257780857838856e-01
7.175387601214644473e-02 8.876187023942322396e-01
7.174582633849513336e-02 1.185854104997126512e+00
7.173743523420131329e-02 1.489002131771941961e+00
7.172868384922716223e-02 1.795707617079994378e+00
7.171955205802993394e-02 2.104494638348530788e+00
7.171001835830910498e-02 2.413773061573599055e+00
7.170005976069922238e-02 2.721847083703984094e+00
7.168965166853993876e-02 3.026925722046794220e+00
7.167876774677267582e-02 3.327135140887607978e+00
7.166737977892505274e-02 3.620532643448426846e+00
7.165545751105061034e-02 3.905122095615160660e+00
7.164296848139226070e-02 4.178870489106599528e+00
7.162987783443468259e-02 4.439725298534081155e+00
7.161614811790550927e-02 4.685632241920250962e+00
7.160173906117933695e-02 4.914553020119740268e+00
7.158660733343630289e-02 5.124482589478104977e+00
7.157070627983228017e-02 5.313465515350491053e+00
7.155398563385878541e-02 5.479610963220528319e+00
7.153639120401418527e-02 5.621105909336786333e+00
7.151786453288812295e-02 5.736226193742323787e+00
7.149834252679278246e-02 5.823345094808297873e+00
7.147775705417915015e-02 5.880939174205662923e+00
7.145603451128154648e-02 5.907591223151199777e+00
7.143309535377521946e-02 5.901990232960013572e+00
7.140885359375552521e-02 5.862928413706400832e+00
7.138321626211077686e-02 5.789295392581136568e+00
7.135608283744095115e-02 5.680069837767093510e+00
7.132734464416003173e-02 5.534308874332650063e+00
7.129688422442873041e-02 5.351135786716791465e+00
7.126457469123377575e-02 5.129726640250372505e+00
7.123027907342766030e-02 4.869296604880704926e+00
7.119384966806385773e-02 4.569086932239188492e+00
7.115512742112756195e-02 4.228353727107075244e+00
7.111394136501007768e-02 3.846359870405025472e+00
7.107010815004928539e-02 3.422371696017114662e+00
7.102343171837476044e-02 2.955662297141111505e+00
7.097370318130104272e-02 2.445523632085693233e+00
7.092070097660975458e-02 1.891289896768627576e+00
7.086419139901473097e-02 1.292374898341239309e+00
7.080392961529963225e-02 6.483263462985896508e-01
7.073966129388632729e-02 -4.110000890576979982e-02
7.067112499502049838e-02 -7.758437305709274812e-01
7.059805547947733961e-02 -1.555418590516518762e+00
7.052018809672107313e-02 -2.378766368601352266e+00
7.043726440271379230e-02 -3.244087033100507611e+00
7.034903912710671614e-02 -4.148649825025284343e+00
7.025528855320757604e-02 -5.088593786043559497e+00
7.015582028674986759e-02 -6.058731089281154780e+00
7.005048426875230827e-02 -7.052371688556587692e+00
6.993918473637356081e-02 -8.061192456427583863e+00
6.982189266368916958e-02 -9.075176934320236199e+00
6.969865804058521241e-02 -1.008265165796370866e+01
6.956962119971182856e-02 -1.107044045618383343e+01
6.943502231110063039e-02 -1.202414845743987293e+01
6.929520816290656027e-02 -1.292857318271682487e+01
6.915063545635785625e-02 -1.376822286770966741e+01
6.900187006676032631e-02 -1.452790514036366787e+01
6.884958204030276752e-02 -1.519333611155670916e+01
6.869453646605713781e-02 -1.575171411360729579e+01
6.853758072722669625e-02 -1.619220550443783324e+01
6.837962893751051152e-02 -1.650630169843475414e+01
6.822164456254789511e-02 -1.668802431512247963e+01
6.806462229105567086e-02 -1.673397517342482743e+01
6.790957015991869183e-02 -1.664324581755855803e+01
6.775749277836985718e-02 -1.641721437269001882e+01
6.760937627718698051e-02 -1.605926435686129139e+01
6.746617537016061372e-02 -1.557446092850214825e+01
6.732880269104565829e-02 -1.496921629858412750e+01
6.719812038273224875e-02 -1.425096916896918664e+01
6.707493377741993723e-02 -1.342789548084956941e+01
6.695998691808670300e-02 -1.250866109006946658e+01
6.685395962665854896e-02 -1.150221987963502279e+01
6.675746581368097177e-02 -1.041765635922881650e+01
6.667105273783079100e-02 -9.264070477175831542e+00
6.659520095206265811e-02 -8.050499134448529048e+00
6.653032470913493313e-02 -6.785867630589495825e+00
6.647677263731475994e-02 -5.478967655694112260e+00
6.643482853371776575e-02 -4.138453023790655827e+00
6.640471215603512001e-02 -2.772849351506922133e+00
6.638657992253936546e-02 -1.390581247294885081e+00
6.638052545525208181e-02 0.000000000000000000e+00
6.638657992253936546e-02 1.390581247294885081e+00
6.640471215603512001e-02 2.772849351506922133e+00
6.643482853371776575e-02 4.138453023790655827e+00
6.647677263731475994e-02 5.478967655694112260e+00
6.653032470913493313e-02 6.785867630589495825e+00
6.659520095206265811e-02 8.050499134448529048e+00
6.667105273783079100e-02 9.264070477175831542e+00
6.675746581368097177e-02 1.041765635922881650e+01
6.685395962665854896e-02 1.150221987963502279e+01
6.695998691808670300e-02 1.250866109006946658e+01
6.707493377741993723e-02 1.342789548085040430e+01
6.719812038273226262e-02 1.425096916896918664e+01
6.732880269104565829e-02 1.496921629858412750e+01
6.746617537016062760e-02 1.557446092850298314e+01
6.760937627718699439e-02 1.605926435686046005e+01
6.775749277836985718e-02 1.641721437268918748e+01
6.790957015991869183e-02 1.664324581755855803e+01
6.806462229105567086e-02 1.673397517342566232e+01
6.822164456254790899e-02 1.668802431512247963e+01
6.837962893751051152e-02 1.650630169843391926e+01
6.853758072722669625e-02 1.619220550443783324e+01
6.869453646605713781e-02 1.575171411360812890e+01
6.884958204030278139e-02 1.519333611155754404e+01
6.900187006676034018e-02 1.452790514036283298e+01
6.915063545635785625e-02 1.376822286770883252e+01
6.929520816290656027e-02 1.292857318271682487e+01
6.943502231110063039e-02 1.202414845743987293e+01
6.956962119971182856e-02 1.107044045618383343e+01
6.969865804058521241e-02 1.008265165796454355e+01
6.982189266368918346e-02 9.075176934320236199e+00
6.993918473637356081e-02 8.061192456427583863e+00
7.005048426875232215e-02 7.052371688556587692e+00
7.015582028674986759e-02 6.058731089280319893e+00
7.025528855320757604e-02 5.088593786043559497e+00
7.034903912710671614e-02 4.148649825024449456e+00
7.043726440271377842e-02 3.244087033100507611e+00
7.052018809672107313e-02 2.378766368602186709e+00
7.059805547947733961e-02 1.555418590516518762e+00
7.067112499502049838e-02 7.758437305709274812e-01
7.073966129388631341e-02 4.110000890576979982e-02
7.080392961529964613e-02 -6.483263462985896508e-01
7.086419139901473097e-02 -1.292374898341239309e+00
7.092070097660975458e-02 -1.891289896768627576e+00
7.097370318130105660e-02 -2.445523632085693233e+00
7.102343171837476044e-02 -2.955662297141111505e+00
7.107010815004928539e-02 -3.422371696017114662e+00
7.111394136501007768e-02 -3.846359870405860359e+00
7.115512742112756195e-02 -4.228353727107075244e+00
7.119384966806385773e-02 -4.569086932238353604e+00
7.123027907342766030e-02 -4.869296604880704926e+00
7.126457469123377575e-02 -5.129726640250372505e+00
7.129688422442873041e-02 -5.351135786716791465e+00
7.132734464416003173e-02 -5.534308874334318951e+00
7.135608283744096503e-02 -5.680069837768763286e+00
7.138321626211079074e-02 -5.789295392578632793e+00
7.140885359375551134e-02 -5.862928413704731057e+00
7.143309535377521946e-02 -5.901990232959178684e+00
7.145603451128153261e-02 -5.907591223152869553e+00
7.147775705417916403e-02 -5.880939174209836473e+00
7.149834252679279634e-02 -5.823345094806628097e+00
7.151786453288812295e-02 -5.736226193739819124e+00
7.153639120401418527e-02 -5.621105909338456108e+00
7.155398563385879929e-02 -5.479610963220528319e+00
7.157070627983228017e-02 -5.313465515346317503e+00
7.158660733343628901e-02 -5.124482589478104977e+00
7.160173906117933695e-02 -4.914553020122244931e+00
7.161614811790550927e-02 -4.685632241922755625e+00
7.162987783443469647e-02 -4.439725298534081155e+00
7.164296848139226070e-02 -4.178870489104095753e+00
7.165545751105061034e-02 -3.905122095615160660e+00
7.166737977892505274e-02 -3.620532643450096177e+00
7.167876774677268970e-02 -3.327135140887607978e+00
7.168965166853993876e-02 -3.026925722043455114e+00
7.170005976069920850e-02 -2.721847083702314318e+00
7.171001835830909110e-02 -2.413773061575268386e+00
7.171955205802993394e-02 -2.104494638350200120e+00
7.172868384922716223e-02 -1.795707617079994378e+00
7.173743523420131329e-02 -1.489002131771941961e+00
7.174582633849513336e-02 -1.185854104996291625e+00
7.175387601214643085e-02 -8.876187023933974629e-01
7.176160192267874716e-02 -5.955257780866186623e-01
7.176902064055196151e-02 -3.106772549258202121e-01
7.177614771773031810e-02 -3.404634026920658196e-02
7.178299775996627163e-02 2.335215574399872318e-01
7.178958449334449377e-02 4.913063734802910476e-01
7.179592082558100552e-02 7.387095747000914647e-01
7.180201890252776997e-02 9.752491839002637164e-01
7.180789016029233418e-02 1.200553839055396033e+00
7.181354537334447286e-02 1.414356084418813886e+00
7.181899469894911792e-02 1.616485083904297682e+00
7.182424771823324450e-02 1.806858936386323000e+00
7.182931347416772472e-02 1.985476758461307778e+00
7.183420050671923685e-02 2.152410683775638933e+00
7.183891688540504361e-02 2.307797910355747995e+00
7.184347023946277555e-02 2.451832908710765313e+00
7.184786778582821776e-02 2.584759885231795451e+00
7.185211635509791694e-02 2.706865577366523556e+00
7.185622241563713319e-02 2.818472440141169155e+00
7.186019209598044910e-02 2.919932268076677495e+00
7.186403120565920677e-02 3.011620282202094767e+00
7.186774525457854945e-02 3.093929699628612084e+00
7.187133947105669995e-02 3.167266791987664032e+00
7.187481881862883837e-02 3.232046430060130593e+00
7.187818801171025340e-02 3.288688104309717364e+00
7.188145153020480960e-02 3.337612404813679046e+00
7.188461363313816688e-02 3.379237939396792179e+00
7.188767837138822225e-02 3.413978665054731909e+00
7.189064959957944256e-02 3.442241605748708633e+00
7.189353098720269175e-02 3.464424927889341532e+00
7.189632602901685487e-02 3.480916343694127502e+00
7.189903805478373156e-02 3.492091813392552258e+00
7.190167023838463234e-02 3.498314517070086449e+00
7.190422560636192117e-02 3.499934068085935657e+00
7.190670704592674878e-02 3.497285941353433181e+00
7.190911731246990568e-02 3.490691090525755769e+00
7.191145903661019800e-02 3.480455731070553504e+00
7.191373473081290324e-02 3.466871266628639425e+00
7.191594679560689429e-02 3.450214338317446394e+00
7.191809752542831224e-02 3.430746978537417835e+00
7.192018911411535154e-02 3.408716852634250394e+00
7.192222366007830492e-02 3.384357573010394304e+00
7.192420317116551831e-02 3.357889072029728528e+00
7.192612956924598899e-02 3.329518022076149553e+00
7.192800469452671763e-02 3.299438291676096480e+00
7.192983030962216140e-02 3.267831428925713766e+00
7.193160810339199740e-02 3.234867163548519109e+00
7.193333969456150445e-02 3.200703920775982869e+00
7.193502663513881568e-02 3.165489341423802117e+00
7.193667041364174008e-02 3.129360802363862160e+00
7.193827245814579663e-02 3.092445933728051433e+00
7.193983413916510417e-02 3.054863129018164258e+00
7.194135677237591120e-02 3.016722044916353873e+00
7.194284162119267412e-02 2.978124089039768663e+00
7.194428989920573225e-02 2.939162893085800476e+00
7.194570277248855950e-02 2.899924770523982787e+00
7.194708136178307178e-02 2.860489157352817280e+00
7.194842674456949916e-02 2.820929034987415651e+00
7.194973995702813596e-02 2.781311335576801991e+00
7.195102199589931136e-02 2.741697328896909092e+00
7.195227382024743656e-02 2.702142990447784499e+00
