-1.172033762274011116e-03 6.698692767645675339e-02 1.752070326066022254e-01
-1.163721466087670568e-03 6.694637447783099993e-02 1.741642220513166806e-01
-1.155409169901330021e-03 6.690592328718558690e-02 1.731226312558923897e-01
-1.147096873714989690e-03 6.686561248795402923e-02 1.720822904777250806e-01
-1.138784577528649143e-03 6.682548263609930372e-02 1.710432237227215990e-01
-1.130472281342308595e-03 6.678557651955321917e-02 1.700054550231372419e-01
-1.122159985155968048e-03 6.674593921393438822e-02 1.689690088722454187e-01
-1.113847688969627501e-03 6.670661813377969096e-02 1.679339103266235256e-01
-1.105535392783287170e-03 6.666766307847424300e-02 1.669001850607813031e-01
-1.097223096596946623e-03 6.662912627198738780e-02 1.658678594358638236e-01
-1.088910800410606075e-03 6.659106239547799011e-02 1.648369606865652537e-01
-1.080598504224265528e-03 6.655352861174972101e-02 1.638075180179760504e-01
-1.072286208037924980e-03 6.651658458048501088e-02 1.627796271115625193e-01
-1.063973911851584650e-03 6.648029246313341689e-02 1.617530848281677480e-01
-1.055661615665244102e-03 6.644471691626628596e-02 1.607281767476932688e-01
-1.047349319478903555e-03 6.640992507217216567e-02 1.597048366071580350e-01
-1.039037023292563007e-03 6.637598650541932932e-02 1.586830979290233812e-01
-1.030724727106222460e-03 6.634297318408310939e-02 1.576629931330278955e-01
-1.022412430919882129e-03 6.631095940432170377e-02 1.566445551924409985e-01
-1.014100134733541582e-03 6.628002170696728479e-02 1.556278179333147882e-01
-1.005787838547201034e-03 6.625023877481434065e-02 1.546128163535518962e-01
-9.974755423608604871e-04 6.622169130931190861e-02 1.535995883959381525e-01
-9.891632461745199396e-04 6.619446188541204534e-02 1.525880207957619195e-01
-9.808509499881793922e-04 6.616863478339146676e-02 1.515785599484362756e-01
-9.725386538018390616e-04 6.614429579655985159e-02 1.505708638034039260e-01
-9.642263576154985142e-04 6.612153201388119850e-02 1.495650858867164368e-01
-9.559140614291579668e-04 6.610043157668671343e-02 1.485612687791377784e-01
-9.476017652428174193e-04 6.608108340882490328e-02 1.475594544616560533e-01
-9.392894690564769803e-04 6.606357691980813129e-02 1.465596860984236249e-01
-9.309771728701364329e-04 6.604800168075189437e-02 1.455620101709862446e-01
-9.226648766837959939e-04 6.603444707316609430e-02 1.445664927256319621e-01
-9.143525804974554465e-04 6.602300191096904802e-02 1.435730704591397233e-01
-9.060402843111148991e-04 6.601375403641639161e-02 1.425819343681043461e-01
-8.977279881247744600e-04 6.600678989100383642e-02 1.415930698881229521e-01
-8.894156919384340210e-04 6.600219406278062806e-02 1.406065300958219411e-01
-8.811033957520934736e-04 6.600004881191934292e-02 1.396223678697020021e-01
-8.727910995657529262e-04 6.600043357680819567e-02 1.386406430889284003e-01
-8.644788033794123788e-04 6.600342446336064650e-02 1.376613281396200372e-01
-8.561665071930719398e-04 6.600909372067348402e-02 1.366846460767447702e-01
-8.478542110067313923e-04 6.601750920659101018e-02 1.357105328442814451e-01
-8.395419148203909533e-04 6.602873384714691429e-02 1.347390729018424771e-01
-8.312296186340504059e-04 6.604282509424563852e-02 1.337703307714334933e-01
-8.229173224477098585e-04 6.605983438630125271e-02 1.328043944617475214e-01
-8.146050262613694195e-04 6.607980661685844415e-02 1.318411993215275191e-01
-8.062927300750288720e-04 6.610277961648097778e-02 1.308809949872359601e-01
-7.979804338886884330e-04 6.612878365337444830e-02 1.299237572735171820e-01
-7.896681377023478856e-04 6.615784095832741296e-02 1.289695679273490381e-01
-7.813558415160073382e-04 6.618996527958079246e-02 1.280185578855206063e-01
-7.730435453296668992e-04 6.622516147316752366e-02 1.270705669309977193e-01
-7.647312491433263517e-04 6.626342513410220236e-02 1.261259630993420144e-01
-7.564189529569859127e-04 6.630474227353570782e-02 1.251847012383485724e-01
-7.481066567706453653e-04 6.634908904660848095e-02 1.242468920160372386e-01
-7.397943605843048179e-04 6.639643153527427510e-02 1.233124831172618396e-01
-7.314820643979642704e-04 6.644672558977604560e-02 1.223817767943524010e-01
-7.231697682116238314e-04 6.649991673179574125e-02 1.214547457939259140e-01
-7.148574720252833924e-04 6.655594012153645544e-02 1.205315942153827174e-01
-7.065451758389428450e-04 6.661472059016994296e-02 1.196120469294503497e-01
-6.982328796526022976e-04 6.667617273819143042e-02 1.186966459370184523e-01
-6.899205834662617502e-04 6.674020109928742450e-02 1.177853354730098029e-01
-6.816082872799213111e-04 6.680670036836586223e-02 1.168780648471072214e-01
-6.732959910935807637e-04 6.687555569142647482e-02 1.159752090745786030e-01
-6.649836949072403247e-04 6.694664301399484707e-02 1.150767594377029718e-01
-6.566713987208997773e-04 6.701982948391588257e-02 1.141826606219739915e-01
-6.483591025345593383e-04 6.709497390343184542e-02 1.132933351461086341e-01
-6.400468063482187909e-04 6.717192722465503696e-02 1.124089582252739555e-01
-6.317345101618782434e-04 6.725053308182364631e-02 1.115289224284259362e-01
-6.234222139755378044e-04 6.733062835310042737e-02 1.106542367601051485e-01
-6.151099177891972570e-04 6.741204374414833111e-02 1.097845107684279897e-01
-6.067976216028568180e-04 6.749460438531186546e-02 1.089202558319550401e-01
-5.984853254165162706e-04 6.757813043394282626e-02 1.080611878053689551e-01
-5.901730292301757231e-04 6.766243767324170433e-02 1.072079813993382924e-01
-5.818607330438352841e-04 6.774733809893393466e-02 1.063601896599535163e-01
-5.735484368574947367e-04 6.783264048516500500e-02 1.055186302233354495e-01
-5.652361406711542977e-04 6.791815092116823549e-02 1.046828111450187337e-01
-5.569238444848137503e-04 6.800367331052506459e-02 1.038535402441533861e-01
-5.486115482984732028e-04 6.808900982518995004e-02 1.030303419185035207e-01
-5.402992521121327638e-04 6.817396130687924938e-02 1.022133718330621166e-01
-5.319869559257922164e-04 6.825832760891527295e-02 1.014042631702612718e-01
-5.236746597394516690e-04 6.834190787215650709e-02 1.006014273536635500e-01
-5.153623635531112300e-04 6.842450072923590698e-02 9.980562475279040890e-02
-5.070500673667706825e-04 6.850590443195467283e-02 9.901810814056764831e-02
-4.987377711804302435e-04 6.858591689734551411e-02 9.823738496490851124e-02
-4.904254749940896961e-04 6.866433566863265614e-02 9.746465459517329732e-02
-4.821131788077491487e-04 6.874095778808733681e-02 9.670004424385485187e-02
-4.738008826214087097e-04 6.881557957963187200e-02 9.594380006107326719e-02
-4.654885864350681622e-04 6.888799634001988026e-02 9.519620473677410655e-02
-4.571762902487277232e-04 6.895800193856960192e-02 9.445755638835739987e-02
-4.488639940623871758e-04 6.902538832681290315e-02 9.372814851852986906e-02
-4.405516978760466284e-04 6.908994496115171413e-02 9.300829258247500508e-02
-4.322394016897061894e-04 6.915145814379367040e-02 9.229842994938858292e-02
-4.239271055033656420e-04 6.920971029003175623e-02 9.159711980373944074e-02
-4.156148093170252029e-04 6.926447913352169750e-02 9.090829851436091347e-02
-4.073025131306846555e-04 6.931553688582649253e-02 9.023040749571292762e-02
-3.989902169443441081e-04 6.936264937240740891e-02 8.956192262444848118e-02
-3.906779207580036691e-04 6.940557517475363924e-02 8.890643431908891448e-02
-3.823656245716631217e-04 6.944406481778997442e-02 8.826272114960689863e-02
-3.740533283853226827e-04 6.947786005342183879e-02 8.763086406948991658e-02
-3.657410321989821352e-04 6.950669330536775326e-02 8.701212744212118155e-02
-3.574287360126415878e-04 6.953028735748342792e-02 8.640704278773496394e-02
-3.491164398263011488e-04 6.954835538757460356e-02 8.581622537858078770e-02
-3.408041436399606014e-04 6.956060147084142109e-02 8.523950935486214464e-02
-3.324918474536200539e-04 6.956672170063213367e-02 8.467637366122775233e-02
-3.241795512672796149e-04 6.956640609731337688e-02 8.412992201400548709e-02
-3.158672550809390675e-04 6.955934149586562310e-02 8.360040970830559526e-02
-3.075549588945986285e-04 6.954521561495650983e-02 8.308602288760442989e-02
-2.992426627082580811e-04 6.952372250882374316e-02 8.258911922636291703e-02
-2.909303665219175336e-04 6.949456958091654313e-02 8.210736934149520660e-02
-2.826180703355770946e-04 6.945748628656148171e-02 8.164760058773691542e-02
-2.743057741492365472e-04 6.941223456289626059e-02 8.120339553398030208e-02
-2.659934779628961082e-04 6.935862089231126237e-02 8.077951373811975699e-02
-2.576811817765555608e-04 6.929650973032119854e-02 8.037552199539053921e-02
-2.493688855902150133e-04 6.922583781846716744e-02 7.999230718241243099e-02
-2.410565894038745743e-04 6.914662867726394102e-02 7.962694795291384853e-02
-2.327442932175340269e-04 6.905900636536416171e-02 7.928384257093311349e-02
-2.244319970311935879e-04 6.896320744057586605e-02 7.895984236568028003e-02
-2.161197008448530405e-04 6.885959001005662050e-02 7.865605144863471732e-02
-2.078074046585124931e-04 6.874863884599898001e-02 7.837206532674929893e-02
-1.994951084721720540e-04 6.863096578336078113e-02 7.810752688810373989e-02
-1.911828122858315066e-04 6.850730499062623879e-02 7.786279942190203751e-02
-1.828705160994909592e-04 6.837850316522120497e-02 7.763615443645263681e-02
-1.745582199131504118e-04 6.824550517613500733e-02 7.742765219871400317e-02
-1.662459237268100812e-04 6.810933609868546901e-02 7.723606473557351193e-02
-1.579336275404695338e-04 6.797108084497333058e-02 7.706088454839085666e-02
-1.496213313541289863e-04 6.783186265667671966e-02 7.690100893311697938e-02
-1.413090351677884389e-04 6.769282196178601219e-02 7.675564758427882994e-02
-1.329967389814478915e-04 6.755509613299859328e-02 7.662388309714750212e-02
-1.246844427951075609e-04 6.741980209148359937e-02 7.650479288370733155e-02
-1.163721466087670135e-04 6.728802002202784183e-02 7.639752063876432964e-02
-1.080598504224264660e-04 6.716078220320663428e-02 7.630124515337795288e-02
-9.974755423608591860e-05 6.703906154305705467e-02 7.621518725189951882e-02
-9.143525804974537118e-05 6.692376590994050800e-02 7.613861829996672326e-02
-8.312296186340504059e-05 6.681573226486758887e-02 7.607087238523799200e-02
-7.481066567706449316e-05 6.671572396620155387e-02 7.601134702959470857e-02
-6.649836949072394574e-05 6.662442824797548679e-02 7.595949882012113796e-02
-5.818607330438339831e-05 6.654245823445438524e-02 7.591484856047005236e-02
-4.987377711804285088e-05 6.647034892358155700e-02 7.587697709280891156e-02
-4.156148093170252029e-05 6.640856231473696303e-02 7.584552605171636375e-02
-3.324918474536197287e-05 6.635748645867323159e-02 7.582019536872572352e-02
-2.493688855902142544e-05 6.631743640635942572e-02 7.580074265011861601e-02
-1.662459237268087801e-05 6.628865619574379753e-02 7.578698035234135433e-02
-8.312296186340330587e-06 6.627131882157823173e-02 7.577877571681305990e-02
0.000000000000000000e+00 6.626552849133862666e-02 7.577604972439086484e-02
8.312296186340547427e-06 6.627131882157823173e-02 7.577877571681305990e-02
1.662459237268109485e-05 6.628865619574379753e-02 7.578698035234135433e-02
2.493688855902164228e-05 6.631743640635942572e-02 7.580074265011861601e-02
3.324918474536218971e-05 6.635748645867323159e-02 7.582019536872572352e-02
4.156148093170252029e-05 6.640856231473696303e-02 7.584552605171636375e-02
4.987377711804306772e-05 6.647034892358155700e-02 7.587697709280891156e-02
5.818607330438361515e-05 6.654245823445438524e-02 7.591484856047005236e-02
6.649836949072416258e-05 6.662442824797548679e-02 7.595949882012113796e-02
7.481066567706471000e-05 6.671572396620155387e-02 7.601134702959470857e-02
8.312296186340525743e-05 6.681573226486758887e-02 7.607087238523799200e-02
9.143525804974558802e-05 6.692376590994050800e-02 7.613861829996672326e-02
9.974755423608613544e-05 6.703906154305706855e-02 7.621518725189953269e-02
1.080598504224266829e-04 6.716078220320663428e-02 7.630124515337795288e-02
1.163721466087672303e-04 6.728802002202785570e-02 7.639752063876434351e-02
1.246844427951077777e-04 6.741980209148361325e-02 7.650479288370734543e-02
1.329967389814481083e-04 6.755509613299859328e-02 7.662388309714750212e-02
1.413090351677886557e-04 6.769282196178601219e-02 7.675564758427882994e-02
1.496213313541292032e-04 6.783186265667671966e-02 7.690100893311700714e-02
1.579336275404697506e-04 6.797108084497334446e-02 7.706088454839087054e-02
1.662459237268102980e-04 6.810933609868546901e-02 7.723606473557351193e-02
1.745582199131506286e-04 6.824550517613500733e-02 7.742765219871400317e-02
1.828705160994911760e-04 6.837850316522120497e-02 7.763615443645263681e-02
1.911828122858317235e-04 6.850730499062623879e-02 7.786279942190205139e-02
1.994951084721722709e-04 6.863096578336079501e-02 7.810752688810375377e-02
2.078074046585128183e-04 6.874863884599898001e-02 7.837206532674932669e-02
2.161197008448531489e-04 6.885959001005662050e-02 7.865605144863471732e-02
2.244319970311936963e-04 6.896320744057586605e-02 7.895984236568028003e-02
2.327442932175342438e-04 6.905900636536416171e-02 7.928384257093311349e-02
2.410565894038747912e-04 6.914662867726394102e-02 7.962694795291384853e-02
2.493688855902153386e-04 6.922583781846718132e-02 7.999230718241244487e-02
2.576811817765556692e-04 6.929650973032119854e-02 8.037552199539053921e-02
2.659934779628962166e-04 6.935862089231127625e-02 8.077951373811977087e-02
2.743057741492367640e-04 6.941223456289626059e-02 8.120339553398030208e-02
2.826180703355773115e-04 6.945748628656148171e-02 8.164760058773691542e-02
2.909303665219178589e-04 6.949456958091654313e-02 8.210736934149520660e-02
2.992426627082581895e-04 6.952372250882374316e-02 8.258911922636293090e-02
3.075549588945987369e-04 6.954521561495650983e-02 8.308602288760442989e-02
3.158672550809392843e-04 6.955934149586562310e-02 8.360040970830559526e-02
3.241795512672798318e-04 6.956640609731337688e-02 8.412992201400548709e-02
3.324918474536203792e-04 6.956672170063213367e-02 8.467637366122776621e-02
3.408041436399607098e-04 6.956060147084142109e-02 8.523950935486215852e-02
3.491164398263012572e-04 6.954835538757460356e-02 8.581622537858078770e-02
3.574287360126418046e-04 6.953028735748342792e-02 8.640704278773499170e-02
3.657410321989823521e-04 6.950669330536775326e-02 8.701212744212119543e-02
3.740533283853228995e-04 6.947786005342183879e-02 8.763086406948994433e-02
3.823656245716632301e-04 6.944406481778997442e-02 8.826272114960689863e-02
3.906779207580037775e-04 6.940557517475363924e-02 8.890643431908891448e-02
3.989902169443443249e-04 6.936264937240740891e-02 8.956192262444850893e-02
4.073025131306848724e-04 6.931553688582649253e-02 9.023040749571292762e-02
4.156148093170254198e-04 6.926447913352169750e-02 9.090829851436091347e-02
4.239271055033657504e-04 6.920971029003175623e-02 9.159711980373944074e-02
4.322394016897062978e-04 6.915145814379367040e-02 9.229842994938861067e-02
4.405516978760468452e-04 6.908994496115171413e-02 9.300829258247500508e-02
4.488639940623873927e-04 6.902538832681287539e-02 9.372814851852988294e-02
4.571762902487279401e-04 6.895800193856957416e-02 9.445755638835741375e-02
4.654885864350684875e-04 6.888799634001992189e-02 9.519620473677412043e-02
4.738008826214088181e-04 6.881557957963187200e-02 9.594380006107326719e-02
4.821131788077493655e-04 6.874095778808737844e-02 9.670004424385489350e-02
4.904254749940899129e-04 6.866433566863260063e-02 9.746465459517333896e-02
4.987377711804304604e-04 6.858591689734545860e-02 9.823738496490855288e-02
5.070500673667710078e-04 6.850590443195467283e-02 9.901810814056767607e-02
5.153623635531113384e-04 6.842450072923590698e-02 9.980562475279040890e-02
5.236746597394518858e-04 6.834190787215643770e-02 1.006014273536635639e-01
5.319869559257924332e-04 6.825832760891527295e-02 1.014042631702612995e-01
5.402992521121329807e-04 6.817396130687931877e-02 1.022133718330621582e-01
5.486115482984735281e-04 6.808900982518995004e-02 1.030303419185035485e-01
5.569238444848138587e-04 6.800367331052506459e-02 1.038535402441533861e-01
5.652361406711544061e-04 6.791815092116815222e-02 1.046828111450187476e-01
5.735484368574949535e-04 6.783264048516500500e-02 1.055186302233354773e-01
5.818607330438355010e-04 6.774733809893393466e-02 1.063601896599535440e-01
5.901730292301760484e-04 6.766243767324170433e-02 1.072079813993383202e-01
5.984853254165163790e-04 6.757813043394272912e-02 1.080611878053689690e-01
6.067976216028569264e-04 6.749460438531186546e-02 1.089202558319550679e-01
6.151099177891974738e-04 6.741204374414844214e-02 1.097845107684280314e-01
6.234222139755380213e-04 6.733062835310053840e-02 1.106542367601051624e-01
6.317345101618785687e-04 6.725053308182364631e-02 1.115289224284259639e-01
6.400468063482188993e-04 6.717192722465503696e-02 1.124089582252739555e-01
6.483591025345594467e-04 6.709497390343184542e-02 1.132933351461086341e-01
6.566713987208999941e-04 6.701982948391588257e-02 1.141826606219739915e-01
6.649836949072405416e-04 6.694664301399497197e-02 1.150767594377030134e-01
6.732959910935810890e-04 6.687555569142672462e-02 1.159752090745786307e-01
6.816082872799214196e-04 6.680670036836586223e-02 1.168780648471072214e-01
6.899205834662619670e-04 6.674020109928729960e-02 1.177853354730098168e-01
6.982328796526025144e-04 6.667617273819143042e-02 1.186966459370184801e-01
7.065451758389430618e-04 6.661472059017006786e-02 1.196120469294503635e-01
7.148574720252836093e-04 6.655594012153645544e-02 1.205315942153827452e-01
7.231697682116239399e-04 6.649991673179586615e-02 1.214547457939259278e-01
7.314820643979644873e-04 6.644672558977604560e-02 1.223817767943524287e-01
7.397943605843050347e-04 6.639643153527427510e-02 1.233124831172618674e-01
7.481066567706455821e-04 6.634908904660848095e-02 1.242468920160372664e-01
7.564189529569861296e-04 6.630474227353570782e-02 1.251847012383485724e-01
7.647312491433264602e-04 6.626342513410231339e-02 1.261259630993420422e-01
7.730435453296670076e-04 6.622516147316741264e-02 1.270705669309977748e-01
7.813558415160075550e-04 6.618996527958090348e-02 1.280185578855206063e-01
7.896681377023481024e-04 6.615784095832741296e-02 1.289695679273490381e-01
7.979804338886886499e-04 6.612878365337444830e-02 1.299237572735171820e-01
8.062927300750291973e-04 6.610277961648106104e-02 1.308809949872359601e-01
8.146050262613697447e-04 6.607980661685851353e-02 1.318411993215275191e-01
8.229173224477102921e-04 6.605983438630125271e-02 1.328043944617475769e-01
8.312296186340504059e-04 6.604282509424563852e-02 1.337703307714334933e-01
8.395419148203909533e-04 6.602873384714691429e-02 1.347390729018424771e-01
8.478542110067315007e-04 6.601750920659109345e-02 1.357105328442814729e-01
8.561665071930720482e-04 6.600909372067353953e-02 1.366846460767447979e-01
8.644788033794125956e-04 6.600342446336061875e-02 1.376613281396200927e-01
8.727910995657531430e-04 6.600043357680818179e-02 1.386406430889284558e-01
8.811033957520936905e-04 6.600004881191934292e-02 1.396223678697020298e-01
8.894156919384342379e-04 6.600219406278060030e-02 1.406065300958219688e-01
8.977279881247747853e-04 6.600678989100389193e-02 1.415930698881229799e-01
9.060402843111153327e-04 6.601375403641639161e-02 1.425819343681044016e-01
9.143525804974554465e-04 6.602300191096904802e-02 1.435730704591397233e-01
9.226648766837959939e-04 6.603444707316609430e-02 1.445664927256319621e-01
9.309771728701365413e-04 6.604800168075189437e-02 1.455620101709862446e-01
9.392894690564770888e-04 6.606357691980813129e-02 1.465596860984236249e-01
9.476017652428176362e-04 6.608108340882469511e-02 1.475594544616560810e-01
9.559140614291581836e-04 6.610043157668696323e-02 1.485612687791378062e-01
9.642263576154987310e-04 6.612153201388146218e-02 1.495650858867164645e-01
9.725386538018392785e-04 6.614429579656000424e-02 1.505708638034039537e-01
9.808509499881798259e-04 6.616863478339146676e-02 1.515785599484363311e-01
9.891632461745203733e-04 6.619446188541221188e-02 1.525880207957619472e-01
9.974755423608609207e-04 6.622169130931190861e-02 1.535995883959382080e-01
1.005787838547201034e-03 6.625023877481434065e-02 1.546128163535518962e-01
1.014100134733541582e-03 6.628002170696728479e-02 1.556278179333147882e-01
1.022412430919882129e-03 6.631095940432170377e-02 1.566445551924409985e-01
1.030724727106222677e-03 6.634297318408334532e-02 1.576629931330279510e-01
1.039037023292563224e-03 6.637598650541932932e-02 1.586830979290234367e-01
1.047349319478903772e-03 6.640992507217216567e-02 1.597048366071580350e-01
1.055661615665244319e-03 6.644471691626599452e-02 1.607281767476932688e-01
1.063973911851584866e-03 6.648029246313282015e-02 1.617530848281677758e-01
1.072286208037925414e-03 6.651658458048501088e-02 1.627796271115625748e-01
1.080598504224265961e-03 6.655352861174972101e-02 1.638075180179761059e-01
1.088910800410606075e-03 6.659106239547799011e-02 1.648369606865652537e-01
1.097223096596946623e-03 6.662912627198738780e-02 1.658678594358638236e-01
1.105535392783287170e-03 6.666766307847424300e-02 1.669001850607813031e-01
1.113847688969627717e-03 6.670661813378045424e-02 1.679339103266235533e-01
1.122159985155968265e-03 6.674593921393398577e-02 1.689690088722454187e-01
1.130472281342308812e-03 6.678557651955241425e-02 1.700054550231372696e-01
1.138784577528649360e-03 6.682548263609930372e-02 1.710432237227215990e-01
1.147096873714989907e-03 6.686561248795490353e-02 1.720822904777251083e-01
1.155409169901330454e-03 6.690592328718558690e-02 1.731226312558924452e-01
1.163721466087671002e-03 6.694637447783099993e-02 1.741642220513167361e-01
1.172033762274011116e-03 6.698692767645675339e-02 1.752070326066022254e-01
