1.741642126196108475e-01 -1.253805990536704229e+02
1.731226193575078898e-01 -1.252320373889468783e+02
1.720822771384295791e-01 -1.250802116861430591e+02
1.710432092358249723e-01 -1.249254963989773586e+02
1.700054394803494906e-01 -1.247678622114489713e+02
1.689689922759347596e-01 -1.246072475086877915e+02
1.679338926163934098e-01 -1.244435812371422685e+02
1.669001661025797389e-01 -1.242767849246522047e+02
1.658678389601265790e-01 -1.241067647232367790e+02
1.648369380577804355e-01 -1.239333495643175382e+02
1.638074909263577961e-01 -1.237524222478690774e+02
1.627795257783458960e-01 -1.235779587103932187e+02
1.617530715281726983e-01 -1.233985362095472169e+02
1.607281578131724564e-01 -1.232059213900224108e+02
1.597048150152728940e-01 -1.230152759733544059e+02
1.586830742834327845e-01 -1.228206640113152730e+02
1.576629675568589906e-01 -1.226221185388151014e+02
1.566445275890330224e-01 -1.224195549634934537e+02
1.556277879725802282e-01 -1.222128514999154874e+02
1.546127831650141171e-01 -1.220017605189279806e+02
1.535995485153909823e-01 -1.217952002911835763e+02
1.525881202919115720e-01 -1.215686016351894523e+02
1.515785357105076392e-01 -1.213357264429985491e+02
1.505708329644539212e-01 -1.211141913487482498e+02
1.495650512550467659e-01 -1.208808600665890793e+02
1.485612308233940360e-01 -1.206424422385359065e+02
1.475594129833618373e-01 -1.203989027726971273e+02
1.465596401557263395e-01 -1.201499709522005617e+02
1.455619559035815080e-01 -1.198942703742344378e+02
1.445664049690560671e-01 -1.196384047957116508e+02
1.435730333113953150e-01 -1.193748582244221836e+02
1.425818881464663845e-01 -1.191006989302469634e+02
1.415930179877495920e-01 -1.188242230545485540e+02
1.406064726888798522e-01 -1.185413737818540767e+02
1.396223034878079083e-01 -1.182517419268606460e+02
1.386405630526528210e-01 -1.179601692553080312e+02
1.376613055293228749e-01 -1.176568404406646522e+02
1.366845865909848412e-01 -1.173439475451019263e+02
1.357104634894679140e-01 -1.170298273357619223e+02
1.347389951086920279e-01 -1.167067456063615936e+02
1.337702420202165898e-01 -1.163744888731334726e+02
1.328042665410115730e-01 -1.160408271469009094e+02
1.318411327935584965e-01 -1.156960382181911626e+02
1.308809067683967542e-01 -1.153376879881419796e+02
1.299236563892372243e-01 -1.149758753199830039e+02
1.289694515807739694e-01 -1.146012693296081579e+02
1.280183643393330017e-01 -1.142284246001673012e+02
1.270704688065075194e-01 -1.138430792016687434e+02
1.261258413459387662e-01 -1.134383117716713087e+02
1.251845606234136543e-01 -1.130296034441494584e+02
1.242467076904628931e-01 -1.126173850832767727e+02
1.233123660716572145e-01 -1.121901325382118415e+02
1.223816218558138741e-01 -1.117463382975159902e+02
1.214545637913434090e-01 -1.112919064415712569e+02
1.205312833859839283e-01 -1.108417471638967555e+02
1.196118750111912349e-01 -1.103755350645230777e+02
1.186964360114745043e-01 -1.098800749811075121e+02
1.177850668189925898e-01 -1.093910183866928207e+02
1.168778710737521376e-01 -1.088824530462322429e+02
1.159749557497793404e-01 -1.083518542303812353e+02
1.150764312876691731e-01 -1.078251070715138411e+02
1.141824117339520495e-01 -1.072762718997554430e+02
1.132930148877578647e-01 -1.066914819285873364e+02
1.124083624553006006e-01 -1.061326905423634201e+02
1.115285802127538584e-01 -1.055497437670899217e+02
1.106537981781406804e-01 -1.049295899046828993e+02
1.097841507929165211e-01 -1.043021620788446739e+02
1.089197771139867321e-01 -1.036610657528626973e+02
1.080608210169653194e-01 -1.029964761981471923e+02
1.072074314115534638e-01 -1.023181866528444743e+02
1.063597624699911676e-01 -1.016175998864744798e+02
1.055179738696145897e-01 -1.008974221642384208e+02
1.046822310506340531e-01 -1.001582439950995109e+02
1.038527054903295443e-01 -9.939908236370878569e+01
1.030295749949432793e-01 -9.865916554961852114e+01
1.022130240106243759e-01 -9.781164625211238217e+01
1.014032439548485931e-01 -9.696144382147059559e+01
1.006004335697864294e-01 -9.616105956966967483e+01
9.980479929911824366e-02 -9.523958107374366477e+01
9.901655568978327826e-02 -9.433252573813231834e+01
9.823592582008448815e-02 -9.344310588613976165e+01
9.746314175543079050e-02 -9.247388968044381841e+01
9.669844503275773495e-02 -9.148221502256043891e+01
9.594208717428832911e-02 -9.045872965595107473e+01
9.519433023073360645e-02 -8.940030765254647349e+01
9.445544735322902730e-02 -8.830629860475069393e+01
9.372572339218356030e-02 -8.717590022020299045e+01
9.300545551969123526e-02 -8.600021805591563862e+01
9.229495387010641649e-02 -8.488465443847634617e+01
9.159454219067440783e-02 -8.361897867114313954e+01
9.090455849057138549e-02 -8.221027483792070711e+01
9.022535567214984287e-02 -8.098700164973118376e+01
8.955730212238419141e-02 -7.963943698250763248e+01
8.890078223522930589e-02 -7.814937327284715707e+01
8.825619682660178211e-02 -7.672791133785153761e+01
8.762396339275056734e-02 -7.522552610317207211e+01
8.700451614975866776e-02 -7.361511514508090670e+01
8.639830577680547574e-02 -7.193572249660684292e+01
8.580579876885735535e-02 -7.022929685731162408e+01
8.522747628626059502e-02 -6.856419043549807668e+01
8.466383237044998455e-02 -6.674373217595537255e+01
8.411537137857873214e-02 -6.472122316155372346e+01
8.358260447819115813e-02 -6.279246450075242336e+01
8.306604504007177037e-02 -6.083099418452595586e+01
8.256620277820221621e-02 -5.886782208972700658e+01
8.208357651629294427e-02 -5.663408867535199676e+01
8.161864551678597868e-02 -5.437569759607393394e+01
8.117185939570016606e-02 -5.221703065896944906e+01
8.074362676755307555e-02 -4.979812557390538785e+01
8.033430291612136953e-02 -4.735193128710505306e+01
7.994417695894230624e-02 -4.502811411525551222e+01
7.957345914737508352e-02 -4.261545760625837431e+01
7.922226909249363569e-02 -4.012763575062517418e+01
7.889062579764274941e-02 -3.776279792159201776e+01
7.857844037987167518e-02 -3.535587674900618538e+01
7.828551225309154926e-02 -3.299476752478805963e+01
7.801152932231071591e-02 -3.063328672552172094e+01
7.775607242068398317e-02 -2.835392538259772977e+01
7.751862385175714576e-02 -2.617491084491817332e+01
7.729857953492720590e-02 -2.406613599360098377e+01
7.709526395062418769e-02 -2.206175298023243414e+01
7.690794688792448874e-02 -2.015422663879109422e+01
7.673586093294881838e-02 -1.836056832368517888e+01
7.657821869703004825e-02 -1.666963193785571207e+01
7.643422894302491499e-02 -1.508937452106937549e+01
7.630311098759189059e-02 -1.361612082321789785e+01
7.618410699614305837e-02 -1.224377270530044015e+01
7.607649201139732309e-02 -1.096769068241553491e+01
7.597958174307743728e-02 -9.782306222345127367e+00
7.589273828433976132e-02 -8.680806327539009715e+00
7.581537400906183943e-02 -7.655602466449485277e+00
7.574695394899297329e-02 -6.699326071890477685e+00
7.568699696031247481e-02 -5.804561517143149274e+00
7.563507597548423111e-02 -4.963834628982117358e+00
7.559081760766007962e-02 -4.169877203582151637e+00
7.555390133869839542e-02 -3.415525795176576729e+00
7.552405848351563533e-02 -2.693804491190985750e+00
7.550107108648576593e-02 -1.997944709847493838e+00
7.548477087191053647e-02 -1.321351694713067682e+00
7.547503834100320608e-02 -6.574975016200459432e-01
7.547180208236017873e-02 0.000000000000000000e+00
7.547503834100320608e-02 6.574975016200459432e-01
7.548477087191053647e-02 1.321351694713067682e+00
7.550107108648576593e-02 1.997944709847493838e+00
7.552405848351563533e-02 2.693804491190985750e+00
7.555390133869839542e-02 3.415525795176576729e+00
7.559081760766007962e-02 4.169877203582151637e+00
7.563507597548423111e-02 4.963834628982117358e+00
7.568699696031247481e-02 5.804561517143149274e+00
7.574695394899297329e-02 6.699326071890477685e+00
7.581537400906183943e-02 7.655602466449485277e+00
7.589273828433976132e-02 8.680806327539844602e+00
7.597958174307745116e-02 9.782306222345127367e+00
7.607649201139732309e-02 1.096769068241553491e+01
7.618410699614307224e-02 1.224377270530127504e+01
7.630311098759190447e-02 1.361612082321706296e+01
7.643422894302491499e-02 1.508937452106854060e+01
7.657821869703004825e-02 1.666963193785738184e+01
7.673586093294884614e-02 1.836056832368601377e+01
7.690794688792450262e-02 2.015422663878942444e+01
7.709526395062418769e-02 2.206175298023159925e+01
7.729857953492720590e-02 2.406613599360098377e+01
7.751862385175714576e-02 2.617491084491900821e+01
7.775607242068399705e-02 2.835392538259856465e+01
7.801152932231072978e-02 3.063328672552255583e+01
7.828551225309157702e-02 3.299476752478722119e+01
7.857844037987167518e-02 3.535587674900451560e+01
7.889062579764274941e-02 3.776279792159201776e+01
7.922226909249363569e-02 4.012763575062517418e+01
7.957345914737508352e-02 4.261545760625920565e+01
7.994417695894232012e-02 4.502811411525551222e+01
8.033430291612136953e-02 4.735193128710505306e+01
8.074362676755308943e-02 4.979812557390538785e+01
8.117185939570016606e-02 5.221703065896861773e+01
8.161864551678597868e-02 5.437569759607393394e+01
8.208357651629294427e-02 5.663408867535283520e+01
8.256620277820223008e-02 5.886782208972700658e+01
8.306604504007177037e-02 6.083099418452511742e+01
8.358260447819115813e-02 6.279246450075242336e+01
8.411537137857873214e-02 6.472122316155456190e+01
8.466383237044999843e-02 6.674373217595621099e+01
8.522747628626060890e-02 6.856419043549723824e+01
8.580579876885735535e-02 7.022929685731246252e+01
8.639830577680550350e-02 7.193572249660766715e+01
8.700451614975868164e-02 7.361511514508090670e+01
8.762396339275059509e-02 7.522552610317123367e+01
8.825619682660178211e-02 7.672791133784986073e+01
8.890078223522930589e-02 7.814937327284881974e+01
8.955730212238421917e-02 7.963943698250763248e+01
9.022535567214984287e-02 8.098700164972952109e+01
9.090455849057138549e-02 8.221027483792070711e+01
9.159454219067440783e-02 8.361897867114481642e+01
9.229495387010644425e-02 8.488465443847634617e+01
9.300545551969123526e-02 8.600021805591480017e+01
9.372572339218357418e-02 8.717590022020382889e+01
9.445544735322904117e-02 8.830629860475069393e+01
9.519433023073362032e-02 8.940030765254563505e+01
9.594208717428832911e-02 9.045872965595273740e+01
9.669844503275777658e-02 9.148221502256294002e+01
9.746314175543083214e-02 9.247388968044381841e+01
9.823592582008452978e-02 9.344310588613892321e+01
9.901655568978330602e-02 9.433252573812981723e+01
9.980479929911824366e-02 9.523958107374282633e+01
1.006004335697864432e-01 9.616105956967133750e+01
1.014032439548486209e-01 9.696144382147227248e+01
1.022130240106244176e-01 9.781164625211238217e+01
1.030295749949433071e-01 9.865916554961602003e+01
1.038527054903295443e-01 9.939908236370794725e+01
1.046822310506340670e-01 1.001582439951011736e+02
1.055179738696146174e-01 1.008974221642392592e+02
1.063597624699911953e-01 1.016175998864744798e+02
1.072074314115534915e-01 1.023181866528436359e+02
1.080608210169653333e-01 1.029964761981471923e+02
1.089197771139867599e-01 1.036610657528643600e+02
1.097841507929165628e-01 1.043021620788438355e+02
1.106537981781406943e-01 1.049295899046820608e+02
1.115285802127538861e-01 1.055497437670890832e+02
1.124083624553006006e-01 1.061326905423617575e+02
1.132930148877578647e-01 1.066914819285873364e+02
1.141824117339520495e-01 1.072762718997579583e+02
1.150764312876692147e-01 1.078251070715155180e+02
1.159749557497793682e-01 1.083518542303787342e+02
1.168778710737521376e-01 1.088824530462314044e+02
1.177850668189926037e-01 1.093910183866944976e+02
1.186964360114745320e-01 1.098800749811075121e+02
1.196118750111912488e-01 1.103755350645230777e+02
1.205312833859839561e-01 1.108417471638967555e+02
1.214545637913434228e-01 1.112919064415712569e+02
1.223816218558139018e-01 1.117463382975168287e+02
1.233123660716572423e-01 1.121901325382118415e+02
1.242467076904629208e-01 1.126173850832751100e+02
1.251845606234136543e-01 1.130296034441494584e+02
1.261258413459387939e-01 1.134383117716746483e+02
1.270704688065075749e-01 1.138430792016670665e+02
1.280183643393330017e-01 1.142284246001639616e+02
1.289694515807739694e-01 1.146012693296081579e+02
1.299236563892372243e-01 1.149758753199830039e+02
1.308809067683967542e-01 1.153376879881419796e+02
1.318411327935584965e-01 1.156960382181945022e+02
1.328042665410116285e-01 1.160408271469009094e+02
1.337702420202165898e-01 1.163744888731301330e+02
1.347389951086920279e-01 1.167067456063632704e+02
1.357104634894679418e-01 1.170298273357635850e+02
1.366845865909848690e-01 1.173439475451036031e+02
1.376613055293229304e-01 1.176568404406663149e+02
1.386405630526528765e-01 1.179601692553063543e+02
1.396223034878079361e-01 1.182517419268589833e+02
1.406064726888798799e-01 1.185413737818540767e+02
1.415930179877496198e-01 1.188242230545502309e+02
1.425818881464664400e-01 1.191006989302453007e+02
1.435730333113953150e-01 1.193748582244188441e+02
1.445664049690560671e-01 1.196384047957116508e+02
1.455619559035815080e-01 1.198942703742344378e+02
1.465596401557263395e-01 1.201499709522022385e+02
1.475594129833618651e-01 1.203989027726988041e+02
1.485612308233940637e-01 1.206424422385359065e+02
1.495650512550467937e-01 1.208808600665890793e+02
1.505708329644539489e-01 1.211141913487499124e+02
1.515785357105076947e-01 1.213357264429985491e+02
1.525881202919115998e-01 1.215686016351894523e+02
1.535995485153910378e-01 1.217952002911819136e+02
1.546127831650141171e-01 1.220017605189246410e+02
1.556277879725802282e-01 1.222128514999154874e+02
1.566445275890330224e-01 1.224195549634967932e+02
1.576629675568590461e-01 1.226221185388184409e+02
1.586830742834328400e-01 1.228206640113119477e+02
1.597048150152728940e-01 1.230152759733510663e+02
1.607281578131724564e-01 1.232059213900240735e+02
1.617530715281727260e-01 1.233985362095505565e+02
1.627795257783459515e-01 1.235779587103948813e+02
1.638074909263578516e-01 1.237524222478657379e+02
1.648369380577804355e-01 1.239333495643141987e+02
1.658678389601265790e-01 1.241067647232367790e+02
1.669001661025797389e-01 1.242767849246538816e+02
1.679338926163934376e-01 1.244435812371422685e+02
1.689689922759347596e-01 1.246072475086877915e+02
1.700054394803495184e-01 1.247678622114489713e+02
1.710432092358249723e-01 1.249254963989773586e+02
1.720822771384296068e-01 1.250802116861463986e+02
1.731226193575079453e-01 1.252320373889485552e+02
1.741642126196109031e-01 1.253805990536670834e+02
