7.195227382024743656e-02 -4.872563937524242661e+00
7.195102199589931136e-02 -4.857983165330747255e+00
7.194973995702810821e-02 -4.838654042337297234e+00
7.194842674456949916e-02 -4.814311629819675531e+00
7.194708136178309954e-02 -4.784684062126409287e+00
7.194570277248857337e-02 -4.749493040399544341e+00
7.194428989920570450e-02 -4.708454421341183860e+00
7.194284162119267412e-02 -4.661278908687361167e+00
7.194135677237591120e-02 -4.607672854711882593e+00
7.193983413916510417e-02 -4.547339179389150665e+00
7.193827245814579663e-02 -4.479978415312445783e+00
7.193667041364174008e-02 -4.405289884680229306e+00
7.193502663513884343e-02 -4.322973015375932704e+00
7.193333969456151833e-02 -4.232728802234257515e+00
7.193160810339199740e-02 -4.134261418637856345e+00
7.192983030962216140e-02 -4.027279983061548663e+00
7.192800469452670376e-02 -3.911500483132654971e+00
7.192612956924598899e-02 -3.786647859064002031e+00
7.192420317116551831e-02 -3.652458246563944577e+00
7.192222366007830492e-02 -3.508681376827591070e+00
7.192018911411535154e-02 -3.355083129373595874e+00
7.191809752542829837e-02 -3.191448231093396704e+00
7.191594679560689429e-02 -3.017583091819491692e+00
7.191373473081288936e-02 -2.833318763813507335e+00
7.191145903661017025e-02 -2.638514009234865121e+00
7.190911731246987793e-02 -2.433058456384392887e+00
7.190670704592677653e-02 -2.216875821818329761e+00
7.190422560636192117e-02 -1.989927171229265213e+00
7.190167023838463234e-02 -1.752214189017083257e+00
7.189903805478373156e-02 -1.503782421993578478e+00
7.189632602901685487e-02 -1.244724459151683948e+00
7.189353098720269175e-02 -9.751830061020041462e-01
7.189064959957941481e-02 -6.953538093818082411e-01
7.188767837138823613e-02 -4.054883833164538154e-01
7.188461363313819463e-02 -1.058964895479402452e-01
7.188145153020479572e-02 2.030516818475942842e-01
7.187818801171023952e-02 5.209236816849365237e-01
7.187481881862886612e-02 8.472233733386990151e-01
7.187133947105672771e-02 1.181389957308340177e+00
7.186774525457854945e-02 1.522797497051987525e+00
7.186403120565920677e-02 1.870754990988253708e+00
7.186019209598044910e-02 2.224507030534879526e+00
7.185622241563714707e-02 2.583235078310625266e+00
7.185211635509793082e-02 2.946059393100505464e+00
7.184786778582821776e-02 3.312041619553724114e+00
7.184347023946277555e-02 3.680188051220002254e+00
7.183891688540505749e-02 4.049453564391590099e+00
7.183420050671922297e-02 4.418746208907065487e+00
7.182931347416773860e-02 4.786932430232569757e+00
7.182424771823324450e-02 5.152842883958382636e+00
7.181899469894911792e-02 5.515278791992438201e+00
7.181354537334447286e-02 5.873018777170686988e+00
7.180789016029233418e-02 6.224826101091150754e+00
7.180201890252778385e-02 6.569456219563025279e+00
7.179592082558100552e-02 6.905664560104156635e+00
7.178958449334450764e-02 7.232214418234468312e+00
7.178299775996627163e-02 7.547884862649715032e+00
7.177614771773030422e-02 7.851478535433181527e+00
7.176902064055196151e-02 8.141829231342608608e+00
7.176160192267877491e-02 8.417809140328166961e+00
7.175387601214644473e-02 8.678335640066000778e+00
7.174582633849513336e-02 8.922377530335596774e+00
7.173743523420131329e-02 9.148960607845879167e+00
7.172868384922716223e-02 9.357172489078806166e+00
7.171955205802993394e-02 9.546166599921043883e+00
7.171001835830910498e-02 9.715165262643822075e+00
7.170005976069922238e-02 9.863461824236789965e+00
7.168965166853993876e-02 9.990421784261160454e+00
7.167876774677267582e-02 1.009548289470461846e+01
7.166737977892505274e-02 1.017815421863602587e+01
7.165545751105061034e-02 1.023801414842459501e+01
7.164296848139226070e-02 1.027470739763788643e+01
7.162987783443468259e-02 1.028794099283389762e+01
7.161614811790550927e-02 1.027747930243896057e+01
7.160173906117933695e-02 1.024313814960155788e+01
7.158660733343630289e-02 1.018477806430670185e+01
7.157070627983228017e-02 1.010229673680549212e+01
7.155398563385878541e-02 9.995620740373967195e+00
7.153639120401418527e-02 9.864696596570899700e+00
7.151786453288812295e-02 9.709481260717076623e+00
7.149834252679278246e-02 9.529932110596023520e+00
7.147775705417915015e-02 9.325996527686220006e+00
7.145603451128154648e-02 9.097601168721126896e+00
7.143309535377521946e-02 8.844641037585340371e+00
7.140885359375552521e-02 8.566968485300735736e+00
7.138321626211077686e-02 8.264382290587573010e+00
7.135608283744095115e-02 7.936617008362376602e+00
7.132734464416003173e-02 7.583332821316906447e+00
7.129688422442873041e-02 7.204106193716388162e+00
7.126457469123377575e-02 6.798421711304786008e+00
7.123027907342766030e-02 6.365665600838388727e+00
7.119384966806385773e-02 5.905121562380854172e+00
7.115512742112756195e-02 5.415969721766235700e+00
7.111394136501007768e-02 4.897289723407239670e+00
7.107010815004928539e-02 4.348069236692024830e+00
7.102343171837476044e-02 3.767219440561751398e+00
7.097370318130104272e-02 3.153599371720055888e+00
7.092070097660975458e-02 2.506051352892891604e+00
7.086419139901473097e-02 1.823450023821806543e+00
7.080392961529963225e-02 1.104767722769020244e+00
7.073966129388632729e-02 3.491590254865093446e-01
7.067112499502049838e-02 -4.439329759831189270e-01
7.059805547947733961e-02 -1.274646733094580986e+00
7.052018809672107313e-02 -2.142547994163874758e+00
7.043726440271379230e-02 -3.046452683146231966e+00
7.034903912710671614e-02 -3.984231359026058517e+00
7.025528855320757604e-02 -4.952603719510275226e+00
7.015582028674986759e-02 -5.946936444149038437e+00
7.005048426875230827e-02 -6.961062862824274333e+00
6.993918473637356081e-02 -7.987147646536890022e+00
6.982189266368916958e-02 -9.015622741135864260e+00
6.969865804058521241e-02 -1.003522067567545228e+01
6.956962119971182856e-02 -1.103312686267651976e+01
6.943502231110063039e-02 -1.199526285139109127e+01
6.929520816290656027e-02 -1.290669808719538381e+01
6.915063545635785625e-02 -1.375217037330392600e+01
6.900187006676032631e-02 -1.451667806119090010e+01
6.884958204030276752e-02 -1.518609373872189572e+01
6.869453646605713781e-02 -1.574774338055004463e+01
6.853758072722669625e-02 -1.619089722633161088e+01
6.837962893751051152e-02 -1.650713142372341835e+01
6.822164456254789511e-02 -1.669054108446692908e+01
6.806462229105567086e-02 -1.673778682505180626e+01
6.790957015991869183e-02 -1.664801863851603514e+01
6.775749277836985718e-02 -1.642265050366357571e+01
6.760937627718698051e-02 -1.606512237915878316e+01
6.746617537016061372e-02 -1.558052567367654717e+01
6.732880269104565829e-02 -1.497531328226106240e+01
6.719812038273224875e-02 -1.425696870953726680e+01
6.707493377741993723e-02 -1.343366942075878789e+01
6.695998691808670300e-02 -1.251410795977324852e+01
6.685395962665854896e-02 -1.150729068139250444e+01
6.675746581368097177e-02 -1.042225444467999296e+01
6.667105273783079100e-02 -9.268156532194177899e+00
6.659520095206265811e-02 -8.054087385471841998e+00
6.653032470913493313e-02 -6.788886150002110931e+00
6.647677263731475994e-02 -5.481392044672502628e+00
6.643482853371776575e-02 -4.140267706205033704e+00
6.640471215603512001e-02 -2.774058078980524034e+00
6.638657992253936546e-02 -1.391174224709185836e+00
6.638052545525208181e-02 0.000000000000000000e+00
6.638657992253936546e-02 1.391174224709185836e+00
6.640471215603512001e-02 2.774058078980524034e+00
6.643482853371776575e-02 4.140267706205033704e+00
6.647677263731475994e-02 5.481392044672502628e+00
6.653032470913493313e-02 6.788886150002110931e+00
6.659520095206265811e-02 8.054087385471841998e+00
6.667105273783079100e-02 9.268156532194177899e+00
6.675746581368097177e-02 1.042225444467999296e+01
6.685395962665854896e-02 1.150729068139250444e+01
6.695998691808670300e-02 1.251410795977324852e+01
6.707493377741993723e-02 1.343366942075962278e+01
6.719812038273226262e-02 1.425696870953726680e+01
6.732880269104565829e-02 1.497531328226106240e+01
6.746617537016062760e-02 1.558052567367738206e+01
6.760937627718699439e-02 1.606512237915794827e+01
6.775749277836985718e-02 1.642265050366274082e+01
6.790957015991869183e-02 1.664801863851603514e+01
6.806462229105567086e-02 1.673778682505264115e+01
6.822164456254790899e-02 1.669054108446692908e+01
6.837962893751051152e-02 1.650713142372258346e+01
6.853758072722669625e-02 1.619089722633161088e+01
6.869453646605713781e-02 1.574774338055004463e+01
6.884958204030278139e-02 1.518609373872273061e+01
6.900187006676034018e-02 1.451667806119090010e+01
6.915063545635785625e-02 1.375217037330309111e+01
6.929520816290656027e-02 1.290669808719538381e+01
6.943502231110063039e-02 1.199526285139109127e+01
6.956962119971182856e-02 1.103312686267651976e+01
6.969865804058521241e-02 1.003522067567628540e+01
6.982189266368918346e-02 9.015622741135864260e+00
6.993918473637356081e-02 7.987147646536890022e+00
7.005048426875232215e-02 6.961062862824274333e+00
7.015582028674986759e-02 5.946936444148203549e+00
7.025528855320757604e-02 4.952603719510275226e+00
7.034903912710671614e-02 3.984231359026058517e+00
7.043726440271377842e-02 3.046452683146231966e+00
7.052018809672107313e-02 2.142547994163874758e+00
7.059805547947733961e-02 1.274646733094580986e+00
7.067112499502049838e-02 4.439329759831189270e-01
7.073966129388631341e-02 -3.491590254865093446e-01
7.080392961529964613e-02 -1.104767722769020244e+00
7.086419139901473097e-02 -1.823450023821806543e+00
7.092070097660975458e-02 -2.506051352892891604e+00
7.097370318130105660e-02 -3.153599371720055888e+00
7.102343171837476044e-02 -3.767219440561751398e+00
7.107010815004928539e-02 -4.348069236692024830e+00
7.111394136501007768e-02 -4.897289723407239670e+00
7.115512742112756195e-02 -5.415969721766235700e+00
7.119384966806385773e-02 -5.905121562380854172e+00
7.123027907342766030e-02 -6.365665600838388727e+00
7.126457469123377575e-02 -6.798421711304786008e+00
7.129688422442873041e-02 -7.204106193716388162e+00
7.132734464416003173e-02 -7.583332821318575334e+00
7.135608283744096503e-02 -7.936617008364046377e+00
7.138321626211079074e-02 -8.264382290583400348e+00
7.140885359375551134e-02 -8.566968485299065961e+00
7.143309535377521946e-02 -8.844641037585340371e+00
7.145603451128153261e-02 -9.097601168724466447e+00
7.147775705417916403e-02 -9.325996527692062443e+00
7.149834252679279634e-02 -9.529932110592685746e+00
7.151786453288812295e-02 -9.709481260713737072e+00
7.153639120401418527e-02 -9.864696596575074139e+00
7.155398563385879929e-02 -9.995620740373967195e+00
7.157070627983228017e-02 -1.010229673679714502e+01
7.158660733343628901e-02 -1.018477806430670185e+01
7.160173906117933695e-02 -1.024313814960573055e+01
7.161614811790550927e-02 -1.027747930244396812e+01
7.162987783443469647e-02 -1.028794099283389762e+01
7.164296848139226070e-02 -1.027470739763287888e+01
7.165545751105061034e-02 -1.023801414842459501e+01
7.166737977892505274e-02 -1.017815421864187009e+01
7.167876774677268970e-02 -1.009548289470461846e+01
7.168965166853993876e-02 -9.990421784248638915e+00
7.170005976069920850e-02 -9.863461824230110864e+00
7.171001835830909110e-02 -9.715165262650499400e+00
7.171955205802993394e-02 -9.546166599927722984e+00
7.172868384922716223e-02 -9.357172489078806166e+00
7.173743523420131329e-02 -9.148960607845879167e+00
7.174582633849513336e-02 -8.922377530328084561e+00
7.175387601214643085e-02 -8.678335640050974575e+00
7.176160192267874716e-02 -8.417809140335679174e+00
7.176902064055196151e-02 -8.141829231365148800e+00
7.177614771773031810e-02 -7.851478535433181527e+00
7.178299775996627163e-02 -7.547884862634688830e+00
7.178958449334449377e-02 -7.232214418234468312e+00
7.179592082558100552e-02 -6.905664560104156635e+00
7.180201890252776997e-02 -6.569456219563025279e+00
7.180789016029233418e-02 -6.224826101098663855e+00
7.181354537334447286e-02 -5.873018777170686988e+00
7.181899469894911792e-02 -5.515278791992438201e+00
7.182424771823324450e-02 -5.152842883951704422e+00
7.182931347416772472e-02 -4.786932430239247971e+00
7.183420050671923685e-02 -4.418746208907065487e+00
7.183891688540504361e-02 -4.049453564384911886e+00
7.184347023946277555e-02 -3.680188051226680468e+00
7.184786778582821776e-02 -3.312041619548715676e+00
7.185211635509791694e-02 -2.946059393096331469e+00
7.185622241563713319e-02 -2.583235078315633704e+00
7.186019209598044910e-02 -2.224507030539053520e+00
7.186403120565920677e-02 -1.870754990988253708e+00
7.186774525457854945e-02 -1.522797497046978865e+00
7.187133947105669995e-02 -1.181389957305001071e+00
7.187481881862883837e-02 -8.472233733453772286e-01
7.187818801171025340e-02 -5.209236816891104072e-01
7.188145153020480960e-02 -2.030516818459247308e-01
7.188461363313816688e-02 1.058964895471054685e-01
7.188767837138822225e-02 4.054883833197929222e-01
7.189064959957944256e-02 6.953538093834777944e-01
7.189353098720269175e-02 9.751830060986650395e-01
7.189632602901685487e-02 1.244724459151683948e+00
7.189903805478373156e-02 1.503782421993578478e+00
7.190167023838463234e-02 1.752214189017083257e+00
7.190422560636192117e-02 1.989927171216743673e+00
7.190670704592674878e-02 2.216875821833355520e+00
7.190911731246990568e-02 2.433058456412775072e+00
7.191145903661019800e-02 2.638514009229021795e+00
7.191373473081290324e-02 2.833318763797646689e+00
7.191594679560689429e-02 3.017583091820326580e+00
7.191809752542831224e-02 3.191448231093396704e+00
7.192018911411535154e-02 3.355083129363578998e+00
7.192222366007830492e-02 3.508681376827591070e+00
7.192420317116551831e-02 3.652458246563944577e+00
7.192612956924598899e-02 3.786647859078193346e+00
7.192800469452671763e-02 3.911500483132654971e+00
7.192983030962216140e-02 4.027279983047358236e+00
7.193160810339199740e-02 4.134261418620326367e+00
7.193333969456150445e-02 4.232728802198361784e+00
7.193502663513881568e-02 4.322973015393462681e+00
7.193667041364174008e-02 4.405289884716125037e+00
7.193827245814579663e-02 4.479978415312445783e+00
7.193983413916510417e-02 4.547339179389150665e+00
7.194135677237591120e-02 4.607672854711882593e+00
7.194284162119267412e-02 4.661278908733273774e+00
7.194428989920573225e-02 4.708454421316975669e+00
7.194570277248855950e-02 4.749493040305214464e+00
7.194708136178307178e-02 4.784684062150617478e+00
7.194842674456949916e-02 4.814311629920682734e+00
7.194973995702813596e-02 4.838654042337297234e+00
7.195102199589931136e-02 4.857983165278156434e+00
7.195227382024743656e-02 4.872563937524242661e+00
