1.752070341929423680e-01 0.000000000000000000e+00
1.741642126196108475e-01 -1.254526195798909640e+02
1.731226193575078898e-01 -1.253068299767158038e+02
1.720822771384295791e-01 -1.251565202495195308e+02
1.710432092358249723e-01 -1.250031711487096118e+02
1.700054394803494906e-01 -1.248466424878224075e+02
1.689689922759347596e-01 -1.246822203221471312e+02
1.679338926163934098e-01 -1.245354159176033875e+02
1.669001661025797389e-01 -1.243595816884246688e+02
1.658678389601265790e-01 -1.241920237258518540e+02
1.648369380577804355e-01 -1.240204599029382706e+02
1.638074909263577961e-01 -1.238450784089339152e+02
1.627795257783458960e-01 -1.236505016067854399e+02
1.617530715281726983e-01 -1.235066428147712116e+02
1.607281578131724564e-01 -1.232993672897248985e+02
1.597048150152728940e-01 -1.231109509242053406e+02
1.586830742834327845e-01 -1.229179411880333248e+02
1.576629675568589906e-01 -1.227168420867019307e+02
1.566445275890330224e-01 -1.225312461298666307e+02
1.556277879725802282e-01 -1.223151798755138060e+02
1.546127831650141171e-01 -1.221075121120944829e+02
1.535995485153909823e-01 -1.218939581088734769e+02
1.525881202919115720e-01 -1.217107940338842837e+02
1.515785357105076392e-01 -1.214275354552319328e+02
1.505708329644539212e-01 -1.212283188851800446e+02
1.495650512550467659e-01 -1.209972729067510926e+02
1.485612308233940360e-01 -1.207514465855698234e+02
1.475594129833618373e-01 -1.205374319474317417e+02
1.465596401557263395e-01 -1.202734786270289220e+02
1.455619559035815080e-01 -1.200224396773561608e+02
1.445664049690560671e-01 -1.197597371938079789e+02
1.435730333113953150e-01 -1.195178636881958312e+02
1.425818881464663845e-01 -1.192352749880187304e+02
1.415930179877495920e-01 -1.189592271821668419e+02
1.406064726888798522e-01 -1.186950778654646967e+02
1.396223034878079083e-01 -1.183934787230688812e+02
1.386405630526528210e-01 -1.181021800537491799e+02
1.376613055293228749e-01 -1.178208487562863809e+02
1.366845865909848412e-01 -1.174930529532727235e+02
1.357104634894679140e-01 -1.171846156632728082e+02
1.347389951086920279e-01 -1.168832051891340171e+02
1.337702420202165898e-01 -1.165349950249416224e+02
1.328042665410115730e-01 -1.161995718445915031e+02
1.318411327935584965e-01 -1.158814268958849567e+02
1.308809067683967542e-01 -1.155106381376997575e+02
1.299236563892372243e-01 -1.151878580424588563e+02
1.289694515807739694e-01 -1.147672307935756493e+02
1.280183643393330017e-01 -1.143986820198075094e+02
1.270704688065075194e-01 -1.140552345340375524e+02
1.261258413459387662e-01 -1.136277899191943135e+02
1.251845606234136543e-01 -1.132524679221010473e+02
1.242467076904628931e-01 -1.128112167452194541e+02
1.233123660716572145e-01 -1.124171868942259778e+02
1.223816218558138741e-01 -1.119517264411963282e+02
1.214545637913434090e-01 -1.115420992460938123e+02
1.205312833859839283e-01 -1.110373688103171759e+02
1.196118750111912349e-01 -1.106350662314025470e+02
1.186964360114745043e-01 -1.101627128675618366e+02
1.177850668189925898e-01 -1.095935083566754571e+02
1.168778710737521376e-01 -1.091498025304549913e+02
1.159749557497793404e-01 -1.086589772335989181e+02
1.150764312876691731e-01 -1.080360181152597647e+02
1.141824117339520495e-01 -1.075629014911478976e+02
1.132930148877578647e-01 -1.070171705938174398e+02
1.124083624553006006e-01 -1.063324150852015464e+02
1.115285802127538584e-01 -1.058790402249472464e+02
1.106537981781406804e-01 -1.052445188572681474e+02
1.097841507929165211e-01 -1.046230772053321658e+02
1.089197771139867321e-01 -1.039879752325002187e+02
1.080608210169653194e-01 -1.033352251779280664e+02
1.072074314115534638e-01 -1.026615524205232504e+02
1.063597624699911676e-01 -1.019658602494489230e+02
1.055179738696145897e-01 -1.012508363967317990e+02
1.046822310506340531e-01 -1.005176715642833045e+02
1.038527054903295443e-01 -9.976247198488978540e+01
1.030295749949432793e-01 -9.896930667883206922e+01
1.022130240106243759e-01 -9.838575316068320831e+01
1.014032439548485931e-01 -9.729819257875438154e+01
1.006004335697864294e-01 -9.648518166294795151e+01
9.980479929911824366e-02 -9.581103453781554435e+01
9.901655568978327826e-02 -9.468102614135310091e+01
9.823592582008448815e-02 -9.397419507906026581e+01
9.746314175543079050e-02 -9.300445468367949786e+01
9.669844503275773495e-02 -9.175759556645299142e+01
9.594208717428832911e-02 -9.100044343041867023e+01
9.519433023073360645e-02 -8.992054828235148989e+01
9.445544735322902730e-02 -8.880909417435434250e+01
9.372572339218356030e-02 -8.763416534162396943e+01
9.300545551969123526e-02 -8.690427317171973698e+01
9.229495387010641649e-02 -8.520271730153045553e+01
9.159454219067440783e-02 -8.438931723818751607e+01
9.090455849057138549e-02 -8.254416061024558360e+01
9.022535567214984287e-02 -8.165643218706435391e+01
8.955730212238419141e-02 -8.021075602726570253e+01
8.890078223522930589e-02 -7.893317247280256765e+01
8.825619682660178211e-02 -7.751611912891731038e+01
8.762396339275056734e-02 -7.581714907582922081e+01
8.700451614975866776e-02 -7.409254532161651241e+01
8.639830577680547574e-02 -7.277264748595970900e+01
8.580579876885735535e-02 -7.125255660547225034e+01
8.522747628626059502e-02 -6.895048586691694936e+01
8.466383237044998455e-02 -6.739815556121885720e+01
8.411537137857873214e-02 -6.573040648606460934e+01
8.358260447819115813e-02 -6.356489810277915353e+01
8.306604504007177037e-02 -6.167193060352701650e+01
8.256620277820221621e-02 -5.934171146814123432e+01
8.208357651629294427e-02 -5.750781250325781002e+01
8.161864551678597868e-02 -5.507829704651835101e+01
8.117185939570016606e-02 -5.267582156089608958e+01
8.074362676755307555e-02 -5.051186186708729764e+01
8.033430291612136953e-02 -4.798766704698491026e+01
7.994417695894230624e-02 -4.562762182476819817e+01
7.957345914737508352e-02 -4.308504299214210675e+01
7.922226909249363569e-02 -4.056399905485231727e+01
7.889062579764274941e-02 -3.808245848817264090e+01
7.857844037987167518e-02 -3.556516866828939527e+01
7.828551225309154926e-02 -3.308888273243741196e+01
7.801152932231071591e-02 -3.066532511446454734e+01
7.775607242068398317e-02 -2.829406579085949147e+01
7.751862385175714576e-02 -2.600386665490770710e+01
7.729857953492720590e-02 -2.380540625683810418e+01
7.709526395062418769e-02 -2.171004494325180900e+01
7.690794688792448874e-02 -1.972676774351601381e+01
7.673586093294881838e-02 -1.786157802608036604e+01
7.657821869703004825e-02 -1.611760201342994492e+01
7.643422894302491499e-02 -1.449531793040520355e+01
7.630311098759189059e-02 -1.299285386010132548e+01
7.618410699614305837e-02 -1.160634616735948477e+01
7.607649201139732309e-02 -1.033032931748384442e+01
7.597958174307743728e-02 -9.158138138190860644e+00
7.589273828433976132e-02 -8.082256254646548399e+00
7.581537400906183943e-02 -7.094626862638282461e+00
7.574695394899297329e-02 -6.186914110237534459e+00
7.568699696031247481e-02 -5.350690969837180511e+00
7.563507597548423111e-02 -4.577594697526411238e+00
7.559081760766007962e-02 -3.859418775284424896e+00
7.555390133869839542e-02 -3.188171404811858345e+00
7.552405848351563533e-02 -2.556105683608258961e+00
7.550107108648576593e-02 -1.955707611751736463e+00
7.548477087191053647e-02 -1.379691179362176445e+00
7.547503834100320608e-02 -8.209457563882266440e-01
7.547180208236017873e-02 -2.725066327197060989e-01
7.547503834100320608e-02 2.725066327197060989e-01
7.548477087191053647e-02 8.209457563882266440e-01
7.550107108648576593e-02 1.379691179362176445e+00
7.552405848351563533e-02 1.955707611751736463e+00
7.555390133869839542e-02 2.556105683608258961e+00
7.559081760766007962e-02 3.188171404811858345e+00
7.563507597548423111e-02 3.859418775284424896e+00
7.568699696031247481e-02 4.577594697526411238e+00
7.574695394899297329e-02 5.350690969837180511e+00
7.581537400906183943e-02 6.186914110237534459e+00
7.589273828433976132e-02 7.094626862638282461e+00
7.597958174307745116e-02 8.082256254648218174e+00
7.607649201139732309e-02 9.158138138189190869e+00
7.618410699614307224e-02 1.033032931748551420e+01
7.630311098759190447e-02 1.160634616735948477e+01
7.643422894302491499e-02 1.299285386009965571e+01
7.657821869703004825e-02 1.449531793040520355e+01
7.673586093294884614e-02 1.611760201343328447e+01
7.690794688792450262e-02 1.786157802607869627e+01
7.709526395062418769e-02 1.972676774351434403e+01
7.729857953492720590e-02 2.171004494325180900e+01
7.751862385175714576e-02 2.380540625683810418e+01
7.775607242068399705e-02 2.600386665490937688e+01
7.801152932231072978e-02 2.829406579085949147e+01
7.828551225309157702e-02 3.066532511446621712e+01
7.857844037987167518e-02 3.308888273243407241e+01
7.889062579764274941e-02 3.556516866828939527e+01
7.922226909249363569e-02 3.808245848817264090e+01
7.957345914737508352e-02 4.056399905485231727e+01
7.994417695894232012e-02 4.308504299214377653e+01
8.033430291612136953e-02 4.562762182476652839e+01
8.074362676755308943e-02 4.798766704698658003e+01
8.117185939570016606e-02 5.051186186708562786e+01
8.161864551678597868e-02 5.267582156089608958e+01
8.208357651629294427e-02 5.507829704651835101e+01
8.256620277820223008e-02 5.750781250325947980e+01
8.306604504007177037e-02 5.934171146813956454e+01
8.358260447819115813e-02 6.167193060352701650e+01
8.411537137857873214e-02 6.356489810277915353e+01
8.466383237044999843e-02 6.573040648606627201e+01
8.522747628626060890e-02 6.739815556121885720e+01
8.580579876885735535e-02 6.895048586691528669e+01
8.639830577680550350e-02 7.125255660547558989e+01
8.700451614975868164e-02 7.277264748595804633e+01
8.762396339275059509e-02 7.409254532161817508e+01
8.825619682660178211e-02 7.581714907582588125e+01
8.890078223522930589e-02 7.751611912891731038e+01
8.955730212238421917e-02 7.893317247280590720e+01
9.022535567214984287e-02 8.021075602726236298e+01
9.090455849057138549e-02 8.165643218706435391e+01
9.159454219067440783e-02 8.254416061024558360e+01
9.229495387010644425e-02 8.438931723819085562e+01
9.300545551969123526e-02 8.520271730152711598e+01
9.372572339218357418e-02 8.690427317172139965e+01
9.445544735322904117e-02 8.763416534162396943e+01
9.519433023073362032e-02 8.880909417435266562e+01
9.594208717428832911e-02 8.992054828235148989e+01
9.669844503275777658e-02 9.100044343042367245e+01
9.746314175543083214e-02 9.175759556645299142e+01
9.823592582008452978e-02 9.300445468367949786e+01
9.901655568978330602e-02 9.397419507905860314e+01
9.980479929911824366e-02 9.468102614134976136e+01
1.006004335697864432e-01 9.581103453781722123e+01
1.014032439548486209e-01 9.648518166294961418e+01
1.022130240106244176e-01 9.729819257875605842e+01
1.030295749949433071e-01 9.838575316067986876e+01
1.038527054903295443e-01 9.896930667883040655e+01
1.046822310506340670e-01 9.976247198489146228e+01
1.055179738696146174e-01 1.005176715642849672e+02
1.063597624699911953e-01 1.012508363967317990e+02
1.072074314115534915e-01 1.019658602494489230e+02
1.080608210169653333e-01 1.026615524205215877e+02
1.089197771139867599e-01 1.033352251779297433e+02
1.097841507929165628e-01 1.039879752325018814e+02
1.106537981781406943e-01 1.046230772053288263e+02
1.115285802127538861e-01 1.052445188572698243e+02
1.124083624553006006e-01 1.058790402249439069e+02
1.132930148877578647e-01 1.063324150852015464e+02
1.141824117339520495e-01 1.070171705938174398e+02
1.150764312876692147e-01 1.075629014911528998e+02
1.159749557497793682e-01 1.080360181152581021e+02
1.168778710737521376e-01 1.086589772335955786e+02
1.177850668189926037e-01 1.091498025304566539e+02
1.186964360114745320e-01 1.095935083566771198e+02
1.196118750111912488e-01 1.101627128675601739e+02
1.205312833859839561e-01 1.106350662314042097e+02
1.214545637913434228e-01 1.110373688103155132e+02
1.223816218558139018e-01 1.115420992460954892e+02
1.233123660716572423e-01 1.119517264411963282e+02
1.242467076904629208e-01 1.124171868942259778e+02
1.251845606234136543e-01 1.128112167452161145e+02
1.261258413459387939e-01 1.132524679221043868e+02
1.270704688065075749e-01 1.136277899191976530e+02
1.280183643393330017e-01 1.140552345340308733e+02
1.289694515807739694e-01 1.143986820198075094e+02
1.299236563892372243e-01 1.147672307935756493e+02
1.308809067683967542e-01 1.151878580424588563e+02
1.318411327935584965e-01 1.155106381376997575e+02
1.328042665410116285e-01 1.158814268958916358e+02
1.337702420202165898e-01 1.161995718445848382e+02
1.347389951086920279e-01 1.165349950249416224e+02
1.357104634894679418e-01 1.168832051891373567e+02
1.366845865909848690e-01 1.171846156632728082e+02
1.376613055293229304e-01 1.174930529532760630e+02
1.386405630526528765e-01 1.178208487562863809e+02
1.396223034878079361e-01 1.181021800537458404e+02
1.406064726888798799e-01 1.183934787230688812e+02
1.415930179877496198e-01 1.186950778654646967e+02
1.425818881464664400e-01 1.189592271821701814e+02
1.435730333113953150e-01 1.192352749880120513e+02
1.445664049690560671e-01 1.195178636881958312e+02
1.455619559035815080e-01 1.197597371938079789e+02
1.465596401557263395e-01 1.200224396773561608e+02
1.475594129833618651e-01 1.202734786270322616e+02
1.485612308233940637e-01 1.205374319474317417e+02
1.495650512550467937e-01 1.207514465855698234e+02
1.505708329644539489e-01 1.209972729067510926e+02
1.515785357105076947e-01 1.212283188851833842e+02
1.525881202919115998e-01 1.214275354552285933e+02
1.535995485153910378e-01 1.217107940338876233e+02
1.546127831650141171e-01 1.218939581088667978e+02
1.556277879725802282e-01 1.221075121120944829e+02
1.566445275890330224e-01 1.223151798755138060e+02
1.576629675568590461e-01 1.225312461298733098e+02
1.586830742834328400e-01 1.227168420867019307e+02
1.597048150152728940e-01 1.229179411880266457e+02
1.607281578131724564e-01 1.231109509242053406e+02
1.617530715281727260e-01 1.232993672897282380e+02
1.627795257783459515e-01 1.235066428147745512e+02
1.638074909263578516e-01 1.236505016067854399e+02
1.648369380577804355e-01 1.238450784089272361e+02
1.658678389601265790e-01 1.240204599029382706e+02
1.669001661025797389e-01 1.241920237258518540e+02
1.679338926163934376e-01 1.243595816884280083e+02
1.689689922759347596e-01 1.245354159176000479e+02
1.700054394803495184e-01 1.246822203221504708e+02
1.710432092358249723e-01 1.248466424878190679e+02
1.720822771384296068e-01 1.250031711487129513e+02
1.731226193575079453e-01 1.251565202495228561e+02
1.741642126196109031e-01 1.253068299767158038e+02
