-1.172033762274011116e-03 7.089588403098426306e-02 1.752070606963995192e-01
-1.163721466087670568e-03 7.089130473497634588e-02 1.741642318833445113e-01
-1.155409169901330021e-03 7.088662484340105263e-02 1.731226287329955538e-01
-1.147096873714989690e-03 7.088184161926495974e-02 1.720823180850535039e-01
-1.138784577528649143e-03 7.087695224293523444e-02 1.710432447414902413e-01
-1.130472281342308595e-03 7.087195380983538073e-02 1.700054693200278577e-01
-1.122159985155968048e-03 7.086684332812615006e-02 1.689690196446772263e-01
-1.113847688969627501e-03 7.086161771637791706e-02 1.679339189391327314e-01
-1.105535392783287170e-03 7.085627380124401298e-02 1.669001926489944720e-01
-1.097223096596946623e-03 7.085080831514367627e-02 1.658678671769747426e-01
-1.088910800410606075e-03 7.084521789396769353e-02 1.648369696073206936e-01
-1.080598504224265528e-03 7.083949907481855435e-02 1.638075280783052035e-01
-1.072286208037924980e-03 7.083364829380002503e-02 1.627795737536574805e-01
-1.063973911851584650e-03 7.082766188387397410e-02 1.617531072240994960e-01
-1.055661615665244102e-03 7.082153607280289309e-02 1.607281787003727036e-01
-1.047349319478903555e-03 7.081526698120080288e-02 1.597048523213888405e-01
-1.039037023292563007e-03 7.080885062071713698e-02 1.586831366936813092e-01
-1.030724727106222460e-03 7.080228289238112149e-02 1.576629931885938640e-01
-1.022412430919882129e-03 7.079555958513990277e-02 1.566445799757495150e-01
-1.014100134733541582e-03 7.078867637462481210e-02 1.556278114240621513e-01
-1.005787838547201034e-03 7.078162882218672070e-02 1.546128449274462024e-01
-9.974755423608604871e-04 7.077441237424586529e-02 1.535995879928520047e-01
-9.891632461745199396e-04 7.076702236200702045e-02 1.525881391372569396e-01
-9.808509499881793922e-04 7.075945400159697196e-02 1.515786093372701593e-01
-9.725386538018390616e-04 7.075170239468833722e-02 1.505708928461510498e-01
-9.642263576154985142e-04 7.074376252968110623e-02 1.495651052515020452e-01
-9.559140614291579668e-04 7.073562928352263024e-02 1.485612833768156782e-01
-9.476017652428174193e-04 7.072729742425418187e-02 1.475594691494525323e-01
-9.392894690564769803e-04 7.071876161438414576e-02 1.465597057384709356e-01
-9.309771728701364329e-04 7.071001641519963909e-02 1.455620390724867153e-01
-9.226648766837959939e-04 7.070105629213764564e-02 1.445664959106973679e-01
-9.143525804974554465e-04 7.069187562135505198e-02 1.435730858425595668e-01
-9.060402843111148991e-04 7.068246869764716056e-02 1.425819828654424359e-01
-8.977279881247744600e-04 7.067282974388526540e-02 1.415930674668595401e-01
-8.894156919384340210e-04 7.066295292215769852e-02 1.406065885530890791e-01
-8.811033957520934736e-04 7.065283234681996039e-02 1.396223910687329761e-01
-8.727910995657529262e-04 7.064246209968187695e-02 1.386406328323716020e-01
-8.644788033794123788e-04 7.063183624757964074e-02 1.376613669274089624e-01
-8.561665071930719398e-04 7.062094886260611437e-02 1.366846526347783863e-01
-8.478542110067313923e-04 7.060979404529996173e-02 1.357105484245425264e-01
-8.395419148203909533e-04 7.059836595112052582e-02 1.347391136109408472e-01
-8.312296186340504059e-04 7.058665882056412710e-02 1.337703946077008210e-01
-8.229173224477098585e-04 7.057466701330813996e-02 1.328043762220250112e-01
-8.146050262613694195e-04 7.056238504680270585e-02 1.318412597197953784e-01
-8.062927300750288720e-04 7.054980763975712832e-02 1.308810794851195392e-01
-7.979804338886884330e-04 7.053692976100504886e-02 1.299238222178939195e-01
-7.896681377023478856e-04 7.052374668425974436e-02 1.289696318290778076e-01
-7.813558415160073382e-04 7.051025404930165441e-02 1.280185680055196673e-01
-7.730435453296668992e-04 7.049644793016668354e-02 1.270705990838926214e-01
-7.647312491433263517e-04 7.048232491092454310e-02 1.261260610870236776e-01
-7.564189529569859127e-04 7.046788216964962326e-02 1.251847429309491389e-01
-7.481066567706453653e-04 7.045311757119554485e-02 1.242468810343423519e-01
-7.397943605843048179e-04 7.043802976937152405e-02 1.233125632341765948e-01
-7.314820643979642704e-04 7.042261831909962799e-02 1.223818809640269678e-01
-7.231697682116238314e-04 7.040688379908241479e-02 1.214547638300090271e-01
-7.148574720252833924e-04 7.039082794544054833e-02 1.205315838245984983e-01
-7.065451758389428450e-04 7.037445379667246759e-02 1.196121940327945915e-01
-6.982328796526022976e-04 7.035776585014040518e-02 1.186967429823238551e-01
-6.899205834662617502e-04 7.034077023008929175e-02 1.177853572284979639e-01
-6.816082872799213111e-04 7.032347486694380534e-02 1.168781774390762196e-01
-6.732959910935807637e-04 7.030588968729563348e-02 1.159752933361891253e-01
-6.649836949072403247e-04 7.028802681357164406e-02 1.150767781505469822e-01
-6.566713987208997773e-04 7.026990077185106542e-02 1.141828471114574584e-01
-6.483591025345593383e-04 7.025152870565659624e-02 1.132934888667284784e-01
-6.400468063482187909e-04 7.023293059276965178e-02 1.124088202130509861e-01
-6.317345101618782434e-04 7.021412946118996135e-02 1.115291039468960382e-01
-6.234222139755378044e-04 7.019515159926242864e-02 1.106543545806559642e-01
-6.151099177891972570e-04 7.017602675371562015e-02 1.097847321354345623e-01
-6.067976216028568180e-04 7.015678830788406317e-02 1.089204295069400169e-01
-5.984853254165162706e-04 7.013747343071849438e-02 1.080614853314037227e-01
-5.901730292301757231e-04 7.011812318532940902e-02 1.072081803055311561e-01
-5.818607330438352841e-04 7.009878258377702509e-02 1.063605499072497185e-01
-5.735484368574947367e-04 7.007950057265066590e-02 1.055188375651842786e-01
-5.652361406711542977e-04 7.006032993172711665e-02 1.046831448018197691e-01
-5.569238444848137503e-04 7.004132706574675571e-02 1.038537072638003600e-01
-5.486115482984732028e-04 7.002255166720935953e-02 1.030306380500284197e-01
-5.402992521121327638e-04 7.000406622622258601e-02 1.022141959380980653e-01
-5.319869559257922164e-04 6.998593536202209198e-02 1.014045095812250719e-01
-5.236746597394516690e-04 6.996822495005869391e-02 1.006018090577973506e-01
-5.153623635531112300e-04 6.995100101877797794e-02 9.980630909020898889e-02
-5.070500673667706825e-04 6.993432839170544979e-02 9.901820843574804520e-02
-4.987377711804302435e-04 6.991826905350737031e-02 9.823772675008854427e-02
-4.904254749940896961e-04 6.990288022363555509e-02 9.746511268130191030e-02
-4.821131788077491487e-04 6.988821212825853391e-02 9.670061056494862195e-02
-4.738008826214087097e-04 6.987430547063312736e-02 9.594447152139605473e-02
-4.654885864350681622e-04 6.986118861196514984e-02 9.519695159870260326e-02
-4.571762902487277232e-04 6.984887448906328122e-02 9.445834001188299633e-02
-4.488639940623871758e-04 6.983735731141904601e-02 9.372891780437012099e-02
-4.405516978760466284e-04 6.982660909821214457e-02 9.300898958516227999e-02
-4.322394016897061894e-04 6.981657613435418575e-02 9.229887039260992188e-02
-4.239271055033656420e-04 6.980717544301152933e-02 9.159888957906849039e-02
-4.156148093170252029e-04 6.979829138887028162e-02 9.090939280734297578e-02
-4.073025131306846555e-04 6.978977254041592027e-02 9.023074027153615839e-02
-3.989902169443441081e-04 6.978142892944337594e-02 8.956330994460821870e-02
-3.906779207580036691e-04 6.977302985086171472e-02 8.890749664156659404e-02
-3.823656245716631217e-04 6.976430234499522709e-02 8.826371334746628550e-02
-3.740533283853226827e-04 6.975493049796196998e-02 8.763239144701412409e-02
-3.657410321989821352e-04 6.974455568396342731e-02 8.701398105176809394e-02
-3.574287360126415878e-04 6.973277785775373883e-02 8.640895094933696841e-02
-3.491164398263011488e-04 6.971915798803249298e-02 8.581778818600871439e-02
-3.408041436399606014e-04 6.970322170513715276e-02 8.524099712327684597e-02
-3.324918474536200539e-04 6.968446422113333538e-02 8.467909782696876608e-02
-3.241795512672796149e-04 6.966235656839067647e-02 8.413262361344768514e-02
-3.158672550809390675e-04 6.963635319378484734e-02 8.360211756109987846e-02
-3.075549588945986285e-04 6.960590093761143127e-02 8.308812778442516145e-02
-2.992426627082580811e-04 6.957044941461715259e-02 8.259120127234331754e-02
-2.909303665219175336e-04 6.952946279237792737e-02 8.211187611921867691e-02
-2.826180703355770946e-04 6.948243292097028290e-02 8.165067203478135194e-02
-2.743057741492365472e-04 6.942889369854197967e-02 8.120807911547973934e-02
-2.659934779628961082e-04 6.936843645303007733e-02 8.078454499970388891e-02
-2.576811817765555608e-04 6.930072597904131382e-02 8.038046071174591301e-02
-2.493688855902150133e-04 6.922551669746461467e-02 7.999614571405615215e-02
-2.410565894038745743e-04 6.914266822163775417e-02 7.963183291229816718e-02
-2.327442932175340269e-04 6.905215944762342628e-02 7.928765455886017943e-02
-2.244319970311935879e-04 6.895410017611132425e-02 7.896363013526340457e-02
-2.161197008448530405e-04 6.884873926011764178e-02 7.865965731920349091e-02
-2.078074046585124931e-04 6.873646838735528175e-02 7.837550702571677297e-02
-1.994951084721720540e-04 6.861782085944424792e-02 7.811082324534585064e-02
-1.911828122858315066e-04 6.849346510346650263e-02 7.786512800774149368e-02
-1.828705160994909592e-04 6.836419309638856745e-02 7.763783133064199038e-02
-1.745582199131504118e-04 6.823090433026386681e-02 7.742824554635414913e-02
-1.662459237268100812e-04 6.809458632211243256e-02 7.723560300847095994e-02
-1.579336275404695338e-04 6.795629291748736533e-02 7.705907593163963121e-02
-1.496213313541289863e-04 6.781712172018970752e-02 7.689779703657120824e-02
-1.413090351677884389e-04 6.767819190547590125e-02 7.675087975529512607e-02
-1.329967389814478915e-04 6.754062347251497955e-02 7.661743696236633649e-02
-1.246844427951075609e-04 6.740551871301080078e-02 7.649659748411274940e-02
-1.163721466087670135e-04 6.727394636920874804e-02 7.638751994581155502e-02
-1.080598504224264660e-04 6.714692867016577860e-02 7.628940380115452335e-02
-9.974755423608591860e-05 6.702543119984015474e-02 7.620149762035637042e-02
-9.143525804974537118e-05 6.691035537821361789e-02 7.612310487994121411e-02
-8.312296186340504059e-05 6.680253322810875138e-02 7.605358759906030719e-02
-7.481066567706449316e-05 6.670272404760732576e-02 7.599236821325455749e-02
-6.649836949072394574e-05 6.661161259860051698e-02 7.593893008004658218e-02
-5.818607330438339831e-05 6.652980844269924809e-02 7.589281698535937926e-02
-4.987377711804285088e-05 6.645784609453968261e-02 7.585363197758682174e-02
-4.156148093170252029e-05 6.639618570993026381e-02 7.582103580661152253e-02
-3.324918474536197287e-05 6.634521407551302596e-02 7.579474519477497063e-02
-2.493688855902142544e-05 6.630524571332940820e-02 7.577453111984305822e-02
-1.662459237268087801e-05 6.627652395556361820e-02 7.576021724848548689e-02
-8.312296186340330587e-06 6.625922188092418785e-02 7.575167862336318336e-02
0.000000000000000000e+00 6.625344303476445040e-02 7.574884067730611181e-02
8.312296186340547427e-06 6.625922188092418785e-02 7.575167862336318336e-02
1.662459237268109485e-05 6.627652395556361820e-02 7.576021724848548689e-02
2.493688855902164228e-05 6.630524571332940820e-02 7.577453111984305822e-02
3.324918474536218971e-05 6.634521407551302596e-02 7.579474519477497063e-02
4.156148093170252029e-05 6.639618570993026381e-02 7.582103580661152253e-02
4.987377711804306772e-05 6.645784609453968261e-02 7.585363197758682174e-02
5.818607330438361515e-05 6.652980844269924809e-02 7.589281698535937926e-02
6.649836949072416258e-05 6.661161259860051698e-02 7.593893008004658218e-02
7.481066567706471000e-05 6.670272404760732576e-02 7.599236821325455749e-02
8.312296186340525743e-05 6.680253322810875138e-02 7.605358759906030719e-02
9.143525804974558802e-05 6.691035537821361789e-02 7.612310487994121411e-02
9.974755423608613544e-05 6.702543119984016862e-02 7.620149762035638430e-02
1.080598504224266829e-04 6.714692867016577860e-02 7.628940380115452335e-02
1.163721466087672303e-04 6.727394636920876192e-02 7.638751994581156890e-02
1.246844427951077777e-04 6.740551871301081466e-02 7.649659748411276328e-02
1.329967389814481083e-04 6.754062347251497955e-02 7.661743696236633649e-02
1.413090351677886557e-04 6.767819190547590125e-02 7.675087975529512607e-02
1.496213313541292032e-04 6.781712172018970752e-02 7.689779703657123600e-02
1.579336275404697506e-04 6.795629291748737921e-02 7.705907593163964509e-02
1.662459237268102980e-04 6.809458632211243256e-02 7.723560300847095994e-02
1.745582199131506286e-04 6.823090433026386681e-02 7.742824554635414913e-02
1.828705160994911760e-04 6.836419309638856745e-02 7.763783133064199038e-02
1.911828122858317235e-04 6.849346510346651651e-02 7.786512800774150755e-02
1.994951084721722709e-04 6.861782085944424792e-02 7.811082324534586452e-02
2.078074046585128183e-04 6.873646838735528175e-02 7.837550702571680072e-02
2.161197008448531489e-04 6.884873926011764178e-02 7.865965731920349091e-02
2.244319970311936963e-04 6.895410017611132425e-02 7.896363013526340457e-02
2.327442932175342438e-04 6.905215944762342628e-02 7.928765455886017943e-02
2.410565894038747912e-04 6.914266822163775417e-02 7.963183291229816718e-02
2.493688855902153386e-04 6.922551669746461467e-02 7.999614571405616603e-02
2.576811817765556692e-04 6.930072597904131382e-02 8.038046071174591301e-02
2.659934779628962166e-04 6.936843645303007733e-02 8.078454499970390279e-02
2.743057741492367640e-04 6.942889369854196580e-02 8.120807911547973934e-02
2.826180703355773115e-04 6.948243292097028290e-02 8.165067203478135194e-02
2.909303665219178589e-04 6.952946279237792737e-02 8.211187611921867691e-02
2.992426627082581895e-04 6.957044941461713872e-02 8.259120127234333142e-02
3.075549588945987369e-04 6.960590093761143127e-02 8.308812778442516145e-02
3.158672550809392843e-04 6.963635319378484734e-02 8.360211756109987846e-02
3.241795512672798318e-04 6.966235656839067647e-02 8.413262361344768514e-02
3.324918474536203792e-04 6.968446422113333538e-02 8.467909782696877996e-02
3.408041436399607098e-04 6.970322170513715276e-02 8.524099712327685985e-02
3.491164398263012572e-04 6.971915798803249298e-02 8.581778818600871439e-02
3.574287360126418046e-04 6.973277785775373883e-02 8.640895094933699616e-02
3.657410321989823521e-04 6.974455568396342731e-02 8.701398105176810782e-02
3.740533283853228995e-04 6.975493049796196998e-02 8.763239144701415184e-02
3.823656245716632301e-04 6.976430234499522709e-02 8.826371334746628550e-02
3.906779207580037775e-04 6.977302985086171472e-02 8.890749664156659404e-02
3.989902169443443249e-04 6.978142892944337594e-02 8.956330994460824646e-02
4.073025131306848724e-04 6.978977254041592027e-02 9.023074027153615839e-02
4.156148093170254198e-04 6.979829138887028162e-02 9.090939280734297578e-02
4.239271055033657504e-04 6.980717544301152933e-02 9.159888957906849039e-02
4.322394016897062978e-04 6.981657613435418575e-02 9.229887039260994963e-02
4.405516978760468452e-04 6.982660909821214457e-02 9.300898958516227999e-02
4.488639940623873927e-04 6.983735731141904601e-02 9.372891780437013487e-02
4.571762902487279401e-04 6.984887448906329510e-02 9.445834001188301021e-02
4.654885864350684875e-04 6.986118861196514984e-02 9.519695159870261714e-02
4.738008826214088181e-04 6.987430547063312736e-02 9.594447152139605473e-02
4.821131788077493655e-04 6.988821212825852003e-02 9.670061056494866358e-02
4.904254749940899129e-04 6.990288022363556897e-02 9.746511268130195194e-02
4.987377711804304604e-04 6.991826905350737031e-02 9.823772675008858590e-02
5.070500673667710078e-04 6.993432839170544979e-02 9.901820843574807296e-02
5.153623635531113384e-04 6.995100101877797794e-02 9.980630909020898889e-02
5.236746597394518858e-04 6.996822495005870779e-02 1.006018090577973645e-01
5.319869559257924332e-04 6.998593536202209198e-02 1.014045095812250996e-01
5.402992521121329807e-04 7.000406622622255826e-02 1.022141959380981069e-01
5.486115482984735281e-04 7.002255166720935953e-02 1.030306380500284474e-01
5.569238444848138587e-04 7.004132706574675571e-02 1.038537072638003600e-01
5.652361406711544061e-04 7.006032993172714440e-02 1.046831448018197830e-01
5.735484368574949535e-04 7.007950057265066590e-02 1.055188375651843063e-01
5.818607330438355010e-04 7.009878258377702509e-02 1.063605499072497462e-01
5.901730292301760484e-04 7.011812318532940902e-02 1.072081803055311838e-01
5.984853254165163790e-04 7.013747343071852214e-02 1.080614853314037366e-01
6.067976216028569264e-04 7.015678830788406317e-02 1.089204295069400447e-01
6.151099177891974738e-04 7.017602675371559240e-02 1.097847321354346040e-01
6.234222139755380213e-04 7.019515159926240089e-02 1.106543545806559781e-01
6.317345101618785687e-04 7.021412946118996135e-02 1.115291039468960660e-01
6.400468063482188993e-04 7.023293059276965178e-02 1.124088202130509861e-01
6.483591025345594467e-04 7.025152870565659624e-02 1.132934888667284784e-01
6.566713987208999941e-04 7.026990077185106542e-02 1.141828471114574584e-01
6.649836949072405416e-04 7.028802681357161630e-02 1.150767781505470239e-01
6.732959910935810890e-04 7.030588968729556409e-02 1.159752933361891530e-01
6.816082872799214196e-04 7.032347486694380534e-02 1.168781774390762196e-01
6.899205834662619670e-04 7.034077023008933338e-02 1.177853572284979777e-01
6.982328796526025144e-04 7.035776585014040518e-02 1.186967429823238829e-01
7.065451758389430618e-04 7.037445379667243983e-02 1.196121940327946054e-01
7.148574720252836093e-04 7.039082794544054833e-02 1.205315838245985260e-01
7.231697682116239399e-04 7.040688379908237315e-02 1.214547638300090410e-01
7.314820643979644873e-04 7.042261831909962799e-02 1.223818809640269956e-01
7.397943605843050347e-04 7.043802976937152405e-02 1.233125632341766226e-01
7.481066567706455821e-04 7.045311757119554485e-02 1.242468810343423796e-01
7.564189529569861296e-04 7.046788216964962326e-02 1.251847429309491389e-01
7.647312491433264602e-04 7.048232491092450147e-02 1.261260610870237053e-01
7.730435453296670076e-04 7.049644793016672517e-02 1.270705990838926769e-01
7.813558415160075550e-04 7.051025404930161278e-02 1.280185680055196673e-01
7.896681377023481024e-04 7.052374668425974436e-02 1.289696318290778076e-01
7.979804338886886499e-04 7.053692976100504886e-02 1.299238222178939195e-01
8.062927300750291973e-04 7.054980763975708669e-02 1.308810794851195392e-01
8.146050262613697447e-04 7.056238504680266421e-02 1.318412597197953784e-01
8.229173224477102921e-04 7.057466701330813996e-02 1.328043762220250668e-01
8.312296186340504059e-04 7.058665882056412710e-02 1.337703946077008210e-01
8.395419148203909533e-04 7.059836595112052582e-02 1.347391136109408472e-01
8.478542110067315007e-04 7.060979404529987846e-02 1.357105484245425542e-01
8.561665071930720482e-04 7.062094886260603110e-02 1.366846526347784141e-01
8.644788033794125956e-04 7.063183624757968238e-02 1.376613669274090179e-01
8.727910995657531430e-04 7.064246209968193246e-02 1.386406328323716575e-01
8.811033957520936905e-04 7.065283234681986324e-02 1.396223910687330039e-01
8.894156919384342379e-04 7.066295292215765689e-02 1.406065885530891069e-01
8.977279881247747853e-04 7.067282974388536254e-02 1.415930674668595679e-01
9.060402843111153327e-04 7.068246869764716056e-02 1.425819828654424914e-01
9.143525804974554465e-04 7.069187562135505198e-02 1.435730858425595668e-01
9.226648766837959939e-04 7.070105629213764564e-02 1.445664959106973679e-01
9.309771728701365413e-04 7.071001641519963909e-02 1.455620390724867153e-01
9.392894690564770888e-04 7.071876161438414576e-02 1.465597057384709356e-01
9.476017652428176362e-04 7.072729742425408472e-02 1.475594691494525601e-01
9.559140614291581836e-04 7.073562928352272738e-02 1.485612833768157059e-01
9.642263576154987310e-04 7.074376252968120338e-02 1.495651052515020729e-01
9.725386538018392785e-04 7.075170239468839273e-02 1.505708928461510776e-01
9.808509499881798259e-04 7.075945400159697196e-02 1.515786093372702148e-01
9.891632461745203733e-04 7.076702236200707596e-02 1.525881391372569673e-01
9.974755423608609207e-04 7.077441237424586529e-02 1.535995879928520602e-01
1.005787838547201034e-03 7.078162882218672070e-02 1.546128449274462024e-01
1.014100134733541582e-03 7.078867637462481210e-02 1.556278114240621513e-01
1.022412430919882129e-03 7.079555958513990277e-02 1.566445799757495150e-01
1.030724727106222677e-03 7.080228289238117700e-02 1.576629931885939195e-01
1.039037023292563224e-03 7.080885062071713698e-02 1.586831366936813648e-01
1.047349319478903772e-03 7.081526698120080288e-02 1.597048523213888405e-01
1.055661615665244319e-03 7.082153607280283758e-02 1.607281787003727036e-01
1.063973911851584866e-03 7.082766188387387696e-02 1.617531072240995238e-01
1.072286208037925414e-03 7.083364829380002503e-02 1.627795737536575360e-01
1.080598504224265961e-03 7.083949907481855435e-02 1.638075280783052590e-01
1.088910800410606075e-03 7.084521789396769353e-02 1.648369696073206936e-01
1.097223096596946623e-03 7.085080831514367627e-02 1.658678671769747426e-01
1.105535392783287170e-03 7.085627380124401298e-02 1.669001926489944720e-01
1.113847688969627717e-03 7.086161771637802809e-02 1.679339189391327591e-01
1.122159985155968265e-03 7.086684332812609455e-02 1.689690196446772263e-01
1.130472281342308812e-03 7.087195380983528359e-02 1.700054693200278855e-01
1.138784577528649360e-03 7.087695224293523444e-02 1.710432447414902413e-01
1.147096873714989907e-03 7.088184161926507076e-02 1.720823180850535317e-01
1.155409169901330454e-03 7.088662484340105263e-02 1.731226287329956093e-01
1.163721466087671002e-03 7.089130473497634588e-02 1.741642318833445668e-01
1.172033762274011116e-03 7.089588403098426306e-02 1.752070606963995192e-01
