1.741642126196108475e-01 -1.253824404638802719e+02
1.731226193575078898e-01 -1.252309681717177199e+02
1.720822771384295791e-01 -1.250787956113936445e+02
1.710432092358249723e-01 -1.249262970464464360e+02
1.700054394803494906e-01 -1.247684785475734799e+02
1.689689922759347596e-01 -1.246075894347502526e+02
1.679338926163934098e-01 -1.244437727737867334e+02
1.669001661025797389e-01 -1.242768373408719498e+02
1.658678389601265790e-01 -1.241066845683529181e+02
1.648369380577804355e-01 -1.239332100590483492e+02
1.638074909263577961e-01 -1.237561684245621620e+02
1.627795257783458960e-01 -1.235772167010664049e+02
1.617530715281726983e-01 -1.233952091755223393e+02
1.607281578131724564e-01 -1.232063233067005825e+02
1.597048150152728940e-01 -1.230130616647164601e+02
1.586830742834327845e-01 -1.228216059089862711e+02
1.576629675568589906e-01 -1.226229595428588794e+02
1.566445275890330224e-01 -1.224199498494827338e+02
1.556277879725802282e-01 -1.222126234891646135e+02
1.546127831650141171e-01 -1.220013932217123767e+02
1.535995485153909823e-01 -1.217898006038588221e+02
1.525881202919115720e-01 -1.215656065590446957e+02
1.515785357105076392e-01 -1.213410979279585575e+02
1.505708329644539212e-01 -1.211159973508204928e+02
1.495650512550467659e-01 -1.208817289642378370e+02
1.485612308233940360e-01 -1.206427235680882006e+02
1.475594129833618373e-01 -1.203985994648446507e+02
1.465596401557263395e-01 -1.201491159715987607e+02
1.455619559035815080e-01 -1.198952601718508930e+02
1.445664049690560671e-01 -1.196392179332806336e+02
1.435730333113953150e-01 -1.193721326073563205e+02
1.425818881464663845e-01 -1.191017699148976874e+02
1.415930179877495920e-01 -1.188236239463824830e+02
1.406064726888798522e-01 -1.185398326737287391e+02
1.396223034878079083e-01 -1.182558751905459218e+02
1.386405630526528210e-01 -1.179592315626656074e+02
1.376613055293228749e-01 -1.176558290119307912e+02
1.366845865909848412e-01 -1.173453435208542146e+02
1.357104634894679140e-01 -1.170277730860101997e+02
1.347389951086920279e-01 -1.167038429182736934e+02
1.337702420202165898e-01 -1.163780347538118463e+02
1.328042665410115730e-01 -1.160410339489319824e+02
1.318411327935584965e-01 -1.156898583610382190e+02
1.308809067683967542e-01 -1.153374145312790233e+02
1.299236563892372243e-01 -1.149771142168141438e+02
1.289694515807739694e-01 -1.146045671173943248e+02
1.280183643393330017e-01 -1.142303343512851512e+02
1.270704688065075194e-01 -1.138377937979347791e+02
1.261258413459387662e-01 -1.134377379407195150e+02
1.251845606234136543e-01 -1.130361581538293763e+02
1.242467076904628931e-01 -1.126150737896626310e+02
1.233123660716572145e-01 -1.121832059702171307e+02
1.223816218558138741e-01 -1.117500725744384198e+02
1.214545637913434090e-01 -1.112987974651956478e+02
1.205312833859839283e-01 -1.108339835292622695e+02
1.196118750111912349e-01 -1.103690725848896790e+02
1.186964360114745043e-01 -1.098876148866444993e+02
1.177850668189925898e-01 -1.093900832261038119e+02
1.168778710737521376e-01 -1.088786931872859185e+02
1.159749557497793404e-01 -1.083575012335006562e+02
1.150764312876691731e-01 -1.078189578757529574e+02
1.141824117339520495e-01 -1.072681509321667477e+02
1.132930148877578647e-01 -1.067110013068169962e+02
1.124083624553006006e-01 -1.061310184502221716e+02
1.115285802127538584e-01 -1.055343549522516469e+02
1.106537981781406804e-01 -1.049271929414625504e+02
1.097841507929165211e-01 -1.042988023312545351e+02
1.089197771139867321e-01 -1.036564846463616902e+02
1.080608210169653194e-01 -1.029949584942948917e+02
1.072074314115534638e-01 -1.023144138528847122e+02
1.063597624699911676e-01 -1.016170924661554551e+02
1.055179738696145897e-01 -1.008990216317363746e+02
1.046822310506340531e-01 -1.001606694501694079e+02
1.038527054903295443e-01 -9.940133957852015101e+01
1.030295749949432793e-01 -9.861964064733854229e+01
1.022130240106243759e-01 -9.781463703588525505e+01
1.014032439548485931e-01 -9.698805505453006504e+01
1.006004335697864294e-01 -9.613471748290071162e+01
9.980479929911824366e-02 -9.525650834312237691e+01
9.901655568978327826e-02 -9.435313088927634340e+01
9.823592582008448815e-02 -9.342158409840534716e+01
9.746314175543079050e-02 -9.246038342966163270e+01
9.669844503275773495e-02 -9.146938016986803177e+01
9.594208717428832911e-02 -9.044786979059742293e+01
9.519433023073360645e-02 -8.939356082830593664e+01
9.445544735322902730e-02 -8.830494976495644721e+01
9.372572339218356030e-02 -8.718111062394581268e+01
9.300545551969123526e-02 -8.601999854806493317e+01
9.229495387010641649e-02 -8.482012517858679246e+01
9.159454219067440783e-02 -8.357964839789097766e+01
9.090455849057138549e-02 -8.229671301779333703e+01
9.022535567214984287e-02 -8.096937552265953286e+01
8.955730212238419141e-02 -7.959555340099812781e+01
8.890078223522930589e-02 -7.817314061050529972e+01
8.825619682660178211e-02 -7.669993741607933657e+01
8.762396339275056734e-02 -7.517371058985212073e+01
8.700451614975866776e-02 -7.359221027804653659e+01
8.639830577680547574e-02 -7.195321478829535522e+01
8.580579876885735535e-02 -7.025458428559130653e+01
8.522747628626059502e-02 -6.849433258352478049e+01
8.466383237044998455e-02 -6.667071799309388780e+01
8.411537137857873214e-02 -6.478235626629081878e+01
8.358260447819115813e-02 -6.282835726781040364e+01
8.306604504007177037e-02 -6.080848577182452885e+01
8.256620277820221621e-02 -5.872334450802787842e+01
8.208357651629294427e-02 -5.657457437016747548e+01
8.161864551678597868e-02 -5.436506252172122799e+01
8.117185939570016606e-02 -5.209914418718347662e+01
8.074362676755307555e-02 -4.978277874011740067e+01
8.033430291612136953e-02 -4.742367620052445432e+01
7.994417695894230624e-02 -4.503134769655783742e+01
7.957345914737508352e-02 -4.261705425994227880e+01
7.922226909249363569e-02 -4.019363374784506959e+01
7.889062579764274941e-02 -3.777519626217515736e+01
7.857844037987167518e-02 -3.537669353704480102e+01
7.828551225309154926e-02 -3.301338532423386596e+01
7.801152932231071591e-02 -3.070024254032094646e+01
7.775607242068398317e-02 -2.845133908252208954e+01
7.751862385175714576e-02 -2.627928863418425465e+01
7.729857953492720590e-02 -2.419477802246780485e+01
7.709526395062418769e-02 -2.220623558392733798e+01
7.690794688792448874e-02 -2.031965442081229156e+01
7.673586093294881838e-02 -1.853857041637655811e+01
7.657821869703004825e-02 -1.686417735364041803e+01
7.643422894302491499e-02 -1.529554923705884839e+01
7.630311098759189059e-02 -1.382993407601380476e+01
7.618410699614305837e-02 -1.246308350385203134e+01
7.607649201139732309e-02 -1.118958716611132509e+01
7.597958174307743728e-02 -1.000318789690058097e+01
7.589273828433976132e-02 -8.897061532715905940e+00
7.581537400906183943e-02 -7.864052468528126560e+00
7.574695394899297329e-02 -6.896861976726703425e+00
7.568699696031247481e-02 -5.988190607233716989e+00
7.563507597548423111e-02 -5.130838732619353415e+00
7.559081760766007962e-02 -4.317770754235964681e+00
7.555390133869839542e-02 -3.542148973746793494e+00
7.552405848351563533e-02 -2.797342979962904597e+00
7.550107108648576593e-02 -2.076919873609829104e+00
7.548477087191053647e-02 -1.374619958648007234e+00
7.547503834100320608e-02 -6.843218121889108607e-01
7.547180208236017873e-02 0.000000000000000000e+00
7.547503834100320608e-02 6.843218121889108607e-01
7.548477087191053647e-02 1.374619958648007234e+00
7.550107108648576593e-02 2.076919873609829104e+00
7.552405848351563533e-02 2.797342979962904597e+00
7.555390133869839542e-02 3.542148973746793494e+00
7.559081760766007962e-02 4.317770754235964681e+00
7.563507597548423111e-02 5.130838732619353415e+00
7.568699696031247481e-02 5.988190607233716989e+00
7.574695394899297329e-02 6.896861976726703425e+00
7.581537400906183943e-02 7.864052468528126560e+00
7.589273828433976132e-02 8.897061532716740828e+00
7.597958174307745116e-02 1.000318789690058097e+01
7.607649201139732309e-02 1.118958716611132509e+01
7.618410699614307224e-02 1.246308350385286623e+01
7.630311098759190447e-02 1.382993407601296987e+01
7.643422894302491499e-02 1.529554923705801350e+01
7.657821869703004825e-02 1.686417735364208781e+01
7.673586093294884614e-02 1.853857041637739300e+01
7.690794688792450262e-02 2.031965442081062179e+01
7.709526395062418769e-02 2.220623558392650310e+01
7.729857953492720590e-02 2.419477802246780485e+01
7.751862385175714576e-02 2.627928863418508953e+01
7.775607242068399705e-02 2.845133908252292443e+01
7.801152932231072978e-02 3.070024254032178135e+01
7.828551225309157702e-02 3.301338532423302752e+01
7.857844037987167518e-02 3.537669353704313124e+01
7.889062579764274941e-02 3.777519626217515736e+01
7.922226909249363569e-02 4.019363374784506959e+01
7.957345914737508352e-02 4.261705425994311014e+01
7.994417695894232012e-02 4.503134769655783742e+01
8.033430291612136953e-02 4.742367620052445432e+01
8.074362676755308943e-02 4.978277874011740067e+01
8.117185939570016606e-02 5.209914418718264528e+01
8.161864551678597868e-02 5.436506252172122799e+01
8.208357651629294427e-02 5.657457437016831392e+01
8.256620277820223008e-02 5.872334450802787842e+01
8.306604504007177037e-02 6.080848577182369041e+01
8.358260447819115813e-02 6.282835726781040364e+01
8.411537137857873214e-02 6.478235626629165722e+01
8.466383237044999843e-02 6.667071799309472624e+01
8.522747628626060890e-02 6.849433258352394205e+01
8.580579876885735535e-02 7.025458428559214497e+01
8.639830577680550350e-02 7.195321478829619366e+01
8.700451614975868164e-02 7.359221027804653659e+01
8.762396339275059509e-02 7.517371058985128229e+01
8.825619682660178211e-02 7.669993741607767390e+01
8.890078223522930589e-02 7.817314061050697660e+01
8.955730212238421917e-02 7.959555340099812781e+01
9.022535567214984287e-02 8.096937552265787019e+01
9.090455849057138549e-02 8.229671301779333703e+01
9.159454219067440783e-02 8.357964839789265454e+01
9.229495387010644425e-02 8.482012517858679246e+01
9.300545551969123526e-02 8.601999854806409473e+01
9.372572339218357418e-02 8.718111062394665112e+01
9.445544735322904117e-02 8.830494976495644721e+01
9.519433023073362032e-02 8.939356082830509820e+01
9.594208717428832911e-02 9.044786979059908560e+01
9.669844503275777658e-02 9.146938016987054709e+01
9.746314175543083214e-02 9.246038342966163270e+01
9.823592582008452978e-02 9.342158409840450872e+01
9.901655568978330602e-02 9.435313088927384229e+01
9.980479929911824366e-02 9.525650834312155268e+01
1.006004335697864432e-01 9.613471748290237429e+01
1.014032439548486209e-01 9.698805505453174192e+01
1.022130240106244176e-01 9.781463703588525505e+01
1.030295749949433071e-01 9.861964064733604118e+01
1.038527054903295443e-01 9.940133957851931257e+01
1.046822310506340670e-01 1.001606694501710706e+02
1.055179738696146174e-01 1.008990216317372131e+02
1.063597624699911953e-01 1.016170924661554551e+02
1.072074314115534915e-01 1.023144138528838880e+02
1.080608210169653333e-01 1.029949584942948917e+02
1.089197771139867599e-01 1.036564846463633671e+02
1.097841507929165628e-01 1.042988023312536967e+02
1.106537981781406943e-01 1.049271929414617119e+02
1.115285802127538861e-01 1.055343549522508084e+02
1.124083624553006006e-01 1.061310184502205090e+02
1.132930148877578647e-01 1.067110013068169962e+02
1.141824117339520495e-01 1.072681509321692488e+02
1.150764312876692147e-01 1.078189578757546343e+02
1.159749557497793682e-01 1.083575012334981551e+02
1.168778710737521376e-01 1.088786931872850801e+02
1.177850668189926037e-01 1.093900832261054745e+02
1.186964360114745320e-01 1.098876148866444993e+02
1.196118750111912488e-01 1.103690725848896790e+02
1.205312833859839561e-01 1.108339835292622695e+02
1.214545637913434228e-01 1.112987974651956478e+02
1.223816218558139018e-01 1.117500725744392582e+02
1.233123660716572423e-01 1.121832059702171307e+02
1.242467076904629208e-01 1.126150737896609542e+02
1.251845606234136543e-01 1.130361581538293763e+02
1.261258413459387939e-01 1.134377379407228545e+02
1.270704688065075749e-01 1.138377937979331023e+02
1.280183643393330017e-01 1.142303343512818117e+02
1.289694515807739694e-01 1.146045671173943248e+02
1.299236563892372243e-01 1.149771142168141438e+02
1.308809067683967542e-01 1.153374145312790233e+02
1.318411327935584965e-01 1.156898583610415585e+02
1.328042665410116285e-01 1.160410339489319824e+02
1.337702420202165898e-01 1.163780347538085209e+02
1.347389951086920279e-01 1.167038429182753561e+02
1.357104634894679418e-01 1.170277730860118766e+02
1.366845865909848690e-01 1.173453435208558915e+02
1.376613055293229304e-01 1.176558290119324539e+02
1.386405630526528765e-01 1.179592315626639305e+02
1.396223034878079361e-01 1.182558751905442449e+02
1.406064726888798799e-01 1.185398326737287391e+02
1.415930179877496198e-01 1.188236239463841457e+02
1.425818881464664400e-01 1.191017699148960105e+02
1.435730333113953150e-01 1.193721326073529809e+02
1.445664049690560671e-01 1.196392179332806336e+02
1.455619559035815080e-01 1.198952601718508930e+02
1.465596401557263395e-01 1.201491159716004375e+02
1.475594129833618651e-01 1.203985994648463276e+02
1.485612308233940637e-01 1.206427235680882006e+02
1.495650512550467937e-01 1.208817289642378370e+02
1.505708329644539489e-01 1.211159973508221697e+02
1.515785357105076947e-01 1.213410979279585575e+02
1.525881202919115998e-01 1.215656065590446957e+02
1.535995485153910378e-01 1.217898006038571594e+02
1.546127831650141171e-01 1.220013932217090371e+02
1.556277879725802282e-01 1.222126234891646135e+02
1.566445275890330224e-01 1.224199498494860734e+02
1.576629675568590461e-01 1.226229595428622190e+02
1.586830742834328400e-01 1.228216059089829315e+02
1.597048150152728940e-01 1.230130616647131205e+02
1.607281578131724564e-01 1.232063233067022594e+02
1.617530715281727260e-01 1.233952091755256788e+02
1.627795257783459515e-01 1.235772167010680818e+02
1.638074909263578516e-01 1.237561684245588225e+02
1.648369380577804355e-01 1.239332100590450096e+02
1.658678389601265790e-01 1.241066845683529181e+02
1.669001661025797389e-01 1.242768373408736124e+02
1.679338926163934376e-01 1.244437727737867334e+02
1.689689922759347596e-01 1.246075894347502526e+02
1.700054394803495184e-01 1.247684785475734799e+02
1.710432092358249723e-01 1.249262970464464360e+02
1.720822771384296068e-01 1.250787956113969841e+02
1.731226193575079453e-01 1.252309681717193968e+02
1.741642126196109031e-01 1.253824404638769323e+02
