1.752070341929423680e-01 0.000000000000000000e+00
1.741642126196108475e-01 -1.254539574792308514e+02
1.731226193575078898e-01 -1.253071774838877133e+02
1.720822771384295791e-01 -1.251567700669275496e+02
1.710432092358249723e-01 -1.250034430221253245e+02
1.700054394803494906e-01 -1.248470927392551033e+02
1.689689922759347596e-01 -1.246853277623384599e+02
1.679338926163934098e-01 -1.245308682418926338e+02
1.669001661025797389e-01 -1.243603538703729754e+02
1.658678389601265790e-01 -1.241924001117913576e+02
1.648369380577804355e-01 -1.240208272182133982e+02
1.638074909263577961e-01 -1.238456894595259712e+02
1.627795257783458960e-01 -1.236592570134452984e+02
1.617530715281726983e-01 -1.234964443160666292e+02
1.607281578131724564e-01 -1.233001405116721685e+02
1.597048150152728940e-01 -1.231114387578526390e+02
1.586830742834327845e-01 -1.229185666511861967e+02
1.576629675568589906e-01 -1.227197286595392285e+02
1.566445275890330224e-01 -1.225266720576006634e+02
1.556277879725802282e-01 -1.223163596483221056e+02
1.546127831650141171e-01 -1.221081738012904623e+02
1.535995485153909823e-01 -1.218949185232095971e+02
1.525881202919115720e-01 -1.216946766098344739e+02
1.515785357105076392e-01 -1.214421488374536011e+02
1.505708329644539212e-01 -1.212293446732177671e+02
1.495650512550467659e-01 -1.209982677742593467e+02
1.485612308233940360e-01 -1.207573801268069360e+02
1.475594129833618373e-01 -1.205299132153678556e+02
1.465596401557263395e-01 -1.202749252745958017e+02
1.455619559035815080e-01 -1.200237741184651981e+02
1.445664049690560671e-01 -1.197640998735387683e+02
1.435730333113953150e-01 -1.195120755839209892e+02
1.425818881464663845e-01 -1.192368535752206071e+02
1.415930179877495920e-01 -1.189619838380514096e+02
1.406064726888798522e-01 -1.186900645570579229e+02
1.396223034878079083e-01 -1.183963383056358651e+02
1.386405630526528210e-01 -1.181045942059239451e+02
1.376613055293228749e-01 -1.178145768155356023e+02
1.366845865909848412e-01 -1.174979783283573624e+02
1.357104634894679140e-01 -1.171876152941916303e+02
1.347389951086920279e-01 -1.168772236911967894e+02
1.337702420202165898e-01 -1.165397887517643198e+02
1.328042665410115730e-01 -1.162049988231779167e+02
1.318411327935584965e-01 -1.158749909244720868e+02
1.308809067683967542e-01 -1.155146916679454705e+02
1.299236563892372243e-01 -1.151743110059668567e+02
1.289694515807739694e-01 -1.147808006674009960e+02
1.280183643393330017e-01 -1.144089988541389573e+02
1.270704688065075194e-01 -1.140452879308222691e+02
1.261258413459387662e-01 -1.136349850286110126e+02
1.251845606234136543e-01 -1.132460115425990637e+02
1.242467076904628931e-01 -1.128191980671106762e+02
1.233123660716572145e-01 -1.124109710970504352e+02
1.223816218558138741e-01 -1.119618504242785662e+02
1.214545637913434090e-01 -1.115353079993234644e+02
1.205312833859839283e-01 -1.110557095942207440e+02
1.196118750111912349e-01 -1.106216484998198837e+02
1.186964360114745043e-01 -1.101467065605639135e+02
1.177850668189925898e-01 -1.096172978675503344e+02
1.168778710737521376e-01 -1.091444043786530784e+02
1.159749557497793404e-01 -1.086415164687742561e+02
1.150764312876691731e-01 -1.080659184419652803e+02
1.141824117339520495e-01 -1.075583815523849864e+02
1.132930148877578647e-01 -1.070074516905129940e+02
1.124083624553006006e-01 -1.063796886689710135e+02
1.115285802127538584e-01 -1.058600503019829375e+02
1.106537981781406804e-01 -1.052420178565575242e+02
1.097841507929165211e-01 -1.046224383666339435e+02
1.089197771139867321e-01 -1.039876641860415702e+02
1.080608210169653194e-01 -1.033354115801092519e+02
1.072074314115534638e-01 -1.026637404286334458e+02
1.063597624699911676e-01 -1.019717858247440319e+02
1.055179738696145897e-01 -1.012605604927334042e+02
1.046822310506340531e-01 -1.005303131360112161e+02
1.038527054903295443e-01 -9.977873373005198232e+01
1.030295749949432793e-01 -9.899747608621186146e+01
1.022130240106243759e-01 -9.830992955907890973e+01
1.014032439548485931e-01 -9.735886538461710416e+01
1.006004335697864294e-01 -9.653312133382831917e+01
9.980479929911824366e-02 -9.576439120891713230e+01
9.901655568978327826e-02 -9.475482505286220203e+01
9.823592582008448815e-02 -9.394342899109616951e+01
9.746314175543079050e-02 -9.298661909893414190e+01
9.669844503275773495e-02 -9.187672095213706314e+01
9.594208717428832911e-02 -9.099654676870753178e+01
9.519433023073360645e-02 -8.993923824398963518e+01
9.445544735322902730e-02 -8.884971969295838790e+01
9.372572339218356030e-02 -8.771132950026182584e+01
9.300545551969123526e-02 -8.677758218751904451e+01
9.229495387010641649e-02 -8.533934786921643934e+01
9.159454219067440783e-02 -8.432571745834584931e+01
9.090455849057138549e-02 -8.277587688764077711e+01
9.022535567214984287e-02 -8.168352268966050644e+01
8.955730212238419141e-02 -8.029003546505116162e+01
8.890078223522930589e-02 -7.895747253528865883e+01
8.825619682660178211e-02 -7.753106489159871728e+01
8.762396339275056734e-02 -7.593858572123643569e+01
8.700451614975866776e-02 -7.430717079926887436e+01
8.639830577680547574e-02 -7.285099964982296683e+01
8.580579876885735535e-02 -7.126667144234555451e+01
8.522747628626059502e-02 -6.926241062047627395e+01
8.466383237044998455e-02 -6.760330250835811228e+01
8.411537137857873214e-02 -6.585614699528507288e+01
8.358260447819115813e-02 -6.382936415428621046e+01
8.306604504007177037e-02 -6.190797155246959704e+01
8.256620277820221621e-02 -5.973729289321180858e+01
8.208357651629294427e-02 -5.778476914980083734e+01
8.161864551678597868e-02 -5.550560863755134733e+01
8.117185939570016606e-02 -5.321292287518200936e+01
8.074362676755307555e-02 -5.101491608922084708e+01
8.033430291612136953e-02 -4.861542076338935203e+01
7.994417695894230624e-02 -4.628060928153776388e+01
7.957345914737508352e-02 -4.384188398609100545e+01
7.922226909249363569e-02 -4.140673131083666192e+01
7.889062579764274941e-02 -3.899018723453291102e+01
7.857844037987167518e-02 -3.656111500561446093e+01
7.828551225309154926e-02 -3.416461034320221302e+01
7.801152932231071591e-02 -3.181324293110529666e+01
7.775607242068398317e-02 -2.951323832772093070e+01
7.751862385175714576e-02 -2.728490421803836696e+01
7.729857953492720590e-02 -2.513877604359747053e+01
7.709526395062418769e-02 -2.308483116378590339e+01
7.690794688792448874e-02 -2.113085187942643373e+01
7.673586093294881838e-02 -1.928207770138291011e+01
7.657821869703004825e-02 -1.754127326136230280e+01
7.643422894302491499e-02 -1.590890916474294592e+01
7.630311098759189059e-02 -1.438341462236006940e+01
7.618410699614305837e-02 -1.296148342182693902e+01
7.607649201139732309e-02 -1.163840516493267785e+01
7.597958174307743728e-02 -1.040840106998845016e+01
7.589273828433976132e-02 -9.264922900203499623e+00
7.581537400906183943e-02 -8.200917775029441970e+00
7.574695394899297329e-02 -7.209050300057490368e+00
7.568699696031247481e-02 -6.281869322401585798e+00
7.563507597548423111e-02 -5.411940681500603034e+00
7.559081760766007962e-02 -4.591932125620100003e+00
7.555390133869839542e-02 -3.814667605054446131e+00
7.552405848351563533e-02 -3.073155814181384837e+00
7.550107108648576593e-02 -2.360588282280719596e+00
7.548477087191053647e-02 -1.670333664804515728e+00
7.547503834100320608e-02 -9.959026252318555761e-01
7.547180208236017873e-02 -3.309202634030439238e-01
7.547503834100320608e-02 3.309202634030439238e-01
7.548477087191053647e-02 9.959026252318555761e-01
7.550107108648576593e-02 1.670333664804515728e+00
7.552405848351563533e-02 2.360588282280719596e+00
7.555390133869839542e-02 3.073155814181384837e+00
7.559081760766007962e-02 3.814667605054446131e+00
7.563507597548423111e-02 4.591932125620100003e+00
7.568699696031247481e-02 5.411940681500603034e+00
7.574695394899297329e-02 6.281869322401585798e+00
7.581537400906183943e-02 7.209050300057490368e+00
7.589273828433976132e-02 8.200917775029441970e+00
7.597958174307745116e-02 9.264922900205169398e+00
7.607649201139732309e-02 1.040840106998678039e+01
7.618410699614307224e-02 1.163840516493434762e+01
7.630311098759190447e-02 1.296148342182693902e+01
7.643422894302491499e-02 1.438341462235839963e+01
7.657821869703004825e-02 1.590890916474294592e+01
7.673586093294884614e-02 1.754127326136564236e+01
7.690794688792450262e-02 1.928207770138124033e+01
7.709526395062418769e-02 2.113085187942476750e+01
7.729857953492720590e-02 2.308483116378590339e+01
7.751862385175714576e-02 2.513877604359747053e+01
7.775607242068399705e-02 2.728490421804003674e+01
7.801152932231072978e-02 2.951323832772093070e+01
7.828551225309157702e-02 3.181324293110696644e+01
7.857844037987167518e-02 3.416461034319887347e+01
7.889062579764274941e-02 3.656111500561446093e+01
7.922226909249363569e-02 3.899018723453291102e+01
7.957345914737508352e-02 4.140673131083666192e+01
7.994417695894232012e-02 4.384188398609267523e+01
8.033430291612136953e-02 4.628060928153609410e+01
8.074362676755308943e-02 4.861542076339102181e+01
8.117185939570016606e-02 5.101491608921917731e+01
8.161864551678597868e-02 5.321292287518200936e+01
8.208357651629294427e-02 5.550560863755134733e+01
8.256620277820223008e-02 5.778476914980250712e+01
8.306604504007177037e-02 5.973729289321013880e+01
8.358260447819115813e-02 6.190797155246959704e+01
8.411537137857873214e-02 6.382936415428621046e+01
8.466383237044999843e-02 6.585614699528674976e+01
8.522747628626060890e-02 6.760330250835811228e+01
8.580579876885735535e-02 6.926241062047459707e+01
8.639830577680550350e-02 7.126667144234889406e+01
8.700451614975868164e-02 7.285099964982128995e+01
8.762396339275059509e-02 7.430717079927053703e+01
8.825619682660178211e-02 7.593858572123309614e+01
8.890078223522930589e-02 7.753106489159871728e+01
8.955730212238421917e-02 7.895747253529199838e+01
9.022535567214984287e-02 8.029003546504782207e+01
9.090455849057138549e-02 8.168352268966050644e+01
9.159454219067440783e-02 8.277587688764077711e+01
9.229495387010644425e-02 8.432571745834918886e+01
9.300545551969123526e-02 8.533934786921309978e+01
9.372572339218357418e-02 8.677758218752070718e+01
9.445544735322904117e-02 8.771132950026182584e+01
9.519433023073362032e-02 8.884971969295838790e+01
9.594208717428832911e-02 8.993923824398795830e+01
9.669844503275777658e-02 9.099654676871253400e+01
9.746314175543083214e-02 9.187672095213872581e+01
9.823592582008452978e-02 9.298661909893247923e+01
9.901655568978330602e-02 9.394342899109450684e+01
9.980479929911824366e-02 9.475482505285886248e+01
1.006004335697864432e-01 9.576439120891880918e+01
1.014032439548486209e-01 9.653312133382998184e+01
1.022130240106244176e-01 9.735886538461878104e+01
1.030295749949433071e-01 9.830992955907724706e+01
1.038527054903295443e-01 9.899747608620852191e+01
1.046822310506340670e-01 9.977873373005364499e+01
1.055179738696146174e-01 1.005303131360128930e+02
1.063597624699911953e-01 1.012605604927334042e+02
1.072074314115534915e-01 1.019717858247440319e+02
1.080608210169653333e-01 1.026637404286317690e+02
1.089197771139867599e-01 1.033354115801109288e+02
1.097841507929165628e-01 1.039876641860432329e+02
1.106537981781406943e-01 1.046224383666306039e+02
1.115285802127538861e-01 1.052420178565592011e+02
1.124083624553006006e-01 1.058600503019795980e+02
1.132930148877578647e-01 1.063796886689710135e+02
1.141824117339520495e-01 1.070074516905129940e+02
1.150764312876692147e-01 1.075583815523899887e+02
1.159749557497793682e-01 1.080659184419636176e+02
1.168778710737521376e-01 1.086415164687709165e+02
1.177850668189926037e-01 1.091444043786547411e+02
1.186964360114745320e-01 1.096172978675519971e+02
1.196118750111912488e-01 1.101467065605622508e+02
1.205312833859839561e-01 1.106216484998215464e+02
1.214545637913434228e-01 1.110557095942190813e+02
1.223816218558139018e-01 1.115353079993251413e+02
1.233123660716572423e-01 1.119618504242785662e+02
1.242467076904629208e-01 1.124109710970504352e+02
1.251845606234136543e-01 1.128191980671073367e+02
1.261258413459387939e-01 1.132460115426024032e+02
1.270704688065075749e-01 1.136349850286143521e+02
1.280183643393330017e-01 1.140452879308155900e+02
1.289694515807739694e-01 1.144089988541389573e+02
1.299236563892372243e-01 1.147808006674009960e+02
1.308809067683967542e-01 1.151743110059668567e+02
1.318411327935584965e-01 1.155146916679454705e+02
1.328042665410116285e-01 1.158749909244787659e+02
1.337702420202165898e-01 1.162049988231712376e+02
1.347389951086920279e-01 1.165397887517643198e+02
1.357104634894679418e-01 1.168772236912001290e+02
1.366845865909848690e-01 1.171876152941916303e+02
1.376613055293229304e-01 1.174979783283607020e+02
1.386405630526528765e-01 1.178145768155356023e+02
1.396223034878079361e-01 1.181045942059206055e+02
1.406064726888798799e-01 1.183963383056358651e+02
1.415930179877496198e-01 1.186900645570579229e+02
1.425818881464664400e-01 1.189619838380547492e+02
1.435730333113953150e-01 1.192368535752139280e+02
1.445664049690560671e-01 1.195120755839209892e+02
1.455619559035815080e-01 1.197640998735387683e+02
1.465596401557263395e-01 1.200237741184651981e+02
1.475594129833618651e-01 1.202749252745991413e+02
1.485612308233940637e-01 1.205299132153678556e+02
1.495650512550467937e-01 1.207573801268069360e+02
1.505708329644539489e-01 1.209982677742593467e+02
1.515785357105076947e-01 1.212293446732211066e+02
1.525881202919115998e-01 1.214421488374502616e+02
1.535995485153910378e-01 1.216946766098378134e+02
1.546127831650141171e-01 1.218949185232029180e+02
1.556277879725802282e-01 1.221081738012904623e+02
1.566445275890330224e-01 1.223163596483221056e+02
1.576629675568590461e-01 1.225266720576073425e+02
1.586830742834328400e-01 1.227197286595392285e+02
1.597048150152728940e-01 1.229185666511795176e+02
1.607281578131724564e-01 1.231114387578526390e+02
1.617530715281727260e-01 1.233001405116755080e+02
1.627795257783459515e-01 1.234964443160699687e+02
1.638074909263578516e-01 1.236592570134452984e+02
1.648369380577804355e-01 1.238456894595192921e+02
1.658678389601265790e-01 1.240208272182133982e+02
1.669001661025797389e-01 1.241924001117913576e+02
1.679338926163934376e-01 1.243603538703763149e+02
1.689689922759347596e-01 1.245308682418892943e+02
1.700054394803495184e-01 1.246853277623417995e+02
1.710432092358249723e-01 1.248470927392517638e+02
1.720822771384296068e-01 1.250034430221286641e+02
1.731226193575079453e-01 1.251567700669308891e+02
1.741642126196109031e-01 1.253071774838877133e+02
