1.843621379739880410e+02
1.733709324848857420e+02
1.807525640185808129e+02
1.875929557452689664e+02
1.764176224011075931e+02
1.827111399661100393e+02
1.910636552235856982e+02
1.798846117850862640e+02
1.847330179769076608e+02
1.943744738059240547e+02
1.834283401503333835e+02
1.868655920461815185e+02
1.977309302897478460e+02
1.871253863967099846e+02
1.890204304513253533e+02
2.010563107435967538e+02
1.910743900516617941e+02
1.914798127755778978e+02
2.046088557099978971e+02
1.953068410365992804e+02
1.939336066951135535e+02
2.079553358016033826e+02
1.996137074787457095e+02
1.965352661672089596e+02
2.113536917006658769e+02
2.042582827013070812e+02
1.995439043563113444e+02
2.148801929056443782e+02
2.090308552557556254e+02
2.025932374380415979e+02
2.182697516775575366e+02
2.139296385258163014e+02
2.059911322854331388e+02
2.218519112288816473e+02
2.190192292300584427e+02
2.094817145814183164e+02
2.253770169087481747e+02
2.243203699145011569e+02
2.132612461635903003e+02
2.289652865039417691e+02
2.300421089390294753e+02
2.177158125047945134e+02
2.326219736653969221e+02
2.356222194597174848e+02
2.223917507759702801e+02
2.365715905466161360e+02
2.414298226976147248e+02
2.272178567705505827e+02
2.406437471571390745e+02
2.477643607340010590e+02
2.326652197412049361e+02
2.445965892043830650e+02
2.538401233015227092e+02
2.383496248316294270e+02
2.488401439473803691e+02
2.601886073970217126e+02
2.444524253521732930e+02
2.533298254528486098e+02
2.668636091927531879e+02
2.512085908790960218e+02
2.583147363694083651e+02
2.739467360606317925e+02
2.583603372004292282e+02
2.631347946745844979e+02
2.808492311660862129e+02
2.660577682380564966e+02
2.685990277483248860e+02
2.880292574741615681e+02
2.739629259064761300e+02
2.741629530056476369e+02
2.956127136379995477e+02
2.830385747948591302e+02
2.807735809767735304e+02
3.035053340462139886e+02
2.922043999615870007e+02
2.874323610716640474e+02
3.115995326914628549e+02
3.019787531637990696e+02
2.946777350121015502e+02
3.203384660332006320e+02
3.128471508204649467e+02
3.024081143391973114e+02
3.286515055982719105e+02
3.239039504437676555e+02
3.115693608912858394e+02
3.386653283898404538e+02
3.362536125225555566e+02
3.206833503577990427e+02
3.477827929869188210e+02
3.487566139073390445e+02
3.316661348581709490e+02
3.593657508145105908e+02
3.634895206197796256e+02
3.432978788941784387e+02
3.701186970466350772e+02
3.781821261920770212e+02
3.561372098317349355e+02
3.816823126191435449e+02
3.934689331498841511e+02
3.703990797712208973e+02
3.955226615834325230e+02
4.111771620013143433e+02
3.857808646926024494e+02
4.094189448411124204e+02
4.304834654092114192e+02
4.039160523205512163e+02
4.238597067793160136e+02
4.488726130063079154e+02
4.226029091944560605e+02
4.415220592961466650e+02
4.715815127453934679e+02
4.437144963540149547e+02
4.583846409730683149e+02
4.948436426425253103e+02
4.701773235590813442e+02
4.826996257982856946e+02
5.235464183718708000e+02
4.983171418493612350e+02
5.045231316947221671e+02
5.497454686433418374e+02
5.286533632353609846e+02
5.344824141885455902e+02
5.846999688877040171e+02
5.631706361161138830e+02
5.648135929556406154e+02
6.230450702416217155e+02
6.033458877049280318e+02
5.967073962041840787e+02
6.614230726402395248e+02
6.476994372241562132e+02
6.376433406356181877e+02
7.119278112718617422e+02
7.055600100203673719e+02
6.879752486161742127e+02
7.662430461507832433e+02
7.648611906549263040e+02
7.431172095743578438e+02
8.362012681822840250e+02
8.468367466448983123e+02
8.156322131978461130e+02
9.206836789949155673e+02
9.503653738810236291e+02
9.088953644156429164e+02
1.015089210172698017e+03
1.061787337403390211e+03
1.022285378705251901e+03
1.150185717214026454e+03
1.224487971572521701e+03
1.180580011317053504e+03
1.327327261550962476e+03
1.438382554780681858e+03
1.391341025368185001e+03
1.566196841953452804e+03
1.742466962723269262e+03
1.713532314314422365e+03
1.930773140323323105e+03
2.193071387382816283e+03
2.203667373421702905e+03
2.551030529113197645e+03
3.034697574036810238e+03
3.169299943716930102e+03
3.803360457718617909e+03
4.889280224467147491e+03
5.620542891784108178e+03
7.452971708908224173e+03
1.103857577231616597e+04
1.382939458045105857e+04
1.369019197837579122e+04
1.069739996923997933e+04
7.085815650477742565e+03
5.342781807439039767e+03
4.632451671751751746e+03
3.560274345682959392e+03
2.974302737682545740e+03
2.832872523086663023e+03
2.343965645599078471e+03
2.034373065658687437e+03
2.023798324242132139e+03
1.743485239424129531e+03
1.526027235602531391e+03
1.542699281758246798e+03
1.359558399781258458e+03
1.199597081721057975e+03
1.237771759764001445e+03
1.114481488993499624e+03
9.859911771166069911e+02
1.032397612959265189e+03
9.463344589189706539e+02
8.299052938162241162e+02
8.716986142079474575e+02
8.135160150710003109e+02
7.159776741878418989e+02
7.591798322034874218e+02
7.188304575705042225e+02
6.245285087506357513e+02
6.587592598456208179e+02
6.335866161573123918e+02
5.530486845102867619e+02
5.883645212882072428e+02
5.732264890694541464e+02
4.920368664046253002e+02
5.195895519356153045e+02
5.175131893910418057e+02
4.455553682978875258e+02
4.665932765123841932e+02
4.704746496062402912e+02
4.027101351405980836e+02
4.152668779517412077e+02
4.233910789316331602e+02
3.640445982764645692e+02
3.766842733387497901e+02
3.892181225957512538e+02
3.322409186012499163e+02
3.412564247890426259e+02
3.612108794055604335e+02
3.106448894988302527e+02
3.117724882575245715e+02
3.321189571730084822e+02
2.870157909795791511e+02
2.852180437514995219e+02
3.068394666299187179e+02
2.661011888808588424e+02
2.632811920601522502e+02
2.884634057331916210e+02
2.517083292829946686e+02
2.427128708115992310e+02
2.668753750738906660e+02
2.325765705824475447e+02
2.200054609328407764e+02
2.469586845225369700e+02
2.176794663194868065e+02
1.992433654955852944e+02
2.253004451196714797e+02
2.031479501099416041e+02
1.846666801512946279e+02
2.075051540456039447e+02
1.880606629795870504e+02
1.739577041969773177e+02
2.023466708415225810e+02
1.880703941856400832e+02
1.660427763762039888e+02
1.835123312893776983e+02
1.673705727482907264e+02
1.455288876077250677e+02
1.666448507495665012e+02
1.586982614128108366e+02
1.457222758596197707e+02
1.660784965041396788e+02
1.522547207013967920e+02
1.322647301011509740e+02
1.554475702559502110e+02
1.469136351007710175e+02
1.261384948429422934e+02
1.476406548926248945e+02
1.378929349096779333e+02
1.103253990597601728e+02
1.359540408381417933e+02
1.371975784083687415e+02
1.111933659267679531e+02
1.284886062027528624e+02
1.300844821733669789e+02
1.054498828243374078e+02
1.226569964408994338e+02
1.279055936555131865e+02
1.032158487673435161e+02
1.141397787820400964e+02
1.191576123543940184e+02
9.353901774406236314e+01
1.017890511364966670e+02
1.113166244112266696e+02
9.243594242469272615e+01
9.812888910648210583e+01
1.057396974729825274e+02
9.270802198177592857e+01
1.007046116385788253e+02
1.020835874798560639e+02
8.281557630595634123e+01
9.459331013629089568e+01
1.007898777489221374e+02
8.006385735676286686e+01
9.002198941650117092e+01
9.903663408231078336e+01
7.782853642668167993e+01
8.479368189353660057e+01
9.752176907389269900e+01
8.034880604892977374e+01
8.226274623101170391e+01
9.039463356829040208e+01
7.237293540689529436e+01
7.941322241443812402e+01
9.271714656708135749e+01
7.521106367346516208e+01
7.778968765084606218e+01
9.215063634105865731e+01
7.492808803831776743e+01
7.025966272518820688e+01
8.514297158066155191e+01
7.572664655148412294e+01
7.314409990592655220e+01
8.047067456063902569e+01
6.702951982102658235e+01
7.267793389357962042e+01
8.812134268099936207e+01
7.322498742975488994e+01
6.657079927541759901e+01
7.964723378185560421e+01
6.988828862093978955e+01
6.980139508034717721e+01
8.451658053712391450e+01
7.312788109738576736e+01
6.592003472527501629e+01
7.844039775552752758e+01
6.970626404440690749e+01
6.693879350799566907e+01
8.258316865448816202e+01
7.615949560175992872e+01
7.012701795612325384e+01
8.094468677430721471e+01
7.340776113842626671e+01
6.812591202855146832e+01
8.056443686611559940e+01
7.567451786742073239e+01
7.247843646321842925e+01
8.260551523213013070e+01
7.262304059770248443e+01
6.712053355508302843e+01
8.443960182208282106e+01
8.186922452682853191e+01
7.307169798430557250e+01
8.008894258064283633e+01
7.376447180321298447e+01
7.030292012147855019e+01
8.455669894149851018e+01
7.948334943289957266e+01
7.157211214435321267e+01
8.490171840784728374e+01
8.454347701369148638e+01
7.905556310799518371e+01
8.560008179143632390e+01
7.906093372722519064e+01
7.908746817112447047e+01
9.555472435528805875e+01
8.742876231985437130e+01
7.606878107592024207e+01
9.463572462120838225e+01
9.556312645813775930e+01
8.383166820070624681e+01
9.387065974416690040e+01
9.386255999938236982e+01
8.585849559256580221e+01
9.705216411601189463e+01
9.626051338866905382e+01
9.095700874773113753e+01
1.073390989620611577e+02
1.064508292944332482e+02
9.231314484172554558e+01
1.037361738895498746e+02
1.056006791109050766e+02
9.570753566685425540e+01
1.118847269852688413e+02
1.164144754419840098e+02
1.023940241446666306e+02
1.154948193515803752e+02
1.252102765622081932e+02
1.126377075402850068e+02
1.186239271802071755e+02
1.280363799688800555e+02
1.209249905154759119e+02
1.281192554001004282e+02
1.352351926748111168e+02
1.263852592925129983e+02
1.336205155598658791e+02
1.434843569579354323e+02
1.370457026021065587e+02
1.433779223261756215e+02
1.530684325461066351e+02
1.471714969455462665e+02
1.501315723010946215e+02
1.560428319520616469e+02
1.524288898454677792e+02
1.638207599059437882e+02
1.752294721260499557e+02
1.700293642013090221e+02
1.757315401478430772e+02
1.847861631919001582e+02
1.816572377120696444e+02
1.920404595023006777e+02
2.032762935711205046e+02
1.968649151463568217e+02
2.036091501514156903e+02
2.171920521666287414e+02
2.150398727921850366e+02
2.239025295718338384e+02
2.385483592041131828e+02
2.367183013162027692e+02
2.446845611911428477e+02
2.592580455668827994e+02
2.596464998247945459e+02
2.727632110826667713e+02
2.905434835819251589e+02
2.877684804668116954e+02
2.982148818465041131e+02
3.196465820644227165e+02
3.181391285999344518e+02
3.282071802637906899e+02
3.567800231632707550e+02
3.600006636236342956e+02
3.625481825564530709e+02
3.871957079901667953e+02
3.981764955736444449e+02
4.085903863597288250e+02
4.352006053541797428e+02
4.478035544122405440e+02
4.630585452474230124e+02
4.982956875617329047e+02
5.193851132945366089e+02
5.366741958946886371e+02
5.687562808862934389e+02
5.909963497687126619e+02
6.223005825774598634e+02
6.745992220934014085e+02
7.021516815144444763e+02
7.205498468700388912e+02
7.697116665617346598e+02
8.158827001352015031e+02
8.564483549554095134e+02
9.184261712338986854e+02
9.763878343559816813e+02
1.036704808103287860e+03
1.123005210557274040e+03
1.209488878438345409e+03
1.318689158100198028e+03
1.472236824155387467e+03
1.617163865789814508e+03
1.783282646771701366e+03
2.028458906398459703e+03
2.303052194338433310e+03
2.642070328511059870e+03
3.124025787718926949e+03
3.704910020472778342e+03
4.518140914233918920e+03
5.737303613570070411e+03
6.940214637750550537e+03
7.397833765303833388e+03
6.812712166453531609e+03
5.589718454210294112e+03
4.468555604048023270e+03
3.754698007730706195e+03
3.206322676647451317e+03
2.730899971861158974e+03
2.405044644909093222e+03
2.159856132173381866e+03
1.936907687940605229e+03
1.759841051015430821e+03
1.614200137001762641e+03
1.492119553386622101e+03
1.395552142336686529e+03
1.300544257011544687e+03
1.217094690880778671e+03
1.154968559277057921e+03
1.089973969745598652e+03
1.033771777358235568e+03
9.961801484192657199e+02
9.499187443720417150e+02
9.060006462236043490e+02
8.789024969607270350e+02
8.414597615808162345e+02
8.011038418765582492e+02
7.793365729337447192e+02
7.554266202295133326e+02
7.278621104220043208e+02
7.093749021655804654e+02
6.846401184863830167e+02
6.599806905714934828e+02
6.489293720415050757e+02
6.308407445070461108e+02
6.082217823312197424e+02
5.980761394911121442e+02
5.836455318834641730e+02
5.656122614141447684e+02
5.585841366812849174e+02
5.443178487232953557e+02
5.239200688553727332e+02
5.182722699445704393e+02
5.107834186870773010e+02
4.950828215465297149e+02
4.896417468088197893e+02
4.826434048016203064e+02
4.676955139904761722e+02
4.620545793348353527e+02
4.557270285782059318e+02
4.418732166801779613e+02
4.377444466689273668e+02
4.346725982574997147e+02
4.230700541542618112e+02
4.178662592962548388e+02
4.135520387488735423e+02
4.024692653638636557e+02
3.985031425765956783e+02
3.951398544787792844e+02
3.841293858393214009e+02
3.806636087318692603e+02
3.794053858285138290e+02
3.695899532683645816e+02
3.652423549936848417e+02
3.638115683496131396e+02
3.550711937564387313e+02
3.516144932302447614e+02
3.506955292744309531e+02
3.418116873120302444e+02
3.381270792739926492e+02
3.380912579205820521e+02
3.298682143295670244e+02
3.259493723061790433e+02
3.263490134122146742e+02
3.187386716599316969e+02
3.148400205239516936e+02
3.156440938612603873e+02
3.082426831162099461e+02
3.041175143151209568e+02
3.056025013508762527e+02
2.986983930392589741e+02
2.942854100943127378e+02
2.966196488542557859e+02
2.906259784209282202e+02
2.856075788367454606e+02
2.879544811181765454e+02
2.827807603138159038e+02
2.778000956089192073e+02
2.803031371114280432e+02
2.750663611538021769e+02
2.691157514444909680e+02
2.722159487817771151e+02
2.683900541384335838e+02
2.617839078704897702e+02
2.644833160906181320e+02
2.621206200251746168e+02
2.558978607169752308e+02
2.577083574338273024e+02
2.549189768478773885e+02
2.483637673418172369e+02
2.508440559428259746e+02
2.495519253452691260e+02
2.428491905640124742e+02
2.444807342935075383e+02
2.436556346917785163e+02
2.372560470509581023e+02
2.388734460681216660e+02
2.385348139179381235e+02
2.317256552845156818e+02
2.327565144147519902e+02
2.332259631847429660e+02
2.268252889878042140e+02
2.275237478733021135e+02
2.284215718155463435e+02
2.220625842933388014e+02
2.222978451613979303e+02
2.237001664451032639e+02
2.175637617592424249e+02
2.174160248938701443e+02
2.193715362974728578e+02
2.135544695904609966e+02
2.129075594487103729e+02
2.151159767635078026e+02
2.094054107173994907e+02
2.082619486919602139e+02
2.110107028073701372e+02
2.057094453633841908e+02
2.039176314131261165e+02
2.069620103481108231e+02
2.022373141086797546e+02
1.999028258305189638e+02
2.029981676590160760e+02
1.987878754766393570e+02
1.960484080641841729e+02
1.991406704165138422e+02
1.954008475444258011e+02
1.924258357927663496e+02
1.956279430074069126e+02
1.922520344530021532e+02
1.888129047816665036e+02
1.920409957149095135e+02
1.891951351720391870e+02
1.854471481239821458e+02
1.886712892769272116e+02
1.862992060892335076e+02
1.821800344850905162e+02
1.853964956682822844e+02
1.836569181157140065e+02
1.791554414593313993e+02
1.820512352234829905e+02
1.808760778005052146e+02
1.762671466359173849e+02
1.789628440953833319e+02
1.782564406608410366e+02
1.734611931173912751e+02
1.759666283301422709e+02
1.758140478847052179e+02
1.708359419829318142e+02
1.730562781979695899e+02
1.735214339084446635e+02
1.683736112869402177e+02
1.699821736856660834e+02
1.709355118765893735e+02
1.659682404369690403e+02
1.672069797172098333e+02
1.685493654637482450e+02
1.636759891492982888e+02
1.645197310905631696e+02
1.662126441852466030e+02
1.614196446624988539e+02
1.618660947038386553e+02
1.639653509843178938e+02
1.593408902180142377e+02
1.593595108788245227e+02
1.618365127631508926e+02
1.574202013645517582e+02
1.568920582842849569e+02
1.596010539298891047e+02
1.554690493603942798e+02
1.544999034447914994e+02
1.574528314611303870e+02
1.536566097091447887e+02
1.522326768480561157e+02
1.553421773242728818e+02
1.518917586453104036e+02
1.500120930029127635e+02
1.532199951739210064e+02
1.501606580042924008e+02
1.478799155247318140e+02
1.511702610433734719e+02
1.485364486073659975e+02
1.458207107051721891e+02
1.490694193977972475e+02
1.469050086270781605e+02
1.438796502901762722e+02
1.470643247469544406e+02
1.453356336164695222e+02
1.420049958342022194e+02
1.451006389217869810e+02
1.438297364386990864e+02
1.401866464028644543e+02
1.431073839662205387e+02
1.423327769705824437e+02
1.384687499198874718e+02
1.411608502610969538e+02
1.408559702423121678e+02
1.368147359922240014e+02
1.392467700010286933e+02
1.394250002088176643e+02
1.352693241456711064e+02
1.373864097852685973e+02
1.380198727082230050e+02
1.337922098267578974e+02
1.355229281131665005e+02
1.365712546266290133e+02
1.323800411546151565e+02
1.337582926776386500e+02
1.351638191447913186e+02
1.309884654535539141e+02
1.319958545699556396e+02
1.337915904382668089e+02
1.297021469829473972e+02
1.302809596518729052e+02
1.324087657796268331e+02
1.284614284997209950e+02
1.285991301560249838e+02
1.310135151887456857e+02
1.272573404207270045e+02
1.269479862291192660e+02
1.296131095800147932e+02
1.261169334424021855e+02
1.253672864291329319e+02
1.282147959893890459e+02
1.250166990085084393e+02
1.238540071448686177e+02
1.268275674099850931e+02
1.239294627915659959e+02
1.223564619928783230e+02
1.254418995366526559e+02
1.229185060386877240e+02
1.209489465778605535e+02
1.240504770417699518e+02
1.219175492311206028e+02
1.196081793169532830e+02
1.226775102041793986e+02
1.209193714143316356e+02
1.182853084172719917e+02
1.213010714386745406e+02
1.199566788964197883e+02
1.170185154310555333e+02
1.199098372958346346e+02
1.190004962291455541e+02
1.158227447696091303e+02
1.185370781069005517e+02
1.180470378836533172e+02
1.146756939855402635e+02
1.171843704565038706e+02
1.171111888188906676e+02
1.135801470641182220e+02
1.158377861525834618e+02
1.161770472260933502e+02
1.125336247847536839e+02
1.144989937451104538e+02
1.152418155103270578e+02
1.115468129908459503e+02
1.131880565185796854e+02
1.143050354345507031e+02
1.106006097158575869e+02
1.118888905242353928e+02
1.133573250656950506e+02
1.096976048271734783e+02
1.106157109115624877e+02
1.124090797737340921e+02
1.088428214698971743e+02
1.093660724069653298e+02
1.114400794724129469e+02
1.080193166498793857e+02
1.081556399140380051e+02
1.104769147322120801e+02
1.072329285094508009e+02
1.069663262824588372e+02
1.094949755974237036e+02
1.064768045180257161e+02
1.058141701294591144e+02
1.085061051133305909e+02
1.057508344411614303e+02
1.046965177560155809e+02
1.074980389396508684e+02
1.050406085446071955e+02
1.036228039560184300e+02
1.064931841818610536e+02
1.043556856921144202e+02
1.025858969743120355e+02
1.054747413774222338e+02
1.036835709449553065e+02
1.015924760459428029e+02
1.044545602544852301e+02
1.030257686405329594e+02
1.006367219128488699e+02
1.034189096770449083e+02
1.023686342157942164e+02
9.972823780282138273e+01
1.023900975600358265e+02
1.017180827628198472e+02
9.885653740057836103e+01
1.013571357095619163e+02
1.010709498206071970e+02
9.802923807023123004e+01
1.003240773378244910e+02
1.004201683082387149e+02
9.724470136163638756e+01
9.929568233043701753e+01
9.976215971301149921e+01
9.649979141744306332e+01
9.827815003770746216e+01
9.910018209821622293e+01
9.578937739971253507e+01
9.725788909008274175e+01
9.841603849491342260e+01
9.511292037137751265e+01
9.625814595204076340e+01
9.773033631682307032e+01
9.447798388437792028e+01
9.527802342275951730e+01
9.703238273410924819e+01
9.387417109739536158e+01
9.431896768013197629e+01
9.632462454305569111e+01
9.329912441261130596e+01
9.337548948712593244e+01
9.559566916233856659e+01
9.274781391600225788e+01
9.245998367673688279e+01
9.485656748228696244e+01
9.222034891036224735e+01
9.156973569416369685e+01
9.410043887777737837e+01
9.171003947845159132e+01
9.070902130205831781e+01
9.333179930072567743e+01
9.121523965452840343e+01
8.987857993062144146e+01
9.254976733905235164e+01
9.073177522812635232e+01
8.908070405447246287e+01
9.175710036906113487e+01
9.025699551971051449e+01
8.831535451356199928e+01
9.095379277121921291e+01
8.978845539749111992e+01
8.758620112961187942e+01
9.014283795626113260e+01
8.932090477832187503e+01
8.689009953523549257e+01
8.932430191779997131e+01
8.885241892198222047e+01
8.623017041218396628e+01
8.850232787118059719e+01
8.837946840753760114e+01
8.560423890450256579e+01
8.767864377035814982e+01
8.790000545669181520e+01
8.501246118413747865e+01
8.685681611769449262e+01
8.741260601834551380e+01
8.445345199492088284e+01
8.603778585330240958e+01
8.691371232775721012e+01
8.392616367413367584e+01
8.522632000823107035e+01
8.640332175295118589e+01
8.342878345307975962e+01
8.442346427579934698e+01
8.587804553330801127e+01
8.295859436601067216e+01
8.363306496671334855e+01
8.533820432258097810e+01
8.251393617892901489e+01
8.285812257987203111e+01
8.478317995862924761e+01
8.209158508456947345e+01
8.209984908699409800e+01
8.421147892032368532e+01
8.168880878033469628e+01
8.136173416947366377e+01
8.362409015036455173e+01
8.130331056383758437e+01
8.064640415787731342e+01
8.302117941347444230e+01
8.093124168389697104e+01
7.995506129881157165e+01
8.240315407798240699e+01
8.056964176785906773e+01
7.928971756328182607e+01
8.177160408806879843e+01
8.021631701464703212e+01
7.865199574682034722e+01
8.112675528190052887e+01
7.986695262555745956e+01
7.804280102879073411e+01
8.047101511214779634e+01
7.951962408990571873e+01
7.746317315896268951e+01
7.980560640457181876e+01
7.917095588798855488e+01
7.691369110091824268e+01
7.913302086186249085e+01
7.881833073251756616e+01
7.639403221541333266e+01
7.845543176310847855e+01
7.845979430109510133e+01
7.590427350761802927e+01
7.777500750120076134e+01
7.809266007945814181e+01
7.544339732501899221e+01
7.709400702717164222e+01
7.771479905747149530e+01
7.501052796701590353e+01
7.641552476031715457e+01
7.732498321957811527e+01
7.460428352574257360e+01
7.574174863145620407e+01
7.692140882297593407e+01
7.422278466894604776e+01
7.507515779430625003e+01
7.650308053109196749e+01
7.386470688287505482e+01
7.441886941497469365e+01
7.606895366795802715e+01
7.352724824876764842e+01
7.377517869742715106e+01
7.561861842932189859e+01
7.320809478469546150e+01
7.314662536615041688e+01
7.515208423246218672e+01
7.290472869395577504e+01
7.253532467518782312e+01
7.466946833557904029e+01
7.261476803913984668e+01
7.194360759329285315e+01
7.417103254538149315e+01
7.233503856168850632e+01
7.137316996922768908e+01
7.365776876669912099e+01
7.206307151557452073e+01
7.082549937473632440e+01
7.313032698306463431e+01
7.179615399246279139e+01
7.030248124499443918e+01
7.259027781212439834e+01
7.153127007666668646e+01
6.980476340580747774e+01
7.203914088644646085e+01
7.126592018657319727e+01
6.933299150774752206e+01
7.147855610447702190e+01
7.099767420915384264e+01
6.888772949942075741e+01
7.091060858161498004e+01
7.072410275649700395e+01
6.846818108687708104e+01
7.033541394306156747e+01
7.044055684797039874e+01
6.807308615896310755e+01
6.975740456005344470e+01
7.014936569165138280e+01
6.770546372223253684e+01
6.917980863808732295e+01
6.984728278725931716e+01
6.736205229281628704e+01
6.860357217103855021e+01
6.953239519125378365e+01
6.704157775430002175e+01
6.803103955165103400e+01
6.920325973710700396e+01
6.674239263557028323e+01
6.746479929891030736e+01
6.885920256702898712e+01
6.646303433619142709e+01
6.690741279859035728e+01
6.849924581724027917e+01
6.620111176126083308e+01
6.636144320266585339e+01
6.812346465833813625e+01
6.595451487524422873e+01
6.582904444121287213e+01
6.773177517845675766e+01
6.572080629024632970e+01
6.531227173090310600e+01
6.732464029191460497e+01
6.549745715343816244e+01
6.481170211304055329e+01
6.690059829400993863e+01
6.528123640610313316e+01
6.433079996548349300e+01
6.646358020156944235e+01
6.507200860336232040e+01
6.387091509408224255e+01
6.601266652125852374e+01
6.486557436718143776e+01
6.343287149978868911e+01
6.554919839672434989e+01
6.465937578162925092e+01
6.301767547968260175e+01
6.507493657610179127e+01
6.445102734499596409e+01
6.262573651862316382e+01
6.459153589550065533e+01
6.423821355614546746e+01
6.225715404241415030e+01
6.410090319108178392e+01
6.401906127171393734e+01
6.191188373540821743e+01
6.360489158655285280e+01
6.379169847513347946e+01
6.158967638784650234e+01
6.310552054017378509e+01
6.355434215243661811e+01
6.129004492087798894e+01
6.260504347069204556e+01
6.330523027155984295e+01
6.101188214193772552e+01
6.210588265129895547e+01
6.304320570819670877e+01
6.075392900665111284e+01
6.161037422782254680e+01
6.276728999443335510e+01
6.051461774853049036e+01
6.112074516979401295e+01
6.247675515477477148e+01
6.029222463771364460e+01
6.063914444858782815e+01
6.217109275188852280e+01
6.008495392958710113e+01
6.016775127617289343e+01
6.184996461914797550e+01
5.989074164944710787e+01
5.970868485808463788e+01
6.151332476778507186e+01
5.970732067024815137e+01
5.926393111033932115e+01
6.116149229590073588e+01
5.953231084232900372e+01
5.883517625888593017e+01
6.079506028481610969e+01
5.936337706539891457e+01
5.842385538106442766e+01
6.041479964425626292e+01
5.919826384177185474e+01
5.803128136056679409e+01
6.002166335403966713e+01
5.903463012946652100e+01
5.765846470348726172e+01
5.961680846615756479e+01
5.887024310620330425e+01
5.730629575327549219e+01
5.920167213835745201e+01
5.870285032751475995e+01
5.697525630341089453e+01
