2.666852201454273654e+02
2.535268343306397583e+02
2.170027757908300430e+02
2.699361725947684363e+02
2.625153691766062707e+02
2.207123688583227192e+02
2.729432912348844411e+02
2.717149147654432682e+02
2.252646294927387771e+02
2.758177948069151171e+02
2.809980882501367887e+02
2.305436698058997251e+02
2.786505885483407496e+02
2.905056748896827230e+02
2.366038607781782162e+02
2.813185461127804956e+02
3.001082445428462506e+02
2.435237409275686673e+02
2.840170862180369795e+02
3.100307392110284468e+02
2.515440075914315798e+02
2.866064906905887710e+02
3.198268585143430869e+02
2.603565129885075748e+02
2.892547390863816190e+02
3.298413837400447051e+02
2.704491103117150601e+02
2.921238962918922084e+02
3.396912163618155773e+02
2.812800456445657460e+02
2.953066888684519427e+02
3.497515244657571998e+02
2.931509518284306068e+02
2.988365438691280360e+02
3.599428366865888052e+02
3.059708634934821703e+02
3.024939519588409098e+02
3.700578378793845786e+02
3.201169568825116016e+02
3.071998859391917449e+02
3.803650361517269403e+02
3.350698452004203318e+02
3.123767458186196109e+02
3.907523673783932168e+02
3.509968449716300256e+02
3.180361288912157534e+02
4.011707241608674508e+02
3.684874494668005127e+02
3.252437104205460514e+02
4.117197911308719540e+02
3.870831472866544800e+02
3.341967951836920179e+02
4.228368349380874065e+02
4.065011907791485442e+02
3.435696021005692273e+02
4.337509753449571122e+02
4.272705636247470693e+02
3.546688222430707356e+02
4.447348203688445665e+02
4.494263453424733825e+02
3.686485414339680347e+02
4.568474593164939392e+02
4.727742666179059938e+02
3.841747823531350718e+02
4.698992650940304543e+02
4.985794977521977671e+02
4.023604500160905104e+02
4.826332546798860221e+02
5.249305316669683634e+02
4.230813558802140051e+02
4.971195380853769734e+02
5.541657933745790388e+02
4.478426256139796919e+02
5.131674821294723188e+02
5.852544078240680392e+02
4.747528115803972923e+02
5.290087353282326603e+02
6.183162144307954122e+02
5.082287902846081238e+02
5.510119411617148444e+02
6.563569187258019610e+02
5.446741767968163686e+02
5.715037464347262812e+02
6.947487980087807955e+02
5.853412241213582092e+02
5.967226489553513602e+02
7.391363677077104057e+02
6.332402687439165447e+02
6.260470976113464303e+02
7.888990165801910734e+02
6.888745096726132715e+02
6.601098503564362545e+02
8.451559656943260279e+02
7.549504735385328331e+02
7.007861021074270411e+02
9.068748562827560136e+02
8.297420304992867841e+02
7.513670579974661905e+02
9.820242359773856151e+02
9.211173970203344652e+02
8.116889569328876632e+02
1.067119351074314636e+03
1.029194564572717354e+03
8.898471774745862604e+02
1.173243704318744449e+03
1.163440392704608712e+03
9.904359843703451816e+02
1.308926712848769739e+03
1.338210939664355010e+03
1.119036673413238532e+03
1.469511044617914649e+03
1.553103793209571450e+03
1.290676786025302135e+03
1.686360825673561749e+03
1.846255682830992782e+03
1.536784169356487382e+03
1.996705594151650303e+03
2.273358301649269833e+03
1.915155348914021943e+03
2.475084418585257481e+03
2.945720189462604139e+03
2.540137092946720259e+03
3.287441222728278262e+03
4.142755740786394199e+03
3.715434665869432138e+03
4.911524747287489845e+03
6.851372107769474496e+03
6.910507741413519398e+03
1.025178522619630712e+04
1.820727234424025664e+04
2.392928927653985374e+04
2.325406226672197590e+04
1.663643529724636392e+04
8.983786074663497857e+03
6.788796135244557263e+03
6.540586261782755173e+03
4.426869875423069061e+03
3.690372460423885514e+03
3.970684090906171605e+03
2.930756678049897801e+03
2.493654166446648105e+03
2.833848058339253839e+03
2.187924984659126039e+03
1.835359119580907645e+03
2.182266464394977902e+03
1.763868955656222852e+03
1.447692994392107948e+03
1.761895276093034227e+03
1.481510322580053298e+03
1.194297349176246371e+03
1.472661831563571923e+03
1.279092738865466572e+03
1.002217843765713042e+03
1.242295411630488388e+03
1.113242401996738636e+03
8.666120184133619659e+02
1.087304118200402627e+03
1.001740979953533383e+03
7.550485525135628677e+02
9.474288363354172589e+02
9.057546075795706884e+02
6.747055800706689297e+02
8.371910441133891254e+02
8.249452850052558688e+02
6.082127367813591263e+02
7.457964313850457074e+02
7.578040238117328045e+02
5.531516661664765024e+02
6.639605480940188045e+02
6.947584315655558385e+02
5.055269978260809580e+02
5.980496144347749805e+02
6.470238838980174023e+02
4.730789000256306167e+02
5.410893449861699764e+02
6.004488899296120508e+02
4.398482504977006897e+02
4.889326251393702591e+02
5.583644603218598377e+02
4.112535519419819252e+02
4.435330159085109472e+02
5.211854731175891402e+02
3.855555953604284696e+02
4.029972025681601053e+02
4.924594239193713179e+02
3.721531357407366158e+02
3.661008304678728678e+02
4.588527741741684167e+02
3.539400160578799728e+02
3.312380457238807026e+02
4.270367348205687108e+02
3.394439156354668512e+02
3.052567071512972348e+02
3.997431524324490510e+02
3.248785310912456339e+02
2.792105523383659715e+02
3.730880970521817517e+02
3.126772030644030451e+02
2.594701392309552261e+02
3.488807619816529950e+02
2.984506744564445739e+02
2.390506958031201066e+02
3.269800782858301886e+02
2.864933323631171902e+02
2.192744006002711785e+02
3.050216075792992001e+02
2.760742497141700369e+02
2.031684344218062392e+02
2.829467012430266664e+02
2.636520626202898256e+02
1.904133636877550657e+02
2.673891687970995008e+02
2.566451918614366718e+02
1.786144341977471299e+02
2.481093809533323054e+02
2.444589051320292867e+02
1.633817493135084931e+02
2.313321310834260487e+02
2.395942013258078589e+02
1.581459042550418133e+02
2.132890544120247398e+02
2.291188019521436559e+02
1.523509469839085284e+02
1.983293773874607666e+02
2.172129908698474310e+02
1.415008437798213663e+02
1.851344657118144710e+02
2.113571195827921372e+02
1.375161781342175971e+02
1.721129901997404374e+02
2.039731508341121184e+02
1.320148556489466216e+02
1.564722595728235888e+02
1.950453668279413364e+02
1.315428638395490850e+02
1.482040066897985184e+02
1.877801948573684854e+02
1.251442821143654953e+02
1.331654450251157868e+02
1.803997367406486489e+02
1.275680812310488932e+02
1.212084741606067553e+02
1.635633196893147385e+02
1.148802910272479068e+02
1.136980888384603787e+02
1.604840708748492375e+02
1.154598126937580957e+02
1.058384584359123579e+02
1.522569487843202864e+02
1.112971706859141676e+02
1.012452378964842836e+02
1.497627554327025905e+02
1.095768515676231090e+02
8.789168478714417176e+01
1.411474132688232714e+02
1.095367611828815342e+02
8.282055322373258832e+01
1.340338582381894810e+02
1.077573352732775334e+02
7.890843296834023590e+01
1.285878375050212412e+02
1.062629221397956769e+02
7.389656117456756590e+01
1.215261877309922056e+02
1.023219859949036135e+02
6.866283209131826482e+01
1.161637966369627009e+02
9.937890056569743535e+01
6.282459067525531538e+01
1.113660665240104493e+02
9.897210241860199176e+01
6.243469645805225099e+01
1.085785748998501532e+02
9.705389197291874837e+01
5.474452414148490931e+01
1.040021102739469825e+02
9.896567443258857111e+01
5.510678413763856298e+01
9.886472426844771633e+01
9.821811556848693670e+01
5.609610715489836963e+01
9.290065220989568218e+01
9.162249231208993194e+01
5.050443810798103073e+01
9.295732426298698670e+01
9.519975744547963359e+01
4.955837421670093335e+01
8.508506147720481749e+01
8.974476693439642361e+01
4.803533042888717830e+01
8.586433124931362215e+01
9.148349067861671813e+01
4.666836052227069587e+01
8.426920333763379745e+01
9.412260763651839568e+01
4.660716721212548208e+01
7.865342990612289498e+01
9.439728243804779595e+01
5.184100464587901769e+01
7.411336845427902631e+01
8.999336198166498946e+01
5.233914657464544007e+01
7.521338325657191604e+01
8.965574027264833035e+01
4.826024607019513013e+01
7.165239388187107750e+01
9.070794777974077761e+01
5.276328884175031675e+01
7.186151258961785970e+01
9.159649443566401317e+01
5.433798201549259232e+01
7.024568478549738870e+01
9.189140425576484006e+01
5.770692980046160869e+01
7.299080068847858627e+01
9.569534986605167148e+01
5.958795371980837530e+01
6.619383073235249526e+01
9.137653443264477460e+01
5.894533355385306095e+01
6.607653232316185665e+01
9.200323664438244009e+01
6.044285964936170785e+01
6.623334336709066861e+01
9.403126832850549022e+01
6.443477079768710780e+01
6.732309485582203479e+01
9.619764012343476622e+01
6.993477750877208621e+01
7.236779247924349079e+01
1.005274016007754199e+02
7.235864638548299865e+01
7.007187873367011832e+01
1.021939126455165052e+02
7.596182219288266424e+01
6.557530774641961102e+01
9.932622538661335909e+01
7.915447367236879472e+01
7.251264303488454743e+01
1.061665185073682665e+02
8.710259159879963420e+01
7.246712265949749110e+01
1.025463973437639709e+02
8.544876691209894659e+01
7.598937936945257832e+01
1.088684745294598173e+02
9.263478230763726629e+01
8.241062500846270211e+01
1.174490239334986939e+02
1.008080232345274538e+02
7.672215021923298650e+01
1.117647348941849117e+02
1.045924851300533334e+02
8.893314207997313758e+01
1.221827826718834444e+02
1.144060521708714049e+02
9.243931513636917430e+01
1.230200345592295577e+02
1.196651644745952012e+02
9.942087916277139925e+01
1.271452174984138708e+02
1.256236844455119694e+02
1.083589104026979584e+02
1.347013423423012171e+02
1.331860827629644746e+02
1.194041369119480436e+02
1.486655211096214941e+02
1.466572758524582127e+02
1.279375615318379857e+02
1.569050405151200493e+02
1.581944380293887207e+02
1.396851041058787359e+02
1.693711454109322005e+02
1.720598066545987592e+02
1.475790967987490774e+02
1.753690434444066000e+02
1.849399533795060506e+02
1.639538376055456013e+02
1.906146622401982711e+02
2.046569639709252897e+02
1.866466071236183097e+02
2.090381263002831531e+02
2.220121789708850883e+02
2.036857541059129346e+02
2.254510269028566256e+02
2.423832642959805810e+02
2.306866030701118575e+02
2.561471714599948655e+02
2.723885150455671464e+02
2.551069256225671893e+02
2.785128939325503552e+02
3.002476024682484308e+02
2.887699310847204970e+02
3.200655008040435519e+02
3.499612908748154609e+02
3.326577804165278849e+02
3.492461233044219853e+02
3.822867239475372685e+02
3.796470374318991503e+02
4.079746895573115353e+02
4.466190716835941998e+02
4.461512650705388978e+02
4.807215172290943883e+02
5.340585372602558891e+02
5.402489321004858311e+02
5.683117157876574765e+02
6.251466265629543386e+02
6.452487730679199558e+02
6.914565636802399240e+02
7.773821219648892793e+02
8.278233268486817451e+02
8.862839243182177142e+02
9.779248727013350617e+02
1.045967868450863989e+03
1.144553108223932441e+03
1.306801772889307358e+03
1.454257035846311283e+03
1.617528455721716455e+03
1.853479438314454910e+03
2.101113223201530673e+03
2.360057788495988461e+03
2.663044788671844799e+03
2.905329269577254308e+03
2.995156137817749823e+03
2.973365825317833696e+03
2.862431640077933935e+03
2.635630561858760757e+03
2.364790323687031105e+03
2.140820709319103571e+03
1.928677406703406405e+03
1.724501491030126090e+03
1.588702753514146025e+03
1.470849273515509594e+03
1.336872007357333587e+03
1.247946430273223996e+03
1.168395466020982212e+03
1.061175701475207461e+03
1.004552189382749361e+03
9.729577642616120556e+02
8.969546051089131424e+02
8.463119165205899890e+02
8.307596908396344588e+02
7.796275819653995995e+02
7.385800777989816197e+02
7.262700929762088435e+02
6.837017686095705358e+02
6.500365275269938365e+02
6.448071427686057859e+02
6.104162859400646539e+02
5.835248031032595009e+02
5.860452127030667953e+02
5.571979823079625476e+02
5.310089796908807784e+02
5.381340139128300279e+02
5.156172864148577446e+02
4.900219228310246535e+02
4.990887032505096954e+02
4.795761494994342797e+02
4.507679843630782557e+02
4.612487791420667236e+02
4.501150428600412283e+02
4.236736614259698968e+02
4.332290511786476941e+02
4.252645784443634511e+02
3.987612758554805623e+02
4.068062375061222156e+02
4.019104694612171897e+02
3.765946672039392524e+02
3.838082942826056296e+02
3.809195266891145479e+02
3.568594484414966814e+02
3.657844139375844179e+02
3.660267679786593362e+02
3.396971136785942917e+02
3.454974316232449496e+02
3.489677268894678264e+02
3.241825661524990210e+02
3.295853453706618552e+02
3.369104167869954836e+02
3.126204492465097360e+02
3.135452707589496413e+02
3.222004121099124063e+02
3.011745245179477593e+02
3.017557189054102196e+02
3.109587422081167460e+02
2.900971057268213258e+02
2.899390173936532733e+02
3.017560063346969059e+02
2.815358290154224505e+02
2.785142410912922628e+02
2.922028169977708671e+02
2.738392828567025958e+02
2.677876615122294766e+02
2.820618927324959486e+02
2.662339025130875143e+02
2.589973607396298121e+02
2.737985944216218854e+02
2.591723908875206348e+02
2.494771865256165029e+02
2.647825396534746005e+02
2.524770593082796495e+02
2.413570540269368223e+02
2.572480646670006763e+02
2.472275387265441395e+02
2.338801612708997197e+02
2.490969390771676046e+02
2.416700703023040830e+02
2.276055067932584848e+02
2.423338241352244040e+02
2.368493985344703958e+02
2.215413959475208969e+02
2.352642108950628312e+02
2.316242605094900000e+02
2.158989665026932414e+02
2.294710696042353106e+02
2.275921834418940932e+02
2.103680999238114850e+02
2.231835009283620082e+02
2.238090113247470470e+02
2.054013943874076347e+02
2.164065273694394023e+02
2.195584232939274898e+02
2.011917552298854730e+02
2.103791712323370859e+02
2.155561984835578073e+02
1.976864541514121640e+02
2.051673998583241030e+02
2.116248645662967931e+02
1.936836630302815081e+02
1.995404259996977885e+02
2.077487263429730149e+02
1.901002690524467198e+02
1.941188719546725281e+02
2.042235581671885996e+02
1.875281294922889685e+02
1.893081795891432932e+02
2.004300153513597991e+02
1.847728340243822629e+02
1.847678139731429496e+02
1.967952236279440115e+02
1.820361002129352812e+02
1.802238709985323055e+02
1.932603113137944604e+02
1.796820849092771653e+02
1.759791830947282278e+02
1.897542124562786228e+02
1.774398454897175554e+02
1.718509060135454831e+02
1.863574867968643218e+02
1.756537086170505404e+02
1.679990514312383993e+02
1.826738769568073337e+02
1.738485735203944387e+02
1.645635799167735058e+02
1.789996599895158624e+02
1.718590825136205922e+02
1.612702247735339824e+02
1.756716384350698377e+02
1.704251351513785266e+02
1.584036722855992991e+02
1.721355705062725576e+02
1.687425368849123686e+02
1.557451937519570038e+02
1.687466699284981360e+02
1.670244286712757571e+02
1.529792463397074300e+02
1.651054129662778962e+02
1.652875327306096551e+02
1.506238100302500982e+02
1.617098358897697494e+02
1.636796768375316162e+02
1.485222907844925544e+02
1.583732009850245959e+02
1.621141436634941613e+02
1.466847684462233588e+02
1.550734262576334004e+02
1.604626034055253285e+02
1.449358962329387168e+02
1.516759621725991849e+02
1.586970984230657962e+02
1.435162553649618928e+02
1.485395974237946746e+02
1.568976306691621687e+02
1.421883961810297876e+02
1.454569518117348537e+02
1.549659125027069706e+02
1.408968210802386238e+02
1.425593811034568432e+02
1.532287985248640041e+02
1.398889601578131874e+02
1.396757894811825338e+02
1.513280665040433348e+02
1.390348363503871951e+02
1.369535174394454771e+02
1.492984604188580136e+02
1.382662862436414741e+02
1.344964362789514212e+02
1.472337372634101484e+02
1.373978668371452159e+02
1.320471698029850813e+02
1.451833427560169127e+02
1.367143213595170721e+02
1.297491336831923832e+02
1.430200202523601831e+02
1.360688476613543116e+02
1.276310613334626964e+02
1.407765948385647334e+02
1.354148422046767735e+02
1.257013564099166842e+02
1.385143027576087320e+02
1.347646928858670776e+02
1.239342330022505649e+02
1.362050128733519045e+02
1.340893350229964369e+02
1.223586356120934084e+02
1.339166257580891681e+02
1.334077947543606228e+02
1.209218998818356994e+02
1.315651399608553902e+02
1.326432597190703007e+02
1.196354314691303955e+02
1.292398872538169883e+02
1.318539020663619965e+02
1.184973890754286430e+02
1.269329195754136350e+02
1.310428207012899406e+02
1.174950668958712328e+02
1.245693786621572485e+02
1.301134043658578889e+02
1.166509344054652928e+02
1.223023252319739100e+02
1.291743566636783953e+02
1.159599867178335302e+02
1.200461111656743327e+02
1.281058549108581417e+02
1.153640692164731973e+02
1.178755857174626414e+02
1.269807438018371641e+02
1.148665316469512589e+02
1.157820176726774690e+02
1.257975816446898136e+02
1.144627806107223051e+02
1.137557650557943560e+02
1.245198176526080402e+02
1.141196094248129640e+02
1.118131724257802944e+02
1.231594353034273723e+02
1.138448621111842556e+02
1.099964344775665523e+02
1.217242822951798189e+02
1.135922539467871246e+02
1.082814335134300876e+02
1.202127756962781149e+02
1.133592658136252282e+02
1.066896383904117016e+02
1.186374351558860099e+02
1.131336285205265995e+02
1.052275268432829165e+02
1.170076542162222779e+02
1.129044189739118451e+02
1.038967410632116497e+02
1.153302597887118282e+02
1.126663930537534100e+02
1.027049174712997086e+02
1.136082923862766734e+02
1.124035378827083633e+02
1.016482252278268419e+02
1.118248834682897410e+02
1.120653770082576557e+02
1.007238555159919144e+02
1.100523488787920456e+02
1.117167704779360662e+02
9.994616511845397611e+01
1.082516140859815579e+02
1.112870962884099981e+02
9.927808991129451499e+01
1.064380946362188780e+02
1.107802249537252237e+02
9.872399288721065602e+01
1.046498339243904496e+02
1.102268623279468045e+02
9.829337985764634311e+01
1.028816794055840660e+02
1.095976855189334742e+02
9.796226883253801532e+01
1.011356221130648265e+02
1.088759225263419950e+02
9.772116247031202363e+01
9.944962910547633328e+01
1.080733857970933371e+02
9.753792103248279943e+01
9.781291108718646399e+01
1.071929341899599706e+02
9.741300083125767628e+01
9.623908067942014100e+01
1.062431900334520094e+02
9.736039679659008073e+01
9.475666143667753261e+01
1.052089354346391303e+02
9.733069344171131831e+01
9.335354915709854140e+01
1.040872526454852505e+02
9.731067798120440671e+01
9.205195186861637069e+01
1.029077470370131664e+02
9.731014129510678856e+01
9.086414754749173994e+01
1.016672073463631705e+02
9.730101853235809983e+01
8.977785571083062166e+01
1.003644461316480943e+02
9.728004473344385872e+01
8.881131918681099080e+01
9.900588469632484134e+01
9.722307528627878526e+01
8.795998045305515234e+01
9.760738334662985949e+01
9.712787849450226929e+01
8.722139788043399733e+01
9.617547928589893047e+01
9.699235408059523422e+01
8.660230691755928945e+01
9.471661196642556035e+01
9.679857812288248908e+01
8.609356249010127726e+01
9.324509204980185473e+01
9.654589870198911683e+01
8.568974985834370273e+01
9.176677869793306286e+01
9.622870604317287757e+01
8.539249094988093702e+01
9.029824419253054657e+01
9.583524963646577532e+01
8.517650221637742902e+01
8.884253631155166886e+01
9.536829870681286536e+01
8.504674622979621290e+01
8.742081324933123199e+01
9.482456788423050398e+01
8.498118549938500621e+01
8.603366382146681701e+01
9.420385726048576203e+01
8.498200186072334361e+01
8.470480315187876386e+01
9.350531113651436499e+01
8.502636597481830449e+01
8.343945585170659740e+01
9.273261676452010249e+01
8.510292255151810537e+01
8.224369131602000493e+01
9.188683373454226455e+01
8.520171651902202825e+01
8.112713393413329754e+01
9.096878970966504596e+01
8.530740688919264869e+01
8.009903442484130665e+01
8.999197458302293740e+01
8.541940329611412608e+01
7.916446631861984429e+01
8.894763722017604834e+01
8.551342456417225435e+01
7.832936769579461611e+01
8.785206551148890242e+01
8.558622873098380524e+01
7.759466969685283289e+01
8.670727858129210119e+01
8.562799689970105987e+01
7.696665254759834340e+01
8.552311718031613452e+01
8.562664663875820281e+01
7.644049943390125179e+01
8.430908461075533467e+01
8.557828571290252739e+01
7.601465854555748081e+01
8.307129477624472713e+01
8.547426294705681471e+01
7.568658225464147904e+01
8.182273136617726550e+01
8.531183561530041004e+01
7.545008282815980749e+01
8.056879482707252293e+01
8.508226635958280326e+01
7.529808002366667097e+01
7.932309661626362640e+01
8.478539857635090016e+01
7.522429528093157103e+01
7.809555853246379797e+01
8.441577772998199691e+01
7.521568606436761684e+01
7.689681037543292064e+01
8.397565611214484704e+01
7.526506666679836144e+01
7.573600707132567322e+01
8.346231340144704802e+01
7.536044390468529741e+01
7.462271213255743874e+01
8.287634243120936617e+01
7.549180013407155343e+01
7.356823981936895507e+01
8.222030124582971666e+01
7.564720533613547104e+01
7.257982625269727350e+01
8.149630956862544906e+01
7.581580933791303778e+01
7.166508170964725366e+01
8.070782729104647046e+01
7.598755450566096670e+01
7.083145747242414814e+01
7.985954759490422816e+01
7.615221022954540331e+01
7.008377059278264198e+01
7.895555836186890986e+01
7.629929082611441515e+01
6.942647314163862404e+01
7.800293512464720891e+01
7.642019016501279793e+01
6.886107816210613919e+01
7.700746449726305798e+01
7.650662534312058938e+01
6.838913567345997535e+01
7.597710422570467870e+01
7.655097340408035222e+01
6.800899770590143589e+01
7.491983775888273556e+01
7.654735907168800679e+01
6.771809543262023112e+01
7.384331243041501125e+01
7.648993623973373701e+01
6.751313935945258038e+01
7.275684878408490874e+01
7.637350032380302878e+01
6.738819681952224983e+01
7.167041586499271943e+01
7.619499930538412968e+01
6.733592223303203639e+01
7.059254399112015221e+01
7.595161282105767953e+01
6.734921900654194360e+01
6.953318798308501414e+01
7.564102305011979865e+01
6.741865878774503074e+01
6.850222436114135860e+01
7.526332893232837762e+01
6.753538325072574366e+01
6.750837859759573689e+01
7.481758352079810948e+01
6.768899024114119811e+01
6.656070633104090462e+01
7.430493172114782396e+01
6.786969363346591422e+01
6.566806235192177610e+01
7.372741048804604702e+01
6.806723182365306002e+01
6.483787465326888366e+01
7.308771129087190843e+01
6.827189025885428464e+01
6.407695224444289295e+01
7.238905925153902388e+01
6.847374103292661118e+01
6.339099977650336371e+01
7.163616721319992564e+01
6.866417878766061733e+01
6.278442895736780827e+01
7.083339848421384488e+01
6.883408582852648294e+01
6.226053841672732148e+01
6.998694879889029608e+01
6.897568301905008070e+01
6.182077294581413440e+01
6.910308595068588033e+01
6.908170531677808412e+01
6.146516100659206927e+01
6.818896129366471826e+01
6.914609229546309166e+01
6.119238007936409218e+01
6.725190591032306031e+01
6.916317322707530479e+01
6.099941981348716524e+01
6.629948471695240642e+01
6.912793106376319940e+01
6.088222942076062338e+01
6.534019595862055496e+01
6.903616807824144530e+01
6.083492511734473140e+01
6.438259045005072778e+01
6.888467911776491803e+01
6.085110406461862453e+01
6.343679802768001252e+01
6.867234755549525005e+01
6.092288583797449775e+01
6.251123113720026936e+01
6.839811723341517791e+01
6.104179417197912727e+01
6.161406618462000040e+01
6.806196686057511158e+01
6.119924783872578189e+01
6.075079289200921551e+01
6.765988504901653755e+01
6.138459640959153774e+01
5.993377573253709301e+01
6.719946781021380389e+01
6.159303671387019108e+01
5.916915579499473665e+01
6.667829558639812149e+01
6.181244140525718223e+01
5.846407711053727496e+01
6.609950627106348975e+01
6.203339140561530485e+01
5.782486568352685197e+01
6.546733418451522368e+01
6.224696814521577437e+01
5.725590701497474555e+01
6.478644321070731849e+01
6.244523817192740012e+01
5.676032820206277307e+01
6.406183390467137428e+01
6.262121361533467478e+01
5.634029104156532952e+01
6.329853933951740430e+01
6.276815254383105014e+01
5.599711218202973129e+01
6.250227221549360479e+01
6.287949413569276658e+01
5.573075200869452317e+01
6.167978019815560486e+01
6.294934067249199217e+01
5.553932258038168612e+01
6.083835660829101499e+01
6.297273667879634473e+01
5.541944440782502568e+01
5.998575236274052003e+01
6.294577840772822697e+01
5.536635507285188851e+01
5.912973536860710055e+01
6.286557536439007521e+01
5.537456003791485415e+01
5.827796186666007117e+01
6.272957135267044748e+01
5.543780289531986227e+01
5.743859959218170275e+01
6.253597062595552103e+01
5.554890711922219282e+01
5.661986791634801364e+01
6.228360924344440264e+01
5.569980809444162873e+01
5.583009561011200361e+01
6.197258690655475988e+01
5.588207182124396866e+01
5.507699487173068320e+01
6.160373086795932807e+01
5.608713722292237236e+01
5.436761877291526446e+01
6.117851586656071561e+01
5.630671392388855878e+01
5.370861766238352430e+01
6.069899763065166809e+01
5.653260495944925168e+01
5.310601506091735047e+01
6.016774431456735073e+01
5.675662210205707225e+01
5.256513979010143345e+01
5.958816391624309716e+01
5.697071423883296859e+01
5.209018874529179755e+01
5.896464389118212779e+01
5.716742638002507704e+01
5.168384261278370673e+01
5.830211536073205991e+01
5.734015442892391690e+01
5.134752939654806170e+01
5.760577697366393579e+01
5.748290248348787657e+01
5.108158636397772767e+01
5.688120379298482732e+01
5.759017025194101791e+01
5.088530527011862148e+01
5.613459452661869875e+01
5.765693476305657583e+01
5.075661598878284053e+01
5.537276308353215626e+01
5.767885547324780759e+01
5.069199869543012937e+01
5.460298432114610279e+01
5.765252718275364430e+01
5.068666431987450949e+01
5.383264636425797534e+01
5.757548645396928322e+01
5.073498386832525142e+01
5.306906009778756328e+01
5.744598217005615481e+01
5.083086030936122768e+01
5.231956415310322228e+01
5.726262491952589784e+01
5.096751636216706061e+01
5.159170451681812608e+01
5.702469142922107892e+01
5.113754278486367610e+01
5.089306876634282162e+01
5.673233612707959139e+01
5.133304082198294083e+01
