1.335171777796321066e+02
1.321896157782407499e+02
1.246667803091797850e+02
1.344565679861268279e+02
1.343105408693554352e+02
1.260708550604659166e+02
1.354337648223863084e+02
1.365205819374562566e+02
1.276118418785532782e+02
1.363289378872831321e+02
1.386646127954356587e+02
1.292399892194677022e+02
1.371787946227197210e+02
1.408095226978632866e+02
1.310902568023672075e+02
1.380919985488869486e+02
1.429133180329504285e+02
1.330540680416966950e+02
1.390762707302926060e+02
1.450380552156188116e+02
1.350913291621004646e+02
1.399835665787509242e+02
1.471015834100009556e+02
1.373191753388863958e+02
1.410183260352420689e+02
1.491981043403172578e+02
1.396961730643962483e+02
1.420580746324689301e+02
1.511869276504857282e+02
1.421637552086411915e+02
1.431377120312042450e+02
1.530523972418210121e+02
1.446985184760989114e+02
1.444225682434999385e+02
1.550721366690833065e+02
1.474438649251766833e+02
1.457469345790695172e+02
1.569349363347208168e+02
1.502444705094098367e+02
1.472987574811475895e+02
1.589415301718429134e+02
1.532434016767536491e+02
1.489087082182307142e+02
1.607211213180288496e+02
1.561369617407706301e+02
1.506095655974222325e+02
1.625240803755650347e+02
1.591305416204849337e+02
1.524110279884641272e+02
1.642445514922777647e+02
1.622131249047502592e+02
1.545082977728303604e+02
1.660507391484205186e+02
1.653476129319586505e+02
1.567684986598137016e+02
1.678861863750597934e+02
1.684959423916521359e+02
1.591298544919594917e+02
1.698117028864618021e+02
1.719043815123926890e+02
1.617683152895699266e+02
1.716225159340196740e+02
1.752076125440965768e+02
1.645616944918057243e+02
1.734196266895446001e+02
1.784589917179733334e+02
1.675382686970670818e+02
1.753574440759587958e+02
1.819706423461277325e+02
1.711261678637931141e+02
1.775881266610403486e+02
1.852477454527878820e+02
1.744154031269367238e+02
1.796836971085668324e+02
1.885779967064723337e+02
1.779712180600158149e+02
1.820597192994897853e+02
1.923223756456860656e+02
1.821045307057885054e+02
1.844854347435628767e+02
1.955892525549976995e+02
1.858444598780727972e+02
1.868352929480363969e+02
1.992994253819609014e+02
1.908134251365180774e+02
1.902938456983087292e+02
2.030312377567683484e+02
1.948952140422377113e+02
1.925800186331305497e+02
2.062774337076242830e+02
1.998890647818278694e+02
1.965529346197006646e+02
2.105773714664921386e+02
2.049333467319669637e+02
1.995912807964072044e+02
2.138713828135981885e+02
2.100274023150856806e+02
2.035127415843371921e+02
2.176108822274534873e+02
2.151371898570401129e+02
2.074966365203524390e+02
2.217227140784326593e+02
2.213173930403054044e+02
2.127882986144544475e+02
2.259925858569111767e+02
2.265728537184624258e+02
2.172440141158649851e+02
2.304719792696765523e+02
2.330916789796528121e+02
2.231612100448475928e+02
2.353964252541862834e+02
2.391857178491920308e+02
2.283892221655113133e+02
2.398732388614025695e+02
2.456625367722197097e+02
2.350711966555922174e+02
2.458963032006307401e+02
2.528742115788766966e+02
2.413750338834920512e+02
2.510276299075034672e+02
2.597077554933316037e+02
2.478499471792518705e+02
2.564625235145117585e+02
2.675239181929152892e+02
2.559099170588293646e+02
2.624449275777506614e+02
2.749231500193344573e+02
2.640995961236599214e+02
2.695536576633457457e+02
2.838078726234087981e+02
2.733359383238218356e+02
2.763612456684974745e+02
2.922653740733841232e+02
2.839407346731743473e+02
2.852007242376587328e+02
3.008132529076717105e+02
2.933802522803873103e+02
2.945836483138376138e+02
3.121275474147955720e+02
3.051062464897241284e+02
3.032313179652862232e+02
3.218240389656098728e+02
3.177364484991895779e+02
3.148429980337794518e+02
3.334464695675064263e+02
3.309476445210040652e+02
3.270827297312585529e+02
3.467108318365066566e+02
3.471196272195046504e+02
3.425102553697599888e+02
3.614526792806379945e+02
3.630307264982587867e+02
3.570391034373997172e+02
3.755609271907746347e+02
3.791326072875522186e+02
3.731918780871211538e+02
3.928578116292868572e+02
3.995793950476008831e+02
3.931842787730004147e+02
4.114679562452776054e+02
4.197603057239168720e+02
4.147760566229895289e+02
4.355427507958644355e+02
4.465856660767556150e+02
4.397208799898613165e+02
4.599517955136425371e+02
4.759157955869926582e+02
4.711511566143186087e+02
4.911217692885747397e+02
5.104534144324090903e+02
5.072150143820601329e+02
5.260953851160683143e+02
5.482401298777724605e+02
5.490302911807542614e+02
5.710578635808624313e+02
5.966426425449084263e+02
5.974493060980568089e+02
6.205372779922704467e+02
6.560391143950869264e+02
6.662730509349757995e+02
6.897931524608510472e+02
7.256480044260963496e+02
7.413885541608775611e+02
7.725289111711833812e+02
8.167386142291738906e+02
8.423877247426401027e+02
8.881225082821810020e+02
9.472673766565524147e+02
9.783372950067298461e+02
1.031682417533312218e+03
1.119883594893937925e+03
1.187734012079671402e+03
1.271165782490601487e+03
1.396426044490937556e+03
1.509811330030636555e+03
1.634200043021022111e+03
1.814163098886931266e+03
2.020978660385316289e+03
2.271194772613069745e+03
2.592342797903411338e+03
2.936406094733635655e+03
3.277435416479886044e+03
3.579687631533288823e+03
3.706528783248337731e+03
3.571421503218381076e+03
3.266682369438220121e+03
2.915964144727680832e+03
2.543415255697045723e+03
2.197243321490605467e+03
1.945799160291351200e+03
1.724181155821022230e+03
1.493449290269178391e+03
1.341044855180875629e+03
1.243055085552606670e+03
1.116665525139079591e+03
1.013356403534380320e+03
9.503705583135257484e+02
8.735883720837707642e+02
8.126471161445647340e+02
7.689894806455246226e+02
7.017011848521290176e+02
6.582284266221015514e+02
6.379492256212986376e+02
5.828791013551908691e+02
5.467874947330822124e+02
5.458669258432009883e+02
5.060499512122066790e+02
4.682722127796684504e+02
4.710253276282085153e+02
4.424464051936698752e+02
4.030494249528479145e+02
4.011294305609625326e+02
3.805267986225831010e+02
3.520631100867942109e+02
3.559962798091750074e+02
3.395352218343434743e+02
3.130310921828962023e+02
3.186394535085991606e+02
3.068274314540566934e+02
2.832735895515295965e+02
2.859593301339247660e+02
2.693198704309745608e+02
2.467836707643949978e+02
2.601896523497877070e+02
2.494569814905094631e+02
2.210809603225532385e+02
2.333421080007450996e+02
2.304933202505917507e+02
2.039787913448628274e+02
2.105673486294836891e+02
2.082473000146834465e+02
1.887604938863359507e+02
2.005717441275606348e+02
1.967838309368420653e+02
1.713577751024485849e+02
1.809274984018537680e+02
1.777311470449015189e+02
1.530734277526967162e+02
1.704015957018071958e+02
1.727205663660251389e+02
1.415808307405881123e+02
1.534462566298992385e+02
1.609685914742622970e+02
1.330840560064121405e+02
1.458311516449986698e+02
1.576552456779137117e+02
1.282626645147056195e+02
1.315907110152526229e+02
1.436797262108084112e+02
1.182795269602244588e+02
1.205577741062051444e+02
1.298232683830818246e+02
1.054306389937219421e+02
1.185405516190023150e+02
1.333552294526972162e+02
9.985120908366346271e+01
1.017542856980032440e+02
1.262342943970419498e+02
1.044833941948242000e+02
1.006805745643266050e+02
1.172519604205015753e+02
9.609904163383986031e+01
9.915529960821606892e+01
1.184204641944829035e+02
9.224488554817052943e+01
8.569895139048274757e+01
1.070309486994054708e+02
8.506006332789658586e+01
8.491410773758703101e+01
1.120481467812712566e+02
9.171432777684991322e+01
8.081207390678024183e+01
1.049320444823957814e+02
8.792042242675091757e+01
7.692822328038853641e+01
9.859725215773038087e+01
8.021420622960530977e+01
7.329856957281930363e+01
1.016924551784509987e+02
8.518555793688004485e+01
7.048939033350997363e+01
9.701156216771651941e+01
8.217187466244486416e+01
6.467050621737995186e+01
9.146550691513192533e+01
7.887097547644609108e+01
6.293972819207081670e+01
9.172346218191306377e+01
8.170680441538387129e+01
6.477939822093760824e+01
9.084703240408595093e+01
7.998553700862630933e+01
6.008286915470940670e+01
8.697897664324408140e+01
7.812913278495985026e+01
6.037592001138218478e+01
8.753174312614375197e+01
7.686854977325020855e+01
5.764461070196012571e+01
8.965876093611473152e+01
8.057890855073132741e+01
5.629740997502525346e+01
9.054046822645187831e+01
8.588920543465630431e+01
5.567445939052814907e+01
8.495365144348507158e+01
8.471799471601821097e+01
6.063223307973186138e+01
8.739204214533542370e+01
8.484875322021915167e+01
5.943273686653708410e+01
8.764840138103127742e+01
8.465094648179388059e+01
5.812685434725273126e+01
9.237648446512271505e+01
9.371147452139334177e+01
6.392699540937901759e+01
9.153676213416218843e+01
9.158365775897350147e+01
5.925782459482497444e+01
9.361360061502077201e+01
9.843281720486751851e+01
6.259310973616254614e+01
9.422821261689536243e+01
1.029594486312813331e+02
6.199333089320526113e+01
8.504583406911014265e+01
9.633723957628525625e+01
6.272746413421023703e+01
9.402551466830263394e+01
1.053696385006918206e+02
6.473328365737108925e+01
9.493369970892747745e+01
1.128772998992860011e+02
7.321397297686623062e+01
9.678253736808957797e+01
1.168660550714298836e+02
7.534924830877649526e+01
9.474549450785168858e+01
1.191748714973550989e+02
7.821816285615153674e+01
9.300811079437438877e+01
1.213082794030654128e+02
8.623056319914469725e+01
1.016267113719051594e+02
1.294880778457645079e+02
9.186641180584435062e+01
1.025062300485422497e+02
1.319013924291384399e+02
9.247041410428691677e+01
1.058872588784856674e+02
1.433016739951752925e+02
1.042128211071262029e+02
1.066325583107048232e+02
1.480163815107712537e+02
1.124551414614719107e+02
1.075860759697777098e+02
1.508051918446393813e+02
1.205217471160858054e+02
1.161263250256873789e+02
1.585639928762658144e+02
1.261149852187635787e+02
1.179510840388283412e+02
1.647163977850723597e+02
1.337440763395354679e+02
1.252597489415148289e+02
1.781354914358250312e+02
1.482456104280107638e+02
1.290405637083795796e+02
1.838893393467550652e+02
1.560829931796658627e+02
1.331722476379392219e+02
1.964018449887750819e+02
1.752302867720808024e+02
1.421636263220397325e+02
2.022466131492566035e+02
1.834160218439886592e+02
1.481889949107111590e+02
2.174625922897765520e+02
2.063801035067165515e+02
1.587832282184429573e+02
2.226419250123418578e+02
2.175484894647812553e+02
1.663291886567083679e+02
2.319103005440064180e+02
2.349809817504090574e+02
1.816192680423414458e+02
2.438445346444277959e+02
2.508554821369363026e+02
1.942403098424178154e+02
2.582076365760706835e+02
2.714354625862706030e+02
2.091763404509871975e+02
2.730689757865363276e+02
2.947266406897363709e+02
2.266757325407056385e+02
2.866834913619519511e+02
3.161815789003809982e+02
2.424578956891081134e+02
3.022980963246740771e+02
3.450151237062383984e+02
2.654082964692553901e+02
3.152100098802941375e+02
3.726100264007589544e+02
2.947110993878049499e+02
3.295470843676111485e+02
3.939697632943322105e+02
3.196678184687581279e+02
3.530063342204443870e+02
4.271981391412294897e+02
3.492220281495988843e+02
3.715994497312332214e+02
4.584827855080524728e+02
3.816983137217944204e+02
3.950249557613983598e+02
4.967805645350270538e+02
4.222625358168386356e+02
4.186444751546712837e+02
5.317726779238005292e+02
4.626129952807368113e+02
4.502813196584480124e+02
5.791960194853933217e+02
5.154312409070056447e+02
4.877206814571166547e+02
6.312151157286925809e+02
5.740919024871147940e+02
5.295223946691697847e+02
6.908958226967746441e+02
6.450336205774410701e+02
5.816888786406817644e+02
7.605809081929761533e+02
7.284941717923362603e+02
6.421598293866709355e+02
8.376579421809351516e+02
8.231068850343275471e+02
7.170986903322286707e+02
9.378016345387046613e+02
9.477580816869010505e+02
8.132251738442689657e+02
1.055938277488272433e+03
1.099589902190248495e+03
9.407461449413140144e+02
1.213797657906113272e+03
1.300721838299055207e+03
1.106031978312975070e+03
1.415526480166059628e+03
1.574132425117541288e+03
1.351025440675331538e+03
1.703285912851376452e+03
1.963127380090993483e+03
1.723426289315666281e+03
2.152521416085963665e+03
2.564026626137496351e+03
2.293777521920979325e+03
2.881066398756866420e+03
3.629408152451906972e+03
3.393540915733256497e+03
4.367781185035347335e+03
6.033565160497742909e+03
6.296020694855377769e+03
9.123591884417708570e+03
1.583769888655224167e+04
2.088435858366802859e+04
2.059303941067951382e+04
1.519011003009480919e+04
8.734919133599512861e+03
6.508070162125992283e+03
6.117552321547104839e+03
4.342302066412196837e+03
3.584608901360765685e+03
3.749338003903785193e+03
2.907466163710054843e+03
2.461212090809669917e+03
2.694367951509927934e+03
2.198882961549010361e+03
1.877995632130332979e+03
2.115149088761334042e+03
1.790262805119308496e+03
1.516243544023581535e+03
1.735776599780402648e+03
1.517930210032477362e+03
1.273610090384356681e+03
1.467984417951545765e+03
1.317647941545575350e+03
1.096652565357164121e+03
1.276753702830067141e+03
1.179660440159082555e+03
9.679255386820470903e+02
1.120777757849090676e+03
1.063707142935014190e+03
8.699102229025303359e+02
1.002703774425995221e+03
9.730870529760106820e+02
7.856457866816583646e+02
8.957636886099905951e+02
8.934396842757545301e+02
7.249411487862050762e+02
8.171245497912252631e+02
8.304725067307571180e+02
6.714492410565029559e+02
7.465610034482484707e+02
7.757176610644418133e+02
6.273779950188267094e+02
6.857667264141293799e+02
7.287171942385450620e+02
5.920071626918047514e+02
6.328850184261185632e+02
6.862373630794468227e+02
5.622185963133847508e+02
5.869356121477048873e+02
6.474339543757489537e+02
5.363035335976962870e+02
5.476430391222897924e+02
6.129250821525677111e+02
5.129006366087772903e+02
5.122016538407515327e+02
5.821289332494023938e+02
4.935255468202559541e+02
4.808276363183419448e+02
5.535098285475115745e+02
4.764505325606095312e+02
4.524580961022841734e+02
5.256889752933313957e+02
4.604415544667615450e+02
4.287311192063264116e+02
5.016340799736342433e+02
4.461960344667118079e+02
4.062178043943785610e+02
4.786570633394658785e+02
4.344315518994258696e+02
3.876922148493226246e+02
4.569225325136773108e+02
4.223205806909653006e+02
3.704292824544467635e+02
4.366310192734489419e+02
4.114902837082338465e+02
3.551906832788649808e+02
4.171243591321675126e+02
4.009215082013112692e+02
3.415921927566029694e+02
3.988056444805765182e+02
3.913106452482771829e+02
3.303910241107341221e+02
3.818638317208016133e+02
3.817949867486411790e+02
3.199112240817687507e+02
3.656188619367911201e+02
3.727626763588382346e+02
3.108957696353166398e+02
3.502717625043591170e+02
3.639428034936390191e+02
3.029200072028856994e+02
3.356601406479734919e+02
3.553127044948983553e+02
2.961361920076280398e+02
3.220485452164294884e+02
3.467605472743707651e+02
2.898933332295878813e+02
3.090954164829520323e+02
3.385243907522656173e+02
2.847690113715637494e+02
2.971039786932590800e+02
3.303624371409591163e+02
2.800863032139139932e+02
2.854932668778752145e+02
3.219122551600132738e+02
2.759495001688049456e+02
2.751440823225931354e+02
3.139478027103083946e+02
2.723520225401376820e+02
2.654582679804375971e+02
3.060384213835299079e+02
2.691499500747791558e+02
2.563485779641540603e+02
2.978020716830977221e+02
2.658749248072960540e+02
2.480457261989975564e+02
2.899406956421858581e+02
2.630824047341309893e+02
2.404606955923143516e+02
2.819307773793602792e+02
2.602639898752236718e+02
2.337027459234388687e+02
2.741440824736504851e+02
2.574618629988308385e+02
2.274471299299563043e+02
2.664330216013282211e+02
2.547557078540284294e+02
2.217849315112687520e+02
2.587620235571022818e+02
2.522056767576534639e+02
2.170799390563523161e+02
2.512706182142878788e+02
2.493797503760054042e+02
2.126468501437899477e+02
2.437649424111585859e+02
2.464445703917968160e+02
2.088448936435417238e+02
2.365945851903453558e+02
2.435785847657224110e+02
2.055670254056597059e+02
2.295109731417928174e+02
2.405593917090923526e+02
2.027944145402407514e+02
2.226693109504198844e+02
2.374239465823203545e+02
2.004164211232688899e+02
2.160399793200786576e+02
2.342198913315037885e+02
1.985310908066065849e+02
2.096299624106472947e+02
2.306923235530692295e+02
1.968383829658048398e+02
2.036119933096061914e+02
2.271545124540008089e+02
1.953392111254356962e+02
1.976481543457569785e+02
2.233347058378588770e+02
1.941437027839582754e+02
1.921709109478590847e+02
2.193240089817257967e+02
1.928526257032984859e+02
1.869717745784587066e+02
2.154693765805955934e+02
1.921018611738670927e+02
1.823379488448277641e+02
2.114487324551259633e+02
1.912221331516540204e+02
1.778219551989099045e+02
2.071701075952953488e+02
1.903659149587915067e+02
1.738415645848630220e+02
2.029729164739683540e+02
1.895855440914450298e+02
1.702075989560899814e+02
1.986713095042102282e+02
1.887666237159742479e+02
1.669544681435243945e+02
1.943344294588825107e+02
1.878971804251923174e+02
1.639912519928357142e+02
1.898488973364279673e+02
1.869268518467029025e+02
1.615049199005625837e+02
1.854099249786239056e+02
1.857970568287136359e+02
1.592985208874902412e+02
1.810294558823696036e+02
1.846376491303955447e+02
1.574413491761684725e+02
1.766408408057391455e+02
1.833131410859811865e+02
1.558565583140032800e+02
1.722781913294630840e+02
1.818640910997576725e+02
1.546329649081841637e+02
1.680547054723929534e+02
1.802549821245438864e+02
1.535964878181577546e+02
1.639017094390970612e+02
1.785009938308602955e+02
1.527941327794210906e+02
1.598794421821682761e+02
1.765978045956480855e+02
1.521930176298432400e+02
1.560279530695713106e+02
1.745505294479233100e+02
1.517331373414887992e+02
1.523349072674316744e+02
1.723496281645107615e+02
1.513892533713409136e+02
1.488334720100663731e+02
1.700038424755142046e+02
1.511175935039600802e+02
1.455292804659978572e+02
1.675375500316393698e+02
1.509390888943042626e+02
1.424712554844905412e+02
1.649355613666624265e+02
1.507741504013893348e+02
1.396531822339359792e+02
1.622179444889504794e+02
1.506095747330781478e+02
1.371023641983176162e+02
1.594066945333783281e+02
1.504019774947875874e+02
1.347955741611748408e+02
1.565339357200269035e+02
1.501855992877250969e+02
1.327573749733280408e+02
1.535745325434401423e+02
1.498919367692788853e+02
1.309724713118246768e+02
1.505478748725483626e+02
1.495031037379445138e+02
1.294413663845475355e+02
1.474826911208320439e+02
1.490086954892544782e+02
1.281669947361852735e+02
1.444418040367523872e+02
1.484466549742707286e+02
1.271224251139492338e+02
1.413523923007302017e+02
1.477199407408602383e+02
1.262927906791476431e+02
1.383129382510034873e+02
1.468870175228525454e+02
1.256659301581627233e+02
1.353114228112049204e+02
1.459153812534240444e+02
1.252107135282110306e+02
1.323753698731294719e+02
1.448154435746014030e+02
1.249158545127553168e+02
1.295236147130199527e+02
1.435730963559913107e+02
1.247396981959828679e+02
1.267716630850747919e+02
1.422005967364147807e+02
1.246758470601058377e+02
1.241452777336163535e+02
1.406939157690019897e+02
1.246886360085813834e+02
1.216572781028120716e+02
1.390550250542983690e+02
1.247531363481498801e+02
1.193344691464168079e+02
1.373053054501198460e+02
1.248500712075314425e+02
1.171753793970875819e+02
1.354355721666743193e+02
1.249517152773916990e+02
1.152014930071993746e+02
1.334669260032834188e+02
1.250431733711049134e+02
1.134183524588655843e+02
1.314041358199132787e+02
1.251034319937901387e+02
1.118348018068248848e+02
1.292585841272110088e+02
1.251099551439387625e+02
1.104520811629385264e+02
1.270503512345843546e+02
1.250564967728129631e+02
1.092727334376050266e+02
1.247882224414260151e+02
1.249185324047846564e+02
1.082813945552116337e+02
1.224878548717113063e+02
1.246985709758825323e+02
1.074880020753396934e+02
1.201646908239526113e+02
1.243729335984817510e+02
1.068705014313473640e+02
1.178379159229349398e+02
1.239411801661551635e+02
1.064193214688293239e+02
1.155233799908972827e+02
1.233955038199333387e+02
1.061185909140083226e+02
1.132404354926216570e+02
1.227339924431913687e+02
1.059521761084836839e+02
1.110079748511754758e+02
1.219547260758741771e+02
1.058967719106490222e+02
1.088369990859837060e+02
1.210562627187252076e+02
1.059365715519709568e+02
1.067444102349242598e+02
1.200353475782747381e+02
1.060500779468188171e+02
1.047547182568656154e+02
1.189062188313175028e+02
1.062229482616997416e+02
1.028772184122235558e+02
1.176676478881497729e+02
1.064368565824483994e+02
1.011155853602599137e+02
1.162902713467334621e+02
1.066374956915913685e+02
9.950416107612804240e+01
1.148455722615778853e+02
1.068584084324444632e+02
9.804462987100586702e+01
1.133061332142323749e+02
1.070554894695440851e+02
9.673836450830992817e+01
1.116848786013769796e+02
1.072174851201295809e+02
9.559215089296910151e+01
1.099919016581111890e+02
1.073294891122788499e+02
9.460740391256112503e+01
1.082390682104403083e+02
1.073821844205787954e+02
9.378798504431476601e+01
1.064380531572072215e+02
1.073592987539379493e+02
9.312715775390040562e+01
1.046046323430040559e+02
1.072544880407803589e+02
9.261895462342044993e+01
1.027523741114693649e+02
1.070599606084094688e+02
9.225378380948941981e+01
1.008948804347217560e+02
1.067691681363917269e+02
9.202030807600601747e+01
9.904679660278067388e+01
1.063771833575410994e+02
9.190548522430445644e+01
9.722478600584189223e+01
1.058833764640417883e+02
9.189579090822921614e+01
9.544177702634763705e+01
1.052831384606562182e+02
9.197449034044558402e+01
9.371405588245121976e+01
1.045771655504817090e+02
9.212534094252039552e+01
9.205715852132637167e+01
1.037676148584129692e+02
9.233121166796932755e+01
9.048391064041578602e+01
1.028562486519445258e+02
9.257436399181175091e+01
8.900666012343445743e+01
1.018478993319819637e+02
9.284051492707648379e+01
8.763800300767431395e+01
1.007464747104117890e+02
9.311192486959264158e+01
8.638730816094265208e+01
9.955855046001083508e+01
9.337415059723146271e+01
8.526354312790806489e+01
9.829185464207290579e+01
9.361267786317790751e+01
8.427211725980941992e+01
9.695481650589329092e+01
9.381470022125877506e+01
8.341638362268588480e+01
9.555651251551873315e+01
9.396869241343918588e+01
8.269797194756077374e+01
9.410733511794605022e+01
9.406432420118522941e+01
8.211563472395530994e+01
9.261814994684415581e+01
9.409247118515935426e+01
8.166583145945594424e+01
9.110060665717961115e+01
9.404511687183732249e+01
8.134249313855353591e+01
8.956732408202117313e+01
9.391604382512197446e+01
8.113739645459088479e+01
8.803132086037487625e+01
9.370056419450688168e+01
8.104036304122712409e+01
8.650531676663867131e+01
9.339488751951429890e+01
8.104006754478203334e+01
8.500308831042536895e+01
9.299699919789625824e+01
8.112351960331224632e+01
8.353723788420936103e+01
9.250520535307911985e+01
8.127702415938995273e+01
8.212151225354341477e+01
9.192014805824373980e+01
8.148643859851564741e+01
8.076864748941852667e+01
9.124313173062695626e+01
8.173682205478853291e+01
7.949023090863624930e+01
9.047669469970294642e+01
8.201391544605671413e+01
7.829751124793794759e+01
8.962474557495310989e+01
8.230364756083534417e+01
7.719989481639171913e+01
8.869163049967666268e+01
8.259237815529839111e+01
7.620585404502570270e+01
8.768326196738833289e+01
8.286752237242895092e+01
7.532214179555894873e+01
8.660609037145417233e+01
8.311669696621046910e+01
7.455336427361633866e+01
8.546793657644064979e+01
8.332909802699612101e+01
7.390221817492691514e+01
8.427730988569608428e+01
8.349474531303694391e+01
7.336896779940359181e+01
8.304356462331038813e+01
8.360533197726398669e+01
7.295219671949898554e+01
8.177649065951943896e+01
8.365314629017635184e+01
7.264823326311228868e+01
8.048677874601401072e+01
8.363177762079895672e+01
7.245113564896422531e+01
7.918537292608687039e+01
8.353604211937280866e+01
7.235346461903945681e+01
7.788385467097290871e+01
8.336197222443783517e+01
7.234609810377972394e+01
7.659398145273986813e+01
8.310676839578994191e+01
7.241868851544371921e+01
7.532768927864286468e+01
8.276887935978842847e+01
7.256016996163961608e+01
7.409746938080681389e+01
8.234868965629830484e+01
7.275758205596642370e+01
7.290711741168433946e+01
8.183437445868828775e+01
7.299208327464565116e+01
7.178113544211936414e+01
8.124907797071767845e+01
7.326377809086289972e+01
7.072330451828311482e+01
8.058324882842516956e+01
7.355246157185047196e+01
6.974219770683389186e+01
7.984146582190723507e+01
7.384663511779260148e+01
6.884631069690591687e+01
7.902847458598941444e+01
7.413515518458969211e+01
6.804272886174634039e+01
7.814922289299435931e+01
7.440679596252657291e+01
6.733720551869640758e+01
7.721007534640634162e+01
7.465111002011050800e+01
6.673341714107095868e+01
7.621826960769334391e+01
7.485865486869424501e+01
6.623298037364082802e+01
7.518170216037799491e+01
7.502099160463515659e+01
6.583538984516830794e+01
7.410878769148558831e+01
7.513099442817157581e+01
6.553880630884940217e+01
7.300879711881016476e+01
7.518263787828438183e+01
6.533948367846724636e+01
7.189107936436116120e+01
7.517038509133121238e+01
6.523182988679931782e+01
7.076556044919885835e+01
7.508969204770549766e+01
6.520865622811885487e+01
6.964274146994152659e+01
7.493720770692573296e+01
6.526126624319202563e+01
6.853328108148222952e+01
7.471083085310239369e+01
6.537992258595640749e+01
6.744765493183759020e+01
7.440949602814842478e+01
6.555432234481412479e+01
6.639611733678390237e+01
7.403287768336409158e+01
6.577367543990678200e+01
6.538881873524904620e+01
7.358157886342071663e+01
6.602685053602060350e+01
6.443555557296649283e+01
7.305716834202368659e+01
6.630255362475233483e+01
