1.884398171985810677e+02
2.002666689472242183e+02
2.139339487303932970e+02
1.927143848956253009e+02
2.020124693698885210e+02
2.181696919478964105e+02
1.972911300998064803e+02
2.040547139660302491e+02
2.225308328012210666e+02
2.021467802093286821e+02
2.060834207178849624e+02
2.267919578736803317e+02
2.073483042661767115e+02
2.083814174248746554e+02
2.311196269275859834e+02
2.128219769361564033e+02
2.106974382785975308e+02
2.353362827770584147e+02
2.187004057445607543e+02
2.133741376123067823e+02
2.395622256973634592e+02
2.248678243162384831e+02
2.162440061274680545e+02
2.436050001826770313e+02
2.311556120498558755e+02
2.193403094827895643e+02
2.476563316831613406e+02
2.378998014758279567e+02
2.231068963413657684e+02
2.519353397529062022e+02
2.449333306282148612e+02
2.270494642513749284e+02
2.559911062996461624e+02
2.521153554760198290e+02
2.314192998329200464e+02
2.601161209276510817e+02
2.596632108932547567e+02
2.363993809822137848e+02
2.643631246660818874e+02
2.675224373917424145e+02
2.419128349958373576e+02
2.686377866005727810e+02
2.756809623667572282e+02
2.480982745008785457e+02
2.728379363582387214e+02
2.837234086414728154e+02
2.548181725147688326e+02
2.774580006182131342e+02
2.921405563853987246e+02
2.620192336484763587e+02
2.821918816243791071e+02
3.009109399205312343e+02
2.699036984044837482e+02
2.870274501183151301e+02
3.099611639642118348e+02
2.786781055163730230e+02
2.922146368109457626e+02
3.193337266022697918e+02
2.882986802043304806e+02
2.974986038074453063e+02
3.285589426717687047e+02
2.988104311340844674e+02
3.039296549674866128e+02
3.385035764628132711e+02
3.098624690306947400e+02
3.102617567492677608e+02
3.485312181628594317e+02
3.220958688629730204e+02
3.177486744069433371e+02
3.591833076916575465e+02
3.351203504231665420e+02
3.255747781513725272e+02
3.700523314162674637e+02
3.495396404960969789e+02
3.354554580220519142e+02
3.824466497530272022e+02
3.647665527631936015e+02
3.444014430689413189e+02
3.938720018940302339e+02
3.811927104558918131e+02
3.554018007285211525e+02
4.060529432413520681e+02
3.983303425138362854e+02
3.673517692491884645e+02
4.190193484641180248e+02
4.170541552072835998e+02
3.812909735604441153e+02
4.336330145903835955e+02
4.382462367279771343e+02
3.974412843127927317e+02
4.484867475208395149e+02
4.596757423193178056e+02
4.149636040385184401e+02
4.653214843172188466e+02
4.839180985934614796e+02
4.350428576430081762e+02
4.834025728669724913e+02
5.100859957361574857e+02
4.576546634647691008e+02
5.030908256539855188e+02
5.380983986517586573e+02
4.819936265162913287e+02
5.241814812049148031e+02
5.701064838040675795e+02
5.125505088918323509e+02
5.492117342655651555e+02
6.051622795735338514e+02
5.473546842491281268e+02
5.784769193438972934e+02
6.434156154173665527e+02
5.827594773709442961e+02
6.086504266669394383e+02
6.897863688361721870e+02
6.319206038946740591e+02
6.472188851828593670e+02
7.393769189268169839e+02
6.837654513343136387e+02
6.895529102432436730e+02
7.956508619579306014e+02
7.453012851909754772e+02
7.431477685474845885e+02
8.655858112283823402e+02
8.205353900857594454e+02
8.066774090788746889e+02
9.485245032488385277e+02
9.112118405672084691e+02
8.779698652138350781e+02
1.039249085805345203e+03
1.018683825574888374e+03
9.736020150720192987e+02
1.159313014756753546e+03
1.156742130241887480e+03
1.093443077563127417e+03
1.311182120741305425e+03
1.341442817838930750e+03
1.261935836862461656e+03
1.514699987885012433e+03
1.586382904613946494e+03
1.490035768527190157e+03
1.797326505407488412e+03
1.942599256151045211e+03
1.844945002835694368e+03
2.235198015993270019e+03
2.491276419587409691e+03
2.408155094566027401e+03
2.971961001565430252e+03
3.461547792136447242e+03
3.460149754465062415e+03
4.500605501763876418e+03
5.764578935870694295e+03
6.353483859240213860e+03
9.267492694669766934e+03
1.441347275728684872e+04
1.768955358464849633e+04
1.665298531710817406e+04
1.203414816490069279e+04
7.366184236729792246e+03
5.876978404201227022e+03
5.161604536434576403e+03
3.734662409522318740e+03
3.284181685902923618e+03
3.177362804412305650e+03
2.453645813243531393e+03
2.226127987469107666e+03
2.283950699636501668e+03
1.846473396990143101e+03
1.674686920666176547e+03
1.761115824753168681e+03
1.464027325486915288e+03
1.329180602996108973e+03
1.426772764765637703e+03
1.204896977832912171e+03
1.083505538361156823e+03
1.193877661291335016e+03
1.033718281683814439e+03
9.141396636383167333e+02
1.019690215370929650e+03
9.066115294085735741e+02
7.904862133990664006e+02
8.775400671938375581e+02
7.905337413378701967e+02
6.903834301830397635e+02
7.814008622153935448e+02
7.164246688994206806e+02
6.084816074523597536e+02
6.863232613672520301e+02
6.423199025972693335e+02
5.416026866840478533e+02
6.144124594088355025e+02
5.877271334297926160e+02
4.894071331340097686e+02
5.513658926153036646e+02
5.385862224365714610e+02
4.455101645738829461e+02
4.955479535321757680e+02
4.902252294969116519e+02
4.039148133890826102e+02
4.519654907726704209e+02
4.559882541634239601e+02
3.708602809713161719e+02
4.111478843036865101e+02
4.254620560598816610e+02
3.449654564545405719e+02
3.738033623264373659e+02
3.927505150893146038e+02
3.160256680168383241e+02
3.374306796262332568e+02
3.637171244925194173e+02
2.970089400736089260e+02
3.151629860845480948e+02
3.441577761746814872e+02
2.780154374424291177e+02
2.855713541951112688e+02
3.183665854200496028e+02
2.578310372181196612e+02
2.605062226950411741e+02
2.987841725758122493e+02
2.455269814431329678e+02
2.412308482950670339e+02
2.807674156181495846e+02
2.321339438952393550e+02
2.194971302643852766e+02
2.606488274854384031e+02
2.195847027855477904e+02
2.020758304976333193e+02
2.439072358597697985e+02
2.107639536223627772e+02
1.875836430023658181e+02
2.245967987219318900e+02
1.986070914167119099e+02
1.808404943979078894e+02
2.154530121996038474e+02
1.867266812126059108e+02
1.645659407178087292e+02
2.023029918684969175e+02
1.750319507890036164e+02
1.463398735910420783e+02
1.914346032660379251e+02
1.757644230998362787e+02
1.402078919380836055e+02
1.753931485411111737e+02
1.626454724145795012e+02
1.257425740790033473e+02
1.619759837579675832e+02
1.583801612411176336e+02
1.255738361363759452e+02
1.548414784347965281e+02
1.515749754785442178e+02
1.193815430677546914e+02
1.455727136828161008e+02
1.414443928094790977e+02
1.076832648366347627e+02
1.387536231596687060e+02
1.413894607136575701e+02
1.045051011025858116e+02
1.276248590129035847e+02
1.338238796918446667e+02
9.955307025418895250e+01
1.193908370695877039e+02
1.279149080675460510e+02
9.590569435424937694e+01
1.120776757328985553e+02
1.210582461296512804e+02
9.063875144990915089e+01
1.057576450732942561e+02
1.163096719751534351e+02
8.944288883935018930e+01
1.052670635395692216e+02
1.155521023047427605e+02
8.520247650894367553e+01
9.735248042406900026e+01
1.106626408175978185e+02
8.107567692853754693e+01
8.896140066518452727e+01
1.032609242231955164e+02
7.587550669763326994e+01
8.544226815606036496e+01
1.030421008709677722e+02
7.725110415324759572e+01
7.998863306764550885e+01
9.702117518403670715e+01
7.603910545252917075e+01
7.972602180326708776e+01
9.395710130641985813e+01
7.353278342228749409e+01
8.150127975506859457e+01
9.575386032972393480e+01
7.138222519667503718e+01
8.125959446484678494e+01
1.022174551149604724e+02
7.427109207887701814e+01
6.500504254490377321e+01
8.952961822716147822e+01
7.477127421719453082e+01
7.163088989754351132e+01
8.847546396678886538e+01
6.679380456262268240e+01
6.352604496406881651e+01
8.872741966800322189e+01
7.298200940598245268e+01
6.560640619511440264e+01
8.736849860055556860e+01
7.122903369275526586e+01
5.957438080633380650e+01
8.360403658751454259e+01
7.470515215706262779e+01
6.589321246134358034e+01
8.334835581708146890e+01
7.038621745379884942e+01
6.284315023447685178e+01
8.631723146877416752e+01
7.663629517399671442e+01
6.370574497801378300e+01
8.306506109128721960e+01
7.377027855076737239e+01
5.979524955905617389e+01
8.086270978626414774e+01
7.551797161119112900e+01
6.222115200982803884e+01
7.989926828038406370e+01
7.427855929654823797e+01
6.254409347581209744e+01
8.270230055016759252e+01
8.069190119453601540e+01
6.885044833842194123e+01
8.229996866860709304e+01
7.596443075629288444e+01
6.437367583731455056e+01
8.389884431694639488e+01
8.200466363426183136e+01
7.072625897052726884e+01
8.731654671333336637e+01
8.398131304331012359e+01
6.836902885551114650e+01
8.312418236893552148e+01
8.311902618293294154e+01
7.351361654158080228e+01
8.903300800997109832e+01
8.655291067657766746e+01
7.442724527024506642e+01
8.948903452162873862e+01
8.573189915407579065e+01
7.476810950035655878e+01
9.738829071969439610e+01
9.692063011218878898e+01
7.969509362342479619e+01
9.895384993306402066e+01
1.003653194149219416e+02
7.742596985931645293e+01
9.390009108887680611e+01
1.028822645775296962e+02
8.816132477869754780e+01
1.032308632562528459e+02
1.095993725652085118e+02
9.140709511359702333e+01
1.075542728482876527e+02
1.211825038108074892e+02
1.023422569969829112e+02
1.026278917916637994e+02
1.136638538552391822e+02
1.089650470400950155e+02
1.215868266321007525e+02
1.278578064073667377e+02
1.113426310623340925e+02
1.194495747658739759e+02
1.312457216369370201e+02
1.205980160065013962e+02
1.290621931240999913e+02
1.384255330065784619e+02
1.265649607043828695e+02
1.394846557615358904e+02
1.538424634589289042e+02
1.385495074551032531e+02
1.444855671374096744e+02
1.634866407553267891e+02
1.556609101536698461e+02
1.592350737733128483e+02
1.740081346583412483e+02
1.669796693606482165e+02
1.718687743880544474e+02
1.863600003023059912e+02
1.797066406665632314e+02
1.861100769021406620e+02
1.992064950731696058e+02
1.860097389809855031e+02
1.922931855479644696e+02
2.166679003177919469e+02
2.105940734814894597e+02
2.142739295109058446e+02
2.403226668464587306e+02
2.385673595956612019e+02
2.375751489470708577e+02
2.584690798809450030e+02
2.582543969409202305e+02
2.606039256922540517e+02
2.844161886248768951e+02
2.855846434389048909e+02
2.886054870207418048e+02
3.182453721830877384e+02
3.252873222372022042e+02
3.269592481786614826e+02
3.570229493585221690e+02
3.677993733149292552e+02
3.662196748110177396e+02
3.962652990835391051e+02
4.182093258070309503e+02
4.218693275363804673e+02
4.474494415037768817e+02
4.752882567610297428e+02
4.930515644826033963e+02
5.234911839091254251e+02
5.522482400709494641e+02
5.809077600160641168e+02
6.231832191528834528e+02
6.491667442227219453e+02
6.744129090907269983e+02
7.379177931005002620e+02
7.912326653842497990e+02
8.205077747847495857e+02
8.862019002225123359e+02
9.679411040441448222e+02
1.029945773518708620e+03
1.120299096857202585e+03
1.240904787039618668e+03
1.352972092412876464e+03
1.488161606788214158e+03
1.661954911673438573e+03
1.844956300666480502e+03
2.071115281777145810e+03
2.384719439424532993e+03
2.768375572765739435e+03
3.239877034227353761e+03
3.844368203655090838e+03
4.492060814806049166e+03
4.943626765108258951e+03
4.981318230930641221e+03
4.580391089034795186e+03
3.948638356911549181e+03
3.359901360857837062e+03
2.908158018612440173e+03
2.536755931029484600e+03
2.234634203955752128e+03
1.999908162205105782e+03
1.795498840815633230e+03
1.634759226629859768e+03
1.519730901936611644e+03
1.401200661248343977e+03
1.294015014129156498e+03
1.223801122358470820e+03
1.145311434692199100e+03
1.062467433292750684e+03
1.014010278997759315e+03
9.663191881205733580e+02
9.113400997622245541e+02
8.811521115395224797e+02
8.453153534045362676e+02
7.958883315813818626e+02
7.732401954539988083e+02
7.516695032686998275e+02
7.120491468512396978e+02
6.936145687970673634e+02
6.804629571772948111e+02
6.488929713851839551e+02
6.321600873104347329e+02
6.202165762302813619e+02
5.913851474168947107e+02
5.785593904241993641e+02
5.720037885572465939e+02
5.450870409095291507e+02
5.320954742784773543e+02
5.306081731425449561e+02
5.094439438063150192e+02
4.986695541283366424e+02
5.009235372855997639e+02
4.817535536842881356e+02
4.665975239124312566e+02
4.676879430660524122e+02
4.534151697001050820e+02
4.415281183720558147e+02
4.434472622372264823e+02
4.296905051551264023e+02
4.171319868660304451e+02
4.198616575842822272e+02
4.080235911930474231e+02
3.953054574590132688e+02
3.986061546174229875e+02
3.893075030310720877e+02
3.781114140035614923e+02
3.819044678753723474e+02
3.714491498747819378e+02
3.577762254944015012e+02
3.641009313010830510e+02
3.586555304857205329e+02
3.443030208652702981e+02
3.483500189092688402e+02
3.448135391413206889e+02
3.315082147712608958e+02
3.344013684077957578e+02
3.309612375567397180e+02
3.181569866100028321e+02
3.227217371936153540e+02
3.217930018665631451e+02
3.082284307315475758e+02
3.109827910140221547e+02
3.110166338934832879e+02
2.975053479180235172e+02
2.997280466135257484e+02
3.015403549231812690e+02
2.882625540342801855e+02
2.892615116557037140e+02
2.926397053213405002e+02
2.800943812859953255e+02
2.793428612453565165e+02
2.833649245262239447e+02
2.722205765295825586e+02
2.709427169258354411e+02
2.753516158448338160e+02
2.647959562734293968e+02
2.628913575169101478e+02
2.680876149991736384e+02
2.586058381016549674e+02
2.561464741859526271e+02
2.611028968262259013e+02
2.510128641608134501e+02
2.476666844274116102e+02
2.544262125183034016e+02
2.459613729413758278e+02
2.415919907295965174e+02
2.484717875993365510e+02
2.405580321669063721e+02
2.346607611984250639e+02
2.415675546150493176e+02
2.349877074883715977e+02
2.287151517658579110e+02
2.359277775688157988e+02
2.301992988464620282e+02
2.228728281294352200e+02
2.302982162069754111e+02
2.258917523645575898e+02
2.174155365664175008e+02
2.245458869412273373e+02
2.219930863788005979e+02
2.131253459107827268e+02
2.191646685267010071e+02
2.174271046273528327e+02
2.083790187558661273e+02
2.140407284224810098e+02
2.134128877353282405e+02
2.043090574650407802e+02
2.095803014732487952e+02
2.098620125062859074e+02
2.003341384290920644e+02
2.049538757999737868e+02
2.062686944838802958e+02
1.963390080196372196e+02
1.999749792912315627e+02
2.025501385989599612e+02
1.930906192232436638e+02
1.959990336595242013e+02
1.993680799713693261e+02
1.898963275929952772e+02
1.917032272727390989e+02
1.958784310229982566e+02
1.868541199940615343e+02
1.877601941573843192e+02
1.925088844833876180e+02
1.838339266363275613e+02
1.839773494026518108e+02
1.895020517581513957e+02
1.812187441315699061e+02
1.801879692101884984e+02
1.862248044114238326e+02
1.786360314447214819e+02
1.766379595389836936e+02
1.830195739996604232e+02
1.761243517234578917e+02
1.732229817234452298e+02
1.799085573380091887e+02
1.738504714215472973e+02
1.701428719696344842e+02
1.769208119048531955e+02
1.715120156664697504e+02
1.669267458359289549e+02
1.739149076434740095e+02
1.695308196769802294e+02
1.641897234915191746e+02
1.710383852353274676e+02
1.675039935230617800e+02
1.614402258360132123e+02
1.681118947036095506e+02
1.654684188826510081e+02
1.587026337056220484e+02
1.651734102058543385e+02
1.637317381314157103e+02
1.565270942345408685e+02
1.624433799108633707e+02
1.619254698129650194e+02
1.543517837906148316e+02
1.596472570576284795e+02
1.599862878507616983e+02
1.522102834534634042e+02
1.570026839840114121e+02
1.582690861982614194e+02
1.503280098124553490e+02
1.544117038448553672e+02
1.564917477384581730e+02
1.484845936911698345e+02
1.518270644456505352e+02
1.546601236703480424e+02
1.466280200830541105e+02
1.491955081940453169e+02
1.528788926798920045e+02
1.450491667757580103e+02
1.467038700553155763e+02
1.510232671819379959e+02
1.435092630701216194e+02
1.443121442649543269e+02
1.491697689943630110e+02
1.420210579137571472e+02
1.420418597421659115e+02
1.474656813577804826e+02
1.407259082748084893e+02
1.397768747225340746e+02
1.456171640268651402e+02
1.394918773222355810e+02
1.376920804600250676e+02
1.437939053955098814e+02
1.382593813190391643e+02
1.356253412612340128e+02
1.419424149064633696e+02
1.370831075373511965e+02
1.336234485009530033e+02
1.400641954811918310e+02
1.360187844963192560e+02
1.318101208636973638e+02
1.381584325751243512e+02
1.348911970991931071e+02
1.300573589081003547e+02
1.362809762977373396e+02
1.338116903906777111e+02
1.284123585085090156e+02
1.344343488036738279e+02
1.327708046244871980e+02
1.268257738713001999e+02
1.325366969382158118e+02
1.317489365231730005e+02
1.253971764785741385e+02
1.306675505399519182e+02
1.306880834570856962e+02
1.240037719715978852e+02
1.287832823037110188e+02
1.296404931663088007e+02
1.227429096281049823e+02
1.269421228371379158e+02
1.286035022229792730e+02
1.215994670385986893e+02
1.251179001376388271e+02
1.274916372285568258e+02
1.204824878753126569e+02
1.233307444197250078e+02
1.264127836489608399e+02
1.194825910518300418e+02
1.215634157622405525e+02
1.252709817009047129e+02
1.185422468512663414e+02
1.198637820702623173e+02
1.241307886230625570e+02
1.176707362044020897e+02
1.181996580009176654e+02
1.229550701604487557e+02
1.168482560884170596e+02
1.165695374215722637e+02
1.217365948031325757e+02
1.160739437720384757e+02
1.149953745491019532e+02
1.204942253746203136e+02
1.153706142653836224e+02
1.135121985887986256e+02
1.192186030906516407e+02
1.146766210725466948e+02
1.120810316003031488e+02
1.179167818575923405e+02
1.140202376943234128e+02
1.107387366612181694e+02
1.165990856482869873e+02
1.133674951852101174e+02
1.094430795686146496e+02
1.152496492931869483e+02
1.127340935714894954e+02
1.082352864599626230e+02
1.138937933816593215e+02
1.121131495008033738e+02
1.070986078422686205e+02
1.125125312675004068e+02
1.114900862040458804e+02
1.060473077229431738e+02
1.111205303093961447e+02
1.108487597971141128e+02
1.050662474648920863e+02
1.097245779551323182e+02
1.101954407136511946e+02
1.041616782403432353e+02
1.083296656347530131e+02
1.095219022671389837e+02
1.033315599012861696e+02
1.069485395265649430e+02
1.088300705618253232e+02
1.025646654574269974e+02
1.055657010403421907e+02
1.081029427048666491e+02
1.018697576072083706e+02
1.042139807727804595e+02
1.073496811354394396e+02
1.012278886398407423e+02
1.028731552001316913e+02
1.065508255168344931e+02
1.006389358011098949e+02
1.015761698190262194e+02
1.057299797877219305e+02
1.000966310289658878e+02
1.003070065934597750e+02
1.048739486564963386e+02
9.960439085698553185e+01
9.908529184784876520e+01
1.039819569842128004e+02
9.914251386516633602e+01
9.790271082088568733e+01
1.030472391525231473e+02
9.870628626300155872e+01
9.677897120818883536e+01
1.020897891568496050e+02
9.829614797736077492e+01
9.570702744472023937e+01
1.010937198637457612e+02
9.789320468725041735e+01
9.469100792123113308e+01
1.000724759015695611e+02
9.750355142881362269e+01
9.373814791692656456e+01
9.902430211325497567e+01
9.711422822921686304e+01
9.284773118013286819e+01
9.795123319961558650e+01
9.671631854818440388e+01
9.202219554395458090e+01
9.686539389239503350e+01
9.631164068486212670e+01
9.126135639127954846e+01
9.576500884954892001e+01
9.588886308865656360e+01
9.056187963985331635e+01
9.465418877675452336e+01
9.544058391086517190e+01
8.991837633185086531e+01
9.354126397218482225e+01
9.497743747162259353e+01
8.934696559797961868e+01
9.243466397988879635e+01
9.447973190412400868e+01
8.882333460997161012e+01
9.133188886401393347e+01
9.394870903030496834e+01
8.835213517400494254e+01
9.024666491725842832e+01
9.338847915728057103e+01
8.793092567765751255e+01
8.918119489429913926e+01
9.279321141062349909e+01
8.755351936189309470e+01
8.814080840692678009e+01
9.215881168794211931e+01
8.721043566517033696e+01
8.713169208743818217e+01
9.148950728358931883e+01
8.689827719912698001e+01
8.615713030604015898e+01
9.078413558534178662e+01
8.661222976661277073e+01
8.522399464533343405e+01
9.004471044232533927e+01
8.634557430062682215e+01
8.433442301140327402e+01
8.927071042056714134e+01
8.609158715764860403e+01
8.349324397800178588e+01
8.846546348396165627e+01
8.584428492840635272e+01
8.270300969970365657e+01
8.763161818880308829e+01
8.559788899052232125e+01
8.196575119812322896e+01
8.677188780986864458e+01
8.534668830867624933e+01
8.128386236694771583e+01
8.589098082238028553e+01
8.508558289407137920e+01
8.065738915579426305e+01
8.499205480936828394e+01
8.480907032500245180e+01
8.008697556925727667e+01
8.408141164468658246e+01
8.451376533031846350e+01
7.957060229296540399e+01
8.316165918911715949e+01
8.419439611313082139e+01
7.910654174895934432e+01
8.223819722911045460e+01
8.384830908829583507e+01
7.869398189526464193e+01
8.131739972361143032e+01
8.347190109744295228e+01
7.832761775888189959e+01
8.040346349397984227e+01
8.306399293363719494e+01
7.800554254341186322e+01
7.950172041648950483e+01
8.262163177157444238e+01
7.772336657373323021e+01
7.861888045801762814e+01
8.214444218331023251e+01
7.747525538948140422e+01
7.775854866860535708e+01
8.163166281348408404e+01
7.725690792145248054e+01
7.692587114091288925e+01
8.108253695633239033e+01
7.706214438056998972e+01
7.612599462159289487e+01
8.049933690915956674e+01
7.688662271316172792e+01
7.536246607142413723e+01
7.988160576028795390e+01
7.672377820579075092e+01
7.463950809046018264e+01
7.923199513193401344e+01
7.656845895708093508e+01
7.396033056152717222e+01
7.855276344924985210e+01
7.641494241436855361e+01
7.332692517226180939e+01
7.784638499293085090e+01
7.625826349378577618e+01
7.274171496392166603e+01
7.711616377993478011e+01
7.609296252067197486e+01
7.220535825289819343e+01
7.636564572552011043e+01
7.591459722716587066e+01
7.171857895778605041e+01
7.559907910500849937e+01
7.571905676463026680e+01
7.128093442984172157e+01
7.482030184713553922e+01
7.550215852967068031e+01
7.089162316798976349e+01
7.403420981471037976e+01
7.526032127488416279e+01
7.054841805528384668e+01
7.324545164934110630e+01
7.499087813096249988e+01
7.024921784273286107e+01
7.245908788478303109e+01
7.469125102376608538e+01
6.999048805620537905e+01
7.167983783429917821e+01
7.435993722672196782e+01
6.976927842917447720e+01
7.091271479556502300e+01
7.399497267367068787e+01
6.958096600728221404e+01
7.016277703413904021e+01
7.359603035138802340e+01
6.942127746669960686e+01
6.943458050953954341e+01
7.316257273215728674e+01
6.928528397197379718e+01
6.873283956528369743e+01
7.269528647346341188e+01
6.916814698202171030e+01
6.806155606265079427e+01
7.219482872853211575e+01
6.906468679279502965e+01
6.742447819836456802e+01
7.166256730538802344e+01
6.896981678358865508e+01
6.682489777182514956e+01
7.110023122924175709e+01
6.887829215008724759e+01
6.626552707087812166e+01
7.051026490698872351e+01
6.878532902988267494e+01
6.574846364069718163e+01
6.989492725554488572e+01
6.868523196309283207e+01
6.527410789252640200e+01
6.925672107023532931e+01
6.857382964395783631e+01
6.484498575345411098e+01
6.860154813808007646e+01
6.844872055201159355e+01
6.446124900534356073e+01
6.793195479646286117e+01
6.830486419603546722e+01
6.412177365497659309e+01
6.725171669834034560e+01
6.813847213508449840e+01
6.382529067403719125e+01
6.656548632311569236e+01
6.794668069782869679e+01
6.356982478095331146e+01
6.587792833443600671e+01
6.772714513086891941e+01
6.335281709061130329e+01
6.519384267893609319e+01
6.747814930420369706e+01
6.317093653912361617e+01
6.451750731466877653e+01
6.719853932170644839e+01
6.302068715146268829e+01
6.385160680064061012e+01
6.688468594458277039e+01
6.289767572764849746e+01
6.320373401503901789e+01
6.654039570644199841e+01
6.280014451887235083e+01
6.257701471370479851e+01
6.616269559538798717e+01
6.272170317407973528e+01
6.197566802859140012e+01
6.575243898637423001e+01
6.265755071717761382e+01
6.140358802069917488e+01
6.531090067497947871e+01
6.260279514180673033e+01
6.086402176731932201e+01
6.483985182201568875e+01
6.255275318184697397e+01
6.035948436964783070e+01
6.434121078365181745e+01
6.250310201446339420e+01
5.989227139469127792e+01
6.381703171935121333e+01
6.244937422348628786e+01
5.946429767733042127e+01
6.326990996662600253e+01
6.238722824983096160e+01
5.907695930050982724e+01
6.270292744792570971e+01
6.231234003570760649e+01
5.873075863821158293e+01
6.211973721774636914e+01
6.222099009002729275e+01
5.842541855227986503e+01
6.152413746055611909e+01
6.210991467983056680e+01
5.816001100061757967e+01
6.092001899284620237e+01
6.197631633432180820e+01
5.793318550867865468e+01
6.031139031295931829e+01
6.181763297465114704e+01
5.774298326221929045e+01
5.970238045006887972e+01
6.163165503241154397e+01
5.758703144095380111e+01
5.909747951910595276e+01
6.141661468449762395e+01
5.746219799734731026e+01
5.850114204869086620e+01
6.117128157708701508e+01
5.736479156254962675e+01
5.791767819062350497e+01
6.089514121269320412e+01
5.729100376965432417e+01
5.735112959066953664e+01
6.058798826117450176e+01
5.723682463777955576e+01
5.680537824169464045e+01
6.024999685685500594e+01
5.719807530240515092e+01
5.628411813483233317e+01
5.988169784853015187e+01
5.717035624461408361e+01
5.579083201730809094e+01
5.948415316768841166e+01
5.714911795365164693e+01
5.532859941306115559e+01
5.905903119583319949e+01
5.712984120934342513e+01
5.489983842277954551e+01
5.860845246728758440e+01
5.710831149183756850e+01
5.450637026186721101e+01
5.813470600979415082e+01
5.708050863978728273e+01
5.414959735600969992e+01
5.764037853030107783e+01
5.704257930065994486e+01
5.383048645897942919e+01
5.712844766948661857e+01
