1.263360793533923498e+02
1.026793695301300744e+02
1.163455964564032001e+02
1.284145997839708855e+02
1.047822572259943001e+02
1.157795895985499044e+02
1.303392779215877511e+02
1.070949709831572676e+02
1.152123364666829559e+02
1.321153863699676947e+02
1.096082731715154495e+02
1.146664280824836339e+02
1.337326401776940941e+02
1.123231336006593324e+02
1.142250446390534506e+02
1.352358578215680609e+02
1.152256307126771162e+02
1.138497103128658523e+02
1.365416873668930577e+02
1.182601065162761103e+02
1.135771737509704593e+02
1.375950560787530037e+02
1.213077036508090458e+02
1.134891568071093957e+02
1.386018838933175914e+02
1.245670393667073768e+02
1.136117634642196776e+02
1.393597139540526371e+02
1.277602824407741053e+02
1.139176559966151530e+02
1.400352160661496157e+02
1.310570367908542266e+02
1.143987393768893241e+02
1.404630612455327707e+02
1.343786214192665227e+02
1.152621261824157557e+02
1.407765693770253677e+02
1.376607274687713698e+02
1.164416567028445684e+02
1.409841048370898022e+02
1.408383245070573651e+02
1.178082780875294588e+02
1.410694337763432031e+02
1.440292461515108755e+02
1.195526458964436927e+02
1.410483352822648442e+02
1.471049099809332859e+02
1.216280102779004295e+02
1.410510617464063046e+02
1.501935689821538915e+02
1.240303901248129392e+02
1.408405473780647128e+02
1.529213785640899914e+02
1.265878029800408768e+02
1.407592400836322213e+02
1.557809680350329700e+02
1.296205673656406816e+02
1.407094019473773869e+02
1.584642022875395639e+02
1.328512539730705839e+02
1.406833391995729130e+02
1.610894790774778755e+02
1.364135099864197969e+02
1.405764138623430881e+02
1.633336957310729076e+02
1.401611762110744053e+02
1.407447530554605635e+02
1.654874973869582959e+02
1.440743974716603191e+02
1.410914745702097832e+02
1.675294231220957215e+02
1.480928808535171015e+02
1.414442191233429185e+02
1.692854292530658427e+02
1.522275963103058416e+02
1.421149746511238448e+02
1.710400904337321606e+02
1.566446521211742322e+02
1.431508882494941872e+02
1.727410590610502936e+02
1.612763570016070673e+02
1.443978667238380922e+02
1.739502319300505064e+02
1.656687655370923267e+02
1.461889031538835866e+02
1.755066156829780937e+02
1.702900155266700040e+02
1.478913023582486517e+02
1.764913971600510649e+02
1.749903290756197691e+02
1.506156970636708365e+02
1.777468274036268099e+02
1.795085542645076089e+02
1.533757753812114970e+02
1.789351760654543853e+02
1.840842975303786773e+02
1.563669295800081329e+02
1.798677439754655438e+02
1.885745717285193734e+02
1.599216377708553978e+02
1.811457842687668460e+02
1.935088507278340444e+02
1.641809656527720733e+02
1.820123415538134566e+02
1.975296658766318387e+02
1.682726867750484701e+02
1.832721018795602106e+02
2.020433159514709018e+02
1.730345635373160178e+02
1.847869748868017723e+02
2.068003764412623298e+02
1.782295033557293493e+02
1.858151071911304086e+02
2.109081868291506510e+02
1.839936090719514823e+02
1.880180141990343827e+02
2.158470703921045697e+02
1.905087286574749328e+02
1.902581613596290424e+02
2.204651669125316289e+02
1.970248696903105099e+02
1.919905062730376812e+02
2.243579256460269562e+02
2.039579101902738785e+02
1.943672308996620188e+02
2.279315393247691759e+02
2.112565360226504367e+02
1.981466859231135516e+02
2.317873493067129402e+02
2.180725452916640847e+02
2.020697248516281661e+02
2.364302543779484154e+02
2.259208371288381727e+02
2.063037734330095532e+02
2.402451162623222558e+02
2.327960043442191989e+02
2.104094768277398657e+02
2.453830056430606987e+02
2.424981228297163511e+02
2.164791673094970008e+02
2.496029308747166056e+02
2.509790993931409844e+02
2.223568939428473925e+02
2.532212965580594641e+02
2.592839133072018285e+02
2.304898725482121904e+02
2.597945668352861048e+02
2.694988639615454531e+02
2.387744488561468472e+02
2.647728977950520743e+02
2.778540138643052728e+02
2.464511392714638021e+02
2.712385227546827196e+02
2.890955534643933333e+02
2.563290312756709000e+02
2.774965782882074450e+02
3.011630070038094686e+02
2.701923991475787261e+02
2.866721667257203876e+02
3.129575235990541273e+02
2.820016061570645434e+02
2.934526637220016028e+02
3.230237268261381587e+02
2.940986452171472934e+02
3.026986409157356093e+02
3.368460045660600031e+02
3.114730734312201434e+02
3.159632312443952173e+02
3.510913035787780245e+02
3.269281735765147232e+02
3.288274347442918497e+02
3.683919086452980878e+02
3.471650534655543083e+02
3.443868689349939132e+02
3.867515333630867076e+02
3.693700595157167186e+02
3.621120978795854057e+02
4.062321228437949685e+02
3.930640858537583995e+02
3.826702589122093059e+02
4.298763881104466122e+02
4.226083044176797330e+02
4.082766295654262194e+02
4.557908786581833738e+02
4.550915399662666800e+02
4.410048134797970647e+02
4.906229265970688402e+02
4.941310814977287009e+02
4.751184324860192305e+02
5.267014434345320524e+02
5.419731066507586092e+02
5.267656474591437927e+02
5.807061164890060354e+02
6.037519301631432427e+02
5.863957662849629742e+02
6.395270567065217620e+02
6.756469929375292622e+02
6.664153440442236160e+02
7.218537234039611121e+02
7.667393044964752562e+02
7.636729605840049544e+02
8.308859163148083553e+02
8.988652089453656799e+02
9.054503861800719733e+02
9.751210754398465497e+02
1.066662300314012327e+03
1.098199594584549004e+03
1.190562681693842023e+03
1.324959438871095699e+03
1.387516172122233229e+03
1.485128076003184788e+03
1.661841412431962453e+03
1.784660909042419007e+03
1.870697405418397466e+03
1.970207684906458780e+03
1.991267770604597445e+03
1.939776900610467465e+03
1.906405889814248440e+03
1.818696712866263624e+03
1.633008735444675494e+03
1.482403081385555652e+03
1.370659021693873683e+03
1.209532094447953568e+03
1.104562751981643260e+03
1.062890529044389950e+03
9.360325011132968029e+02
8.192249559319153605e+02
8.119653986104875685e+02
7.517857831066513654e+02
6.609275707963329296e+02
6.552946669501516226e+02
6.149893430925740176e+02
5.419743386334916977e+02
5.457583321492696768e+02
5.175492785628675847e+02
4.529096568882205247e+02
4.660953919084286099e+02
4.468305935455509825e+02
3.771532449398652034e+02
3.931639175959323893e+02
3.945315922613996236e+02
3.350589598025543978e+02
3.401922215740395359e+02
3.365867103962061719e+02
2.816842543404327444e+02
3.015602622845833025e+02
3.075013157831035642e+02
2.467913989855415196e+02
2.642267545569864637e+02
2.816117053813836719e+02
2.223783118386691910e+02
2.300992584773485703e+02
2.526948501605921251e+02
2.032333940147135536e+02
2.130273514092276059e+02
2.345777549776402964e+02
1.805059343117012531e+02
1.895516897108663272e+02
2.182030750633304876e+02
1.609854706946338183e+02
1.616949800905498762e+02
2.006610971170559310e+02
1.561109158310395060e+02
1.574704355023441167e+02
1.945082306518162056e+02
1.471855113338463354e+02
1.415373040366596911e+02
1.833156133917062789e+02
1.370525345113244668e+02
1.210577045326856620e+02
1.681593096466904171e+02
1.295606343360948642e+02
1.115250325540341692e+02
1.599312739513545694e+02
1.256310709363611267e+02
1.030241393677326727e+02
1.502942175926193897e+02
1.173557353459951145e+02
9.287589286103943209e+01
1.452832022078131899e+02
1.170198553704564972e+02
8.351733568982879774e+01
1.330721058577918541e+02
1.083273200037195210e+02
7.902762443278389526e+01
1.299140256265700373e+02
1.035981232421819129e+02
7.015102220815514045e+01
1.284167870811721457e+02
1.062662146662827922e+02
6.221853880594849073e+01
1.214071816825197772e+02
1.061848737959158768e+02
6.195043636414186494e+01
1.151406802386297841e+02
9.889322114727880830e+01
5.820249603820647621e+01
1.199666339052886457e+02
1.053639783545099675e+02
4.840594867915388733e+01
1.127750513704721840e+02
1.054917474439116774e+02
4.346446103225334667e+01
1.057597600754841380e+02
1.030974019196355016e+02
4.518188807615309344e+01
1.073661535011340789e+02
1.068030745381532824e+02
3.992564560745640989e+01
1.001589699400870472e+02
1.039640308988085877e+02
3.718411683781999244e+01
1.010641838175166214e+02
1.100272732533023827e+02
4.072615455476466195e+01
9.446299351255392196e+01
1.075328969092166318e+02
3.805082211799327041e+01
8.920305663689394748e+01
1.053887866558506943e+02
4.378650066764172522e+01
9.465714485115877608e+01
1.101721963423717483e+02
4.061721221102308732e+01
9.065795116142541588e+01
1.118134954061567612e+02
3.966234144796517569e+01
8.526790481947816147e+01
1.117388000926618474e+02
4.228797189690030933e+01
8.436047909392320321e+01
1.147749300057247268e+02
4.919534408426036975e+01
8.392640955707398120e+01
1.167643620008698804e+02
5.145563875382582353e+01
7.986478229285727082e+01
1.160700764678899333e+02
5.378335872729182654e+01
8.082358033786185558e+01
1.175309953632299766e+02
5.309646639056612116e+01
8.395648613147237427e+01
1.255629671155821114e+02
5.770244891714352065e+01
7.778880618013911885e+01
1.285140521890354535e+02
6.571852219148266272e+01
7.319232245016490879e+01
1.280067231674425727e+02
6.986083378383652587e+01
7.639419574740908558e+01
1.335160501680475420e+02
7.580041892624299749e+01
7.518063547637957811e+01
1.382053308851505449e+02
8.219929722462914867e+01
6.876835129396707202e+01
1.393448455539708561e+02
8.956072511902884514e+01
6.807437855109066049e+01
1.398508099268219382e+02
9.142182441275051019e+01
6.946593041942490743e+01
1.483594736473777402e+02
1.041191019531639199e+02
6.640801723359997766e+01
1.472404219866188839e+02
1.058917709695127769e+02
6.911660434407637865e+01
1.574504311289268799e+02
1.192892235248091026e+02
6.129291238157084365e+01
1.560588347763517447e+02
1.260231747218967229e+02
6.536817027936629643e+01
1.605482386463115461e+02
1.337820253792765470e+02
6.798621337461155179e+01
1.692371094460987990e+02
1.485668664514727482e+02
6.729860730871001806e+01
1.695251664458860432e+02
1.566670848400972886e+02
6.837249609313201404e+01
1.724512041594779816e+02
1.667536756127033186e+02
7.173086545884865473e+01
1.766585285576366573e+02
1.793807047195404323e+02
7.712731732379975824e+01
1.780553535532767455e+02
1.896538388748148520e+02
8.582942415433103633e+01
1.830135560592590309e+02
2.021659751645446761e+02
9.326801730710042193e+01
1.866339968722456604e+02
2.149639438415994164e+02
1.007952907497621453e+02
1.896594220313585595e+02
2.297335225016957452e+02
1.134996757361956270e+02
1.920337728652353633e+02
2.440563586719180762e+02
1.287534036509314035e+02
1.945035922804429447e+02
2.563432091958145520e+02
1.398176315781747689e+02
1.976394431130777321e+02
2.728821368922072566e+02
1.577882065607050777e+02
2.003977231243810877e+02
2.879067284871193237e+02
1.744430430157006811e+02
2.040133759491608885e+02
3.065186554474085483e+02
1.953015548290451875e+02
2.007636853788756355e+02
3.186883349760086617e+02
2.155379994223277720e+02
2.041766045113393488e+02
3.359685880753182232e+02
2.409907601774878572e+02
2.063691809932684862e+02
3.491590442524611717e+02
2.632516732524284180e+02
2.132756157293661659e+02
3.688278605532053120e+02
2.902979408498038651e+02
2.108808728082996424e+02
3.804099019693829860e+02
3.164058458438894945e+02
2.167589012130239610e+02
3.962869168155001489e+02
3.463756530538237826e+02
2.248747402231527985e+02
4.123155095715907805e+02
3.780848539041699041e+02
2.321412286470076367e+02
4.247400393858345637e+02
4.099600484541051060e+02
2.476233646527776102e+02
4.405144473029071719e+02
4.431790884508193358e+02
2.649896098207588579e+02
4.611356607826116942e+02
4.843361968149123982e+02
2.841559983072905311e+02
4.754538168780363776e+02
5.242674229833671689e+02
3.126117994649830507e+02
4.969406390990119462e+02
5.704307089054332209e+02
3.409821013995065186e+02
5.125308233014768575e+02
6.165149849814097252e+02
3.765483949014998757e+02
5.340088246363237658e+02
6.722639116786670002e+02
4.251381057444181124e+02
5.559559507760704946e+02
7.271662577171146040e+02
4.731934467465345051e+02
5.834273723682647415e+02
7.963513829578583909e+02
5.375793620521492358e+02
6.106936973191454854e+02
8.694878552280074473e+02
6.120581961937626829e+02
6.413173181245466594e+02
9.492947800120108468e+02
6.972332018157427456e+02
6.764485241236847060e+02
1.038186519908353830e+03
7.978917117752407648e+02
7.314144065442599185e+02
1.154433456213469526e+03
9.246278491854121739e+02
7.875316171231380622e+02
1.285752609310565504e+03
1.083528611508320864e+03
8.679070516590116995e+02
1.443565763366992087e+03
1.274899197747582321e+03
9.728925642942822378e+02
1.647769848656249906e+03
1.528676988594326531e+03
1.120607891583696528e+03
1.917351826731878873e+03
1.872627325516794599e+03
1.339679243353764150e+03
2.301313192953784892e+03
2.371204658428001494e+03
1.666769286494333073e+03
2.872846856945081072e+03
3.150703974580895192e+03
2.229175743771172620e+03
3.862280015806677966e+03
4.571142553414144459e+03
3.343061754472072607e+03
5.967813093043969275e+03
7.997405091323018496e+03
6.528651272633859662e+03
1.317501073067580182e+04
2.503474986463328241e+04
3.180098379133259732e+04
2.898352213648184625e+04
1.841939269816403248e+04
7.885750051733918554e+03
7.484413768194453041e+03
7.306923924904797786e+03
3.989038504402211856e+03
4.118417864951306910e+03
4.572442233959811347e+03
2.733044856996052658e+03
2.790342403375025242e+03
3.344275653444728505e+03
2.130804879732118934e+03
2.088528746772200975e+03
2.642674364376432095e+03
1.769243428022619355e+03
1.638223792602063440e+03
2.173170677293880544e+03
1.523946038690994328e+03
1.336785915816231409e+03
1.848407546119109156e+03
1.360821436015073459e+03
1.124380063299735866e+03
1.599419450564725821e+03
1.228940664926468571e+03
9.622365849151399289e+02
1.407531356862886923e+03
1.132588816149598415e+03
8.442393928876242626e+02
1.251303971673693013e+03
1.048714609577439433e+03
7.499728554731287886e+02
1.127468309990813850e+03
9.872582551729435636e+02
6.753848600878960724e+02
1.014225812485612892e+03
9.269316048558470129e+02
6.177694399337198092e+02
9.216604704275665654e+02
8.767080664395977010e+02
5.704889016552034491e+02
8.404511499117279527e+02
8.336800376878126144e+02
5.358413379342289318e+02
7.698947741519618830e+02
7.947787572493435846e+02
5.068365653668869868e+02
7.057475453214441359e+02
7.591732224253762524e+02
4.851114837221943503e+02
6.485287512830971082e+02
7.267089708204828185e+02
4.694994340884398412e+02
5.957837077798055816e+02
6.932861045277035146e+02
4.553064615527344472e+02
5.504055985795876040e+02
6.647150055522830598e+02
4.458375634364194866e+02
5.086173144136803899e+02
6.364743543815501425e+02
4.377433037205250912e+02
4.710860489097476034e+02
6.100266396341016844e+02
4.316316709077358382e+02
4.367821096636155289e+02
5.842955267927318346e+02
4.269583947607576988e+02
4.062968341771220935e+02
5.592032437135518421e+02
4.223302476948471735e+02
3.790341278007054484e+02
5.356493467908446746e+02
4.191803840657979663e+02
3.549540685237043931e+02
5.123642628571699333e+02
4.158379550021682576e+02
3.336963726694493175e+02
4.893892510532199367e+02
4.113865436319390483e+02
3.136898011773705548e+02
4.672738531111060070e+02
4.090245945589082339e+02
2.991882989600584324e+02
4.458928680871660504e+02
4.050727688614699673e+02
2.859283851645922141e+02
4.253412752713899181e+02
4.016278850566831125e+02
2.754795173273523687e+02
4.049869627097951366e+02
3.973187693662802644e+02
2.668765264435942868e+02
3.850595546584801241e+02
3.926026704455424579e+02
2.606444273832206022e+02
3.659964677562747397e+02
3.875292133729832358e+02
2.560698919593128267e+02
3.474059136697876511e+02
3.819808683226349331e+02
2.532344982403352560e+02
3.294914498114936237e+02
3.757921375239790223e+02
2.516019077157113770e+02
3.126191735434028374e+02
3.695342922807443529e+02
2.510603319695403854e+02
2.960624570251333694e+02
3.625514900094740938e+02
2.514679864206272839e+02
2.804985546786642203e+02
3.551006073490101471e+02
2.523615021645416050e+02
2.658166110652528573e+02
3.472660838653308701e+02
2.536555443952342159e+02
2.521218456675039477e+02
3.392010713243491864e+02
2.553601547929352478e+02
2.393033933321340783e+02
3.305911698792321545e+02
2.570870503669917184e+02
2.275946104863049015e+02
3.216317097962559046e+02
2.587447271567520488e+02
2.170635878102268634e+02
3.124425796189962057e+02
2.603158845816337248e+02
2.077101943717646861e+02
3.029717621778652870e+02
2.616615372696144846e+02
1.995965464026391771e+02
2.932761316292767333e+02
2.627239564947265649e+02
1.927801866507553541e+02
2.833926397192050217e+02
2.633798387913991519e+02
1.871995972439300999e+02
2.734068137472316948e+02
2.636407817012116084e+02
1.828042523189464532e+02
2.633555354469834811e+02
2.635474906402672559e+02
1.796506739198004254e+02
2.532353311787111636e+02
2.629313898886430820e+02
1.775433535503713074e+02
2.431440266014428460e+02
2.618741828349598677e+02
1.764714962744762659e+02
2.331405066877346144e+02
2.603343035902228166e+02
1.762747297730124671e+02
2.232646675919908432e+02
2.582697786323397509e+02
1.767189435521180485e+02
2.134890814530177749e+02
2.556739279142573480e+02
1.779382790763922628e+02
2.043872902066689505e+02
2.529206291925266896e+02
1.796916719511489475e+02
1.954593564813968385e+02
2.495657813689532816e+02
1.816048835960399401e+02
1.867736257766339918e+02
2.457017538542021384e+02
1.837631552823017387e+02
1.786175205254146192e+02
2.414378209637984867e+02
1.860487761181187238e+02
1.710207594958498873e+02
2.367769507901522843e+02
1.883686119694721697e+02
1.640959532997448775e+02
2.317733192375413864e+02
1.906281598550665706e+02
1.578512606744388904e+02
2.263989716833073658e+02
1.926988281603001099e+02
1.523428210280304995e+02
2.207351020285661320e+02
1.945766540369240261e+02
1.476487097578112184e+02
2.148537579565983435e+02
1.962551307131510328e+02
1.437438093994371400e+02
2.086741617831269764e+02
1.976156717295313285e+02
1.407316938031962934e+02
2.023483964206711221e+02
1.986636546130051215e+02
1.385118740003759115e+02
1.958345488025196346e+02
1.993378346334991704e+02
1.370824477973472995e+02
1.892153057927488931e+02
1.996469643552185289e+02
1.364003014225152128e+02
1.825197599494269696e+02
1.995514547640906926e+02
1.363862083435617194e+02
1.758298221373783861e+02
1.990883834791374909e+02
1.369819976915465816e+02
1.691694495445151460e+02
1.982211742435461019e+02
1.380863689391546529e+02
1.625974788559171600e+02
1.969397414102999448e+02
1.396042226535768123e+02
1.562308992056619275e+02
1.953011473635868356e+02
1.414071991029053947e+02
1.500223933470989550e+02
1.932635774910201576e+02
1.434430222455511341e+02
1.440922790282914150e+02
1.908543417195024574e+02
1.456167715633840771e+02
1.385012979687278971e+02
1.880965869316093517e+02
1.478586931401241600e+02
1.332999683951009047e+02
1.849847879330332319e+02
1.500768733152309835e+02
1.285562799303836528e+02
1.815569296534734463e+02
1.522202635291454555e+02
1.243272444109083210e+02
1.778440705058922617e+02
1.542438612434830247e+02
1.206462545076125394e+02
1.738535661563755639e+02
1.560982394273269733e+02
1.175659186275620556e+02
1.696146514082865053e+02
1.577336700501443829e+02
1.151031291642333230e+02
1.651627905211486791e+02
1.591273772839092260e+02
1.132719575256852949e+02
1.605265616745299724e+02
1.602469779207714282e+02
1.120641058023804959e+02
1.557466189953749733e+02
1.610762783326342173e+02
1.114521433546241553e+02
1.508565366861449775e+02
1.615980584020839785e+02
1.113929551694132414e+02
1.458940771832766927e+02
1.618038921386710740e+02
1.118382603272593769e+02
1.408991336465238078e+02
1.616838106115000642e+02
1.127279117301900015e+02
1.359196303281081839e+02
1.612328920079106069e+02
1.139873633951710445e+02
1.310000372854552211e+02
1.604483440311914251e+02
1.155406219130991303e+02
1.261924664669122365e+02
1.593390224637228698e+02
1.173178201308284230e+02
1.215428124476378002e+02
1.579070155839919494e+02
1.192493294285016532e+02
1.171055620459259785e+02
1.561620709609086646e+02
1.212709188120023356e+02
1.129354180492408517e+02
1.541156071205948024e+02
1.233194572717457191e+02
1.090797736997704988e+02
1.517797028784245583e+02
1.253433105504069545e+02
1.055932030000547854e+02
1.491705811850399925e+02
1.272901194643124114e+02
1.025182239359634764e+02
1.463083838501012792e+02
1.291205854794328332e+02
9.989360187593251794e+01
1.432135919770218493e+02
1.308002479133680822e+02
9.775023398534784747e+01
1.399071633327576762e+02
1.322974072549421862e+02
9.610933568439148189e+01
1.364129156910611016e+02
1.335809271723376810e+02
9.497452865387190002e+01
1.327632532612063869e+02
1.346344397645468973e+02
9.433695478433541837e+01
1.289850953143167374e+02
1.354377296489652167e+02
9.417093346024300615e+01
1.251118513867926652e+02
1.359808689015154641e+02
9.444078087353075546e+01
1.211758474995034192e+02
1.362566162679514150e+02
9.510304384171902825e+01
1.172065656762992063e+02
1.362524997250666274e+02
9.610732505612037357e+01
1.132500012889349676e+02
1.359712935589309950e+02
9.739819395274024316e+01
1.093401068129422669e+02
1.354061133508202772e+02
9.891876528627612686e+01
1.055247274819590757e+02
1.345530967220895491e+02
1.005944165685254319e+02
1.018490128817948914e+02
1.334317431538618166e+02
1.023861021694258397e+02
9.835836323114421020e+01
1.320399403733934207e+02
1.042288729552087574e+02
9.509607106323488779e+01
1.303927992030579617e+02
1.060805081743116176e+02
9.210487067680229245e+01
1.284998372651517116e+02
1.078984841405203099e+02
8.942649296526147396e+01
1.263710075434319009e+02
1.096409120040758012e+02
8.710073622387142223e+01
1.240241579460644488e+02
1.112747929399590561e+02
8.516072954491994551e+01
1.214782190112643434e+02
1.127702536238309392e+02
8.362777981756019585e+01
1.187517687789311793e+02
1.141007146812305706e+02
8.251397271044547210e+01
1.158682520741579793e+02
1.152472632422938403e+02
8.181984770795320117e+01
1.128487145149219373e+02
1.161912744124291379e+02
8.153676319083177759e+01
1.097201932871798675e+02
1.169190100893503512e+02
8.164278927686552834e+01
1.065097951087002741e+02
1.174184948205331409e+02
8.210556458400482427e+01
1.032475610003067317e+02
1.176813069374161671e+02
8.288452909857012685e+01
9.996624986301185345e+01
1.177032631277723738e+02
8.393423384180857738e+01
9.669916519682719525e+01
1.174813480659874330e+02
8.520563520234483690e+01
9.348188271306918296e+01
1.170157488497112297e+02
8.664999514727681174e+01
9.035132436843717585e+01
1.163072513829527139e+02
8.821805717719531970e+01
8.734743518751101021e+01
1.153609080449109854e+02
8.986358968240870126e+01
8.450973568195698249e+01
1.141824519515956382e+02
9.154225797393844744e+01
8.187778231456704248e+01
1.127804671488552088e+02
9.321393099726817866e+01
7.948905455505325790e+01
1.111648771936145010e+02
9.484273172907722937e+01
7.737922709691517298e+01
1.093479615451261537e+02
9.639733907009924962e+01
7.558001387509503388e+01
1.073430382067020901e+02
9.784881588379479922e+01
7.411638319150986831e+01
1.051657525335350272e+02
9.917276162913933035e+01
7.300620009900846696e+01
1.028337205015710794e+02
1.003478673008224717e+02
7.225751956404165810e+01
1.003665121827766171e+02
1.013559957760972878e+02
7.186714644491988224e+01
9.778557795051405321e+01
1.021837643444743833e+02
7.182364561931419189e+01
9.511340772580696523e+01
1.028188036490654014e+02
7.210510303214114458e+01
9.237488772910226942e+01
1.032520857789765927e+02
7.268207503875622422e+01
8.959690483640581249e+01
1.034767895091100627e+02
7.351837463937117434e+01
8.680817995350466276e+01
1.034885514304722420e+02
7.457377496387766769e+01
8.403957525364097592e+01
1.032855678984977601e+02
7.580565487504529187e+01
8.132282412904882563e+01
1.028679533417698906e+02
7.717173424752751032e+01
7.869132481895002229e+01
1.022374230154403278e+02
7.863048396807381835e+01
7.617982749055012448e+01
1.013976520802859795e+02
8.014209493425984476e+01
7.382353798221717511e+01
1.003545411177481412e+02
8.166988993373443861e+01
7.165716101920658332e+01
9.911544295425085238e+01
8.317993921320940842e+01
6.971392213450955921e+01
9.768992708503692768e+01
8.464215963266921960e+01
6.802387825371053509e+01
9.608869801343305994e+01
8.602957411402707066e+01
6.661305265995319758e+01
9.432443256926192987e+01
8.731863054894832032e+01
6.550146703861058484e+01
9.241123405097020793e+01
8.848857712304368306e+01
6.470172943594779724e+01
9.036519950079464536e+01
8.952188557209214537e+01
6.421781124423355891e+01
8.820394358484014674e+01
9.040390751255793589e+01
6.404484508422999056e+01
8.594660441040826981e+01
9.112257147017945158e+01
6.416958802823255326e+01
8.361415977490393914e+01
9.166814633736625240e+01
6.457103323791285732e+01
8.123046640975898924e+01
9.203551821880859052e+01
6.522062711041756700e+01
7.880567633255664362e+01
9.219825993544651510e+01
6.607763617339465156e+01
7.639504973101325902e+01
9.218729773813714701e+01
6.712010081644861259e+01
7.400718993286287173e+01
9.198243844301083527e+01
6.830241072838731498e+01
7.167360663918901764e+01
9.158645367211269672e+01
6.958870953105959245e+01
6.942459655903951443e+01
9.100146865481139002e+01
7.094369286373658667e+01
6.729138067844435511e+01
9.023082548846080897e+01
7.233343352770508261e+01
6.530570287600697554e+01
8.927968136211258354e+01
7.372615708336226703e+01
6.349893011775303364e+01
8.815539983736863405e+01
7.509276773924206339e+01
6.189993596572104906e+01
8.686699811070182875e+01
7.640734607348828433e+01
6.053394140901495746e+01
8.542485715916923539e+01
7.764748298377908498e+01
5.942197956616797683e+01
8.384039665437501299e+01
7.879338451763960904e+01
5.857967360652855149e+01
