1.519918648918590236e+02
1.540856777019482138e+02
1.536264573177520276e+02
1.538745174292671152e+02
1.560330431220745879e+02
1.557610164682551215e+02
1.559009750347037766e+02
1.580944351083599315e+02
1.579720174787333349e+02
1.580203156062919732e+02
1.602701320302408590e+02
1.602862607100248908e+02
1.601837647666493183e+02
1.624543579468132464e+02
1.626625830598258347e+02
1.624444842068544119e+02
1.646915631041508448e+02
1.651008949623214903e+02
1.648468518178680711e+02
1.670739083814917763e+02
1.675922730502609852e+02
1.672379398787214768e+02
1.694964247429977036e+02
1.701981978354615705e+02
1.696906591744259174e+02
1.719186519908447224e+02
1.729203880516160723e+02
1.723251215309421696e+02
1.742956730740600904e+02
1.754094260935505361e+02
1.749171125080099500e+02
1.769784401747433265e+02
1.783285309005189276e+02
1.777982774251560727e+02
1.797718482747505107e+02
1.813207371296606709e+02
1.807349600811253652e+02
1.825052918260755632e+02
1.842332649840762713e+02
1.837714328698563122e+02
1.854800480811620389e+02
1.873435555967524806e+02
1.868796226874147521e+02
1.884328331607192979e+02
1.904753080224048460e+02
1.901818054826087803e+02
1.916761872225786476e+02
1.938346373212873459e+02
1.936341062782308029e+02
1.950309823930216453e+02
1.972556442628633135e+02
1.971186634010697389e+02
1.984616888654892648e+02
2.008394380354040152e+02
2.008136021884261311e+02
2.020659753109286498e+02
2.045780937257994765e+02
2.047742366475671076e+02
2.060467074487461048e+02
2.085806107158230134e+02
2.087116591305565976e+02
2.098420434251925144e+02
2.125274549505389245e+02
2.128135117653342832e+02
2.138821569181786515e+02
2.167552417843257899e+02
2.173189722926897218e+02
2.183632225354514276e+02
2.212837637854661352e+02
2.220000340389192104e+02
2.229307524991670562e+02
2.257366645046592168e+02
2.266163690228533767e+02
2.278530992290657480e+02
2.308870979475964305e+02
2.316252559457418556e+02
2.325773084066767069e+02
2.357427806370482699e+02
2.367325330182978291e+02
2.378152833892166882e+02
2.413791125828567203e+02
2.425862336017040093e+02
2.432291035142611122e+02
2.466151190593278955e+02
2.483488991924476466e+02
2.494828701501033379e+02
2.529781224547248257e+02
2.545635825089891568e+02
2.556216807205135808e+02
2.594842132877940344e+02
2.612110626064988423e+02
2.618190045255098539e+02
2.659501618098584004e+02
2.686921262024342241e+02
2.692289929407683644e+02
2.724306864081417530e+02
2.753905300723197911e+02
2.771442087571902562e+02
2.807670747534676252e+02
2.830186788865011636e+02
2.843149668707004594e+02
2.886393250104854360e+02
2.918908405985548029e+02
2.933736695540299593e+02
2.972695748442487798e+02
3.003338158967623031e+02
3.022875490279452606e+02
3.069346608184212641e+02
3.103081551536540132e+02
3.123504231434628764e+02
3.172410589366821227e+02
3.203773187161186797e+02
3.221330435396245093e+02
3.278310892914675492e+02
3.315129528229583684e+02
3.326987479041030724e+02
3.390211746666272461e+02
3.445535615223805053e+02
3.457899418459032859e+02
3.503996253681514759e+02
3.554058940113170024e+02
3.584962756036024416e+02
3.658814972708096889e+02
3.717188626788466763e+02
3.732490722285654101e+02
3.797473939313418896e+02
3.865263097717154892e+02
3.890346792092095711e+02
3.960775605590238229e+02
4.029382491161554753e+02
4.053378739370428434e+02
4.141399579093236412e+02
4.235830838980920703e+02
4.258757485164942409e+02
4.330973976408793078e+02
4.425328795524201269e+02
4.459677419850995079e+02
4.551560772672134476e+02
4.667535796816021048e+02
4.712829558077978618e+02
4.818044441921559269e+02
4.945959652514287086e+02
4.981381752159825851e+02
5.095613063495102324e+02
5.273995297891938208e+02
5.334835229896925739e+02
5.431464586670297194e+02
5.607634538467524408e+02
5.686543131721034570e+02
5.799405595867825696e+02
5.993068224176919330e+02
6.093837117923436608e+02
6.250157902638864016e+02
6.497051191241610013e+02
6.613207357393986285e+02
6.774913518645413433e+02
7.059479613672280038e+02
7.202493437944616517e+02
7.396975276269319011e+02
7.764088073637590242e+02
7.963934260860736458e+02
8.185859577233727578e+02
8.653524696018233726e+02
8.983269912906263244e+02
9.279147116634774193e+02
9.783000744683629364e+02
1.014195158497243028e+03
1.056053115495078373e+03
1.133463775309141738e+03
1.191509964840519842e+03
1.247181054042478308e+03
1.348566891355717871e+03
1.432553588522715245e+03
1.515251732794868985e+03
1.669426902497628816e+03
1.812409972513825551e+03
1.947616513875373812e+03
2.198396182435431456e+03
2.485655910979126475e+03
2.797058174946192594e+03
3.314204499424978167e+03
3.967653574286463027e+03
4.761228228037978624e+03
6.035358802167960675e+03
7.532795926826904179e+03
8.318523340746301983e+03
7.801207139672241283e+03
6.300003822569402473e+03
4.781170935724920128e+03
3.858474271308394691e+03
3.232231302802112168e+03
2.682170407553384848e+03
2.329263143810095244e+03
2.056794299845263140e+03
1.789641055970745811e+03
1.636261511353573496e+03
1.512096197496657169e+03
1.352048470288910721e+03
1.250993527613285778e+03
1.166319638487202610e+03
1.048598221274857906e+03
9.786747489992317242e+02
9.271866372068594728e+02
8.494038651307951113e+02
8.123505712881459431e+02
7.845775611446965740e+02
7.218434533387188594e+02
6.922742625969746086e+02
6.767328203511500533e+02
6.263946443833449393e+02
5.991016682534323081e+02
5.846870074055508439e+02
5.367321322571510791e+02
5.121411212658697423e+02
5.096909881064131014e+02
4.763537762327407563e+02
4.549569315595243211e+02
4.527955225341877394e+02
4.272355493127061550e+02
4.109825683937295935e+02
4.032649550460935188e+02
3.713988400101525826e+02
3.628843256456617610e+02
3.690318614332400102e+02
3.355872600914593704e+02
3.159924456040478162e+02
3.285023496781597601e+02
3.094705233829781719e+02
2.927607382776702707e+02
3.006637430750706130e+02
2.779451399305120844e+02
2.619970808665257778e+02
2.821049331987842379e+02
2.672512866719887370e+02
2.372906169625113648e+02
2.462112214042570315e+02
2.402690496466927357e+02
2.201715455049759669e+02
2.279580651882405675e+02
2.203239262765558522e+02
2.007778195657128890e+02
2.117608726940052009e+02
2.078545172641205454e+02
1.859844447562746268e+02
1.940299482556934834e+02
1.944197692887397011e+02
1.751277052540811781e+02
1.798072180750940561e+02
1.803572131953706332e+02
1.630005801468217612e+02
1.671403537224314277e+02
1.697673466743580093e+02
1.565015047904898893e+02
1.585339491617924352e+02
1.547984913222496175e+02
1.391824792839052805e+02
1.482538893416880228e+02
1.507153530570017494e+02
1.315721450439414184e+02
1.335669342405878695e+02
1.372845016780458991e+02
1.236110229162826073e+02
1.293199585396344276e+02
1.346008897042192132e+02
1.220481391166813978e+02
1.274961567944691012e+02
1.307002459847942646e+02
1.123542626269885858e+02
1.154626292524254012e+02
1.242577644950269047e+02
1.090316301343933105e+02
1.070372508815973305e+02
1.132999233058238531e+02
9.989132064793697907e+01
1.005260659450069483e+02
1.091632099425510347e+02
9.760377802245379542e+01
9.672680529293180030e+01
1.035149582108195858e+02
9.205660820962624769e+01
9.186758059193066117e+01
9.940854941666523814e+01
9.025691981185785551e+01
9.195105067630217377e+01
9.713589478279789091e+01
8.449694936161878900e+01
8.796981711856467712e+01
9.579826325682657284e+01
8.131986860025580199e+01
8.574195021240463177e+01
9.828082733382289859e+01
8.077503064733490135e+01
7.482046275406050029e+01
9.056075709243214078e+01
8.196651773971137800e+01
7.575536082035358731e+01
8.372278264281271731e+01
7.351766961200712558e+01
7.575409757420621304e+01
8.835748463518807228e+01
7.385187571274435925e+01
7.212387514815395662e+01
8.999292419648494956e+01
7.889978521444565729e+01
7.331950216492469963e+01
8.939234204560736430e+01
7.505299121891994218e+01
6.178171952162385594e+01
8.460586981552638974e+01
8.148398985562670305e+01
7.035514180058511613e+01
8.573762965380456080e+01
7.977932921203159822e+01
6.385294144559078688e+01
7.896631354118572688e+01
7.842821997739171991e+01
6.774189817487197729e+01
8.224023631692607239e+01
8.223006746459392957e+01
6.999017270238695687e+01
7.861725097379039084e+01
7.676955900052163884e+01
6.705295980364169850e+01
7.667294621204932525e+01
7.369846137404523745e+01
6.922230818190659818e+01
8.572754313003719062e+01
8.126881454263613591e+01
6.825807032152721376e+01
8.398273504112064813e+01
8.261769315280686499e+01
6.840627113238581103e+01
8.466277427851558457e+01
8.774846444681318758e+01
7.268392633003219316e+01
7.997071340105745207e+01
7.839095352941549777e+01
6.673918223027757790e+01
8.603097904215746894e+01
9.159913102581823807e+01
7.774947340300148824e+01
8.764150829511423524e+01
9.102456062123221159e+01
7.804828080554558767e+01
8.695694315820327347e+01
8.840261000258468016e+01
7.738033538378550702e+01
9.243072000496529483e+01
9.431255902176567929e+01
7.936618046488368350e+01
9.781421696010961853e+01
1.050621244416092708e+02
8.516629610637248504e+01
9.478677147566523331e+01
1.048481304814606716e+02
8.874502710487470836e+01
9.502914150098976620e+01
1.040826053788024979e+02
9.353338290724819615e+01
1.036944927420170899e+02
1.077153773026416985e+02
9.201316312679767861e+01
1.111515574301411107e+02
1.244354428290263712e+02
1.034098326369208678e+02
1.074269493769792092e+02
1.200484463530494992e+02
1.069548370697602024e+02
1.193676915171835304e+02
1.318042519366929355e+02
1.116077148759731159e+02
1.215560193351327030e+02
1.405376893736342367e+02
1.224955615776049740e+02
1.279251016899724362e+02
1.483689438032136820e+02
1.323439617188996351e+02
1.338281124779682898e+02
1.528296728286702830e+02
1.390940652248292508e+02
1.452856306036481158e+02
1.671807421491055834e+02
1.505212586941267432e+02
1.510603159879537998e+02
1.747939456296929563e+02
1.606104850421120034e+02
1.620116376364069026e+02
1.879841349387999117e+02
1.719956914297256390e+02
1.695362294827281460e+02
2.007396779314227331e+02
1.882914335593171700e+02
1.807414311616652753e+02
2.127440424149569651e+02
2.048226452340110200e+02
1.952164658860954489e+02
2.256707629388028238e+02
2.206565423823222432e+02
2.129379643791606043e+02
2.427760766811380506e+02
2.347474089232811139e+02
2.258373296522762530e+02
2.615719170128013502e+02
2.534619261938024124e+02
2.390764950632172088e+02
2.836456056354055022e+02
2.857127602594743507e+02
2.675229646738000611e+02
3.093094023298949651e+02
3.147933206572551512e+02
2.925011144691544587e+02
3.331122273701740824e+02
3.433205759606557308e+02
3.201040119012349692e+02
3.633628807458523511e+02
3.806808477446044776e+02
3.549996429464757739e+02
3.946139699018372653e+02
4.154217581677914382e+02
3.906469537431972299e+02
4.338118945419486749e+02
4.578861177635563990e+02
4.290584320823744520e+02
4.821655037706408393e+02
5.217092831732546756e+02
4.838438930869526189e+02
5.245703286624552675e+02
5.750844959574977793e+02
5.419020801504176461e+02
5.808912924338441144e+02
6.416919655701146894e+02
6.163091899692419702e+02
6.623964963533167065e+02
7.313746808428705890e+02
6.985691019942735238e+02
7.498689373624468999e+02
8.473143327787377075e+02
8.193045069128593241e+02
8.673831412157826435e+02
9.923853593275459843e+02
9.782469289663850986e+02
1.027602245096461729e+03
1.181396600734857429e+03
1.184040380263453244e+03
1.249570739267381214e+03
1.457704315853238768e+03
1.484837762816591521e+03
1.557087962219837209e+03
1.839361125149639292e+03
1.933430409028379700e+03
2.093244050868857357e+03
2.575967677283133071e+03
2.840721167383590000e+03
3.198198059538143298e+03
4.161109685398584588e+03
4.954168767066089458e+03
5.988040139472714145e+03
8.730143415023372654e+03
1.185573942324609197e+04
1.299905811792160239e+04
1.133264821042733638e+04
8.120584488950360537e+03
5.771681778302762723e+03
4.905791161936866956e+03
4.021022269042790413e+03
3.211599633524266665e+03
2.993502334549211355e+03
2.661058803159733998e+03
2.236546671498127580e+03
2.152449020592099714e+03
1.985034605367795393e+03
1.708715729186098315e+03
1.679077337323529946e+03
1.591922546204521723e+03
1.386624731125734797e+03
1.377660533034427999e+03
1.343065027090983449e+03
1.182980575130699208e+03
1.164296051170434339e+03
1.147286456062970956e+03
1.026234739671597708e+03
1.019544724469210678e+03
1.016121904116827068e+03
9.079325106806134045e+02
8.986360075758885841e+02
9.135207530645768657e+02
8.275866459178271271e+02
8.115537641893675982e+02
8.275722947406233061e+02
7.539043107979131264e+02
7.360536338456124668e+02
7.571693116877258944e+02
6.956453584426565158e+02
6.757066775536218302e+02
6.994261279583289479e+02
6.471338307431456087e+02
6.231933940614728726e+02
6.465505154457310937e+02
6.027152093522014411e+02
5.797398550232985599e+02
6.063303625886443342e+02
5.693084970464205981e+02
5.416885898082342692e+02
5.677379293261706152e+02
5.394927506003793951e+02
5.112352347181458185e+02
5.347069471325642098e+02
5.110252456595644617e+02
4.820824217629697728e+02
5.054819952064378299e+02
4.875921832639560876e+02
4.575863068698948268e+02
4.792745609586160640e+02
4.661467337142509564e+02
4.344526693268438180e+02
4.532324129307844487e+02
4.454938311478545074e+02
4.153030993562016988e+02
4.319464918347721323e+02
4.278419465652951885e+02
3.981462531321167830e+02
4.120642246533553816e+02
4.107258842358673974e+02
3.818488092487804693e+02
3.945331519809736847e+02
3.970565677554412787e+02
3.687181411459210949e+02
3.778871410207684676e+02
3.828999923659364981e+02
3.560894878078539136e+02
3.624880594785744279e+02
3.693367175796481661e+02
3.442566814208897767e+02
3.486189179009961094e+02
3.568157087215076331e+02
3.327581924502013067e+02
3.354640226681090667e+02
3.459272920117628587e+02
3.232407373034357647e+02
3.234978930503976926e+02
3.357680513159385214e+02
3.146213759709774536e+02
3.116659015471508951e+02
3.251988687825556212e+02
3.068800038640948173e+02
3.014591279871569895e+02
3.148726705456281252e+02
2.987571381617072461e+02
2.918553309070576347e+02
3.056512811670759220e+02
2.916787682114710947e+02
2.829673057358665460e+02
2.965490000638193351e+02
2.848223302452868779e+02
2.750307655709695496e+02
2.883989790657059302e+02
2.785480163945316576e+02
2.674538425711532454e+02
2.804450641223846787e+02
2.726580440077502772e+02
2.604864052400339460e+02
2.726937961844007532e+02
2.667758256160764176e+02
2.539312459245428784e+02
2.654458911866822177e+02
2.611526052041138541e+02
2.474765906586139863e+02
2.583578040946858323e+02
2.561355514335583052e+02
2.419374626408834672e+02
2.517017029823917653e+02
2.512403191972719583e+02
2.366029089679737751e+02
2.450351748313602798e+02
2.463754112839952768e+02
2.318186992588292412e+02
2.388433700661599914e+02
2.416469919766212797e+02
2.272463913541955378e+02
2.327434505467643078e+02
2.368382260997617834e+02
2.230153259956878742e+02
2.273259109852658639e+02
2.325066057974244131e+02
2.190035134091362750e+02
2.219838605349492298e+02
2.284179068144869689e+02
2.155858987791305594e+02
2.169600339833851592e+02
2.240929066877293963e+02
2.118538411880871877e+02
2.117127929929824290e+02
2.196886188120535337e+02
2.086008361213389719e+02
2.072424792521618713e+02
2.157178510341753679e+02
2.055143782083395649e+02
2.027537217826241545e+02
2.115763179779457630e+02
2.024565802469934681e+02
1.984949670625083229e+02
2.076126121781875042e+02
1.997638165273127697e+02
1.946815634623283415e+02
2.036738062764889605e+02
1.968854705633882247e+02
1.908921808985416249e+02
1.999687938763995021e+02
1.944107793280667238e+02
1.873992856545577013e+02
1.962303393691094868e+02
1.920309385123817378e+02
1.842940499451575533e+02
1.926428704149443831e+02
1.895707500268019032e+02
1.811274344474267366e+02
1.889491182902054618e+02
1.871052553341065163e+02
1.781245576287360564e+02
1.852249115122878607e+02
1.845322121754770706e+02
1.752655448213855038e+02
1.817092599557076085e+02
1.821914383562950377e+02
1.727890748903259635e+02
1.784443790214286309e+02
1.799048809833222435e+02
1.703310917460037501e+02
1.751259316009644635e+02
1.776487567785287922e+02
1.681360412676939120e+02
1.719542044449326852e+02
1.754013134399974376e+02
1.660951820885857728e+02
1.688619626761762902e+02
1.730403093601737226e+02
1.640519326428381817e+02
1.658820506995509163e+02
1.707906060652363180e+02
1.622112887232397895e+02
1.630192220515736494e+02
1.685082367549790092e+02
1.604473421181546371e+02
1.602884742712624018e+02
1.662770156859287169e+02
1.587972164247463809e+02
1.576155935840947677e+02
1.639401123177834734e+02
1.571560095919844855e+02
1.550931867827958683e+02
1.616859908620253634e+02
1.556106487683854596e+02
1.526356600718856100e+02
1.593866660591316133e+02
1.541399097295607419e+02
1.503410368800834647e+02
1.571019043096267183e+02
1.527178573345375412e+02
1.481986192618565212e+02
1.548493747901586914e+02
1.513116738125815743e+02
1.461339198764429739e+02
1.525800913609628537e+02
1.499131008885488257e+02
1.441786426714473919e+02
1.503358654920125161e+02
1.485406372871382246e+02
1.423360335023174912e+02
1.481297996377161610e+02
1.472188102627883097e+02
1.406069794279941050e+02
1.458803170352620100e+02
1.458238699169195343e+02
1.389820224022611796e+02
1.437272747705331142e+02
1.444848363079760531e+02
1.374652961939421232e+02
1.415918208246777397e+02
1.431299337582701696e+02
1.360339796769783902e+02
1.394706664972496242e+02
1.417449978721402317e+02
1.347078660129203911e+02
1.374278361920415534e+02
1.403569326063076232e+02
1.334454670227047473e+02
1.354063319505445406e+02
1.389319241036733672e+02
1.322591278712798442e+02
1.334586253274593162e+02
1.375034677852804919e+02
1.311425084616182630e+02
1.315682093343820327e+02
1.360588335066252625e+02
1.300962459979189987e+02
1.297483043728711039e+02
1.345869809030687634e+02
1.290882877956095740e+02
1.279884115919494292e+02
1.330901233116031506e+02
1.281159760043171900e+02
1.262903498503909105e+02
1.315675497376764440e+02
1.271852856220613290e+02
1.246916729665943109e+02
1.300495081492545921e+02
1.262777863412281931e+02
1.231471641840384024e+02
1.285025661307156497e+02
1.253909453420326088e+02
1.216924704441937735e+02
1.269597515483593924e+02
1.245285735652675214e+02
1.203184019602780808e+02
1.254007991670076336e+02
1.236578588467678799e+02
1.190138500809388660e+02
1.238419016798855097e+02
1.227965769417755268e+02
1.177938813251072645e+02
1.222838666555355474e+02
1.219239676541913155e+02
1.166474842816256796e+02
1.207349108418855934e+02
1.210391546198187172e+02
1.155684922120217095e+02
1.191968932069061538e+02
1.201426872095436096e+02
1.145637984768328437e+02
1.176835555723707785e+02
1.192317329130590764e+02
1.136176894955753340e+02
1.161853590788689985e+02
1.183009063794527265e+02
1.127343316578966324e+02
1.147109986895647040e+02
1.173433967715201902e+02
1.119081431595041067e+02
1.132739099004236323e+02
1.163639625030903773e+02
1.111305895251369833e+02
1.118737401918874070e+02
1.153623514510703387e+02
1.103979375423476768e+02
1.105112533679704967e+02
1.143328835699888941e+02
1.097055466499342486e+02
1.091977248702829115e+02
1.132773908899775677e+02
1.090389626460420942e+02
1.079304746592931679e+02
1.122024939870472764e+02
1.084019069117428558e+02
1.067126127140893743e+02
1.111014730662056422e+02
1.077843249077018442e+02
1.055531184654132915e+02
1.099842925505052875e+02
1.071802964953033950e+02
1.044477041411401643e+02
1.088510349163064888e+02
1.065886524079898692e+02
1.034031040644600807e+02
1.077036784527491307e+02
1.059969113141349624e+02
1.024133468517208314e+02
1.065444432748969774e+02
1.054020128083155043e+02
1.014815325256151652e+02
1.053839653987541709e+02
1.048080028288512295e+02
1.006060079899592949e+02
1.042138114002066231e+02
1.042025530730519307e+02
9.979010625333718565e+01
1.030388056690155310e+02
1.035655364130022633e+02
9.901499179700445552e+01
1.018728694952453111e+02
1.029249583576304587e+02
9.830482782726197399e+01
1.007247415410240166e+02
1.022675871638360121e+02
9.764389202925485733e+01
9.959048106304410908e+01
1.015842962253935156e+02
9.702113042783359731e+01
9.847167321866265866e+01
1.008787986279279636e+02
9.644105364043737438e+01
9.737563997434536134e+01
1.001475780221664564e+02
9.589680994407977721e+01
9.630666979222239377e+01
9.939143987757680065e+01
9.538597304818902956e+01
9.527202047865426948e+01
9.861216337800931342e+01
9.490115892622962690e+01
9.427102851526015570e+01
9.780881713811403699e+01
9.443792959088533223e+01
9.330639454693383072e+01
9.698147157006114583e+01
9.399175190065153629e+01
9.238230218480180156e+01
9.613219981836262207e+01
9.355711801769371050e+01
9.150076116343051069e+01
9.526407184204246903e+01
9.313098347478657502e+01
9.066451552828935689e+01
9.437899791753227419e+01
9.270696657370076821e+01
8.987261100047119555e+01
9.347855668870604973e+01
9.228108054362463974e+01
8.912750350975238689e+01
9.256785796048986015e+01
9.184990491593227091e+01
8.842814289173129794e+01
9.164905437041132075e+01
9.140943943107292569e+01
8.777439836722982136e+01
9.072624120245336599e+01
9.095646953096179743e+01
8.716462411327094628e+01
8.980258793879794155e+01
9.048811240749462570e+01
8.659754389840530564e+01
8.888182949960362578e+01
9.000129783041504083e+01
8.607078867980794712e+01
8.796819458993471130e+01
8.949397966222548462e+01
8.558131775977930999e+01
8.706573577253016083e+01
8.896546797207577129e+01
8.512705187638896120e+01
8.617879287827827284e+01
8.841460044757782555e+01
8.470384135854271790e+01
8.530970546133821131e+01
8.783949285042693589e+01
8.430787283109819441e+01
8.446310046368208191e+01
8.724109863418323130e+01
8.393551591436801118e+01
8.364181393657577246e+01
8.661934652774715460e+01
8.358299232183036054e+01
8.284936187185014944e+01
8.597488750674320102e+01
8.324542629707215724e+01
8.208764651860816741e+01
8.530871717401964816e+01
8.291921315211806132e+01
8.135961458707512861e+01
8.462257741385178633e+01
8.260019500891137056e+01
8.066724637417196675e+01
8.391857419712687260e+01
8.228425826037924651e+01
8.001144210967822801e+01
8.319851963708188691e+01
8.196750700862853023e+01
7.939335826349146430e+01
8.246531156423894515e+01
8.164663179761352296e+01
7.881340995482257483e+01
8.172139501151235663e+01
8.131787460096342102e+01
7.827143094196281936e+01
8.097003267625940737e+01
8.097842819405995840e+01
7.776692492418321478e+01
8.021435390047700764e+01
8.062530865349916098e+01
7.729848509191465666e+01
7.945761084233410543e+01
8.025641513143392558e+01
7.686493565656414262e+01
7.870326556026036258e+01
7.986953434398689922e+01
7.646420753656524028e+01
7.795474170571803540e+01
7.946277827747002220e+01
7.609369037522043300e+01
7.721570372866352727e+01
7.903527543410274347e+01
7.575068570199381668e+01
7.648945465817091360e+01
7.858646896433245388e+01
7.543253853066113379e+01
7.577908678116571650e+01
7.811534494970905484e+01
7.513566447796176817e+01
7.508800979376317741e+01
7.762239547456378830e+01
7.485683658918686945e+01
7.441901759598759725e+01
7.710795855666899001e+01
7.459256669242047622e+01
7.377473760524028989e+01
7.657272830540257758e+01
7.433918067980596334e+01
7.315752557618205287e+01
7.601798278634110773e+01
7.409308460752919245e+01
7.256913822564074223e+01
7.544513543242999276e+01
7.385095990693120882e+01
7.201141720161223247e+01
7.485611630233583469e+01
7.360949484245841745e+01
7.148577273960387402e+01
7.425320025868199991e+01
7.336470431430018380e+01
7.098979019667191892e+01
7.363320866217088678e+01
7.310928631547076861e+01
7.052679333201339773e+01
7.300882116283482048e+01
7.284980781016651008e+01
7.009823636797585777e+01
7.237788445809141535e+01
7.257801625723878658e+01
6.970042765521031924e+01
7.174287721306936305e+01
7.229225455784579424e+01
6.933286301470022295e+01
7.110700326203998145e+01
7.199073651377408112e+01
6.899437762221663206e+01
7.047344759020120364e+01
7.167163618851402873e+01
6.868284537557190106e+01
6.984513291476113750e+01
7.133376415586947417e+01
6.839655007182963686e+01
6.922549561467066326e+01
7.097600298961160092e+01
6.813263691693849466e+01
6.861756820407535429e+01
7.059808891483899629e+01
6.788861342524918996e+01
6.802431510852605356e+01
7.019977510232310181e+01
6.766141449134450170e+01
6.744828446353153595e+01
6.978091213152845285e+01
6.744727229942263591e+01
6.689117856764680425e+01
6.934204457033399649e+01
6.724434053488387519e+01
6.635696797347425502e+01
6.888485571413099251e+01
6.704909077067617318e+01
6.584672399164178103e+01
6.840988668092795422e+01
6.685808585740052479e+01
6.536193598181338871e+01
6.791853559038096932e+01
6.666823456624440780e+01
6.490387998418792392e+01
6.741253993788656373e+01
6.647657588410208973e+01
6.447347668922928676e+01
6.689388071472259867e+01
6.628021198345251719e+01
6.407112863224540433e+01
6.636470496891499238e+01
6.607650590416143643e+01
6.369701562732090849e+01
6.582745768811484766e+01
6.586296338738868883e+01
6.335079035336094933e+01
6.528476216739660742e+01
6.563742469786538436e+01
6.303170127942306067e+01
6.473929555642274636e+01
6.539798780069655493e+01
6.273864339928204004e+01
6.419384255318698251e+01
6.514308481051457989e+01
6.247016750559528475e+01
6.365115519684566436e+01
6.487141911716682330e+01
6.222460682408253518e+01
6.311407735703153321e+01
6.458194845476016610e+01
6.199988759882228351e+01
6.258535017574158843e+01
6.427390999860527643e+01
6.179367626208063058e+01
6.206772530709196189e+01
6.394697000755040506e+01
6.160341361418578998e+01
6.156377387442129390e+01
6.360115162685141854e+01
