1.254705360288143510e+02
4.760721239872023602e+01
1.205471086838627173e+02
1.299199896349143160e+02
4.982381093245239612e+01
1.170861907052350688e+02
1.340252774689081150e+02
5.330479604313140385e+01
1.132102988367685441e+02
1.377130228098319265e+02
5.782573819289643779e+01
1.090109869010662607e+02
1.410195019293582277e+02
6.317406286978906138e+01
1.044834261691254795e+02
1.438948331510227092e+02
6.911159111783449305e+01
9.967217440586247790e+01
1.463518043331589524e+02
7.555365182654273326e+01
9.463385580147487985e+01
1.483146503990906808e+02
8.222230747805072326e+01
8.942626729158139653e+01
1.498249049074134120e+02
8.910605261281102685e+01
8.414138536196274742e+01
1.508355416943311411e+02
9.604620604286915864e+01
7.887774677195982065e+01
1.513569097287853253e+02
1.029810155317076976e+02
7.374841947259888286e+01
1.513805485501129908e+02
1.098633966343014379e+02
6.893175936658349201e+01
1.508952178024770774e+02
1.166315351406704082e+02
6.465564882716097372e+01
1.498921323495210913e+02
1.232017788724341614e+02
6.118499917616950512e+01
1.484277234996127959e+02
1.295737439000109532e+02
5.870411902119430181e+01
1.464356725660113909e+02
1.356526593407047585e+02
5.749995238680492804e+01
1.440059914278747044e+02
1.414892506530635501e+02
5.765345018995225246e+01
1.409707027491697886e+02
1.469184755088834606e+02
5.949260310637099280e+01
1.375731755393356366e+02
1.519930660289961111e+02
6.270238386628208360e+01
1.337616387466526646e+02
1.567305780126596062e+02
6.724918777318643492e+01
1.295000798919410272e+02
1.609865902918820950e+02
7.278892162045866598e+01
1.248943213840295670e+02
1.648401718402628831e+02
7.918833404754930427e+01
1.199057756872664129e+02
1.681982401367136788e+02
8.631017888125496995e+01
1.147470416111628850e+02
1.710999144529681359e+02
9.385937487712274674e+01
1.093311858492762383e+02
1.734522547428718156e+02
1.016661146185195861e+02
1.037072714782743645e+02
1.752012275257126817e+02
1.096611169749684365e+02
9.830474533850026830e+01
1.765968992687415380e+02
1.178258853112508717e+02
9.272958323698378535e+01
1.772345540966529427e+02
1.259639147065003328e+02
8.772837693421966776e+01
1.774233562623427360e+02
1.340005598899280415e+02
8.316426367143037623e+01
1.771532796315067060e+02
1.420994023210737396e+02
7.932028685032216231e+01
1.761784208827123166e+02
1.498915959014301222e+02
7.636537817910942749e+01
1.745047956070729072e+02
1.573027598743262843e+02
7.494910271657074929e+01
1.726032676236685290e+02
1.646376341091890936e+02
7.490228431619264882e+01
1.702237418435730660e+02
1.718991965299179299e+02
7.652774432858316800e+01
1.669162700378532236e+02
1.783465507706757194e+02
7.962500783141653926e+01
1.634102609774298287e+02
1.846976882779584059e+02
8.444787113955098334e+01
1.593704031678950059e+02
1.905384330258722514e+02
9.056634375470648024e+01
1.548757407898875158e+02
1.957919200949431229e+02
9.767511818386819300e+01
1.502880685731734047e+02
2.008528580383411395e+02
1.057384777694232127e+02
1.450726864294699112e+02
2.051982245916447880e+02
1.145924163532723838e+02
1.398307104910751661e+02
2.089758515474094338e+02
1.235921513907543385e+02
1.341931625321884098e+02
2.123150328361724064e+02
1.336799770111455814e+02
1.290778716926728578e+02
2.149156631307941439e+02
1.432093759892368610e+02
1.236648583352607886e+02
2.172241386440481108e+02
1.537642539567599158e+02
1.192870035178399206e+02
2.189838618885085850e+02
1.640233463209995932e+02
1.148952326607219590e+02
2.201187677397413722e+02
1.746199411195127880e+02
1.114136314018795844e+02
2.204189892617245619e+02
1.851070652069857374e+02
1.094889759905910438e+02
2.199305869122405568e+02
1.945935780886946702e+02
1.081245626425131974e+02
2.195194558167069090e+02
2.051939274421716561e+02
1.098156146950445873e+02
2.186625397309906589e+02
2.150584645480578558e+02
1.118308970152644690e+02
2.171193817895004088e+02
2.251583377300648863e+02
1.162481503594343479e+02
2.148394144610301169e+02
2.346943529495462144e+02
1.225173645555081379e+02
2.122562671047004415e+02
2.439373316009453845e+02
1.304802319353786686e+02
2.092676609913846733e+02
2.526219538293192386e+02
1.400688918338618123e+02
2.071618656865607306e+02
2.620042583553702116e+02
1.506932278543330312e+02
2.035595135888342497e+02
2.704758586389373818e+02
1.630481358385083865e+02
2.005234003515778340e+02
2.789718244592359611e+02
1.771187178580829027e+02
1.980654260100635042e+02
2.871260727738208516e+02
1.918775897056767690e+02
1.962634767881947369e+02
2.956707145991646257e+02
2.081735298885853069e+02
1.939527683497843782e+02
3.026502512050330438e+02
2.252772928973249975e+02
1.949774949897513920e+02
3.106194481036380921e+02
2.427301959647226397e+02
1.956066397453865022e+02
3.178853263459520235e+02
2.614724062573648666e+02
1.996846790288072384e+02
3.262078728242865964e+02
2.809274353447993349e+02
2.044777160998249315e+02
3.355612560896764194e+02
3.044590515371259016e+02
2.146602799549926317e+02
3.455601421144920096e+02
3.291320837165010289e+02
2.260201769850031610e+02
3.526693569977096558e+02
3.521083281392031950e+02
2.430568870377429107e+02
3.662365799443673495e+02
3.816276725068154860e+02
2.637757312232302525e+02
3.780538749311228344e+02
4.124521091832075967e+02
2.926668248678923874e+02
3.940487196617282279e+02
4.451410678722275520e+02
3.249993769249921343e+02
4.165527446298162886e+02
4.881866249787524339e+02
3.686902994166615031e+02
4.425712138789506866e+02
5.371932091736742905e+02
4.232720538282273424e+02
4.703706492564962218e+02
5.860399630965209781e+02
4.875181643824622029e+02
5.145072026430418646e+02
6.496333125390960959e+02
5.651979856891790632e+02
5.637145786614211147e+02
7.220426946899377754e+02
6.651928291324257998e+02
6.226835038281697052e+02
7.841502914968815503e+02
7.618292393038086630e+02
6.831107577257264438e+02
8.253035933477499384e+02
8.314218868573941563e+02
7.169341731954076522e+02
8.209475712137755181e+02
8.484565711745490262e+02
7.012424813556860954e+02
7.631517470834015739e+02
8.241705896788472501e+02
6.563711710615458514e+02
6.387461683176591123e+02
7.227970036594861085e+02
5.766624003140042305e+02
5.209234500826258909e+02
6.298541531137499305e+02
5.127933497073225908e+02
4.190808588392798129e+02
5.410310926135728096e+02
4.566579885710302733e+02
3.361725642861188703e+02
4.626999770262002585e+02
4.078252206801266766e+02
2.687832100279343877e+02
3.938884430074720058e+02
3.624337861381047219e+02
2.166328102053923885e+02
3.482008121375856149e+02
3.377978169552748113e+02
1.737037322580479213e+02
2.995260919099674197e+02
3.145401796735491757e+02
1.586075926002203857e+02
2.664635306433656297e+02
2.893004893548506402e+02
1.278073618199845356e+02
2.384164310097926887e+02
2.771906414420113265e+02
1.145114510308146407e+02
2.089640942580604985e+02
2.608092503070545263e+02
1.045670394518195820e+02
1.872252007105439304e+02
2.486524868621019664e+02
1.005076509464682317e+02
1.719865636662632085e+02
2.412570052025776306e+02
9.720098735011951874e+01
1.510019186159534854e+02
2.294775387115185481e+02
9.345795365746830896e+01
1.391185580972318405e+02
2.260975840340267951e+02
9.964911020671158326e+01
1.249969176088290510e+02
2.205291365243326709e+02
1.062591484387693441e+02
1.105964485834236797e+02
2.113732398712462270e+02
1.066895233351506675e+02
1.016414061247153882e+02
2.080526538283432672e+02
1.127732214722991415e+02
8.940578626764290959e+01
2.009551898542725326e+02
1.151417790933745380e+02
8.201343034477260119e+01
1.973808669801705946e+02
1.199219958719533565e+02
7.480521684874153721e+01
1.941459695616752299e+02
1.254354962990436348e+02
6.640299874456079010e+01
1.887803006745711514e+02
1.281974610984036644e+02
6.028796831592160288e+01
1.848635230463214612e+02
1.310794399169371900e+02
5.598301699385115882e+01
1.835029108803500719e+02
1.375033039346308215e+02
5.039609450782131717e+01
1.781204821000713707e+02
1.393729781626277600e+02
5.048087283053114760e+01
1.767198858200566747e+02
1.432260551860398436e+02
4.794394104061020556e+01
1.741636020451540503e+02
1.454228418507805145e+02
4.498098620586436169e+01
1.750400052317014570e+02
1.533048578928260781e+02
4.583113830477304873e+01
1.723744435439961933e+02
1.574052709104122698e+02
4.526966556131434061e+01
1.698871260979043711e+02
1.611072877167445085e+02
4.446144909593304817e+01
1.676525652439363512e+02
1.651206245252103884e+02
4.417272345876551753e+01
1.654389718653880550e+02
1.697982687411447671e+02
4.668030261855508911e+01
1.626672106232949204e+02
1.739411481125585226e+02
5.253955741513719602e+01
1.607167900764052035e+02
1.770535327741019955e+02
5.469877517665229050e+01
1.605882277091992592e+02
1.835189121920953141e+02
5.940511622306534889e+01
1.565096632302489184e+02
1.859218525429328679e+02
6.201044593871129251e+01
1.555096431619175235e+02
1.912899059758490807e+02
6.719702071712632119e+01
1.541630573054791569e+02
1.970094031991652628e+02
7.272383024549253605e+01
1.518202058993198875e+02
2.022649029218254668e+02
7.766861268152996445e+01
1.496156923514332959e+02
2.095228405826148901e+02
8.701100492999925962e+01
1.441041533576717200e+02
2.126930249287483150e+02
9.312639959549314028e+01
1.408685057891247823e+02
2.177790889284017055e+02
1.004473389260586060e+02
1.373057779396899605e+02
2.234585489764514534e+02
1.093636253988371863e+02
1.347690715594860364e+02
2.309930522705307965e+02
1.207759957838551372e+02
1.293602876468557952e+02
2.364687722521453850e+02
1.306734965643487385e+02
1.207320428770996159e+02
2.403282168458929391e+02
1.421286791119599116e+02
1.152339091855958344e+02
2.442288426660701646e+02
1.515142951323147997e+02
1.087534805138493113e+02
2.496794561933647003e+02
1.635042035169760197e+02
1.028574765925793741e+02
2.568459138781961997e+02
1.791393561986130578e+02
9.295629383936029910e+01
2.602811446680554468e+02
1.929963565380561477e+02
8.102501815663646312e+01
2.617522719366849060e+02
2.057547734430825983e+02
7.122429478157150129e+01
2.644695662000224274e+02
2.202789760647023911e+02
6.257819700229498494e+01
2.668767064450725570e+02
2.354289307147886632e+02
5.084559960054644279e+01
2.665089777069847514e+02
2.490549798551234915e+02
4.455972102565060311e+01
2.681524174148801194e+02
2.649734467519201644e+02
3.667483973825626009e+01
2.676237092510376101e+02
2.816681998292474987e+02
4.252536155988272526e+01
2.658133348196730594e+02
2.978159750772883854e+02
5.332819660198912715e+01
2.631915805562410355e+02
3.148646795051199092e+02
6.911825000591372259e+01
2.565273547346003511e+02
3.290003065980297379e+02
8.663526205690050119e+01
2.511753147892510185e+02
3.452751130450602659e+02
1.085780620507960066e+02
2.424876974620943884e+02
3.594523944825448893e+02
1.305513120515208527e+02
2.332324190714016652e+02
3.740919831286123554e+02
1.551257569280821826e+02
2.214020721797146507e+02
3.868308440390766236e+02
1.792986415486198837e+02
2.097918033983239354e+02
4.011785837223217186e+02
2.072875535660500645e+02
1.934084847459662626e+02
4.116999019624098537e+02
2.336510585235819519e+02
1.769930158821748023e+02
4.224561687810615354e+02
2.616383457655304596e+02
1.586523155779855472e+02
4.322764825443662744e+02
2.907860467930765935e+02
1.377063132298814878e+02
4.403329479291780331e+02
3.203692597562054516e+02
1.149504287190567879e+02
4.468969168915371029e+02
3.503472093737988189e+02
9.031042189980209400e+01
4.520808770824861540e+02
3.809497816878353547e+02
6.338108841267658988e+01
4.553833673969090796e+02
4.115792939027276702e+02
3.511479602003254996e+01
4.579579503110932706e+02
4.439423389447130148e+02
3.724754735525432903e+00
4.568132879260089680e+02
4.747606931513828386e+02
2.991318192428993328e+01
4.549886564551744073e+02
5.067961655828222547e+02
6.563759583212069515e+01
4.502658601660469913e+02
5.380415023764280704e+02
1.024804961367562441e+02
4.450165923956710117e+02
5.716206043353092809e+02
1.444636424159565138e+02
4.344708535632061626e+02
6.024951157589083550e+02
1.868436037956435030e+02
4.226835137465355388e+02
6.337578333436655385e+02
2.315671203873603474e+02
4.089056446915213314e+02
6.659737314424767192e+02
2.803945732335621415e+02
3.905566575157294551e+02
6.961201956008591196e+02
3.300847973539267173e+02
3.708161534594835871e+02
7.277123282588025859e+02
3.845701384990134670e+02
3.464328701335078904e+02
7.578556853668660551e+02
4.416520280957325326e+02
3.184068482773192272e+02
7.870991375748384371e+02
5.016365645276500231e+02
2.868557791009481548e+02
8.159070209028112686e+02
5.654717308809057386e+02
2.509305965916080652e+02
8.432273311407775509e+02
6.320864313153125522e+02
2.113236672584986309e+02
8.706036537433764124e+02
7.039146471404651493e+02
1.676305129853925280e+02
8.963783054406426345e+02
7.796943940439942935e+02
1.218768180877794833e+02
9.214579230977453790e+02
8.608343205412717225e+02
7.779086373461854009e+01
9.442457129448436035e+02
9.461082063956806678e+02
6.685707532462105007e+01
9.689681023950602139e+02
1.042023622648144510e+03
1.188087984330819751e+02
9.883154672719642804e+02
1.141482073093250847e+03
1.944299315414757245e+02
1.010753807531975781e+03
1.254637777072419112e+03
2.882137007012022423e+02
1.026825443958269943e+03
1.375067330328913158e+03
3.958092318517602166e+02
1.041521867257091117e+03
1.507095530916969437e+03
5.170710261642457226e+02
1.058481075453883477e+03
1.659694092060958610e+03
6.621065289671540768e+02
1.072900132467577805e+03
1.833731212884689739e+03
8.329352954228129420e+02
1.086196580569577463e+03
2.038000524299014160e+03
1.040828746020865310e+03
1.093100972155107456e+03
2.275183433246224922e+03
1.288930656740440554e+03
1.104261484321212947e+03
2.571810012666778675e+03
1.606784082227494082e+03
1.103905910059697135e+03
2.938163566925937175e+03
2.014160644631283731e+03
1.106452331692614962e+03
3.422802685521643525e+03
2.566588774357922830e+03
1.106390091426447270e+03
4.095567631078823979e+03
3.357304370535612634e+03
1.105816496951746331e+03
5.111385833219917004e+03
4.597020606672393114e+03
1.139040557026139822e+03
6.878839522622607547e+03
6.882304877143152225e+03
1.228417163879829332e+03
1.073661917206206454e+04
1.259858012519130898e+04
1.892092166075992282e+03
2.566202815180007383e+04
5.069884088931579754e+04
6.170860355369647004e+04
5.219791285127065930e+04
2.777094677041691466e+04
2.812850346276751225e+03
1.220957869117156952e+04
1.129351313175637551e+04
1.895279831227612704e+03
6.656615070410161934e+03
7.229368958462565388e+03
1.625217260636202354e+03
4.409972377464472629e+03
5.366633156970558957e+03
1.519222803101609315e+03
3.178745082412204738e+03
4.272448211226267631e+03
1.440397327762700343e+03
2.409247809546900953e+03
3.557975958621814243e+03
1.391517309429997567e+03
1.874162327804047663e+03
3.044236062294520707e+03
1.350769451716923186e+03
1.482287649026997997e+03
2.655701094054624718e+03
1.314191752731665474e+03
1.181579199629061350e+03
2.352992452810934083e+03
1.289316754142409991e+03
9.376234709412525490e+02
2.100062508168916338e+03
1.261005780234571148e+03
7.403969092232614457e+02
1.889790717255261143e+03
1.237121942096189969e+03
5.763117938259298398e+02
1.706695569278243738e+03
1.210357071867735613e+03
4.408212192702742982e+02
1.549074592723453407e+03
1.186671591720225706e+03
3.245204877099784539e+02
1.405110120562529801e+03
1.158722733524060232e+03
2.348456169359006935e+02
1.278310019138559710e+03
1.131875738206729238e+03
1.712916061893784274e+02
1.163610659394201321e+03
1.105516514206609600e+03
1.443831695265193673e+02
1.057001234214308624e+03
1.076966093343170314e+03
1.587401222485296159e+02
9.604693415945858987e+02
1.049240193980290996e+03
1.932808799752258437e+02
8.692837783990449907e+02
1.019841130675861905e+03
2.357377051563207431e+02
7.846586561270918310e+02
9.898963354808356598e+02
2.783660630550095334e+02
7.053454808479655185e+02
9.590944026933980240e+02
3.183467581384117011e+02
6.312826812586341703e+02
9.281113140800014207e+02
3.554295932467462649e+02
5.611022776786898021e+02
8.961268511303428568e+02
3.887564991178772402e+02
4.950162966279052057e+02
8.634712914613475050e+02
4.183253138607373671e+02
4.329174435382633988e+02
8.305098961569509584e+02
4.445800228515240065e+02
3.741019527298352045e+02
7.968868462383042015e+02
4.674410987948344314e+02
3.189805872259670991e+02
7.630101691131840198e+02
4.872917478868392891e+02
2.670418567352154469e+02
7.285184968256315869e+02
5.039124322369668221e+02
2.189602228480134727e+02
6.939469838958084438e+02
5.178883495318347059e+02
1.748151042086801112e+02
6.590170376645506849e+02
5.290964693761146691e+02
1.358676875689496626e+02
6.238923653066021870e+02
5.376617530314159694e+02
1.043604898797432412e+02
5.887327991653678509e+02
5.438518662505314296e+02
8.487750862301385268e+01
5.535388788636226991e+02
5.477850230422280902e+02
8.279470198479778276e+01
5.182903469900464870e+02
5.494063082856557685e+02
9.624011853604397970e+01
4.831585750468902916e+02
5.488843416703764433e+02
1.180218366598661532e+02
4.483793016744188549e+02
5.465787435789469555e+02
1.430942776720162044e+02
4.137327289652351965e+02
5.422991523393220632e+02
1.686222800401046413e+02
3.794723081600209298e+02
5.362962003348578719e+02
1.935828073976792325e+02
3.456109952288471163e+02
5.285925839234013210e+02
2.172979852229186974e+02
3.122690055281302648e+02
5.193545332371355698e+02
2.396241664805752976e+02
2.795420384399380964e+02
5.086388574702298797e+02
2.603218733688431143e+02
2.474921022017163921e+02
4.965116014435747616e+02
2.792883259544749990e+02
2.163199052414845198e+02
4.831417830947890479e+02
2.965526720596506607e+02
1.861580539270311760e+02
4.686287826023438470e+02
3.121551584379004112e+02
1.571518241109108374e+02
4.529362985598511955e+02
3.259495186787447096e+02
1.297685290236513538e+02
4.362719794842822694e+02
3.380430059143423023e+02
1.045919184477245807e+02
4.186989584122775341e+02
3.484393953158817112e+02
8.276066348673786877e+01
4.003033509916742787e+02
3.571742748469599178e+02
6.653753146653889416e+01
3.811444764725245022e+02
3.642136806070551529e+02
5.930348857693670794e+01
3.614391274863509693e+02
3.697500542592351849e+02
6.285528317015003097e+01
3.411441541723608566e+02
3.737997473037159466e+02
7.486098176158553485e+01
3.200167250758321984e+02
3.758467775938856903e+02
9.112058392110471061e+01
2.993731600252627914e+02
3.771480438644692867e+02
1.089795774774456021e+02
2.778112402215936640e+02
3.766729927922783077e+02
1.271551733716312356e+02
2.561295584400746748e+02
3.748489509612845154e+02
1.450957357137445740e+02
2.343580795296452663e+02
3.717000619320445480e+02
1.623823043519950602e+02
2.125622358199004793e+02
3.672417364795005028e+02
1.787268928354777131e+02
1.908980426722023367e+02
3.616399789096265636e+02
1.941718259850914876e+02
1.694028833165334049e+02
3.548440973522988315e+02
2.085191067984826532e+02
1.482767309169154828e+02
3.469712268381880449e+02
2.217487614497381117e+02
1.276775231048547283e+02
3.380972839449798357e+02
2.338634970301048952e+02
1.077764423307849881e+02
3.282052835075485859e+02
2.447636707118216179e+02
8.903769856021371254e+01
3.174331735088295545e+02
2.544970662043695313e+02
7.206866459906986222e+01
3.057923161053178660e+02
2.630031414089256145e+02
5.811758906668784164e+01
2.933966941016292367e+02
2.703149392264870698e+02
4.916147566014434744e+01
2.802938029760979930e+02
2.764459297652501277e+02
4.755723011896063923e+01
2.665446890762259500e+02
2.813837974522821241e+02
5.331229118056882754e+01
2.522278301569365055e+02
2.851501304200030518e+02
6.392160026153617736e+01
2.374115555297225342e+02
2.877672504213915659e+02
7.693773060211312043e+01
2.221549800582688192e+02
2.892389100095418257e+02
9.089311868173230380e+01
2.065531281769598877e+02
2.896109580737299325e+02
1.050445034949265875e+02
1.906645886648888677e+02
2.888965802423801392e+02
1.189717175898229300e+02
1.745763664342021571e+02
2.871329850094481344e+02
1.324440085614774318e+02
1.583700846538897338e+02
2.843497267162055095e+02
1.453069113539026205e+02
1.421412034852579609e+02
2.805885908307521390e+02
1.574684763557348219e+02
1.259840524217252948e+02
2.758770010316864045e+02
1.688505402536384850e+02
1.100414404681466749e+02
2.702687181287074623e+02
1.794163989647298365e+02
9.446967784685466540e+01
2.637871905812808677e+02
1.891046022555316881e+02
7.953646858999960045e+01
2.565047466497368305e+02
1.979165664350833254e+02
6.562425809503028518e+01
2.484472073167219150e+02
2.058130323517777640e+02
5.343234855086458168e+01
2.396709394653841230e+02
2.127878391701779037e+02
4.419839695414162151e+01
2.302249597768593219e+02
2.188324294926268294e+02
3.971136719988995623e+01
2.201558505235625489e+02
2.239363383300400869e+02
4.116795627616077269e+01
2.095213557206361372e+02
2.281027226974350697e+02
4.765785450278463742e+01
1.983772257338681300e+02
2.313351837364677124e+02
5.714230925555393270e+01
1.867801124681612350e+02
2.336425012014348965e+02
6.806361651307925342e+01
1.747889325995815568e+02
2.350369274857384312e+02
7.953917152105471189e+01
1.624620713883136887e+02
2.355313288277182835e+02
9.109096782192312958e+01
1.498622699561711613e+02
2.351408154568877364e+02
1.024439798906389427e+02
1.370586511550895921e+02
2.338855087613640364e+02
1.134299427225506207e+02
1.241248198417969633e+02
2.317856607464840977e+02
1.239324371463717398e+02
1.111496149496288979e+02
2.288740219617596665e+02
1.338805584619213676e+02
9.822682841939888476e+01
2.251761136566290702e+02
1.432166966951112670e+02
8.547951547450018950e+01
2.207225331915286120e+02
1.519012564242161147e+02
7.307657639188271048e+01
2.155390050517685552e+02
1.598939245305812449e+02
6.128336938243910481e+01
2.096607284392568999e+02
1.671657764318021293e+02
5.053705648149735907e+01
2.031267647160143497e+02
1.736948817022871197e+02
4.159352357010164525e+01
1.959817389516228161e+02
1.794706923205613407e+02
3.567609542468773753e+01
1.882686270737082452e+02
1.844883325900262037e+02
3.415946725489551739e+01
1.800279164510390331e+02
1.887474297145916466e+02
3.733406895042966056e+01
1.712877543844922172e+02
1.922302285107372768e+02
4.394739830286250992e+01
1.621039054861961688e+02
1.949466993415641127e+02
5.248288458420795877e+01
1.525117728090037872e+02
1.968891915754308855e+02
6.192651309251902347e+01
1.425545596910270376e+02
1.980353939898573969e+02
7.164509159755003509e+01
1.323254521537123480e+02
1.984477695129905896e+02
8.138102011506748568e+01
1.218527917434688135e+02
1.981127752471684857e+02
9.091678286625952410e+01
1.112034573793255845e+02
1.970526639962469062e+02
1.001360294429899369e+02
1.004389380353287464e+02
1.952823608774942556e+02
1.089561273151657019e+02
8.963446312081590861e+01
1.928174476745686832e+02
1.173123123354753119e+02
7.888736291431017378e+01
1.896794563141292542e+02
1.251555332406893513e+02
6.832414047447795724e+01
1.858927848430142831e+02
1.324473650131659781e+02
5.812589782090473278e+01
1.814860442086174146e+02
1.391596323663362398e+02
4.857145585220902007e+01
1.764881657740010326e+02
1.452711448069095468e+02
4.013423005141476807e+01
1.709275929401440237e+02
1.507630587921894971e+02
3.362366083305613529e+01
1.648345793732281095e+02
1.556196729077223608e+02
3.020343440052086592e+01
1.582420382726982666e+02
1.598282761086978212e+02
3.075475148278725612e+01
1.511866215094756569e+02
1.633811211035582573e+02
3.489726499307535335e+01
1.437065154164991156e+02
1.662747697835626752e+02
4.137352493743236437e+01
1.358416046957200365e+02
1.685095130665911825e+02
4.907989179218760967e+01
1.276310167753645146e+02
1.700860539163106182e+02
5.734109755384997698e+01
1.191167661307064520e+02
1.710069278479517436e+02
6.577402547246107645e+01
1.103452502057055113e+02
1.712778159776334803e+02
7.415327689952262347e+01
1.013672799763561017e+02
1.709083064022819940e+02
8.233874658216075204e+01
9.223824316402792078e+01
1.699106828452652280e+02
9.023713920484316020e+01
8.302005189323364220e+01
1.682992359475231865e+02
9.778272830583807718e+01
7.378552252642006692e+01
1.660891025293519476e+02
1.049255127384290631e+02
6.462812128849991211e+01
1.632972908313297182e+02
1.116255895792807138e+02
5.567686207118261166e+01
1.599432476410075310e+02
1.178504498518286567e+02
4.712451432214002267e+01
1.560492827123268853e+02
1.235740960909607935e+02
3.928231341782003483e+01
1.516403130201881311e+02
1.287766114283975298e+02
3.267649414488579396e+01
1.467419201541721634e+02
1.334418384925463386e+02
2.815190922049371736e+01
1.413808419289221092e+02
1.375563950469505414e+02
2.669305372479712801e+01
1.355854527478000193e+02
1.411094577151003477e+02
2.863813642111659163e+01
1.293864378723822313e+02
1.440931988098889747e+02
3.324534920849131936e+01
1.228167100774970777e+02
1.465030320882092951e+02
3.943820040248872516e+01
1.159110938466828173e+02
1.483375498101804908e+02
4.643310893808227036e+01
1.087057749233020445e+02
1.495976397510503944e+02
5.376904767174639943e+01
1.012386846391771513e+02
1.502857100129005232e+02
6.117988202489522109e+01
9.355111547866796684e+01
1.504064121929815769e+02
6.850396087741486895e+01
8.568866032887339657e+01
1.499667491445100325e+02
7.563587009195843791e+01
7.770289777023648981e+01
1.489764374130118938e+02
8.250253605359743858e+01
6.965348508042279718e+01
1.474473313878449687e+02
8.905042952024513170e+01
6.161318579764580505e+01
1.453930911959587604e+02
9.523848444325795981e+01
5.367747072323660973e+01
1.428289724412811381e+02
1.010336940994969837e+02
4.598237562305417470e+01
