2.173816994570772181e+02
2.825045351138401202e+02
2.756331138959022269e+02
2.213214449731337083e+02
2.853069840054932911e+02
2.859744741397647658e+02
2.260350157147891537e+02
2.878083338578436496e+02
2.965199840970437890e+02
2.318625986749834453e+02
2.901971213420451363e+02
3.071969920568365069e+02
2.385917104910622868e+02
2.922607872412983170e+02
3.178799579369704702e+02
2.464539622906344789e+02
2.943441600574955146e+02
3.287652540563166212e+02
2.555854982259226915e+02
2.964428446123697540e+02
3.396177196319340510e+02
2.656547968135203632e+02
2.985167994103086926e+02
3.506362392425095891e+02
2.771126438653932382e+02
3.007436109560156297e+02
3.615337939584101719e+02
2.895133425993545302e+02
3.030089006606087878e+02
3.723227604219804334e+02
3.031401764267359908e+02
3.059548563940497274e+02
3.834445394010070913e+02
3.180817913628659994e+02
3.092530403404235244e+02
3.944607178772546376e+02
3.341402784847271619e+02
3.130643229630245514e+02
4.053927851635123716e+02
3.514628262004092107e+02
3.180090950326232928e+02
4.166973375683868994e+02
3.702612932911079042e+02
3.238257489463372849e+02
4.277362017550633482e+02
3.902765018923333855e+02
3.314664580300478178e+02
4.390797901735421647e+02
4.108038584345889035e+02
3.391991261802483564e+02
4.504353888292598640e+02
4.335835106571245205e+02
3.494986655794179455e+02
4.620300761966407208e+02
4.579002009769957908e+02
3.622318870477739665e+02
4.737512972888692389e+02
4.832332556067801761e+02
3.773616076581262178e+02
4.862984054351917393e+02
5.100090004514921134e+02
3.942101598424331996e+02
4.992733285345971694e+02
5.393742277209169060e+02
4.151666616945808528e+02
5.129544257105836778e+02
5.699453761640310177e+02
4.387462458568801935e+02
5.278211565572776180e+02
6.032626419122599373e+02
4.663302567880785432e+02
5.436319581790173743e+02
6.389685681285940291e+02
4.990466882933787360e+02
5.629355210238080645e+02
6.795011273506503358e+02
5.378032447271569936e+02
5.830279644530299947e+02
7.208899413501877689e+02
5.799087562907368465e+02
6.065208784220668576e+02
7.682721255861529244e+02
6.303494797188436678e+02
6.335454444087839647e+02
8.193982553240119842e+02
6.874509655107806338e+02
6.661997963145870472e+02
8.775426441581415702e+02
7.530692439271687135e+02
7.049973360495197312e+02
9.461327319753596612e+02
8.322206745095420501e+02
7.489394922464963429e+02
1.023243933312152762e+03
9.306282135944679794e+02
8.119999959911175438e+02
1.114293878814052505e+03
1.041043044927678238e+03
8.818538389558098061e+02
1.223695913072043368e+03
1.183197519725922575e+03
9.803237538932007737e+02
1.360507663205757126e+03
1.358045165567222739e+03
1.103491582233122472e+03
1.533947511604496867e+03
1.586671906422352777e+03
1.269660718243203519e+03
1.761152744695095635e+03
1.897393222569425916e+03
1.512505079843848762e+03
2.079860980607013062e+03
2.339258575311162986e+03
1.885732063997823161e+03
2.576799108255675037e+03
3.031108128664910510e+03
2.484440750186213336e+03
3.425344307333247343e+03
4.310336426139865580e+03
3.714254569286475089e+03
5.219867908690203876e+03
7.260689915876851046e+03
6.973800456554694392e+03
1.098488577974793407e+04
2.005579232459085324e+04
2.621438547439707691e+04
2.507453982177713624e+04
1.737967274632019689e+04
8.773905857453995850e+03
6.868803438588070094e+03
6.774802595460286284e+03
4.347900700002341182e+03
3.737939474040882942e+03
4.152738478232912712e+03
2.936223802154047917e+03
2.540809488025233804e+03
2.975352847761699195e+03
2.211245851297741865e+03
1.878951371062011049e+03
2.304146102778332533e+03
1.791737874078476580e+03
1.463583300497344226e+03
1.845440598859485362e+03
1.499181464774908591e+03
1.211575586967381241e+03
1.552836731441471102e+03
1.294755756079382536e+03
1.002963121678056496e+03
1.319227526957572536e+03
1.146069429957170996e+03
8.656066595828858681e+02
1.145614396729654800e+03
1.028271423114412528e+03
7.527942612897879826e+02
1.003997142572246389e+03
9.365566714477641881e+02
6.684437178865450733e+02
8.850019366766235862e+02
8.579151395834393270e+02
6.080532048516937493e+02
7.935433543901010580e+02
7.925282597609202639e+02
5.459819955600808044e+02
7.012594886463950843e+02
7.309192203866119826e+02
5.051264643979168909e+02
6.321837677874444807e+02
6.806043490700637904e+02
4.660235697145384961e+02
5.628753450575378565e+02
6.318657165030597298e+02
4.427976574388255244e+02
5.130157678370148915e+02
5.875698803404570754e+02
4.122503012215001377e+02
4.673498830091825198e+02
5.548445994265903209e+02
3.937969601535750144e+02
4.248666779254816106e+02
5.211359189382187651e+02
3.755698053479992495e+02
3.857135529886591030e+02
4.894204986963969759e+02
3.588477065492711517e+02
3.469982232436473168e+02
4.565900498877898599e+02
3.443887008631781441e+02
3.179277419140893244e+02
4.312521359742258937e+02
3.348994717704492814e+02
2.879023404091379348e+02
4.007123849723819262e+02
3.219727879553360594e+02
2.636563587612375841e+02
3.734733232092573303e+02
3.088222195732833484e+02
2.434333666225612092e+02
3.522786043109763909e+02
3.012517063489906946e+02
2.260367222419019129e+02
3.296525739467500671e+02
2.909428743145244312e+02
2.082189286691044288e+02
3.060598023210458791e+02
2.780950901676123408e+02
1.917225721112895371e+02
2.871880919983304352e+02
2.701362426320748682e+02
1.775225332796621274e+02
2.668322878654392412e+02
2.612567563025203867e+02
1.672145297716602386e+02
2.502980951467598913e+02
2.562148621696661621e+02
1.617981449360602255e+02
2.322309056031219541e+02
2.463565919231116368e+02
1.526769288884487992e+02
2.134192198867185084e+02
2.357944616673576661e+02
1.456204078819324081e+02
1.967672213314459100e+02
2.250736768720108785e+02
1.390008728310400272e+02
1.849148615636848945e+02
2.203004207875965790e+02
1.356738898866241811e+02
1.664661197678222493e+02
2.081228457158416916e+02
1.318246155869442191e+02
1.553737606023435944e+02
2.000566623541967317e+02
1.283811132062168099e+02
1.443498844761213888e+02
1.932175302495795393e+02
1.261934170944295062e+02
1.305214801933514082e+02
1.818014490657026272e+02
1.200252008924108225e+02
1.204780344739959190e+02
1.768597974234423305e+02
1.223979788497577488e+02
1.129006644545816158e+02
1.694102647896623068e+02
1.194397991080060990e+02
9.992042338368270293e+01
1.591937900030477238e+02
1.186704787782788770e+02
9.694494292723875617e+01
1.522946612276666372e+02
1.131686788346934804e+02
8.674745876147267154e+01
1.446891956671771027e+02
1.091491472551590789e+02
8.030888330039806533e+01
1.430091990114010798e+02
1.134340046990760555e+02
7.184066428716192831e+01
1.317206972413717381e+02
1.069815824552807868e+02
6.323389794451371415e+01
1.274129098164089982e+02
1.104437576816676341e+02
6.253057154450063138e+01
1.193594856473487340e+02
1.055006552918846552e+02
5.665837969617537340e+01
1.146525991287819863e+02
1.052651977266916390e+02
5.459363834970429252e+01
1.103401197367701059e+02
1.055322613490180004e+02
5.317919560722267391e+01
1.048957869700672063e+02
1.047773222573041778e+02
5.108144457770372782e+01
9.460100655326607466e+01
9.617042657499366953e+01
5.211215963150101516e+01
1.003266704647314498e+02
1.010789269339632597e+02
4.404934255910401930e+01
9.107567971564080267e+01
1.003048858369225798e+02
4.986844894318917198e+01
8.708925979048943589e+01
9.592668014526792319e+01
4.826529081420756029e+01
8.847472998687838697e+01
9.911361953046289841e+01
4.861332629789275472e+01
8.468295042893569757e+01
9.897833034930515339e+01
4.699735018883627191e+01
7.767800149858682346e+01
9.539131427582262290e+01
4.604418377533643536e+01
7.650975645005304671e+01
9.713601534725249564e+01
4.933483773428564234e+01
7.337479233534043033e+01
9.605072310734433927e+01
4.889695895031486828e+01
6.978719406112975321e+01
9.687095988693972970e+01
5.537837552832553456e+01
6.839046101943161204e+01
9.431130963055582583e+01
5.350863415096353037e+01
6.677363871922075589e+01
9.611462074867122851e+01
5.889319864706909158e+01
6.508764695631518293e+01
9.451226475012509809e+01
6.210788397632922653e+01
6.710898706203161623e+01
9.212309723770761138e+01
5.500627602418913398e+01
6.790445896794504677e+01
1.020000265945255080e+02
6.661238933794818706e+01
5.624303923025679097e+01
8.985074478325269354e+01
6.432280455381199147e+01
6.989853610289549124e+01
9.963055585867665798e+01
6.563077275269421307e+01
6.329437239738589938e+01
1.010253801315038800e+02
7.180714211484951193e+01
6.119288802901424873e+01
9.945066822713228305e+01
7.527101624373338495e+01
6.744487811268287203e+01
1.059298998274228580e+02
8.154148536157870808e+01
6.094707160034737825e+01
1.003793671811510109e+02
8.326040679509863196e+01
6.824105109604207087e+01
1.051386198700441099e+02
8.878933750186450879e+01
7.339268167501836615e+01
1.097101195471675936e+02
9.468154406388447342e+01
7.755185330048125536e+01
1.126232719742759514e+02
9.529355609903194591e+01
7.061959446795131612e+01
1.128284676572720002e+02
1.068090468509596747e+02
8.719454449721268929e+01
1.201791794470333201e+02
1.107459858805741106e+02
8.868002175166407142e+01
1.241190585922480096e+02
1.187935228264894079e+02
9.781678998664865787e+01
1.315449206124957868e+02
1.268081638076636466e+02
1.044141790459441239e+02
1.372285580292955558e+02
1.317044283751870353e+02
1.051922747707660477e+02
1.419314721882948618e+02
1.426186425130883606e+02
1.185323715408651708e+02
1.565451469453116431e+02
1.593194809058596491e+02
1.251393695379604054e+02
1.569381148036229092e+02
1.680928449677611241e+02
1.405893389745233435e+02
1.704979855469339327e+02
1.852943659425527869e+02
1.606030369687933899e+02
1.845307300675121667e+02
1.978845825903137836e+02
1.735611191687056021e+02
1.972976431125192391e+02
2.142423701937941871e+02
1.950153016647092556e+02
2.189636014262860897e+02
2.328085297447311746e+02
2.101985715101028518e+02
2.397253641720078292e+02
2.622463945181327176e+02
2.404278875307729777e+02
2.682055219699415147e+02
2.946813498525002615e+02
2.694764625248848233e+02
2.926064844406233192e+02
3.304790360749823321e+02
3.173246661373048596e+02
3.378568030844302257e+02
3.733369021506435388e+02
3.628397791879709189e+02
3.875112475318760517e+02
4.293032278830521022e+02
4.238765742089332207e+02
4.548653179610555526e+02
5.048157438804664139e+02
4.965821845418572025e+02
5.273367879230979725e+02
6.041306709754127269e+02
6.217539980092479937e+02
6.524813976247617120e+02
7.341245370334843301e+02
7.705942145157088135e+02
8.161930987003313476e+02
9.246934481901557774e+02
1.005387380812254833e+03
1.088189709425001865e+03
1.232575959073442391e+03
1.368001684094137318e+03
1.517795909622696627e+03
1.743782654070691706e+03
1.969825072485991996e+03
2.185228026662395223e+03
2.448715902119557541e+03
2.666558955281514955e+03
2.732885946387526019e+03
2.698351708182075981e+03
2.606207646966774064e+03
2.416155952215471643e+03
2.178014234775468140e+03
1.986744558822397039e+03
1.809758855793173780e+03
1.627229946135140835e+03
1.495804121420634374e+03
1.381278771942223557e+03
1.258762670499510023e+03
1.185640505075077272e+03
1.117991723281112627e+03
1.017752377022094834e+03
9.662336662226430235e+02
9.372963544396477573e+02
8.636699783798177350e+02
8.186057059010032617e+02
8.047473418052691159e+02
7.499035648574133575e+02
7.104043254531355842e+02
7.029910246962413112e+02
6.619491512774568491e+02
6.342261631652631877e+02
6.347144218793288246e+02
5.951335897357311069e+02
5.650075229104755863e+02
5.742514493349506211e+02
5.448584468321738541e+02
5.106461154286083115e+02
5.185146205892314129e+02
5.006251157296732686e+02
4.752828645889997574e+02
4.832559233022889771e+02
4.641542609115698497e+02
4.385249209891572946e+02
4.509367542894399890e+02
4.366490767215824462e+02
4.098201573738845696e+02
4.226278525072572734e+02
4.111905877586514180e+02
3.819521276510733969e+02
3.961369931552657704e+02
3.924365495725289747e+02
3.645728362647930112e+02
3.759793539411602410e+02
3.739331283258740655e+02
3.456891091496131594e+02
3.571662842175022661e+02
3.594626095769656899e+02
3.298307199689462550e+02
3.370305842680111823e+02
3.426798328087137406e+02
3.156109270600375680e+02
3.215402391457165550e+02
3.293480242668402411e+02
3.026132197706670581e+02
3.061584586761989044e+02
3.169197047191912588e+02
2.926448262724673555e+02
2.940789839519785573e+02
3.051731418229917381e+02
2.810767339522922725e+02
2.815950741135819158e+02
2.956538507013906383e+02
2.720171570921421562e+02
2.693442564701329616e+02
2.864656377206898696e+02
2.658929805431534987e+02
2.600246963645095093e+02
2.775057393411919975e+02
2.591109266081673468e+02
2.511072149781386997e+02
2.692523772426701498e+02
2.526470404026643450e+02
2.420474080828830097e+02
2.608426184988358045e+02
2.465793139466128991e+02
2.335255933053130093e+02
2.528547181289739854e+02
2.420658030288578288e+02
2.273931336675030934e+02
2.454087724762235041e+02
2.362333354297668393e+02
2.206866662486580140e+02
2.397300556002142855e+02
2.329224577067769246e+02
2.140829603147487035e+02
2.316860730138615452e+02
2.282440935547671756e+02
2.088062025621156295e+02
2.252685220649247810e+02
2.243708743695296164e+02
2.038653379614301286e+02
2.185122225538839587e+02
2.199331535328557834e+02
1.991402922645132492e+02
2.126883358395027415e+02
2.166490959327019254e+02
1.953244690882190184e+02
2.067653755102828370e+02
2.128768122521117903e+02
1.914398260643850165e+02
2.009004013270005942e+02
2.090749780313187784e+02
1.875874825596084747e+02
1.950470150306095150e+02
2.058485940115154733e+02
1.851244905143413462e+02
1.897124025391732687e+02
2.021008275490551682e+02
1.825484026443392622e+02
1.847977711905419937e+02
1.983801439345629944e+02
1.797895349444194153e+02
1.798602432587668147e+02
1.948360554060327843e+02
1.775184816745477576e+02
1.753372053452077921e+02
1.915234875871347242e+02
1.756875374897960000e+02
1.711245290353405437e+02
1.882211511258061307e+02
1.740272929870212977e+02
1.669059427588773303e+02
1.845686573206903063e+02
1.724724973371759802e+02
1.631405568505769850e+02
1.808795401804139544e+02
1.709330935412600070e+02
1.598717898299070441e+02
1.774907722026303531e+02
1.694049056478235116e+02
1.563010418892980340e+02
1.735664243097189114e+02
1.678032855200870017e+02
1.533320519007977225e+02
1.700821904988426923e+02
1.665873391057792219e+02
1.508318459661973350e+02
1.666443498214781869e+02
1.652704714163839981e+02
1.482469836811999642e+02
1.627861347260221692e+02
1.637259484860389307e+02
1.461581014235241014e+02
1.593546663386067905e+02
1.623517143589283194e+02
1.442440822504462687e+02
1.558011150552830486e+02
1.608266673723242661e+02
1.426003730961606664e+02
1.524466595425945741e+02
1.593027813189793278e+02
1.410559689044031586e+02
1.490849408410189483e+02
1.578188073025877998e+02
1.398591758374307688e+02
1.457561840371150481e+02
1.560650260457839806e+02
1.386735432293765768e+02
1.425869202724322520e+02
1.544832191899720328e+02
1.379102490971330042e+02
1.395503288770091501e+02
1.526483502292208243e+02
1.370764437362563228e+02
1.365171511273177032e+02
1.506722010006823496e+02
1.363361830672015742e+02
1.336544695749901166e+02
1.486963009987451869e+02
1.358074373322201325e+02
1.310116626478396142e+02
1.466245265966240368e+02
1.353094774656406969e+02
1.285006677131514436e+02
1.444340246826954228e+02
1.348164483794174373e+02
1.261274546422909850e+02
1.421217995479481431e+02
1.343126015205505723e+02
1.239871792251435920e+02
1.398520485685910444e+02
1.338890032041012432e+02
1.220169335085496414e+02
1.375020782078915147e+02
1.334948991251508232e+02
1.202872831584595161e+02
1.350766386039657618e+02
1.330128103222284324e+02
1.187348619519290054e+02
1.326597231635284686e+02
1.325478758891360371e+02
1.173651941090440545e+02
1.301137815265229278e+02
1.319256742354876053e+02
1.161939706175039788e+02
1.276645234139167826e+02
1.313518825919724122e+02
1.152581243619657698e+02
1.251554071004299544e+02
1.305650781884902472e+02
1.143797884950088815e+02
1.226691011987268354e+02
1.297546852236737607e+02
1.137071953604297647e+02
1.202242624967657036e+02
1.288468180150792080e+02
1.131719148872091125e+02
1.178419317380857620e+02
1.278781712320761841e+02
1.127946465721568501e+02
1.155166310324970880e+02
1.267864644146596760e+02
1.125156937823220176e+02
1.132830874027266645e+02
1.256035425546488682e+02
1.123050280314517266e+02
1.110910644256938298e+02
1.242889299403684333e+02
1.121944146746620277e+02
1.090842725189580591e+02
1.229265933388518164e+02
1.121282669921125006e+02
1.071553723231280770e+02
1.214497270551896690e+02
1.120989412708124888e+02
1.053545939023158269e+02
1.198762496910777315e+02
1.121030118924184507e+02
1.037257735644607664e+02
1.182206261267626104e+02
1.120858046084999415e+02
1.022242308722487110e+02
1.164701255346883357e+02
1.120478091068059570e+02
1.009058112613366376e+02
1.146772282800790066e+02
1.119773155520345398e+02
9.972677877347126696e+01
1.128130247143953255e+02
1.118651509333476923e+02
9.873071711157534480e+01
1.109151183319242193e+02
1.116865469658157934e+02
9.787751186731307484e+01
1.089799724372686569e+02
1.114443682849005199e+02
9.718681496024316857e+01
1.070336538363621912e+02
1.111344935455008169e+02
9.664738572075856382e+01
1.050725645016132859e+02
1.107277236285675741e+02
9.623953179010517545e+01
1.031201893148828361e+02
1.102332681322628645e+02
9.596487385404674342e+01
1.011987697001156903e+02
1.096466979364305132e+02
9.579766118821619614e+01
9.930845784108605301e+01
1.089650656074299064e+02
9.573918710360773332e+01
9.746945307366617328e+01
1.081692946405550231e+02
9.575426395019546533e+01
9.571081457120081382e+01
1.072891904118886544e+02
9.583318963645392330e+01
9.401667508857475752e+01
1.063035306409335163e+02
9.596853454363225921e+01
9.242182181414422359e+01
1.052154266550436859e+02
9.613098050063825895e+01
9.093963821365076683e+01
1.040405816280475761e+02
9.630871204460365220e+01
8.957494994989740178e+01
1.027808752136745056e+02
9.648509941777035692e+01
8.833372439826668199e+01
1.014433204914887483e+02
9.665269170714164204e+01
8.722758259927674374e+01
1.000291091495339799e+02
9.678969464900353614e+01
8.626623811297287148e+01
9.855906975092925393e+01
9.688723770676681113e+01
8.543826597415063873e+01
9.702642527378733917e+01
9.693019969222869747e+01
8.475900513573471073e+01
9.545790898219416931e+01
9.690969164792007007e+01
8.421069330020945642e+01
9.385520990974887923e+01
9.682323289129472244e+01
8.380414553068612804e+01
9.223368081407110708e+01
9.665157996165137888e+01
8.351789850725819520e+01
9.060701848697371474e+01
9.639953917556307772e+01
8.335377594968191772e+01
8.899117169594121890e+01
9.605602619654435159e+01
8.328614167546059832e+01
8.739185546719333786e+01
9.562641042966501459e+01
8.332152003885400404e+01
8.582499690032722128e+01
9.509058971837940533e+01
8.342726058507471976e+01
8.430873121032142592e+01
9.446453056736955034e+01
8.360326511236294778e+01
8.286035634753875456e+01
9.374347473515079798e+01
8.382081422930049541e+01
8.148201795943397485e+01
9.293282421350167510e+01
8.407924990027223089e+01
8.019480316728240155e+01
9.203209479588753084e+01
8.435379115300759167e+01
7.900331956154043667e+01
9.104617641541436512e+01
8.463401127796316814e+01
7.791820534488741146e+01
8.997640198948116108e+01
8.490169768159110220e+01
7.695132006584397288e+01
8.884035184239597527e+01
8.515237627710473589e+01
7.610312690732249052e+01
8.763323699919104115e+01
8.536785290970348683e+01
7.538239135983458539e+01
8.636787690222610081e+01
8.553495554788908350e+01
7.478726181318873500e+01
8.505665478348251440e+01
8.564905875984153738e+01
7.431831266004823533e+01
8.370915035996893039e+01
8.570186553267588181e+01
7.396969327496925928e+01
8.232922262501560340e+01
8.568201316644224619e+01
7.374257059447542417e+01
8.093800282031756410e+01
8.558484658832705350e+01
7.362150146105101101e+01
7.954151099927281621e+01
8.540571278452121362e+01
7.360098970883056779e+01
7.815484687115215934e+01
8.514155605032698304e+01
7.366932481582155390e+01
7.678988177312250230e+01
8.479020784321522797e+01
7.381557269219703699e+01
7.545939904093914663e+01
8.434868337226183144e+01
7.402476049601555985e+01
7.417622981169454022e+01
8.381845854065309709e+01
7.428477015289440999e+01
7.295274293117903142e+01
8.319969839234570941e+01
7.458093671881343312e+01
7.180128356140360779e+01
8.249605382725415836e+01
7.489993657628815527e+01
7.073118883238193177e+01
8.170987577167250038e+01
7.522928091974839049e+01
6.975358094426540845e+01
8.084533333918842857e+01
7.555489165341737134e+01
6.887605030609141465e+01
7.990765192534200878e+01
7.586438410524898757e+01
6.810523843391408150e+01
7.890367109756350317e+01
7.614713025909411215e+01
6.744634624922663590e+01
7.784036463275624840e+01
7.639189675959215720e+01
6.690144570189229967e+01
7.672575056644573976e+01
7.658924658112137251e+01
6.647148144639120915e+01
7.556989016166744477e+01
7.673169361138303657e+01
6.615401569274173710e+01
7.438077023020467493e+01
7.681099883698165343e+01
6.594536157101043727e+01
7.316878853835878260e+01
7.682083032672963441e+01
6.584024621835146718e+01
7.194610655386117060e+01
7.675693875266125588e+01
6.583066502862267555e+01
7.072319523160516042e+01
7.661481682831762896e+01
6.590729832853554626e+01
6.951189979817284836e+01
7.639166013663083277e+01
6.605945192947767453e+01
6.832411171148046947e+01
7.608605113089946315e+01
6.627589600695338845e+01
6.717166926201933563e+01
7.569733585738117654e+01
6.654472038766783726e+01
6.606646694719569268e+01
7.522569102786849271e+01
6.685279631107555076e+01
6.501927992640138143e+01
7.467217072483039431e+01
6.718725255036196131e+01
6.404139738389963554e+01
7.404043819127598169e+01
6.753614201801336492e+01
6.314153677173099055e+01
7.333282804918653142e+01
6.788711612706066489e+01
6.232879702931342081e+01
7.255407217520468066e+01
6.822859831753899584e+01
6.161029222123968907e+01
7.170957589009449862e+01
6.854972918913608737e+01
6.099127043859250819e+01
7.080509749356193083e+01
6.884008844976526120e+01
6.047567596539566637e+01
6.984827660768765156e+01
6.909067946533430415e+01
6.006479069556983319e+01
6.884663503046353128e+01
6.929306588980311687e+01
5.975788837568151735e+01
6.780875264334912345e+01
6.944073851662878383e+01
5.955327033724756092e+01
6.674350257675355635e+01
6.952688385318026576e+01
5.944649402214741940e+01
6.566056858613897873e+01
6.954591638284911426e+01
5.943144469707250011e+01
6.457057375317191372e+01
6.949330824321214095e+01
5.949962896826436065e+01
6.348442303799522080e+01
6.936646974240538555e+01
5.964215295767192515e+01
6.241371008859015745e+01
6.916423564595115181e+01
5.984871184639123953e+01
6.136885801450689115e+01
6.888630157794014508e+01
6.010887145567689060e+01
6.035712924005305524e+01
6.852734527642611795e+01
6.040943733968428830e+01
5.939399556123984780e+01
6.809502483642225457e+01
6.074345217249383921e+01
5.848778218828121567e+01
6.758606521877349849e+01
6.109615147974479044e+01
5.764897003217280513e+01
6.700397303516098191e+01
6.145568104801016318e+01
5.688622341282391659e+01
6.635263948443230220e+01
6.181051953721235037e+01
5.620671153593201552e+01
6.563740427913974429e+01
6.215073821097905693e+01
5.561568258053423364e+01
6.486343150311927275e+01
6.246726206529353220e+01
5.511741560007529728e+01
6.403625558994252742e+01
6.275130895890696081e+01
5.471483493899940953e+01
6.316223070247760774e+01
6.299445349556267360e+01
5.440919882515393624e+01
6.224913918038685523e+01
6.318918513820165117e+01
5.419928307249509203e+01
6.130542410456125424e+01
6.332906137180535922e+01
5.408169054765696160e+01
6.034013301224133841e+01
6.340900679874680890e+01
5.405119400645467920e+01
5.936237403864902262e+01
6.342507166496684334e+01
5.410151217839774773e+01
5.838136426565904458e+01
6.337377580859329385e+01
5.422530292107539651e+01
5.740698144422781724e+01
6.325222899574771418e+01
5.441379180713644104e+01
5.644968855806462216e+01
6.305861780853530263e+01
5.465701371683176291e+01
5.552008505845343223e+01
6.279231643449535483e+01
5.494415154391070644e+01
5.462834385319071373e+01
6.245394453284202996e+01
5.526447684005845673e+01
5.378403898342212131e+01
6.204474212276005574e+01
5.560729063520727777e+01
5.299613863322059615e+01
6.156658418284398238e+01
5.596227410581531103e+01
5.227331182700186218e+01
6.102193547893848802e+01
5.631890895634130345e+01
5.162346152534355781e+01
6.041440355083339853e+01
5.666694425048035555e+01
5.105310791860968322e+01
5.974870059941959965e+01
5.699685002521287203e+01
5.056691133040583708e+01
5.903015292355019739e+01
5.730007585351872024e+01
5.016803354870659604e+01
5.826467137934627516e+01
5.756894385407499470e+01
4.985807207496826976e+01
5.745858395803686136e+01
5.779641808381380486e+01
4.963714908859649455e+01
5.661886725635179829e+01
5.797594281040738196e+01
4.950363212767490495e+01
5.575348223791507962e+01
5.810182728157398913e+01
4.945387166426431946e+01
5.487112939582655713e+01
5.816957185311292022e+01
4.948237233187576578e+01
5.398066595816345625e+01
5.817573291884145448e+01
4.958240664098971706e+01
5.309107827367874677e+01
5.811774041835971616e+01
4.974642593356833942e+01
5.221154104050415157e+01
5.799355304920303666e+01
4.996599528605731422e+01
5.135160673566532097e+01
5.780182886868179537e+01
5.023180142258598835e+01
5.052111061932482983e+01
5.754215536337933656e+01
5.053367375371607295e+01
4.972964029556899845e+01
5.721533043173202771e+01
5.086132190749248139e+01
4.898613019419597236e+01
5.682309944309930216e+01
