3.709594683976057894e+01
1.276389288084336471e+02
1.115792362681795282e+02
3.342863956018874205e+01
1.252492927651424850e+02
1.169737301681798556e+02
3.147524389400010136e+01
1.223961036693917208e+02
1.220371629884324278e+02
3.165348728037158565e+01
1.190872203123610831e+02
1.267593058592419624e+02
3.403474942310200646e+01
1.152943522646403380e+02
1.310648003217911537e+02
3.824397615551609420e+01
1.110774547965004331e+02
1.349672243621856751e+02
4.378201536232510449e+01
1.064458807928435675e+02
1.384473265772481909e+02
5.021010771496786163e+01
1.013958298404623264e+02
1.414587560133967088e+02
5.720321859951003773e+01
9.598577356268108929e+01
1.440034947871021132e+02
6.454522066498070387e+01
9.024064868744936518e+01
1.460596067842691639e+02
7.208318108014965730e+01
8.420858317877679156e+01
1.476080026881281526e+02
7.968962405983533870e+01
7.795460162487499645e+01
1.486561584123709281e+02
8.730809314587915537e+01
7.151182987414675551e+01
1.491359523861766547e+02
9.481202819380982305e+01
6.507268041245724532e+01
1.491219568861507128e+02
1.021972608375612310e+02
5.870913211987349456e+01
1.485811364772761181e+02
1.094329004387298596e+02
5.264391903341252288e+01
1.474746424409877932e+02
1.164178283492512094e+02
4.716130091120751899e+01
1.458152764194466329e+02
1.231251307178924463e+02
4.272929790654153237e+01
1.436392657797124173e+02
1.295394757970920523e+02
3.980038556836602481e+01
1.409254584292314973e+02
1.356317599420987676e+02
3.889698415513474572e+01
1.376272914028394894e+02
1.412942783852358559e+02
4.030676912812931789e+01
1.338353693906437343e+02
1.465469746252228447e+02
4.389666934595334880e+01
1.296071331392659829e+02
1.514106625751828119e+02
4.914342920107622348e+01
1.248666906720565208e+02
1.558469172585311924e+02
5.578866925262912702e+01
1.196604528071573839e+02
1.597728908592259529e+02
6.326993611366899728e+01
1.139948263568284119e+02
1.631438074557819391e+02
7.128331602088559293e+01
1.079646646297431687e+02
1.659687846463655774e+02
7.961441018095671041e+01
1.017657396525707156e+02
1.684440484188979212e+02
8.828955431763937156e+01
9.504144380296757788e+01
1.701482285803028276e+02
9.690750016581611703e+01
8.832847925546222712e+01
1.715345183673004783e+02
1.058335845059454670e+02
8.124270831043860142e+01
1.719771145281693805e+02
1.144154530667518372e+02
7.452719957795115135e+01
1.719764970162110558e+02
1.228475110186443686e+02
6.805348959351931626e+01
1.714650586017741034e+02
1.311988254268638912e+02
6.213471707510839082e+01
1.703928771627224137e+02
1.394289653613768962e+02
5.699337267538695073e+01
1.684815695802200537e+02
1.472019854400439840e+02
5.343825538804323827e+01
1.660118885541639031e+02
1.545951359282252895e+02
5.186474649905319723e+01
1.630865625702294324e+02
1.617078433794700913e+02
5.251905213751171431e+01
1.596614307591807460e+02
1.685292905922222531e+02
5.522747129223160556e+01
1.554388509172753459e+02
1.748235341065471005e+02
6.020097803886584842e+01
1.506598238147090569e+02
1.805689313174100334e+02
6.692060072842133422e+01
1.456608600597032250e+02
1.861506858944248108e+02
7.511865686604630810e+01
1.397881631316432163e+02
1.908040945336283585e+02
8.385051957043680204e+01
1.335758508218055454e+02
1.951088264316273637e+02
9.380685936536686143e+01
1.271729512192799376e+02
1.986913739026608710e+02
1.036888058862564748e+02
1.202957634656177106e+02
2.016536478132934462e+02
1.138818507787628960e+02
1.132695543820103126e+02
2.040374164571593667e+02
1.243158295271250182e+02
1.063713634836343971e+02
2.059567768407072208e+02
1.349451088566958674e+02
9.925841231021740896e+01
2.068835371898520066e+02
1.452855527074629265e+02
9.302269136612500233e+01
2.076349612629691705e+02
1.558732926254929509e+02
8.732089648776289437e+01
2.077520598155234097e+02
1.664821138193829881e+02
8.227744098337430501e+01
2.066936818070011554e+02
1.763948518414021009e+02
7.893660677696193773e+01
2.054223972318723384e+02
1.864191122601268376e+02
7.730382995558791492e+01
2.033237609633031582e+02
1.961261475261827059e+02
7.831771585293819271e+01
2.008172378884590046e+02
2.056017830274473113e+02
8.169851435275661800e+01
1.979800775755967379e+02
2.152087860029153035e+02
8.759111914959683531e+01
1.937298759295493653e+02
2.232999218335379510e+02
9.482267738308900107e+01
1.902901970479393867e+02
2.326432326012141800e+02
1.049750954733740826e+02
1.851644819947361214e+02
2.403259145712644624e+02
1.160173286423769810e+02
1.803312641688513338e+02
2.479474406579074923e+02
1.281260930461606051e+02
1.751839365271815154e+02
2.554112937995425625e+02
1.418158056514898249e+02
1.698297330813689143e+02
2.621777459343637702e+02
1.562800341380239786e+02
1.648857437256917251e+02
2.686425726025744325e+02
1.714786733040787681e+02
1.605133422189306600e+02
2.750518496236468877e+02
1.877863934561914618e+02
1.563311468825500867e+02
2.799667164978306459e+02
2.029750134151281316e+02
1.539379197529691226e+02
2.873235705745840392e+02
2.223984441402531047e+02
1.519991247797640597e+02
2.917637298990197792e+02
2.407322122443984824e+02
1.533549245821651823e+02
2.965295937347316340e+02
2.594280976562633327e+02
1.574668330210556917e+02
3.026639628530394361e+02
2.811036021872573087e+02
1.654307073694511132e+02
3.071063271419410512e+02
3.012079038749587312e+02
1.754282229346485451e+02
3.131497411807142157e+02
3.246927101858218521e+02
1.916763188331365484e+02
3.206701041584612994e+02
3.505170867508925880e+02
2.112903030758545526e+02
3.271886614097634265e+02
3.779119346291697639e+02
2.374353093703865056e+02
3.345588345594927091e+02
4.069123273125902074e+02
2.709498259851806665e+02
3.460691767755358228e+02
4.396252172614958909e+02
3.111109038811983964e+02
3.592317255411954307e+02
4.727369091897843987e+02
3.533691377594394112e+02
3.702894018232228177e+02
5.045840423483790005e+02
4.013479182608064093e+02
3.864104651319186132e+02
5.401775551768590731e+02
4.577981414307759565e+02
3.987188426693817291e+02
5.646581991140351420e+02
5.149431301816011910e+02
4.117324833991099808e+02
5.697337719702933327e+02
5.580731224881443495e+02
4.234077531002889145e+02
5.504935867698924312e+02
5.690401024366344700e+02
4.144858766541742625e+02
5.112106006707556389e+02
5.630626184197145676e+02
3.943047249615996748e+02
4.372116230658262452e+02
5.198161077745486409e+02
3.686997916659117323e+02
3.775142502735912444e+02
4.788264265323469431e+02
3.397209436646469385e+02
3.151687348285506118e+02
4.379371395081959690e+02
3.163576309504015853e+02
2.524720067310622085e+02
3.949063059677231990e+02
2.992818193425117670e+02
1.946530671428793084e+02
3.447526867994313307e+02
2.745988378678897561e+02
1.586892725099792756e+02
3.178442536321012426e+02
2.661804298862490441e+02
1.217258729170889211e+02
2.876581368677712476e+02
2.594802352624814716e+02
9.747978233726261976e+01
2.573647550158844410e+02
2.465954336096704935e+02
7.324117942256944502e+01
2.340137529126314746e+02
2.396526429306052535e+02
5.974095045535430870e+01
2.107386312248586648e+02
2.293532873060738382e+02
4.714875222612567995e+01
1.936547584628516177e+02
2.243109850691181464e+02
4.864418502971722802e+01
1.772185967627615639e+02
2.172115687114551292e+02
5.035112107745634802e+01
1.665880308410740440e+02
2.147361585838339124e+02
5.604758683579085243e+01
1.543435743784648082e+02
2.107627595557428322e+02
6.164295218239843877e+01
1.464724718968049046e+02
2.118058816089071854e+02
7.371791043355911199e+01
1.317994470273644936e+02
2.049340635028143254e+02
7.797479035371330269e+01
1.247055132509556330e+02
2.038968053507475702e+02
8.718114314662476261e+01
1.152837107783224724e+02
1.998820072177565521e+02
9.311280009664088197e+01
1.093008782640776531e+02
1.978823766893128777e+02
9.882399278522869679e+01
1.015069505254530924e+02
1.944335957272388384e+02
1.031210538735834490e+02
9.852427042795932266e+01
1.953495766200350090e+02
1.106848338542356345e+02
9.092632391678139925e+01
1.928063767246721625e+02
1.166133581566570996e+02
8.699725307932351370e+01
1.914513595178840148e+02
1.222261080125808945e+02
8.408882771378367238e+01
1.912727492534110070e+02
1.282925050003977958e+02
7.708738613069353107e+01
1.875191089449238859e+02
1.309957066997572497e+02
7.617291940228942337e+01
1.899960682213245207e+02
1.397054200155775447e+02
7.104825583889370932e+01
1.876397927295835473e+02
1.452397144400953835e+02
6.712343184878757540e+01
1.843624142998904745e+02
1.489088726365063735e+02
6.816307338793454562e+01
1.848111534570699632e+02
1.544807395784968662e+02
6.619803947320605175e+01
1.838676356553351070e+02
1.593065094578911953e+02
6.162597589090879779e+01
1.811399996690994385e+02
1.628242739048801866e+02
6.035320303004950659e+01
1.822801224488345895e+02
1.713355179407064099e+02
6.107288375586190199e+01
1.782554445664118532e+02
1.737602915150428089e+02
6.186517044666324949e+01
1.796767058777320187e+02
1.816465208731826522e+02
6.339981456016215589e+01
1.768432547695317680e+02
1.859106744551413328e+02
6.528880853622892744e+01
1.766129606640918723e+02
1.922023233087274434e+02
6.639143734004893815e+01
1.758982034354138193e+02
2.004472403173926693e+02
7.073386174528890535e+01
1.713475387155989722e+02
2.049009598473702454e+02
7.483596316688337424e+01
1.689140927963049705e+02
2.106552122787687154e+02
7.926150313808945214e+01
1.667821830157610634e+02
2.184448222953734557e+02
8.715568703476856172e+01
1.613226512082855493e+02
2.229354538926488942e+02
9.431324216197658927e+01
1.587192056723616247e+02
2.297475416735288150e+02
1.025977243048791649e+02
1.544886685034485936e+02
2.365756333790798465e+02
1.126813202424734044e+02
1.490063139913939096e+02
2.422183850115293922e+02
1.216584497637117011e+02
1.422794891883198432e+02
2.483493366800525735e+02
1.337046865752631106e+02
1.351682483961807861e+02
2.535629265936284469e+02
1.458739402494167052e+02
1.277411699307733670e+02
2.584303004256581175e+02
1.582032288684752928e+02
1.191159754776780630e+02
2.627906140068469654e+02
1.711363726221472064e+02
1.097846870725094988e+02
2.668279110816476418e+02
1.847746441340498507e+02
9.806413968900069733e+01
2.693511877513505510e+02
1.989629715055696977e+02
8.811789661119269113e+01
2.716604589890160923e+02
2.132199308864467469e+02
7.702870466757963186e+01
2.732542067278388913e+02
2.281198172248926994e+02
6.614789612213586167e+01
2.736177376251380338e+02
2.428126560041803543e+02
5.616010932085288232e+01
2.732548960787691499e+02
2.579669811899419187e+02
5.012824892825797463e+01
2.721547158780718405e+02
2.734878013251191078e+02
4.718041251131307234e+01
2.683264796744672935e+02
2.873916167171011580e+02
5.212321727785943182e+01
2.652866516737555571e+02
3.028594966012313421e+02
6.399409350077572611e+01
2.605995614355324506e+02
3.185960904600739809e+02
8.094929729994046852e+01
2.517858660105216870e+02
3.307924067528138039e+02
9.833600853569322453e+01
2.443008550059283834e+02
3.447075144629932879e+02
1.192610294178139441e+02
2.339844906433438609e+02
3.570571983668866665e+02
1.413601832030054481e+02
2.222739626754041353e+02
3.683807145901537297e+02
1.640812759287852032e+02
2.094044049858694336e+02
3.795326576261817308e+02
1.889759894287279849e+02
1.928045710154819972e+02
3.867749616305387121e+02
2.114344343014803371e+02
1.780342233534636307e+02
3.956420576660614756e+02
2.362027812604941062e+02
1.606837772973308631e+02
4.031992733908846844e+02
2.619173591897429105e+02
1.409082026422512683e+02
4.086775671010165070e+02
2.875803208092225418e+02
1.200973575374925133e+02
4.125996350105722854e+02
3.129548685552202301e+02
9.817969994006577394e+01
4.156432295351381185e+02
3.391558731859530553e+02
7.502341053277208971e+01
4.168615292246768149e+02
3.653802476776788239e+02
5.070840175101262304e+01
4.157903287982912843e+02
3.910413512981006647e+02
3.029575824307340781e+01
4.129231820724798467e+02
4.162727837977601553e+02
2.990393931944203842e+01
4.083566782301556373e+02
4.410199241989164420e+02
5.111869838492086160e+01
4.026127699019393731e+02
4.664766271490476015e+02
8.145452434397671482e+01
3.934598322004209763e+02
4.901165689011766631e+02
1.137680361235363193e+02
3.828242573069246077e+02
5.135044381551698507e+02
1.485725811736832895e+02
3.697985625472227866e+02
5.357160901780627000e+02
1.841777814396778865e+02
3.553069781613921805e+02
5.582871066294291040e+02
2.229936311549562333e+02
3.368943280742370803e+02
5.783884897591844947e+02
2.621068423291121121e+02
3.167823738061765653e+02
5.978860320955202496e+02
3.031459418778288750e+02
2.934785223573039730e+02
6.151625841908303300e+02
3.442840381881064786e+02
2.689052006221146485e+02
6.323703736273623690e+02
3.877657707057846892e+02
2.409566070236168116e+02
6.479718002368873613e+02
4.329223104678808909e+02
2.093936472868046224e+02
6.610946631779301015e+02
4.786657862753210111e+02
1.753574662929555075e+02
6.726099606046868757e+02
5.256899626543628301e+02
1.381033139100084384e+02
6.819072128125126255e+02
5.734514268758455273e+02
9.829724415635956802e+01
6.899472686539620554e+02
6.234416508478051355e+02
5.412569105810303682e+01
6.944307034986026110e+02
6.733412123386269741e+02
1.082985647300463761e+01
6.974920136858627302e+02
7.252993805522804678e+02
4.580407823718140747e+01
6.975061330221273010e+02
7.783625562874366324e+02
1.008412672027659767e+02
6.942552866399114464e+02
8.321801655239099773e+02
1.599364512096867941e+02
6.883538061077376824e+02
8.878140065843805360e+02
2.243938188524873283e+02
6.784642086075958787e+02
9.443316825812866000e+02
2.936832024181644556e+02
6.646398914087548064e+02
1.001638252556238399e+03
3.674046449204212763e+02
6.479389229816712259e+02
1.061638503760055755e+03
4.478769187591401533e+02
6.265215889485825755e+02
1.123739250132780171e+03
5.357663204893067359e+02
5.991528528075214126e+02
1.186881843734545328e+03
6.302428460443361473e+02
5.671469590799378011e+02
1.253561187430239443e+03
7.349738873077816379e+02
5.263366187289406071e+02
1.319804738370838777e+03
8.458955656804456567e+02
4.820903467215885030e+02
1.392857776397697535e+03
9.714533317560466230e+02
4.265757205853476535e+02
1.467135005569547275e+03
1.107998494752790521e+03
3.635957312605219727e+02
1.548235855140556851e+03
1.262564912826343971e+03
2.875413783481978953e+02
1.633579650253619320e+03
1.435190697383579845e+03
1.983298345909416867e+02
1.726846488779057609e+03
1.631985429663686773e+03
9.519278322612188958e+01
1.831448264220210831e+03
1.862133542182579504e+03
5.380680329081539526e+01
1.944242704929478805e+03
2.127006264909659421e+03
1.998233266077985490e+02
2.079515711397537871e+03
2.449690401514767927e+03
3.938901095667717982e+02
2.238294322080192160e+03
2.848324681198581402e+03
6.458496157596275680e+02
2.425383452529734313e+03
3.344552657019955859e+03
9.613748212573663068e+02
2.683817254883684200e+03
4.025475604868707251e+03
1.414666428610349612e+03
3.016572392774278796e+03
4.972324849621920293e+03
2.067124965876042097e+03
3.510900196725965543e+03
6.427893979439221766e+03
3.106457790482093969e+03
4.352111848422823641e+03
9.033728240421849478e+03
5.132630271248810459e+03
5.979075360332608398e+03
1.485150192554222303e+04
1.033997481434226029e+04
1.145434428405217659e+04
4.225323449949325732e+04
6.595055301742328447e+04
6.889574235038549523e+04
4.933868259161284368e+04
1.864916633883355826e+04
6.583376068773525731e+03
1.539632257526682406e+04
8.879753089990312219e+03
2.818880395030059844e+03
8.964590587498994864e+03
6.028432414737925683e+03
1.507014361258316058e+03
6.271830621146104022e+03
4.699369068300699837e+03
8.028541239090710633e+02
4.753088297556774705e+03
3.904135881334314945e+03
3.808210688916508389e+02
3.774796895135295017e+03
3.368358213320462710e+03
1.352886425466030289e+02
3.093577651299637182e+03
2.988132214925401513e+03
1.814067074444824641e+02
2.573551550267287894e+03
2.684756721064916746e+03
3.164851099511546408e+02
2.175642088027670979e+03
2.447516996844229652e+03
4.342637376479908085e+02
1.851337104864744333e+03
2.248873578261450803e+03
5.295187526449334428e+02
1.581495568573761602e+03
2.077172708911271911e+03
6.037812836413570494e+02
1.356228070483240117e+03
1.930366513864014451e+03
6.667279247683516132e+02
1.160349851234828293e+03
1.798455828821286104e+03
7.171767090395644573e+02
9.895600449554434590e+02
1.679383019777185154e+03
7.583590749526468926e+02
8.392125761227407565e+02
1.570796284292585597e+03
7.919182001209767350e+02
7.048303875848910138e+02
1.470038895013595720e+03
8.184994487499540128e+02
5.842271776871892826e+02
1.376012665099390006e+03
8.393877209501210928e+02
4.748578297753110746e+02
1.286766843720804900e+03
8.540699062035016595e+02
3.764753784030600059e+02
1.203003951935604391e+03
8.646770686603064178e+02
2.869696610217710599e+02
1.123295264770550830e+03
8.712484222875642672e+02
2.056678105074207110e+02
1.047032075249302807e+03
8.740234066882079560e+02
1.325672656848861379e+02
9.738526983684726019e+02
8.733759167408160238e+02
7.101553067129388808e+01
9.034334253433455615e+02
8.695146772710385221e+02
4.562603345229558727e+01
8.356853957710143277e+02
8.628703733661890283e+02
8.088581408091656044e+01
7.703462330147939383e+02
8.537280202449577473e+02
1.294961047240220182e+02
7.070043594787479151e+02
8.419259730333145626e+02
1.765777915704641998e+02
6.459749814162854591e+02
8.281576270148904086e+02
2.208604249343764252e+02
5.865987385888408880e+02
8.119572747119198084e+02
2.613020456541675003e+02
5.295177515856416903e+02
7.941748269559665232e+02
2.984836443610673200e+02
4.741383791733071575e+02
7.745669929796189308e+02
3.322731467249152502e+02
4.205453084753586950e+02
7.532997026679344117e+02
3.627767890854883035e+02
3.687562483820365742e+02
7.305079998399615988e+02
3.900676327009678630e+02
3.188373411420057550e+02
7.064228795915295223e+02
4.143783048381408207e+02
2.707101172410693266e+02
6.810993125607096772e+02
4.357798302272894375e+02
2.244384364353965395e+02
6.546848652573542040e+02
4.544176663022853404e+02
1.800454035948721980e+02
6.272392906535823158e+02
4.703387603801724595e+02
1.377430377532364218e+02
5.989153721163490900e+02
4.836547988314528652e+02
9.791403187430759658e+01
5.698748205947728138e+02
4.945415706301547516e+02
6.168800323810238240e+01
5.401291627120336898e+02
5.029936187206776026e+02
3.499084756809958208e+01
5.099050036317441936e+02
5.092371706748815541e+02
3.786264695565624550e+01
4.791627558656853125e+02
5.132290875610434568e+02
6.364316117668288797e+01
4.480953493584806893e+02
5.151204883949616260e+02
9.329576623007575620e+01
4.168073896805960885e+02
5.150243934300228830e+02
1.226610568439856763e+02
3.853733262980071004e+02
5.130285000113965452e+02
1.508351049411787699e+02
3.538297047259756027e+02
5.091425537242516839e+02
1.774386298250178129e+02
3.223767791163848528e+02
5.035536882527208036e+02
2.024306776161307084e+02
2.910454757061057194e+02
4.963039466211791932e+02
2.257091280056732785e+02
2.599191893933323172e+02
4.874737798565991511e+02
2.472525453614755691e+02
2.291316759478423251e+02
4.771750133678970656e+02
2.670505096750412690e+02
1.987271006376291496e+02
4.654518747009174149e+02
2.850481069910373435e+02
1.689335343041861393e+02
4.525446939211828976e+02
3.014273001526590861e+02
1.396500299296596097e+02
4.383375467215771550e+02
3.160309098877901306e+02
1.111878153864241909e+02
4.229924540279953931e+02
3.288743128388600780e+02
8.381198951831862587e+01
4.066791476330658384e+02
3.400928123035247381e+02
5.796118240765876095e+01
3.893477613508952686e+02
3.495765618317624899e+02
3.570977640267778241e+01
3.712110518592633071e+02
3.574575605970044876e+02
2.523940606736259440e+01
3.522968644178808972e+02
3.637222805995008343e+02
3.616945033670655363e+01
3.327033996648085576e+02
3.684204182964565462e+02
5.616832186064315380e+01
3.124973201345884490e+02
3.715579967360491764e+02
7.763947792003506265e+01
2.917933657503542690e+02
3.732028202997575477e+02
9.892504767415729816e+01
2.706712737655373644e+02
3.733934839714069085e+02
1.195021084453049696e+02
2.492019200279577262e+02
3.721613718511948719e+02
1.391539167383410245e+02
2.274899727770591937e+02
3.695715856752865989e+02
1.577823988920553120e+02
2.056079552928724752e+02
3.656671039952937576e+02
1.753165604197889706e+02
1.836442513556521590e+02
3.605029042271258959e+02
1.917127330965893179e+02
1.616798846176046993e+02
3.541258737353742276e+02
2.069282845969250388e+02
1.398141124806908806e+02
3.465979216726622667e+02
2.209391295917102127e+02
1.181514211042630365e+02
3.379847313781157254e+02
2.337356088537621588e+02
9.680433068517761797e+01
3.283391371717276570e+02
2.453007611882698598e+02
7.594968053450922696e+01
3.177212182660204007e+02
2.556216788554224593e+02
5.591017357329067039e+01
3.062013565156514119e+02
2.647024229518592620e+02
3.749954442312773040e+01
2.938413221896810796e+02
2.725437975008578064e+02
2.371805847991666383e+01
2.807034135338211058e+02
2.791460574208614958e+02
2.322350283409172889e+01
2.668591753646104507e+02
2.845224802696962456e+02
3.567943958751120448e+01
2.523737734829640829e+02
2.886846931181570426e+02
5.190346133938445661e+01
2.373162641411680625e+02
2.916495413982327136e+02
6.875258968935533233e+01
2.217559576756480055e+02
2.934381467097227301e+02
8.539787062331157586e+01
2.057637594946685908e+02
2.940799412104159956e+02
1.015502013716381242e+02
1.893933515625353436e+02
2.935785844554181949e+02
1.170324581184599424e+02
1.727391996811379329e+02
2.919868930659665125e+02
1.317764901603727878e+02
1.558595393571917214e+02
2.893291657394803451e+02
1.457178804093200029e+02
1.388296733576137001e+02
2.856421163650004473e+02
1.588134263443554914e+02
1.217214998248472568e+02
2.809576883028695420e+02
1.710210755362548980e+02
1.046235494139816069e+02
2.753205602904655507e+02
1.823150940063518135e+02
8.762954344169058629e+01
2.687714176832049020e+02
1.926704100190003146e+02
7.086583312057223338e+01
2.613565246128713397e+02
2.020699198583016027e+02
5.452963447482552084e+01
2.531235947717200077e+02
2.105022235853631400e+02
3.903108524488443010e+01
2.441184899063556486e+02
2.179570448221160461e+02
2.558558968682658019e+01
2.343875851436351638e+02
2.244240326569470199e+02
1.851736537598467436e+01
2.239843810313788026e+02
2.299011647329910488e+02
2.360317489917034450e+01
2.129620141009266945e+02
2.343885256667040551e+02
3.549612976394831776e+01
2.013785522067595934e+02
2.378952144248595459e+02
4.908478205852623688e+01
1.892877673659441200e+02
2.404308979116653688e+02
6.292237925782458774e+01
1.767416596612379180e+02
2.420042776576103734e+02
7.655218460711942896e+01
1.637951176337892605e+02
2.426264958813478643e+02
8.977640588137565203e+01
1.505056509178509998e+02
2.423107380326352995e+02
1.024812683610292652e+02
1.369380887798072308e+02
2.410788502567313571e+02
1.145922330548925032e+02
1.231594843925194311e+02
2.389607699079729173e+02
1.260608959450882907e+02
1.092343543740896763e+02
2.359891696994598647e+02
1.368557719269594486e+02
9.522303946305763134e+01
2.321922453952866761e+02
1.469522929007900700e+02
8.118677926451383087e+01
2.275839088679320810e+02
1.563088378696727148e+02
6.723231506730115825e+01
2.222078850380762844e+02
1.649148836816636390e+02
5.347854238856032794e+01
2.160814204868281365e+02
1.727373360058351182e+02
4.017321917501018191e+01
2.092301466186860353e+02
1.797307930442084114e+02
2.791805084771852208e+01
2.017397124039472942e+02
1.859301680778781645e+02
1.854042132713263769e+01
1.936235170778759880e+02
1.913076836498395608e+02
1.707250467510455039e+01
1.849330256116057569e+02
1.958673532106468826e+02
2.454014219379353179e+01
1.757056545336212992e+02
1.996045355517022131e+02
3.537945530405205830e+01
1.659842335520316965e+02
2.025184462762554176e+02
4.702902627862395946e+01
1.558127164438668899e+02
2.046089531428822283e+02
5.873755132890472197e+01
1.452416101890794664e+02
2.058839261781326684e+02
7.022688535702948798e+01
1.343218773740025256e+02
2.063558042471714771e+02
8.136363280074024829e+01
1.231028513543152201e+02
2.060384586623651160e+02
9.206887269816596131e+01
1.116339701119207888e+02
2.049467904188736895e+02
1.022876699410143431e+02
9.996593379902974164e+01
2.030955674450690367e+02
1.119746415718206407e+02
8.815586528802614907e+01
2.005035515934964678e+02
1.210920889187250253e+02
7.626789781558743186e+01
1.971936152249874112e+02
1.296091109652021487e+02
6.437724939220208853e+01
1.931926713946621419e+02
1.375020507960527709e+02
5.257901042100726130e+01
1.885278689133681098e+02
1.447508056646532282e+02
4.102268738690810324e+01
1.832271133235718423e+02
1.513378180200964209e+02
3.001304693098511223e+01
1.773193122490018823e+02
1.572470518817473817e+02
2.038555247662548098e+01
1.708360523536223639e+02
1.624651223766429951e+02
1.483945107773532968e+01
1.638123275372961700e+02
1.669832295397295638e+02
1.742399605133831741e+01
1.562848107095129251e+02
1.707964190203809949e+02
2.551363210437909146e+01
1.482907262904683989e+02
1.739025823676483071e+02
3.527433735173048746e+01
1.398670998603784597e+02
1.763007953012269979e+02
4.541729466812007843e+01
1.310523723295100922e+02
1.779919701689773319e+02
5.552268150506019850e+01
1.218873337489086026e+02
1.789799813170919549e+02
6.541070965527336512e+01
1.124150309767721865e+02
1.792723507974923223e+02
7.498376928588396595e+01
1.026798538282027806e+02
1.788797876365768502e+02
8.417929952062543464e+01
9.272683010413386739e+01
1.778147314505230554e+02
9.295149037082518362e+01
8.260299181023873416e+01
1.760911198160918616e+02
