1.478262212595722929e+02
1.475026602929098658e+02
1.458608814931187680e+02
1.495456383780687588e+02
1.496193512527701444e+02
1.477167600425911473e+02
1.512886603205732570e+02
1.517671053378885233e+02
1.496269856098533637e+02
1.530412496595550351e+02
1.539795565668120787e+02
1.517114146063345572e+02
1.549368012766326785e+02
1.562801466846728147e+02
1.538492856227060201e+02
1.568013383595955474e+02
1.585576001650331079e+02
1.560350842633510240e+02
1.586746061373320913e+02
1.608599000432071762e+02
1.583878896276969783e+02
1.607437249959460530e+02
1.633046891131764085e+02
1.608517365346703230e+02
1.627939161189074468e+02
1.656128739002969894e+02
1.632675517630576962e+02
1.649822736620090780e+02
1.681666261033321916e+02
1.659067344186600508e+02
1.672654511937896302e+02
1.707606107667271544e+02
1.685696140740434998e+02
1.694388451695932929e+02
1.732401743971761334e+02
1.713517284322437604e+02
1.718210586639449389e+02
1.758170761132510336e+02
1.742301444456498700e+02
1.743625013022261214e+02
1.785638932904274725e+02
1.772835535346332847e+02
1.770031641963274183e+02
1.813444964766267162e+02
1.804552535684634904e+02
1.797588831174425081e+02
1.840823151697038327e+02
1.835694880100015780e+02
1.825781055074012045e+02
1.869991182500995706e+02
1.870093515741937722e+02
1.857239471414881109e+02
1.900117193804221358e+02
1.904184670280369289e+02
1.889237658310563575e+02
1.932309981932726828e+02
1.941729677708307236e+02
1.923495009801708022e+02
1.963068304383154441e+02
1.977585778207079557e+02
1.960145733144403266e+02
1.997983207014618188e+02
2.015237449862601977e+02
1.996887160052312140e+02
2.034469503970248070e+02
2.055798830525072276e+02
2.034159637530620159e+02
2.068825334324894243e+02
2.096862068554619327e+02
2.076311961542243409e+02
2.108233851552518558e+02
2.141741789510625722e+02
2.121598301842556964e+02
2.147734875279452638e+02
2.184270226083443447e+02
2.166532113899251613e+02
2.189369848391383755e+02
2.228394281698815291e+02
2.212483452324839561e+02
2.234140962347325683e+02
2.279147454899899117e+02
2.265359972693380826e+02
2.280762125971683361e+02
2.328382166964743192e+02
2.319502504979058415e+02
2.331254639883981099e+02
2.380611029564371677e+02
2.377213270909388427e+02
2.386764648026516511e+02
2.436243461685929219e+02
2.436214911919144299e+02
2.443519391357977497e+02
2.493461536867474706e+02
2.497019192757472297e+02
2.502793345988859528e+02
2.553449376331455198e+02
2.559954861759397318e+02
2.564724811733779006e+02
2.620340282733882304e+02
2.634560249322086065e+02
2.635655278732045872e+02
2.687696508205979171e+02
2.706935466290937597e+02
2.708931402907848565e+02
2.759816565529495733e+02
2.784575829365768413e+02
2.793427929342830112e+02
2.847129985516122019e+02
2.864972205151680669e+02
2.861353718159447226e+02
2.921741775371010590e+02
2.959570192930030430e+02
2.956362715984947158e+02
3.005119864075152805e+02
3.045067969553091984e+02
3.050424438402254737e+02
3.106062799378458408e+02
3.148972126338359203e+02
3.145485865550257358e+02
3.199112658795074822e+02
3.262649574193482636e+02
3.273143109237270778e+02
3.319855393769348098e+02
3.380226509712580878e+02
3.395236943602118345e+02
3.445827623565432418e+02
3.511075076614982322e+02
3.522128620332031801e+02
3.561989389365364218e+02
3.630957235941715453e+02
3.654438719934485675e+02
3.705510772263893955e+02
3.794024811294392521e+02
3.832912392934593981e+02
3.878934231998253495e+02
3.961460952350436742e+02
4.002259657475422046e+02
4.049847833529283889e+02
4.145587137316653639e+02
4.206648782469403045e+02
4.257562808123023501e+02
4.351291061227058208e+02
4.420881777578451306e+02
4.472800501849614534e+02
4.558669108030522921e+02
4.637071153317415906e+02
4.722133409325123807e+02
4.842887567716747981e+02
4.925126571727927285e+02
4.991938443962640122e+02
5.127608233899896959e+02
5.255641084674003878e+02
5.340451992309788238e+02
5.473178037852169382e+02
5.621061353435700312e+02
5.739494354244133092e+02
5.909810667623478366e+02
6.093831791273995577e+02
6.218213027435140248e+02
6.389420297461140308e+02
6.604016938113857123e+02
6.744498308832659177e+02
6.938300954949537527e+02
7.249673063062549545e+02
7.469787393617668840e+02
7.667702251819498542e+02
8.041931003450996513e+02
8.375010552974659959e+02
8.602503658781627109e+02
9.016454089319012155e+02
9.486327312800879099e+02
9.820220899124548168e+02
1.031961985844364108e+03
1.094984569253141217e+03
1.144479862371357285e+03
1.213382997168033626e+03
1.306989093078855376e+03
1.384851626677390414e+03
1.479399201880579994e+03
1.616799978647324679e+03
1.755731619923176595e+03
1.930704911690301742e+03
2.178084954145861047e+03
2.438223382389349808e+03
2.758788644356989153e+03
3.239105678313370390e+03
3.832726413249904454e+03
4.605655969698314948e+03
5.673340099097711573e+03
6.667053127453728848e+03
6.941158666348228508e+03
6.249944904341008623e+03
5.019929532113409550e+03
3.971300054807220477e+03
3.324222525735735417e+03
2.796344447745900197e+03
2.356166435306428411e+03
2.078298697622126383e+03
1.836422884803890838e+03
1.622078334716066365e+03
1.490519444394263928e+03
1.349347521530853555e+03
1.208154454014540534e+03
1.139537548793103952e+03
1.059049868746543552e+03
9.577208245954268477e+02
9.195192871531514811e+02
8.767175588367457522e+02
7.929874445979328357e+02
7.526840552067230874e+02
7.284217441612109951e+02
6.726363947671625283e+02
6.393379513813528092e+02
6.149085314198800916e+02
5.692107443857860289e+02
5.512936020063791602e+02
5.364799418799083242e+02
4.874402326045724294e+02
4.669540271982026525e+02
4.707464649313481004e+02
4.437401129199552656e+02
4.222993887931895642e+02
4.144922088267209119e+02
3.841445884825284907e+02
3.672150729258276556e+02
3.702185984186839960e+02
3.503853903654386954e+02
3.324676297460992487e+02
3.289613118593511558e+02
3.117172394881777109e+02
3.045300233210840588e+02
3.065304965284748278e+02
2.851577801367860729e+02
2.727609363022470461e+02
2.768867550018563293e+02
2.587424562679211704e+02
2.464704385710526537e+02
2.515727268230365326e+02
2.355037067348536084e+02
2.276477871559136190e+02
2.389935542452012669e+02
2.221026744948128737e+02
2.051493217504467168e+02
2.145378619596874330e+02
2.009971346226239746e+02
1.870287976425904901e+02
2.041610803839747916e+02
1.963400209771913865e+02
1.748304277055519265e+02
1.849473875331109127e+02
1.799222733459395727e+02
1.585802913911019516e+02
1.678381016989760610e+02
1.678388809537452460e+02
1.491419468080739250e+02
1.554451800458618322e+02
1.559419315349165629e+02
1.389863246299937316e+02
1.453287888883461960e+02
1.479003547074745768e+02
1.324086095755772021e+02
1.361504634812301902e+02
1.379462213575978353e+02
1.243053187175668199e+02
1.291029411153866135e+02
1.318111204019807872e+02
1.206475985310998880e+02
1.263248933437397312e+02
1.256124488868070870e+02
1.080989880060461843e+02
1.136926214630614140e+02
1.197519049640602304e+02
1.074932994956583627e+02
1.094194805761230640e+02
1.081255858666237089e+02
9.346555733761682916e+01
1.057127365296062180e+02
1.135753929025334230e+02
9.693037155268827121e+01
9.957864795178194584e+01
1.044740194653566903e+02
8.771599932724404880e+01
9.331627301502878424e+01
1.012199710018544181e+02
8.294034878690830226e+01
8.846282974947233413e+01
1.025566695361603848e+02
8.765729508390970182e+01
8.700891079271283957e+01
9.836277401896360573e+01
8.283419922185480289e+01
7.836863714918398216e+01
8.989303883901051506e+01
7.834605105214137666e+01
7.859580070535943719e+01
9.268888459000555713e+01
8.309159872136520164e+01
8.020873067685529634e+01
8.914518372248944900e+01
7.521473805872501828e+01
7.171123549197012892e+01
8.691667844121425901e+01
8.072226215766089297e+01
7.731084350888075107e+01
8.372216731349838881e+01
7.195510886714015442e+01
7.349514470949578993e+01
8.456658218408709615e+01
7.038476734915111876e+01
7.368290848775926349e+01
9.113538330608717786e+01
7.526071184795954139e+01
6.892125995414188822e+01
8.952466292574327156e+01
7.830226205714274101e+01
6.583101881386130572e+01
8.354121197979735314e+01
7.497390009802629152e+01
6.259535675026850043e+01
8.103375285426439234e+01
7.788451510682301659e+01
7.076084249875006549e+01
8.477587409384304351e+01
7.581983957874547286e+01
6.581094738839009040e+01
8.284656498421402659e+01
7.500351164159209816e+01
6.515745809966647073e+01
8.457462423539111285e+01
7.654926098748090624e+01
6.442166827714703459e+01
8.819855100496872069e+01
8.445164191903464257e+01
6.831307227761450918e+01
8.781102796068900318e+01
8.521921381065945411e+01
6.848302815761020668e+01
8.736593437781755256e+01
8.489325943423932586e+01
6.610153085523172933e+01
8.785237545572051943e+01
9.064994187801667636e+01
7.319417897948378027e+01
9.000567911756924389e+01
9.059929428243758309e+01
7.315491007155755199e+01
9.470114281964850989e+01
9.768604737238450753e+01
7.460606987855344130e+01
9.372067915998211163e+01
1.025950934780565831e+02
8.151010269421718135e+01
9.374814947447960378e+01
1.019711144273659471e+02
8.584889269960537206e+01
1.015528502560171518e+02
1.079500757353542326e+02
8.613118824256929429e+01
1.016621709296245939e+02
1.136411517874414869e+02
9.407753351140567588e+01
1.047242298592227883e+02
1.148168984809084918e+02
9.635681057049232834e+01
1.087551628139949429e+02
1.175784271033674457e+02
9.852567907597024544e+01
1.197144801886246483e+02
1.339760971334854105e+02
1.063141649949691043e+02
1.162489301045499843e+02
1.349508086826705551e+02
1.131793757913760601e+02
1.245093076657120434e+02
1.432891517768501899e+02
1.197983711263594699e+02
1.333287291730564448e+02
1.581200607198180137e+02
1.311897553243536265e+02
1.325524768707211365e+02
1.598040116231363186e+02
1.385499252582542624e+02
1.415673678919968665e+02
1.711590976522857659e+02
1.506282364920144801e+02
1.493392204405814994e+02
1.790196446710404530e+02
1.588982315033658494e+02
1.575826230916001407e+02
1.909186629598764569e+02
1.704153110470303432e+02
1.671097971162046463e+02
2.071568596558823003e+02
1.876459914570461365e+02
1.743181495815359483e+02
2.195229932014582062e+02
2.093549980858832953e+02
1.885074312646061401e+02
2.267212343238671508e+02
2.224369045259163045e+02
2.094676008403474441e+02
2.492180770276668227e+02
2.409155491516127938e+02
2.188685817018935040e+02
2.612506846708116086e+02
2.598439577937012359e+02
2.385181510673067180e+02
2.818379831721032360e+02
2.820687655019458475e+02
2.598630171317964823e+02
3.086455323852363222e+02
3.098997330811670849e+02
2.757043878340602419e+02
3.292883511681300774e+02
3.447919419410945920e+02
3.068683741323192180e+02
3.537506505981298801e+02
3.763787852506893046e+02
3.371720137488738374e+02
3.800614116865766050e+02
4.104055810370230120e+02
3.748902067899583130e+02
4.164983533958246085e+02
4.481567109607832435e+02
4.081755422699857263e+02
4.544590978389963993e+02
4.989794928385663866e+02
4.558881816403522862e+02
4.962226041528945188e+02
5.513417382775470514e+02
5.133713729062591256e+02
5.540041946415592520e+02
6.125721095989192690e+02
5.665115702406650371e+02
6.124434484861542387e+02
6.921238090888787156e+02
6.386578733236372045e+02
6.746289894367973830e+02
7.829713209636651072e+02
7.447278291605706499e+02
7.751685245737339756e+02
8.994615607915111468e+02
8.669405604933563154e+02
8.904736657282055603e+02
1.034904438823498140e+03
1.012600135574489286e+03
1.050186087294636536e+03
1.245152551611535046e+03
1.240616765044328304e+03
1.274229043745732270e+03
1.524639045380086600e+03
1.554449941836938024e+03
1.604809801947098777e+03
1.961029442396970353e+03
2.074289769416577201e+03
2.183225943103391273e+03
2.733351883957230257e+03
3.012970539749537238e+03
3.267761220629077343e+03
4.317286979693100875e+03
5.177248215048252860e+03
6.123907377921026637e+03
9.257541391359596673e+03
1.316343556767871269e+04
1.485708186746850697e+04
1.312199511377014642e+04
9.257428833553993172e+03
6.248224687699993410e+03
5.316823854637663317e+03
4.408994845786111910e+03
3.392043903186879561e+03
3.159411709634582621e+03
2.847893523369443301e+03
2.323566153721741557e+03
2.260739991862794341e+03
2.140146056825103187e+03
1.797784996159520233e+03
1.768122314381789465e+03
1.718809476594686657e+03
1.462549094754048383e+03
1.438088273518832011e+03
1.429833866624194798e+03
1.236832194187039704e+03
1.220798075055629397e+03
1.237819010076892027e+03
1.079239134786305613e+03
1.050544787541055939e+03
1.079137962542976538e+03
9.567221544648641611e+02
9.307714895647668527e+02
9.657725624254242121e+02
8.636656818389043337e+02
8.350213490728913257e+02
8.759270002430559998e+02
7.909196967420884903e+02
7.551119482957718674e+02
7.970505284262039822e+02
7.295591869324763366e+02
6.922435955466917221e+02
7.327382843444459013e+02
6.773492517439037783e+02
6.398263675705373998e+02
6.801162625823585586e+02
6.338037280738998334e+02
5.938740660280298016e+02
6.340638446286061480e+02
5.969891775384082848e+02
5.538816480620820357e+02
5.919147737056335927e+02
5.638352165888385343e+02
5.203293357912444890e+02
5.573766102547295986e+02
5.373700832756767340e+02
4.910194217720024312e+02
5.241724371749725151e+02
5.128739680998354515e+02
4.665325210442708794e+02
4.939765617425080677e+02
4.890980677518071502e+02
4.455303875758621075e+02
4.691301871237398586e+02
4.677884750340028859e+02
4.238944777755820610e+02
4.439700058586366254e+02
4.488897797925722557e+02
4.079106142158239550e+02
4.234825741648078861e+02
4.315951251812786609e+02
3.930937752365144888e+02
4.051370705378287767e+02
4.153613341374511378e+02
3.776877975482809120e+02
3.864473681312183544e+02
4.005676643339423322e+02
3.655214296629961268e+02
3.703016324133776607e+02
3.865683048614700965e+02
3.538898976818877031e+02
3.551446982204726623e+02
3.737553665220821131e+02
3.442758642277618719e+02
3.419288757016608429e+02
3.611635437446379910e+02
3.336117504107302238e+02
3.278788559994522416e+02
3.491000207679998653e+02
3.254972531564652058e+02
3.164165819414560019e+02
3.371768217751065890e+02
3.164720657123129399e+02
3.054828240797712056e+02
3.269135494384553340e+02
3.092457515771589556e+02
2.956196224601561653e+02
3.167133576338090961e+02
3.020240298966014620e+02
2.861223739332980927e+02
3.067667960991829545e+02
2.956001985861319099e+02
2.781989842582732990e+02
2.976319276637118492e+02
2.892204290257743651e+02
2.705265433397806305e+02
2.889009521991786755e+02
2.832916592529353466e+02
2.633510660990299357e+02
2.802878867693281109e+02
2.775598172298500685e+02
2.567644634750299133e+02
2.717483899853978642e+02
2.717139138088125492e+02
2.509737372187231870e+02
2.642657603553690251e+02
2.664210642332042767e+02
2.454667037806118230e+02
2.569507112415210486e+02
2.614367569969648457e+02
2.404607705691732349e+02
2.495332664734920343e+02
2.560548448043452936e+02
2.358394908634745946e+02
2.429161943976135944e+02
2.511412397842145765e+02
2.315680201763515242e+02
2.364765679094057020e+02
2.462300982897797041e+02
2.274368171775155076e+02
2.300396007818551425e+02
2.412434440932997859e+02
2.238446342168148249e+02
2.244133600186800663e+02
2.366872964509228439e+02
2.206050203769715949e+02
2.189003507267568409e+02
2.317541808955305953e+02
2.171503277525483497e+02
2.137015825296172693e+02
2.272471742247869599e+02
2.142121663039141026e+02
2.088445844170972805e+02
2.226893658198444257e+02
2.113671784468661485e+02
2.043278090736164359e+02
2.182476031922757045e+02
2.086375582997758329e+02
1.999993200875497621e+02
2.137248683201664221e+02
2.058580843870652473e+02
1.958679014706568466e+02
2.093772680369617945e+02
2.034617818606687081e+02
1.922706691535369998e+02
2.051203167617605629e+02
2.010243721737651583e+02
1.887932040311814603e+02
2.006859051997830363e+02
1.983381861653360829e+02
1.855492369409138291e+02
1.966791352108624551e+02
1.960803131924356535e+02
1.826391315793381409e+02
1.924836351778405970e+02
1.934587151810830505e+02
1.798038142805197879e+02
1.885800534772294270e+02
1.911433829815702836e+02
1.773390954507221124e+02
1.847478521749756908e+02
1.887126560664376314e+02
1.749557632962343803e+02
1.810091961087714196e+02
1.863733166553066951e+02
1.728462640730190572e+02
1.773041851661611759e+02
1.838448772324323386e+02
1.708402216684350492e+02
1.737986854236796717e+02
1.813243145280256385e+02
1.689163445355151509e+02
1.703876223000294488e+02
1.788328100521056285e+02
1.672456588014101442e+02
1.672453580255985912e+02
1.763545893071745354e+02
1.655781134994592776e+02
1.640763770782949393e+02
1.737740663592753094e+02
1.640584504137795250e+02
1.611398785455696725e+02
1.711758411991664843e+02
1.625875131115819556e+02
1.583836451544555359e+02
1.686055229357787937e+02
1.611779832937801586e+02
1.557472329849143762e+02
1.660030924685649723e+02
1.598328325305879787e+02
1.533042201045392119e+02
1.634014097975731943e+02
1.584852679299341673e+02
1.509595484493975732e+02
1.607628787798009000e+02
1.571797031559265747e+02
1.488300045462733294e+02
1.581381743147026953e+02
1.558353831234080644e+02
1.468493943214128024e+02
1.555998221246373703e+02
1.545418138712614393e+02
1.449785467040879041e+02
1.530181927009393235e+02
1.532142490043722205e+02
1.432516028494745512e+02
1.504564456858925610e+02
1.518620056164723451e+02
1.416721646113614668e+02
1.479418535506127910e+02
1.504813242815280319e+02
1.402183242731571227e+02
1.454848591635887942e+02
1.490853552887014075e+02
1.388809161492143005e+02
1.430586401191661423e+02
1.476372215391707812e+02
1.376595790267566315e+02
1.407090058592572461e+02
1.461530829812793968e+02
1.365350964346948501e+02
1.384296173298153008e+02
1.446151552066472448e+02
1.354729026700420320e+02
1.362193907439206839e+02
1.430459286730591657e+02
1.345035368788424250e+02
1.341171321762975310e+02
1.414511791613786897e+02
1.335842787661489126e+02
1.320743969577279984e+02
1.398024110199602887e+02
1.327243609323435010e+02
1.301369116297290986e+02
1.381119006744596618e+02
1.318936956002021361e+02
1.282957727478388676e+02
1.363895206733356815e+02
1.310980789026776847e+02
1.265695732761583940e+02
1.346426478875604005e+02
1.303143846867955915e+02
1.249422559220571856e+02
1.328699937486289571e+02
1.295397715513850869e+02
1.234231336648204831e+02
1.310757212232907136e+02
1.287576316810132084e+02
1.220107304063187286e+02
1.292742368641990538e+02
1.279666969555317877e+02
1.207014822865828734e+02
1.274671532793949069e+02
1.271590953378490241e+02
1.194980581700235547e+02
1.256679682549310684e+02
1.263288165394610587e+02
1.183865621809568580e+02
1.238734568209215894e+02
1.254705894922802969e+02
1.173679802802017775e+02
1.220885325561877863e+02
1.245749874288867289e+02
1.164451343836180399e+02
1.203361028612108328e+02
1.236393500255436493e+02
1.155963344668600428e+02
1.186151495449768447e+02
1.226683524620923436e+02
1.148260559655487185e+02
1.169337363682669633e+02
1.216490296335845755e+02
1.141112895496995634e+02
1.152945705342524292e+02
1.205941938422751747e+02
1.134685946039053874e+02
1.137162624238352464e+02
1.194891433984790297e+02
1.128592285277050991e+02
1.121893031838570494e+02
1.183445300409960055e+02
1.122965586968630589e+02
1.107331574709103990e+02
1.171613944999394192e+02
1.117630274147970511e+02
1.093443397007043671e+02
1.159381647861134610e+02
1.112503935545518061e+02
1.080313199103647861e+02
1.146815165396727565e+02
1.107480417876449366e+02
1.067925412348373015e+02
1.133971684630477483e+02
1.102565355626139478e+02
1.056356644594957856e+02
1.120851479321827497e+02
1.097590118515065285e+02
1.045572518009693823e+02
1.107528456531245951e+02
1.092523081871001693e+02
1.035595875565981174e+02
1.094071378143855213e+02
1.087288313868963030e+02
1.026343966111054442e+02
1.080468245120111561e+02
1.081860794939776440e+02
1.017929751825090960e+02
1.066874594532630596e+02
1.076188901006732408e+02
1.010279418243072911e+02
1.053331176695291020e+02
1.070220261368735351e+02
1.003308155813707145e+02
1.039768627170078901e+02
1.063724771007418042e+02
9.968667543016081822e+01
1.026404776283835645e+02
1.056984194990651673e+02
9.911385101315357815e+01
1.013327742244788396e+02
1.049892846614408768e+02
9.859769443430975855e+01
1.000534566505561429e+02
1.042371622664380055e+02
9.812634767250723655e+01
9.880782660906213266e+01
1.034445609930807137e+02
9.769731257894260068e+01
9.760493836726494976e+01
1.026123693586571477e+02
9.730088844188185249e+01
9.644702908160587640e+01
1.017420282991905367e+02
9.693335139204509687e+01
9.534018570306412244e+01
1.008321272875884631e+02
9.658422872461912334e+01
9.429055974952814267e+01
9.988967973817672430e+01
9.624707909733452027e+01
9.329625351301010028e+01
9.891285363841363676e+01
9.591549044379291900e+01
9.236417440636861897e+01
9.790806169547826698e+01
9.558309485599014010e+01
9.149561558688961327e+01
9.687974656406736074e+01
9.524414735261822784e+01
9.069058319718803318e+01
9.583046603342420156e+01
9.489141499715354655e+01
8.994959661835294185e+01
9.476763120469563262e+01
9.452221145081361442e+01
8.927162866393636875e+01
9.369369564290106212e+01
9.412926031715799979e+01
8.865438757040296025e+01
9.261525991339793507e+01
9.370996874788288267e+01
8.809622181160662535e+01
9.153818143345949920e+01
9.326080398267761495e+01
8.759356421897702205e+01
9.046832217178483404e+01
9.277963062599064870e+01
8.714257104635741769e+01
8.941049387272325077e+01
9.226346981632261190e+01
8.673887299091059333e+01
8.837124130423073609e+01
9.171126529411579043e+01
8.637686309704555754e+01
8.735531039654485141e+01
9.112208645901270643e+01
8.605177441274533123e+01
8.636904506832935624e+01
9.049622487701640239e+01
8.575702582631257087e+01
8.541620564772891555e+01
8.983398783205191762e+01
8.548724487818508067e+01
8.450142744730678146e+01
8.913604656299757778e+01
8.523632817850466381e+01
8.362927501892845328e+01
8.840449420965649097e+01
8.499830532110804882e+01
8.280308836093554703e+01
8.764119956749019025e+01
8.476674568657695374e+01
8.202577911869076388e+01
8.684975912263159614e+01
8.453660613552266057e+01
8.129905296746166243e+01
8.603236166659085882e+01
8.430187012032862981e+01
8.062465248004724572e+01
8.519330608425137541e+01
8.405775506479722026e+01
8.000295534414445342e+01
8.433617966897550389e+01
8.379961100884899849e+01
7.943448083932321424e+01
8.346586203475915511e+01
8.352326376528093022e+01
7.891794700095098847e+01
8.258624351372682781e+01
8.322442336270557917e+01
7.845190793459184420e+01
8.170271738211359036e+01
8.290028412401365188e+01
7.803412088774823019e+01
8.082002004819638330e+01
8.254797591201106854e+01
7.766166333934181409e+01
7.994319730419582015e+01
8.216524736484720393e+01
7.733076024386208758e+01
7.907698611123295507e+01
8.175050274866332245e+01
7.703763505114331167e+01
7.822638605129090195e+01
8.130259616486945617e+01
7.677785140721535129e+01
7.739629610684528416e+01
8.082109791348324279e+01
7.654658281919363105e+01
7.659125551982076274e+01
8.030622829378110339e+01
7.633894960487792503e+01
7.581542654051713725e+01
7.975855374441920276e+01
7.614998983218470130e+01
7.507286485820242206e+01
7.917910671691315372e+01
7.597416514272848076e+01
7.436682620952127820e+01
7.856978281912390116e+01
7.580671245518401236e+01
7.370028614918378196e+01
7.793241985865567756e+01
7.564234563114257526e+01
7.307571509625756789e+01
7.726993367513358635e+01
7.547644863323233722e+01
7.249476706204089282e+01
7.658506894522427899e+01
7.530431808172181718e+01
7.195862038769924141e+01
7.588136399123264653e+01
7.512199876976902146e+01
7.146805141127532579e+01
7.516265284179112882e+01
7.492517482366778836e+01
7.101986550767061601e+01
7.442624098720327197e+01
7.470416692715109264e+01
7.061552353878636268e+01
7.368807243217810310e+01
7.446780961048257552e+01
7.025624232583625428e+01
7.294640841697744804e+01
7.420646673076538491e+01
6.993661556478949137e+01
7.220550562733889421e+01
7.391848874621931031e+01
6.965432136060447021e+01
7.146995143266570949e+01
7.360231544674759618e+01
6.940632743926028070e+01
7.074405133807279356e+01
7.325657497211601310e+01
6.918919501098694980e+01
7.003240100374949861e+01
7.288065850591823391e+01
6.899907140435406916e+01
6.933926994034644053e+01
7.247433512543049972e+01
6.883168533187090077e+01
6.866853407111189256e+01
7.203779437838251454e+01
6.868264862528859283e+01
6.802394134127851544e+01
7.157185093206587112e+01
6.854744310338720936e+01
6.740856126535952342e+01
7.107727554975501505e+01
6.842104582465260876e+01
6.682496602576752309e+01
7.055600790890916585e+01
6.830009442929699048e+01
6.627674439430202824e+01
7.001035054874070340e+01
6.817973673587638928e+01
6.576520526476038242e+01
6.944233713332117475e+01
6.805558190756836723e+01
6.529164738793603817e+01
6.885472807800643125e+01
6.792365739970645677e+01
6.485677684706045909e+01
6.825051450428679800e+01
6.778030045909601142e+01
6.446078799019139183e+01
6.763292571301174405e+01
6.762212779539544272e+01
6.410334596739657798e+01
6.700546509379110205e+01
6.744613333279598066e+01
6.378364267359201989e+01
6.637185674617124675e+01
6.724950088095555145e+01
6.350009811446624752e+01
6.573603205752601752e+01
6.703003935520651169e+01
6.325070548163436968e+01
6.510198770701164506e+01
6.678596740401766851e+01
6.303289881391593497e+01
6.447363858277886095e+01
6.651601127660416068e+01
6.284385681092463471e+01
6.385481559544979291e+01
6.621917764894524794e+01
6.268040177863219498e+01
6.324934770700421183e+01
6.589488946112132339e+01
6.253899338950638764e+01
6.266093935775211321e+01
6.554307070355423548e+01
6.241587882570460977e+01
