6.923493029211111605e+01
1.268399477381990010e+02
1.186759390074648763e+02
6.885731847697171304e+01
1.252073365498573168e+02
1.229623320693408317e+02
6.926335221230505113e+01
1.232823563629892476e+02
1.270634021538254217e+02
7.045883511751934236e+01
1.209989150309462644e+02
1.308666882781889456e+02
7.243420188975737517e+01
1.184488388934674532e+02
1.344048144406561676e+02
7.517825814992914957e+01
1.156560085130756903e+02
1.376312577505258332e+02
7.857047591290520927e+01
1.126691630927329300e+02
1.405840338707183719e+02
8.258641059891765224e+01
1.094574186172613537e+02
1.431404878168593484e+02
8.705986719715015454e+01
1.061222228091719870e+02
1.453534209099795476e+02
9.198435530476007216e+01
1.027510307985638889e+02
1.471810652246720963e+02
9.718880280927173487e+01
9.939185656065866681e+01
1.486225655242797359e+02
1.025816292570839892e+02
9.610925989406820236e+01
1.497111805237939279e+02
1.081888534775973909e+02
9.301722222950844809e+01
1.503917999518271245e+02
1.138709388945618031e+02
9.018039509188014335e+01
1.506324157552739393e+02
1.195486291475970688e+02
8.782972981824624981e+01
1.505869019588888023e+02
1.252815526736067682e+02
8.588940332280660073e+01
1.500087756361727713e+02
1.308468169302953754e+02
8.460554033577264477e+01
1.490363623103065436e+02
1.362335113654524719e+02
8.404929472196820939e+01
1.477639761299668919e+02
1.415626451830212886e+02
8.441758184618115024e+01
1.461482559928205376e+02
1.466731376819589627e+02
8.555437074288875010e+01
1.440820813639546145e+02
1.514595258311949522e+02
8.759695230370479635e+01
1.417802884805205963e+02
1.560254941393636443e+02
9.049843925920249887e+01
1.392021348733779860e+02
1.603194215979327453e+02
9.422899399000046117e+01
1.363890513106489379e+02
1.642929801330054715e+02
9.857535707867373276e+01
1.332157317200851878e+02
1.678723179788379127e+02
1.037068344527185673e+02
1.300086506913783921e+02
1.711405052838980225e+02
1.094857311523347363e+02
1.266847698461586731e+02
1.737928327833961646e+02
1.153798314615750229e+02
1.235061932121601700e+02
1.763682164984219582e+02
1.218949949559728765e+02
1.202626073065322885e+02
1.783314872566387237e+02
1.285249911188262217e+02
1.171808588963713333e+02
1.798801041561929992e+02
1.353808748592494737e+02
1.145143392122760844e+02
1.811148476618166683e+02
1.424170917712058326e+02
1.121016803480800945e+02
1.817158284805019548e+02
1.493301657847983108e+02
1.103778361523475269e+02
1.822372129222906096e+02
1.566491061066357418e+02
1.092935177973526208e+02
1.820088047042468986e+02
1.636956169317476224e+02
1.092971838861192140e+02
1.815424045914176077e+02
1.704796662665171141e+02
1.097287774662940336e+02
1.805514549603055059e+02
1.770898842116602054e+02
1.110098653895976781e+02
1.792272184450369821e+02
1.838966515276220264e+02
1.141324361095326054e+02
1.776305235993123972e+02
1.899670079753655045e+02
1.175853728751955742e+02
1.759459337918166000e+02
1.961301286452039960e+02
1.219196729038791887e+02
1.738547034851057447e+02
2.022294905390104134e+02
1.275609147388442040e+02
1.714338458459786807e+02
2.079974958549226756e+02
1.344768923918129815e+02
1.687025849466779448e+02
2.126333118298992133e+02
1.412217392244456562e+02
1.660256564743736192e+02
2.172513876859102879e+02
1.491847837417119251e+02
1.640568335553720942e+02
2.217547088403620990e+02
1.571823409769606599e+02
1.615505763384207114e+02
2.258154153151717765e+02
1.660612519735580577e+02
1.597996929941503481e+02
2.300032912424335052e+02
1.758052941778917955e+02
1.576638301820202059e+02
2.326409153907187033e+02
1.852818088517575745e+02
1.571554652592373600e+02
2.357757668254809857e+02
1.951583234333081407e+02
1.569090448626101590e+02
2.387395321652680025e+02
2.059754828663419630e+02
1.573816805119115827e+02
2.401449466640544586e+02
2.158900494532839787e+02
1.600120300828796474e+02
2.427525841748058895e+02
2.264026976689737580e+02
1.627483280488903290e+02
2.447841372972254703e+02
2.372952606215315825e+02
1.663485423813406214e+02
2.456066672927367165e+02
2.476716920188246149e+02
1.722233276057624494e+02
2.475291866495339832e+02
2.588054222617286086e+02
1.796345217064558710e+02
2.499923609777999900e+02
2.708665701037536451e+02
1.880028835787353501e+02
2.507479945114867235e+02
2.820312635015724823e+02
1.990478687631314472e+02
2.532933268243410510e+02
2.940358267533134153e+02
2.118933321153257623e+02
2.567296620265822185e+02
3.065153601341237959e+02
2.253496937589670210e+02
2.585440653639570314e+02
3.173692145929204003e+02
2.411307273792666876e+02
2.652372685288689809e+02
3.309014385124338560e+02
2.567671900957931257e+02
2.704346782397575453e+02
3.449915318083994293e+02
2.748511451157839929e+02
2.756416302590988607e+02
3.585622628518262331e+02
2.957139084111721559e+02
2.861800199260126760e+02
3.768411615027021639e+02
3.216203520302166794e+02
2.975941727323354371e+02
3.929620095461007736e+02
3.474252062885698820e+02
3.127278993933078368e+02
4.125211904112676393e+02
3.779584498243431767e+02
3.343541180897086065e+02
4.380170667326575540e+02
4.157274778389343624e+02
3.610489082964501222e+02
4.637179578853243811e+02
4.543254690055323408e+02
3.936400283583159307e+02
4.988141356114554128e+02
5.051340721581156572e+02
4.337235675606493714e+02
5.324379136460740938e+02
5.580410063536743337e+02
4.902588630787794841e+02
5.883850772802139772e+02
6.312187322555892024e+02
5.577656040750322290e+02
6.511819142879024866e+02
7.265420700130912337e+02
6.637308208230913351e+02
7.353981968887745779e+02
8.236793882128181394e+02
7.705786448862647831e+02
8.422439085621244885e+02
9.694155298058800554e+02
9.379989326276795509e+02
9.758915007697903548e+02
1.105343959368600963e+03
1.077654978388337895e+03
1.057616502544586410e+03
1.165129595792439432e+03
1.139818530120449168e+03
1.057741446026957419e+03
1.117609832927006664e+03
1.076893397007256226e+03
9.147331923688471988e+02
9.287515729683060499e+02
9.356093156662274168e+02
7.810813796037498378e+02
7.547854144616068197e+02
7.776955662506652516e+02
6.349088200934954784e+02
6.005107354744651502e+02
6.578244155986715214e+02
5.322311353766534694e+02
4.705036061651555883e+02
5.505733557446917530e+02
4.569303806968845834e+02
3.847516912594751943e+02
4.743332458052316269e+02
4.008953957446809682e+02
3.132661246526078571e+02
4.074309358379265973e+02
3.540896895208186947e+02
2.609561532927119742e+02
3.586904497074738174e+02
3.199080595850400073e+02
2.199750792956021428e+02
3.216589355730466764e+02
2.954374084653976524e+02
1.792145188433707403e+02
2.831864307247161605e+02
2.771001184864392712e+02
1.570244607425294419e+02
2.473676645050592242e+02
2.499381703223555462e+02
1.326813926244112452e+02
2.278388182273186260e+02
2.386426655289288021e+02
1.125754191181940200e+02
2.036908625484764457e+02
2.259031544858096652e+02
1.011242428384124707e+02
1.864323980243325991e+02
2.163914352295595336e+02
9.351026408455309991e+01
1.741124414482008262e+02
2.112277008462331764e+02
8.572213524614440416e+01
1.564701591854090168e+02
2.021436146944462564e+02
7.761339590181015069e+01
1.448946368620470366e+02
2.016042820572209848e+02
8.418288990705086405e+01
1.256838048388944884e+02
1.889753899618148978e+02
7.971724379083265433e+01
1.157255264330755438e+02
1.827699301989449339e+02
7.964224756633313973e+01
1.132570693258559942e+02
1.857024614201183965e+02
8.715771271118300945e+01
9.284645121720829763e+01
1.713825695167051606e+02
8.073447251225965715e+01
9.538856417348382877e+01
1.771780139251719390e+02
9.088885198240139118e+01
8.211246919855213378e+01
1.714749230003145044e+02
9.490602741931664355e+01
7.225542974639074600e+01
1.636760374439258499e+02
9.257733394322440290e+01
7.126164522303548665e+01
1.656740997545077505e+02
9.939895381400630470e+01
6.267759184379908532e+01
1.615756161690399892e+02
1.014159976199295699e+02
5.838330123003071748e+01
1.614565906389261727e+02
1.077612726165442751e+02
4.921277204242001346e+01
1.554522945219447081e+02
1.078703909270668362e+02
4.522758578893361658e+01
1.520204811385880248e+02
1.066706984613466744e+02
4.890481224069933575e+01
1.593196693756443381e+02
1.181501380911321348e+02
3.885426569701826338e+01
1.549203423808471314e+02
1.208807797616245807e+02
3.620724115615968941e+01
1.550803798779766396e+02
1.271978149700148606e+02
3.004386619151414095e+01
1.499992732810845553e+02
1.266840030504687320e+02
2.654502581503903613e+01
1.520629160517829348e+02
1.339130505596344847e+02
2.701086529137205616e+01
1.506376027638582116e+02
1.370823753931678368e+02
2.321854787588151581e+01
1.529650103960505305e+02
1.466635073909884284e+02
2.094820248891000958e+01
1.463608781148057290e+02
1.467957881992756768e+02
2.140895595926929929e+01
1.468384587220045603e+02
1.520975312000532824e+02
2.195063905555299044e+01
1.458817003261554817e+02
1.578573738940183944e+02
2.636775193402986517e+01
1.418383457926804851e+02
1.586971552299395114e+02
2.534589329884515152e+01
1.459159588981292472e+02
1.695462936302711512e+02
3.594635488892242137e+01
1.412407638483185224e+02
1.721875378825744747e+02
3.934901765392032758e+01
1.426384162008685053e+02
1.807880395634450679e+02
4.742501468362285522e+01
1.405410037396324583e+02
1.882295249331583875e+02
5.622521775432117153e+01
1.352571506169807947e+02
1.925456540348608598e+02
6.446222254301271448e+01
1.334043123868587202e+02
1.993567845583882558e+02
7.328271376983644814e+01
1.278194704675140656e+02
2.033468915405328516e+02
8.094665174338457803e+01
1.269626330812159267e+02
2.118209097539359504e+02
9.274592247323562333e+01
1.240359468393676821e+02
2.197015002728172135e+02
1.039088508837905209e+02
1.184082113393554323e+02
2.275495348365822963e+02
1.180429045571135021e+02
1.098912296330858709e+02
2.321762433557736074e+02
1.300406490200245173e+02
1.011334162266476966e+02
2.355076529144425308e+02
1.398604136155493620e+02
9.699980620426337907e+01
2.446095207824162685e+02
1.564300810550635106e+02
8.659838506548581449e+01
2.485951725540932102e+02
1.693496959180577051e+02
7.878732771713855243e+01
2.558195499192865725e+02
1.865053646049461804e+02
6.670639600539062997e+01
2.595900507358754226e+02
2.017036293584820612e+02
5.578322411509904555e+01
2.647326507176454129e+02
2.191532937208833403e+02
4.297935234991511066e+01
2.688693452333571372e+02
2.377246776617834882e+02
2.795394992180119331e+01
2.701435507068754305e+02
2.546108959528754099e+02
1.808359766857854112e+01
2.723824321533757598e+02
2.733928225933247518e+02
1.867017079487440867e+01
2.726860881985707010e+02
2.922079992838299063e+02
3.461275895654166135e+01
2.712049127008496043e+02
3.102865833590118996e+02
5.378425600673792673e+01
2.690470003869231732e+02
3.285865870354805907e+02
7.458502606385998490e+01
2.667624428842466386e+02
3.490556246531126590e+02
9.984145819274662870e+01
2.587003454384476981e+02
3.646958430467863650e+02
1.230190092462472080e+02
2.533322500368097963e+02
3.828792887233691999e+02
1.486090397711491846e+02
2.465249590599491682e+02
4.020608601625970095e+02
1.772371299520693242e+02
2.351062872920193740e+02
4.183570229104202554e+02
2.058792424547229416e+02
2.231787546924615242e+02
4.345566343569151968e+02
2.364529415423021703e+02
2.107393164871367901e+02
4.502005705097460577e+02
2.670880976548099852e+02
1.976230073862086272e+02
4.679963064572476128e+02
3.034573505186428406e+02
1.783578114060621544e+02
4.793910056254505889e+02
3.360171107346842518e+02
1.630264581082008419e+02
4.938637054194184088e+02
3.727822982197481565e+02
1.452747326740672236e+02
5.061856903514818100e+02
4.106105538367585268e+02
1.290694765175682335e+02
5.177080485409243238e+02
4.503671237916593668e+02
1.130636362537583182e+02
5.254186724009418867e+02
4.888897710334778708e+02
1.071603448735364879e+02
5.355158339362551487e+02
5.319748740133993579e+02
1.104170439718685515e+02
5.438298486823663325e+02
5.781820924024490296e+02
1.272637311550542876e+02
5.474394069246696972e+02
6.238171717383111172e+02
1.576766848672129981e+02
5.497536884620624278e+02
6.704677213203850670e+02
1.948923053795440978e+02
5.514880134725520975e+02
7.215334375063232528e+02
2.439279089845761632e+02
5.483812151857213166e+02
7.708975714708026317e+02
2.954213190180529409e+02
5.469830155764694837e+02
8.268361019694644938e+02
3.566577025347758649e+02
5.404840759256856018e+02
8.847223098040897185e+02
4.273483820193060865e+02
5.301812647268670844e+02
9.418857961999966619e+02
4.996678112823529432e+02
5.202687024369211031e+02
1.007210955602881995e+03
5.852860175604262167e+02
5.044617383796080503e+02
1.074054936249201546e+03
6.791688076168749149e+02
4.891897190564992570e+02
1.149618350695871186e+03
7.894105039234756305e+02
4.663388607105842993e+02
1.223685013580113946e+03
9.060821855268869740e+02
4.561535949368079628e+02
1.315760751642877040e+03
1.044298206323559498e+03
4.375506047175709341e+02
1.418719340391306559e+03
1.210498795092476485e+03
4.268411165230375559e+02
1.532172765769228135e+03
1.403158419130908669e+03
4.313891443048228780e+02
1.662909568567081578e+03
1.629662505816011617e+03
4.600399517863029928e+02
1.830069445477583258e+03
1.921879579500737236e+03
5.388009926163854288e+02
2.037443556977960498e+03
2.297745777150215417e+03
6.780167665328164048e+02
2.300554265993025638e+03
2.794964613128222481e+03
8.978906140651971555e+02
2.657127076402385228e+03
3.496681882884052811e+03
1.263475705958534263e+03
3.200070913286796895e+03
4.595084300299447932e+03
1.897267185182914091e+03
4.102901327046656661e+03
6.540667169340782493e+03
3.131133734690070469e+03
5.977756912305159858e+03
1.105210196034651381e+04
6.531520887119109830e+03
1.247778238472241355e+04
3.381287015093935042e+04
4.854846045233148470e+04
4.781091776157652930e+04
3.202224750252411832e+04
1.069395116885940843e+04
7.426536890959958328e+03
1.107062291702822404e+04
5.416126635677845115e+03
3.675071954893286602e+03
6.646426764838543022e+03
3.784217768165188318e+03
2.281410881051318029e+03
4.723869607169363917e+03
2.994975871028049369e+03
1.560709582499610860e+03
3.639641713485428227e+03
2.527267661131996192e+03
1.138433593238458798e+03
2.939131819343544976e+03
2.207235595417690547e+03
8.505862571823528242e+02
2.444207526221452554e+03
1.978843711509158538e+03
6.706796626594606323e+02
2.077698398513252869e+03
1.806818335116950266e+03
5.548541773157439820e+02
1.788042093903336081e+03
1.666296677027477926e+03
4.843493793805192809e+02
1.550928371917597815e+03
1.545480114103979986e+03
4.489582593302253031e+02
1.359526624709066937e+03
1.448338201518965207e+03
4.422853608738979005e+02
1.193632980942171571e+03
1.359744036372763503e+03
4.470594122952003318e+02
1.052370149845512969e+03
1.284242651173009335e+03
4.660899947301278416e+02
9.236947756803713219e+02
1.208085561054955861e+03
4.808415335575262475e+02
8.154356547103216144e+02
1.142912820006194124e+03
4.998131636210697479e+02
7.177077038805821303e+02
1.081277088162090422e+03
5.173635655671076847e+02
6.310834934105645289e+02
1.024724326194537980e+03
5.349336804776747840e+02
5.508296207328930905e+02
9.684767842301833980e+02
5.485181794373380626e+02
4.809095045933101460e+02
9.165341584425747214e+02
5.609735511776939347e+02
4.180347261392269615e+02
8.666355162882172181e+02
5.711289932561516025e+02
3.619893478514125604e+02
8.185721182191184653e+02
5.790932068729107414e+02
3.128859013806301164e+02
7.721904339942149136e+02
5.849528399861469552e+02
2.707680144249693512e+02
7.272476805686760599e+02
5.889278803472271875e+02
2.362905463315389909e+02
6.831516879626947230e+02
5.904000476451236636e+02
2.108025517690948050e+02
6.407789839649108217e+02
5.902806347479598799e+02
1.944506236684088094e+02
5.997606261143087067e+02
5.888478763486174330e+02
1.871688259716135008e+02
5.586872276934822139e+02
5.844701028181622178e+02
1.881563490094082169e+02
5.195454471640338170e+02
5.789982887992814540e+02
1.958287985659083290e+02
4.816069960717409231e+02
5.721300186939159858e+02
2.077493631310403543e+02
4.444964502773362369e+02
5.636450781118782061e+02
2.223807553346730117e+02
4.087125522321826452e+02
5.539184864165987392e+02
2.382691518050503419e+02
3.739901386612738179e+02
5.428357768720152308e+02
2.544497877293660508e+02
3.406127977860554665e+02
5.306618276679845394e+02
2.704170747313683592e+02
3.085756540949547571e+02
5.173829442903041809e+02
2.856324864816187983e+02
2.779567895759125236e+02
5.031045955250024235e+02
2.999675474149304932e+02
2.489512477740294401e+02
4.877518066355892188e+02
3.129357776083421641e+02
2.218633052639358141e+02
4.716519078809837424e+02
3.247330079095129349e+02
1.969021676991566778e+02
4.546939160462751488e+02
3.351152912739393059e+02
1.746378200919379253e+02
4.371091418858055135e+02
3.441519577246524477e+02
1.554961561761715814e+02
4.188713732568684804e+02
3.517395460084550223e+02
1.401610324043480489e+02
4.001461694320719289e+02
3.580020822389586783e+02
1.293313443358129575e+02
3.808423094006997758e+02
3.627043235305046096e+02
1.234784835995715753e+02
3.613447717808782613e+02
3.662200355246829986e+02
1.227001226089478934e+02
3.414725648542876115e+02
3.683213327812262037e+02
1.263430373303765322e+02
3.214009265868928651e+02
3.691036291073507414e+02
1.334965271489156180e+02
3.012516263721910263e+02
3.686184132251854066e+02
1.430562795565196268e+02
2.811818171234029933e+02
3.670374438087420685e+02
1.541840710625174324e+02
2.610264259937573570e+02
3.641218855399887957e+02
1.659876242305050482e+02
2.411353710573612830e+02
3.601218763322284531e+02
1.780531647373862540e+02
2.215848954740838508e+02
3.550769840227408167e+02
1.899987290446339046e+02
2.024764674217192066e+02
3.490307701207526065e+02
2.015774183564571160e+02
1.838691566684272232e+02
3.418774842693784421e+02
2.124423077339334895e+02
1.663709301099775359e+02
3.341148444476136774e+02
2.227688569820722648e+02
1.496074972544797959e+02
3.253529941925934281e+02
2.322840352783613014e+02
1.341887956089315139e+02
3.157075020583952210e+02
2.408029823446003093e+02
1.204576608910488176e+02
3.053409622756819317e+02
2.484257514985215494e+02
1.089850764058139276e+02
2.942776001274884834e+02
2.550200639282869588e+02
1.002339097167079274e+02
2.826523975033182410e+02
2.606532171552518662e+02
9.467929274116779936e+01
2.705141085576965452e+02
2.653194135847783741e+02
9.255252392075513512e+01
2.578955120162025310e+02
2.690117193747317970e+02
9.380717006509225087e+01
2.448187231020894785e+02
2.716469074589015804e+02
9.793715616280734082e+01
2.314620797574955020e+02
2.733509158840008126e+02
1.043416477416841133e+02
2.178266606285679643e+02
2.740542247087815895e+02
1.122416436491521523e+02
2.040313045731709565e+02
2.738404915872490051e+02
1.211394020688564552e+02
1.901331424418094400e+02
2.726814067538897461e+02
1.305180944458433316e+02
1.762700304248871532e+02
2.706518018740936782e+02
1.400602683719183972e+02
1.624924125232501240e+02
2.677360202285327091e+02
1.494974969168571022e+02
1.489612130161243613e+02
2.639872124970809182e+02
1.586469551820094068e+02
1.358077983549093233e+02
2.594267215808591800e+02
1.673559232184096004e+02
1.232547924776986576e+02
2.541481955997267619e+02
1.755634798660620390e+02
1.114261934772041229e+02
2.481226201133106599e+02
1.831638406124690164e+02
1.006552729539183417e+02
2.414211553196883528e+02
1.901078676304456394e+02
9.127031880953694554e+01
2.340862954893945869e+02
1.963526646738729653e+02
8.366396196255408313e+01
2.261617972782757988e+02
2.018621302373362596e+02
7.824133808811681945e+01
2.177009558213184732e+02
2.066196173073498699e+02
7.532913086015575743e+01
2.087557955533895608e+02
2.106118363211068072e+02
7.503719104108577653e+01
1.993750873496469467e+02
2.138242360603040311e+02
7.718773303656303142e+01
1.896207074512183226e+02
2.162662735185708129e+02
8.140318000040203117e+01
1.795500242826524016e+02
2.179285954111130081e+02
8.714826918543219847e+01
1.692213151058421090e+02
2.188192111285806050e+02
9.394988850991030915e+01
1.587111981736366317e+02
2.189503413671045564e+02
1.013880839581343452e+02
1.480870668820280116e+02
2.183346295122398146e+02
1.091526743519492442e+02
1.374394978351254792e+02
2.169906285829235912e+02
1.169976514549879596e+02
1.268582595225629746e+02
2.149350871161485088e+02
1.247403262651195917e+02
1.164541264618642771e+02
2.121898367182031961e+02
1.322435514554716462e+02
1.063630801508133317e+02
2.087843397232224731e+02
1.394074676791037746e+02
9.674470364653863896e+01
2.047464539620779362e+02
1.461555698510026957e+02
8.779707816141883825e+01
2.001030907421989298e+02
1.524251604021448543e+02
7.976692840803772810e+01
1.948840212293781633e+02
1.581676776867332421e+02
7.296062344027357938e+01
1.891273729232870835e+02
1.633475293109108577e+02
6.770990737805215076e+01
1.828704256547932516e+02
1.679362111050375290e+02
6.432250589819047093e+01
1.761533637921739341e+02
1.719167059181037587e+02
6.300384660760982314e+01
1.690162046349031186e+02
1.752724853471301003e+02
6.375680401555443666e+01
1.615042222793557869e+02
1.779974703385321106e+02
6.637560631342618933e+01
1.536597932216240281e+02
1.800807036640171646e+02
7.050263185408790889e+01
1.455369765948626366e+02
1.815216293203623081e+02
7.573636561561383473e+01
1.371922592420601461e+02
1.823226934524007561e+02
8.170647082320815002e+01
1.286875725631652472e+02
1.824920404320264140e+02
8.810995991104994118e+01
1.200899684114353647e+02
1.820428953181036320e+02
9.471508740398842008e+01
1.114704995729810406e+02
1.809907801204192310e+02
1.013544675054469479e+02
1.029048854469263432e+02
1.793372447844963347e+02
1.078840795090071794e+02
9.450451503091397853e+01
1.771103506290135670e+02
1.142153669150053759e+02
8.638651826530440303e+01
1.743160193485126683e+02
1.202585783960592209e+02
7.869997146288402234e+01
1.709529100762023290e+02
1.259087312489379542e+02
7.166673115758705137e+01
1.671089675958249643e+02
1.311821365986284036e+02
6.548867437147825399e+01
1.627689572381922858e+02
1.360066862780056738e+02
6.043527965584365091e+01
1.579725281164565445e+02
1.403618986742033314e+02
5.678381664619510616e+01
1.527461099335594668e+02
1.442218298382325372e+02
5.476696943394328088e+01
1.471224089550195799e+02
1.475691194559560699e+02
5.449650171776877983e+01
1.411347757778993923e+02
1.503865370075403689e+02
5.590399520630158037e+01
1.348247128701906661e+02
1.526660832891747361e+02
5.875776698898339134e+01
1.282344081130698328e+02
1.544042318827696647e+02
6.274284079017853344e+01
1.214073973959932005e+02
1.555992272411378678e+02
6.753699189726678753e+01
1.143907634155895892e+02
1.562528247587517285e+02
7.286194573222988424e+01
1.072366612275407221e+02
1.563664443921200586e+02
7.848825903358974188e+01
1.000064679281194060e+02
1.559466418608473077e+02
8.423772194700347882e+01
9.276958801259840470e+01
1.550023931844812921e+02
8.997321288934887207e+01
8.560770909427351683e+01
1.535464134548216180e+02
9.559038157834294225e+01
7.861666387726081950e+01
1.515932390267541052e+02
1.010093860520225348e+02
7.191269068501667050e+01
1.491585005297323789e+02
1.061676985589569711e+02
6.564020797216755909e+01
1.462589996699052790e+02
1.110144847548386764e+02
5.997934924204125196e+01
1.429149506327879635e+02
1.155088913271783753e+02
5.514416093365987592e+01
1.391487712172952058e+02
1.196184018728368272e+02
5.137328372301333701e+01
1.349861867997296656e+02
1.233184845109358889e+02
4.889387738925114490e+01
1.304533929138006840e+02
1.265893437623584816e+02
4.786579955047419332e+01
1.255788614962618510e+02
1.294159292826249441e+02
4.832110138933267507e+01
1.203923291079060647e+02
1.317853442991456916e+02
5.014236433549995553e+01
1.149277026360332030e+02
1.336889989812302133e+02
5.309969330391163567e+01
1.092220301496680150e+02
1.351218937186219193e+02
5.691891935370095013e+01
1.033157558602943169e+02
1.360826305680227506e+02
6.133887530689112566e+01
9.725245856943702449e+01
1.365717969481966634e+02
6.613814637831332277e+01
9.108097717817194905e+01
1.365923855433798906e+02
7.114043796069289272e+01
8.485697674911448019e+01
1.361490790976441190e+02
7.620771314166940158e+01
7.864563908702579909e+01
1.352492592303940455e+02
8.123319731321971915e+01
7.252431561754048062e+01
1.339028216540769733e+02
8.613382951498968509e+01
6.658585604187612716e+01
1.321221045296854584e+02
9.084521841954885701e+01
6.094345150547680845e+01
1.299209559147670632e+02
9.531652546275844884e+01
5.573700378352422291e+01
1.273147335373139128e+02
9.950667985640419033e+01
5.113745734631800133e+01
1.243208308458494713e+02
1.033823401777960385e+02
4.734374145222289343e+01
1.209586651228622856e+02
1.069163397358554306e+02
4.456514634011375620e+01
1.172501455230910210e+02
1.100872169642310610e+02
4.298130001985104798e+01
1.132190081689076777e+02
1.128780259555560548e+02
4.268806223712417847e+01
1.088908632864129657e+02
1.152756022631722885e+02
4.365754298274094936e+01
1.042934001578584002e+02
1.172698163150164987e+02
4.574252989226204136e+01
9.945704743593447006e+01
1.188535076982850427e+02
4.872329659151063197e+01
9.441515172317474480e+01
1.200224127810239878e+02
5.236458561994817984e+01
8.920438687171855463e+01
1.207748887559407365e+02
5.645348256065514647e+01
8.386529489334148479e+01
1.211113869075086598e+02
6.081393436434047572e+01
7.844383427615817084e+01
1.210344969868546201e+02
6.530660751572706602e+01
7.299432724861348731e+01
1.205530337533181324e+02
6.983098943149370541e+01
6.755919252504828876e+01
1.196390746816911275e+02
7.426254239910950616e+01
6.226163364566345848e+01
1.183602003124530881e+02
