1.370128846295681342e+02
9.188500227941541709e+01
5.745344245260709926e+01
1.366081628269319879e+02
9.841935114181590905e+01
5.194456499165408303e+01
1.357130084015961131e+02
1.047589328393582946e+02
4.690595879987035488e+01
1.343262425274986924e+02
1.108608291944209014e+02
4.264221313300564020e+01
1.324561157421345001e+02
1.167082204742921618e+02
3.956197751688699782e+01
1.300847937541468298e+02
1.222402460067752656e+02
3.809410198294085603e+01
1.272392698411414074e+02
1.274393625814324196e+02
3.853236953936120557e+01
1.239390133124442883e+02
1.322904101050955319e+02
4.085049923420094586e+01
1.201455966092257484e+02
1.367282214079618541e+02
4.486141752588000742e+01
1.159469593057552572e+02
1.407825211075979723e+02
5.017472293393650773e+01
1.112889325025926439e+02
1.443556638908149807e+02
5.640814566741251213e+01
1.063085392614092513e+02
1.475217668500089303e+02
6.327208843402412697e+01
1.009404315997641532e+02
1.502198557710069053e+02
7.059616128407665769e+01
9.519552024757858533e+01
1.523418169076163906e+02
7.812040671533132752e+01
8.926821469586349167e+01
1.539935806505630751e+02
8.576161247459758386e+01
8.313355376429146304e+01
1.551424956955179653e+02
9.349139871896008458e+01
7.690843854767911125e+01
1.557322371115261888e+02
1.011441285459909523e+02
7.074832766896132341e+01
1.558205498314358124e+02
1.087067906836027902e+02
6.470961462799130004e+01
1.553390705183964826e+02
1.161328427927261089e+02
5.913572129833046631e+01
1.542850500489078343e+02
1.232885400713850572e+02
5.423490192242642394e+01
1.527010653087332628e+02
1.302211952988863573e+02
5.043065173295894965e+01
1.505455178463703021e+02
1.368325703690212833e+02
4.821551123638646175e+01
1.479049312727980521e+02
1.431182001495525640e+02
4.775156846705842639e+01
1.447536632137039305e+02
1.491062579328800268e+02
4.935300617082071284e+01
1.410347642675776569e+02
1.546578171760650662e+02
5.283107730354962683e+01
1.367804641007882651e+02
1.597649280027026464e+02
5.800639063142511986e+01
1.320669514044791697e+02
1.644124698492436494e+02
6.447745566236194747e+01
1.269623453154357549e+02
1.686389166507364337e+02
7.194209065724112406e+01
1.213499111457028761e+02
1.722169749559076308e+02
7.992634010374047193e+01
1.154697743983616931e+02
1.753031435437434880e+02
8.822068432374634028e+01
1.092760386056123423e+02
1.780382537693183167e+02
9.725732460129343337e+01
1.028512162458415986e+02
1.799969094482700882e+02
1.061196478948505160e+02
9.621617738614743587e+01
1.814048895988732966e+02
1.151674504915034731e+02
8.964001205035266651e+01
1.821293381456342786e+02
1.240577053419038975e+02
8.345067104752443754e+01
1.824494147452550408e+02
1.329523542543748249e+02
7.734054573413934008e+01
1.818989377817769082e+02
1.414388876066640819e+02
7.213319316204338350e+01
1.811583267506977393e+02
1.501996511453260155e+02
6.783817687854570977e+01
1.795283959061321752e+02
1.585900081713123200e+02
6.505846668207108507e+01
1.771281977692859471e+02
1.664908650354757071e+02
6.432210955018621235e+01
1.742154662194321304e+02
1.739395167579173744e+02
6.545793114750256336e+01
1.709136062779600991e+02
1.812953438861152335e+02
6.900331117372364531e+01
1.669452454551823735e+02
1.880054639314098495e+02
7.393444178115595378e+01
1.623334320041785759e+02
1.942851208704392150e+02
8.085701078219155136e+01
1.574507137653880022e+02
2.001321027055916772e+02
8.865405406180343562e+01
1.518522139432664346e+02
2.055538716452269625e+02
9.823666693976512931e+01
1.460000136813553979e+02
2.100605001518741517e+02
1.078367736049037262e+02
1.401452428549797276e+02
2.144568107376758803e+02
1.183435414469872740e+02
1.340735610161905242e+02
2.183242964768499803e+02
1.291844037485432750e+02
1.275019121446569841e+02
2.214272032789622529e+02
1.404321741023804293e+02
1.209593940645716685e+02
2.236675230127523264e+02
1.516322693040171714e+02
1.150517281764306290e+02
2.256350573192580953e+02
1.633182174010696315e+02
1.099841905727018201e+02
2.269631626175728911e+02
1.747318044855060748e+02
1.051625808610071715e+02
2.274914424131233659e+02
1.861276654923990179e+02
1.017473429736698307e+02
2.276482526935617443e+02
1.979649480309058447e+02
1.005265189003288384e+02
2.268368498620778269e+02
2.088757244762481378e+02
1.007729855004157002e+02
2.258699453989215442e+02
2.200711935625596141e+02
1.034285943673927903e+02
2.245424213195053369e+02
2.312801015029208997e+02
1.082984047076276113e+02
2.227935852372355043e+02
2.425884138481093260e+02
1.158839955155370092e+02
2.208172970221162359e+02
2.539225162437248002e+02
1.251313641104516279e+02
2.175534471929399274e+02
2.645890061600190961e+02
1.369798849353068135e+02
2.140360650848867579e+02
2.743085646469345988e+02
1.501330864835210832e+02
2.117869666978918417e+02
2.848143193328102143e+02
1.642105596488771084e+02
2.086040291228788988e+02
2.955275744415993699e+02
1.819710269555680213e+02
2.065851563319527031e+02
3.053663559614777228e+02
1.996826482894383048e+02
2.058856214654966834e+02
3.160876872236781878e+02
2.187720833302985000e+02
2.058743923329236338e+02
3.277983161352864840e+02
2.406233960188619676e+02
2.060153883438258049e+02
3.384024765771320062e+02
2.643045464760226082e+02
2.104780534343618399e+02
3.509798309637113789e+02
2.917143610514886518e+02
2.188866027525201048e+02
3.629340986614656117e+02
3.184040144907129388e+02
2.290710163492146023e+02
3.772907732217564671e+02
3.507433092476688330e+02
2.446824894694543389e+02
3.907555752877664190e+02
3.845930582901312391e+02
2.671745570253519872e+02
4.063224658555548672e+02
4.211775638898853913e+02
2.961449977139142788e+02
4.256022062123698220e+02
4.637032232673556678e+02
3.353938495294780182e+02
4.514811790002578391e+02
5.153216083622749011e+02
3.841067803843006914e+02
4.750057687778540867e+02
5.657263258950519003e+02
4.362057398926359610e+02
4.949821716237597684e+02
6.169122204413212103e+02
5.012013155896612489e+02
5.140566858762402944e+02
6.583360806605784319e+02
5.641447540251600685e+02
5.186210859751518001e+02
6.648157068363001372e+02
5.926834902668058476e+02
4.916663093198136494e+02
6.355871199516874412e+02
6.023069246948758746e+02
4.678333406089641926e+02
5.899509366426227643e+02
5.844167973734151929e+02
4.134514270311843234e+02
5.081921027163566009e+02
5.429784973095815985e+02
3.666933689238067018e+02
4.275601521004620054e+02
4.933415608680810465e+02
3.236128280957472043e+02
3.553388031502480544e+02
4.497683594363070938e+02
2.953869891096103970e+02
2.925853171950534488e+02
4.080535118087066166e+02
2.721598929943828580e+02
2.314988676819178863e+02
3.636715011725686963e+02
2.545870052518109503e+02
1.932884318651965998e+02
3.286839981894136713e+02
2.331445506848347975e+02
1.555199725189063429e+02
3.054394897420798998e+02
2.280663504685369389e+02
1.207270807826472065e+02
2.749919847559905861e+02
2.135903647449189862e+02
9.660981429131609843e+01
2.610229151464033066e+02
2.154388280902843462e+02
7.135239666351901633e+01
2.366922401988001354e+02
2.062623236439135042e+02
5.284734908516549012e+01
2.224282931354749451e+02
2.043155269819094428e+02
3.475530364371514480e+01
2.053743176201014933e+02
1.985972699294989923e+02
2.539692684795729960e+01
1.958740016481506814e+02
1.983449435232415112e+02
1.395298145571739745e+01
1.848459737841936601e+02
1.986729779831469216e+02
2.212190470757007077e+01
1.713022009213188710e+02
1.938530750943886289e+02
2.700323136949573666e+01
1.649314297312367330e+02
1.951776352498547453e+02
3.779620359469083013e+01
1.549269032119795781e+02
1.931159170432234475e+02
4.575914500077875857e+01
1.469360049863097970e+02
1.911094683012982784e+02
5.200486652934908705e+01
1.428077278346466983e+02
1.934873717025727728e+02
6.190496945449134358e+01
1.349327740111467904e+02
1.928213419021802224e+02
7.020387898121521175e+01
1.284839570705451308e+02
1.921385535249146983e+02
7.737218263266053953e+01
1.222579489225761620e+02
1.908429254757763829e+02
8.262733393346020705e+01
1.169459471046402825e+02
1.903934443304063393e+02
8.865975740128789084e+01
1.129875539064688610e+02
1.908063785942027550e+02
9.442246649553730720e+01
1.090683104987143253e+02
1.926211140900740588e+02
1.031121178399504998e+02
1.034529639504213350e+02
1.912470324767899967e+02
1.085057684489765961e+02
9.944741726818998018e+01
1.896124695095388404e+02
1.104647853115748006e+02
9.805939563200854536e+01
1.941731951935365146e+02
1.201362798144591011e+02
9.203832204220783808e+01
1.932155142113617217e+02
1.257756815538479032e+02
8.867097825847658044e+01
1.942915444737809594e+02
1.333731971543493842e+02
8.425283509798580894e+01
1.923410695573390683e+02
1.367798874790482841e+02
8.108491087430677169e+01
1.930832196890052614e+02
1.425461798184926749e+02
7.898448623754590869e+01
1.940580138129894578e+02
1.475251947714557161e+02
7.628149499379267695e+01
1.982661659482773757e+02
1.582419852360717982e+02
7.123793327059506453e+01
1.969569469458737956e+02
1.651474182445654719e+02
7.066667632074968708e+01
1.978265435052101395e+02
1.725308731668724818e+02
6.642732007872214695e+01
1.972904484698027829e+02
1.806704023289843803e+02
6.378592998128235791e+01
1.927256695800332125e+02
1.825826604956267829e+02
6.185305577670882826e+01
1.962464206762946617e+02
1.931625974917755570e+02
6.047714389019358094e+01
1.944679119922795394e+02
2.011565588155732769e+02
6.361043767797017523e+01
1.934511188482798048e+02
2.085968200279673681e+02
6.332133477109181996e+01
1.912119290949742663e+02
2.164680122789730206e+02
6.767837606765161240e+01
1.903502717367098569e+02
2.262612114950896114e+02
7.451301679204576089e+01
1.873723739455982695e+02
2.353276917671528565e+02
8.360013708556864742e+01
1.824008490529477342e+02
2.416312151433556323e+02
8.996593973998557203e+01
1.787398755758908919e+02
2.503877204993017358e+02
1.001160950479061569e+02
1.733629285491738017e+02
2.584131861642846388e+02
1.113068496426008949e+02
1.663280549650856983e+02
2.650002306669589416e+02
1.222989392893043146e+02
1.608928226341006678e+02
2.743777338726775383e+02
1.379614285691457098e+02
1.521558231033268669e+02
2.804617518560546614e+02
1.512019611759691600e+02
1.434327854664499000e+02
2.876875141392135902e+02
1.670686345012014442e+02
1.329537285609684432e+02
2.935804172558998175e+02
1.831358147346580836e+02
1.217459487354675787e+02
2.993496009326394756e+02
2.007088391313642148e+02
1.077572837999913986e+02
3.024460658956196539e+02
2.172300341415474350e+02
9.530181218248394259e+01
3.060724074491918714e+02
2.347674297596257986e+02
8.173287777536700105e+01
3.089150981325781231e+02
2.528902799935349037e+02
6.632856158616543496e+01
3.103315603066387212e+02
2.714321702803508174e+02
5.247377028536585186e+01
3.107090170704292973e+02
2.902702283179985443e+02
4.152624898262134678e+01
3.097601360218789068e+02
3.094117788414574193e+02
3.881361873916797123e+01
3.068384971065105447e+02
3.282111924392862647e+02
4.810111012875083958e+01
3.014969617488003450e+02
3.456473878590322215e+02
6.468725693360227069e+01
2.947936948316544772e+02
3.627670309203811030e+02
8.640409112613993159e+01
2.852935804029845599e+02
3.770382836650254035e+02
1.074484934845198438e+02
2.778670859883262665e+02
3.944269299345086210e+02
1.334863189347063042e+02
2.662266631251020499e+02
4.092165745934649408e+02
1.595093904390238890e+02
2.537473445210934813e+02
4.241047751117713460e+02
1.877526216931589431e+02
2.378233875481216160e+02
4.363263391377279277e+02
2.155428077738680770e+02
2.212981628708496658e+02
4.481023360483466149e+02
2.442656382043335270e+02
2.034289946644991289e+02
4.594274422121603720e+02
2.744914331403455776e+02
1.831814226600345989e+02
4.691113274593478764e+02
3.050251148404486798e+02
1.615129106686819114e+02
4.784515599305084379e+02
3.378129016163782126e+02
1.357509521092464411e+02
4.839508530848829650e+02
3.689428810059316106e+02
1.095616417373321667e+02
4.890401553907771017e+02
4.013574760104665415e+02
8.080506983765717166e+01
4.921729758063424924e+02
4.344288122744650309e+02
4.965985455187706066e+01
4.919448875438340565e+02
4.658788910805297405e+02
2.061381865131243529e+01
4.912104634344954661e+02
4.984180005334078487e+02
2.350029195330196785e+01
4.884786292388367315e+02
5.314791124198033003e+02
5.842735252249826772e+01
4.829097226895808035e+02
5.641552568125293874e+02
9.775970035201723363e+01
4.747453989847297748e+02
5.963953505151858963e+02
1.394529929770010597e+02
4.639273409228774199e+02
6.281067247864375531e+02
1.833744555199408808e+02
4.506652885201605159e+02
6.595435139242846390e+02
2.296953933995023363e+02
4.346981796889486986e+02
6.907055356338352112e+02
2.786889302957076779e+02
4.156293874803594122e+02
7.214717935547298566e+02
3.308198475304145063e+02
3.922700165325900343e+02
7.500625393734293311e+02
3.838771780961710078e+02
3.671825439749987936e+02
7.793100822401792129e+02
4.407605469519272674e+02
3.377987406734852129e+02
8.074380564364780639e+02
5.007092548714423970e+02
3.040637104462704201e+02
8.340356621192640887e+02
5.634282463814088260e+02
2.659538366053864138e+02
8.587434425560811633e+02
6.282334604247552079e+02
2.245560775886302736e+02
8.832265213602929634e+02
6.972067306339992001e+02
1.780000959526742008e+02
9.062925368021740269e+02
7.701471368813431582e+02
1.259680281639463431e+02
9.274089974554473201e+02
8.467955200625806356e+02
6.911021794019127640e+01
9.471972958117921735e+02
9.284689381689731817e+02
1.819670997437430060e+01
9.643922806653353064e+02
1.014583904900882317e+03
7.259600960362878652e+01
9.796851783217126695e+02
1.106575691982864555e+03
1.522572768403915973e+02
9.920373539279755732e+02
1.203934804114800954e+03
2.400175346431940113e+02
1.004025712181117910e+03
1.311275365048186586e+03
3.408558105466604502e+02
1.012152104924009450e+03
1.427703188221401433e+03
4.552550176734470142e+02
1.015908703170914578e+03
1.554171778836390558e+03
5.846151820505231171e+02
1.016049594590542711e+03
1.693770183799894085e+03
7.318805868113695396e+02
1.012612917706676171e+03
1.851218449434315062e+03
9.034988005087070633e+02
1.003196581352926955e+03
2.029593884068623538e+03
1.104457554553708178e+03
9.869715451915043332e+02
2.234757825530157334e+03
1.341658792905984910e+03
9.657446027664157100e+02
2.481116042987175661e+03
1.634314169307509701e+03
9.304037270221075460e+02
2.775334912706058276e+03
1.993567170140265944e+03
8.878478510730742528e+02
3.152441322295114333e+03
2.464800234987472322e+03
8.203535538578586284e+02
3.640708963797225806e+03
3.095075020663908617e+03
7.279737624502662356e+02
4.323271811809228893e+03
4.004722005653991801e+03
5.917114985732409878e+02
5.341682503844495841e+03
5.417836607087229822e+03
4.071377237325874603e+02
7.100626095224928576e+03
8.007985649506746995e+03
5.146969807464305404e+02
1.088036013199160698e+04
1.433446103959901484e+04
2.002622324667238672e+03
2.500798215809353132e+04
5.343347548221593024e+04
6.776551799035976001e+04
5.960007622936581902e+04
3.374910721827110683e+04
4.968793566039506004e+03
1.252662850975039873e+04
1.312293864495420712e+04
3.047233040910078216e+03
6.670203974685462526e+03
8.272548820490830622e+03
2.469746563459207209e+03
4.336266429441373475e+03
6.070597984459042891e+03
2.179288580480285873e+03
3.062279006595503233e+03
4.786014869095602990e+03
1.986109719035967373e+03
2.276877728613230829e+03
3.954376493568913702e+03
1.858013349624416151e+03
1.729619373841819879e+03
3.359117598442731833e+03
1.760088768417713027e+03
1.328422741232295039e+03
2.910963516316034202e+03
1.684071068231997060e+03
1.016343701978234321e+03
2.553201001741874734e+03
1.616038610160172539e+03
7.718796599124463000e+02
2.263875193283497083e+03
1.558546481851858971e+03
5.709139613246775298e+02
2.019860254166919276e+03
1.505672895238084720e+03
4.047365064525794196e+02
1.810275929370500762e+03
1.455914045922430205e+03
2.684154245380229327e+02
1.628140374386695839e+03
1.409123932314614194e+03
1.582350543510481202e+02
1.466844950122244427e+03
1.364405488949516212e+03
9.477140475811833653e+01
1.322171791009285471e+03
1.320679182207225040e+03
1.144851250945035304e+02
1.191106516456652344e+03
1.277511261114702847e+03
1.746540089709724555e+02
1.071863284646032980e+03
1.235346319032174279e+03
2.382269459361411919e+02
9.618413077336516608e+02
1.193088870920950512e+03
2.966972760309214436e+02
8.603131265632868008e+02
1.151177448789619348e+03
3.495066288811812001e+02
7.657900955122977393e+02
1.109134674656458174e+03
3.964099921970515652e+02
6.776617125407423146e+02
1.067022615279209049e+03
4.377469849263820834e+02
5.953763134501385821e+02
1.025050535363508061e+03
4.742582318690725742e+02
5.179952994000227591e+02
9.827807463651483886e+02
5.059202472749311710e+02
4.454064229147589913e+02
9.404727946290552154e+02
5.332788921048645534e+02
3.771973542273150883e+02
8.981108203980514872e+02
5.566737738399020827e+02
3.130120456398997817e+02
8.554866452879596181e+02
5.759984054599748333e+02
2.534138127232203601e+02
8.134751934369456876e+02
5.924129685287041411e+02
1.970359338969201985e+02
7.710797085363847145e+02
6.054537109541657856e+02
1.450336147375508915e+02
7.285363765468824795e+02
6.151382199057104572e+02
9.873881131540167644e+01
6.862632092603212186e+02
6.220243022230621364e+02
6.289827733422270484e+01
6.441890037423341937e+02
6.261983498113886526e+02
5.246252866614258181e+01
6.024104380854407736e+02
6.279217863138699158e+02
7.334847803650835374e+01
5.607774824828701412e+02
6.271031397087722326e+02
1.055329392604609495e+02
5.195792881126146767e+02
6.240634049390639575e+02
1.392920694437816849e+02
4.787817006691005872e+02
6.188706496441399167e+02
1.720685486662487449e+02
4.385006450333106045e+02
6.116931908762256853e+02
2.031050407554207879e+02
3.987714506746362986e+02
6.026385975401599353e+02
2.321300018083069574e+02
3.596448060082120151e+02
5.917994152517283055e+02
2.590220101335333425e+02
3.211970129731740826e+02
5.792652155469123727e+02
2.836908552957090137e+02
2.835941028768365868e+02
5.652628001673872404e+02
3.062649791518559255e+02
2.467947252835207053e+02
5.497912023265748758e+02
3.266816661085555324e+02
2.109609441963720826e+02
5.329924819299003502e+02
3.449807709655105441e+02
1.761917673492688152e+02
5.149610894340833056e+02
3.611913497471852565e+02
1.427120311985069350e+02
4.958436158268397662e+02
3.754045267265556163e+02
1.107328639204795735e+02
4.756407308973805925e+02
3.875526401183450389e+02
8.101585704660533338e+01
4.545530894651476501e+02
3.977511860635968333e+02
5.535945869040697431e+01
4.327253400226612712e+02
4.061434813353733944e+02
3.932515279370492323e+01
4.100979094000995815e+02
4.126310943604208887e+02
4.259493981044130351e+01
3.868518888728946763e+02
4.173043991785835374e+02
6.041645558965755924e+01
3.631140690744800281e+02
4.202796140251928136e+02
8.277279000751649107e+01
3.388746145091752169e+02
4.215197051975661680e+02
1.059238890136009132e+02
3.142049073351738571e+02
4.208781348459796732e+02
1.281465767354418972e+02
2.897838897673205452e+02
4.192621138864074624e+02
1.501150414260168020e+02
2.648055976270327392e+02
4.158458083832467196e+02
1.707806396658307904e+02
2.398272653750852328e+02
4.110105295629569468e+02
1.902266854689698050e+02
2.148866107224575046e+02
4.048088609337672779e+02
2.083827137923819919e+02
1.900484774647045185e+02
3.972923502456226856e+02
2.252175799144858672e+02
1.654522249421708295e+02
3.885382803609028315e+02
2.406933652755248829e+02
1.411668868323858703e+02
3.785746908010762013e+02
2.547472547537953744e+02
1.174244285109922430e+02
3.675483489983014920e+02
2.674307579549254683e+02
9.438419638093898811e+01
3.555118719218056071e+02
2.787531423635528540e+02
7.239570430495987807e+01
3.424830580640123685e+02
2.886467202738562605e+02
5.236569664414248848e+01
3.286124729582512600e+02
2.971902168136570026e+02
3.655026435000860374e+01
3.139218295241581700e+02
3.043583039664079024e+02
3.084245689223355313e+01
2.985047077857175282e+02
3.101782369142712810e+02
3.877321716925766282e+01
2.824243776419948517e+02
3.146593476235438516e+02
5.388315276954491395e+01
2.657672333074983726e+02
3.178315046286194843e+02
7.110120715542446135e+01
2.486043119617071113e+02
3.197181272384581803e+02
8.865779508755647953e+01
2.310138685961434533e+02
3.203498071789315418e+02
1.059044610415550238e+02
2.130713695810788124e+02
3.197608817037073550e+02
1.225617087906721991e+02
1.948579539719417255e+02
3.179906559246901452e+02
1.384786559858280270e+02
1.764401381097718229e+02
3.150633614630206694e+02
1.535463855741504062e+02
1.579144407814921749e+02
3.110332127150037991e+02
1.677113914030526871e+02
1.393589628997075067e+02
3.059379632273704601e+02
1.809243028719509994e+02
1.208717598654783245e+02
2.998240246042515764e+02
1.931494716401238634e+02
1.025659827237422093e+02
2.927409688061985094e+02
2.043636077620074047e+02
8.458982936967974808e+01
2.847350244839927313e+02
2.145421904202774215e+02
6.718570378487541461e+01
2.758686653586205466e+02
2.236859091778592017e+02
5.078158981719752774e+01
2.661694232048441222e+02
2.317586915275748538e+02
3.648984365145591369e+01
2.557157923334736722e+02
2.387717091822237592e+02
2.720144987731260500e+01
2.445601208667872015e+02
2.447258255577675641e+02
2.768965162834235372e+01
2.327561401478392611e+02
2.496210470035508706e+02
3.698636772492215385e+01
2.203619005740808632e+02
2.534627576543985867e+02
4.994262945104747331e+01
2.074380232942098417e+02
2.562611805009756267e+02
6.396315664986060057e+01
1.940458250628888948e+02
2.580295577585198430e+02
7.810751820285035762e+01
1.802487997906081318e+02
2.587859993014409383e+02
9.198769906847215339e+01
1.661110430907737623e+02
2.585534463720326244e+02
1.054149286920048780e+02
1.516929625078079198e+02
2.573513729183486589e+02
1.182744651920264403e+02
1.370618528511406851e+02
2.552041714405152959e+02
1.304893606246775448e+02
1.222890317897492594e+02
2.521388124268931961e+02
1.420019334745105368e+02
1.074547477678731724e+02
2.481879485886653072e+02
1.527693203186188384e+02
9.264981528633414598e+01
2.433889250600997798e+02
1.627622047061393573e+02
7.798161057177971145e+01
2.377764421077144732e+02
1.719553206063031325e+02
6.360554320284948915e+01
2.313859202559274593e+02
1.803269322244619843e+02
4.979068974004702852e+01
2.242543987343232175e+02
1.878576870738465061e+02
3.710328333909343002e+01
2.164209270650337373e+02
1.945295639057378878e+02
2.697095062300904544e+01
2.079333248292780070e+02
2.003330880773061722e+02
2.266178030791644460e+01
1.988439348858727271e+02
2.052699353799699509e+02
2.667617800468885036e+01
1.892008630206570103e+02
2.093434730715435137e+02
3.596809448497469219e+01
1.790512968921442791e+02
2.125631687462310708e+02
4.721785550047353297e+01
1.684258933007245105e+02
2.149158068309544660e+02
5.902100244026259190e+01
1.573878987314521112e+02
2.164214121961006754e+02
7.084729450595108347e+01
1.459735088902296809e+02
2.170750898747208453e+02
8.243942128400301783e+01
1.342328315289031480e+02
2.168661981977996049e+02
9.361199265252682267e+01
1.222678333176007897e+02
2.158651504146687046e+02
1.043332487404963587e+02
1.101028756447926895e+02
2.140631032490825589e+02
1.145198458462591162e+02
9.781145423369696346e+01
2.114909213102006333e+02
1.241335559342714134e+02
8.545918255705471722e+01
2.081708056767074311e+02
1.331403579171044669e+02
7.312768624133275353e+01
2.041237353016839791e+02
1.415062668211455446e+02
6.093199998281607321e+01
1.993767575469453845e+02
1.492035854671067341e+02
4.905075050109228840e+01
1.939621034788284817e+02
1.562113531820169783e+02
3.780897956928281900e+01
1.879145266142853359e+02
1.625147665852650789e+02
2.793435372920805904e+01
1.812692737277726280e+02
1.681033277633377736e+02
2.123587228686944783e+01
1.740606055606713483e+02
1.729676476378144798e+02
2.073655161216202103e+01
1.663235049675824655e+02
1.770989440596736415e+02
2.649668060843262296e+01
1.580965718434799214e+02
1.804920236084250291e+02
3.532644505082641473e+01
1.494215159811856495e+02
1.831460274153479304e+02
4.522138400515411405e+01
1.403422517195468231e+02
1.850651013814517682e+02
5.538755676737712719e+01
1.309019780337639816e+02
1.862552721506388025e+02
6.548975494890798643e+01
1.211440120278970909e+02
1.867233941284586365e+02
7.535899943069975393e+01
1.111141832465127095e+02
1.864784447943627299e+02
8.489454037290131794e+01
1.008614957560669865e+02
1.855317205043872946e+02
9.402711886474230596e+01
9.044013748849440049e+01
1.838988192619794404e+02
1.027064418389550156e+02
7.990904137896104942e+01
1.815980918575021406e+02
1.108941155202422522e+02
6.933539377979693086e+01
1.786496143055506423e+02
1.185594467285447138e+02
5.880287269761521429e+01
1.750742499650989998e+02
1.256761840920025293e+02
4.843149879489373433e+01
1.708942636850709675e+02
1.322210169024339166e+02
3.842359451679315185e+01
1.661347405487401545e+02
1.381742604034085673e+02
2.918602333697936047e+01
1.608236843543367911e+02
1.435205523106744465e+02
2.167940154267211383e+01
1.549908867545464659e+02
1.482482303615413173e+02
1.803972544826453728e+01
1.486674046431743363e+02
1.523487826857292760e+02
2.023433373781374911e+01
1.418845299671030773e+02
1.558153045669134542e+02
2.665241979305740827e+01
1.346752150158293375e+02
1.586430230219331747e+02
3.483894938273010666e+01
1.270743286533264751e+02
1.608296164344337171e+02
4.361855504894052871e+01
1.191192826542765317e+02
1.623764527155549047e+02
5.251275955257609951e+01
1.108486248213626482e+02
1.632876664001742029e+02
6.130090663951477836e+01
