1.781905616801798544e+02
1.941196868939542242e+02
1.879409772154326106e+02
1.805468935723267521e+02
1.968649901204684625e+02
1.922864841347551987e+02
1.831100938849915281e+02
1.993626593457860565e+02
1.964714795449232838e+02
1.857974904174963626e+02
2.019740554438104141e+02
2.009482428264202269e+02
1.887934842619427229e+02
2.045516311082211871e+02
2.055323537635351272e+02
1.921058425957718043e+02
2.071048500725088957e+02
2.100318809005248681e+02
1.955051060285485676e+02
2.097058801893474538e+02
2.148374226487543694e+02
1.994035028026893599e+02
2.123159470919856915e+02
2.195324301913428258e+02
2.034728831095584098e+02
2.150037315788298145e+02
2.243478630368914537e+02
2.078902550082642335e+02
2.178323382836356359e+02
2.292783825649426319e+02
2.125938594572714067e+02
2.207169381203045759e+02
2.343640782701525040e+02
2.178401140699335770e+02
2.238003353345098390e+02
2.393780426238665200e+02
2.232977291881830979e+02
2.270581104457739059e+02
2.444704041350077546e+02
2.290841262768210527e+02
2.305960254121572177e+02
2.497979105028062463e+02
2.353082947114388048e+02
2.343023120222414661e+02
2.551602677384177582e+02
2.418919628806486628e+02
2.381338380131420820e+02
2.604617729108879871e+02
2.490084559093297401e+02
2.425442602572433941e+02
2.657744223338651182e+02
2.563348607829174171e+02
2.475412378480815221e+02
2.714590906934676013e+02
2.638211768502429209e+02
2.523788622825178152e+02
2.770220236635078095e+02
2.718916964860887902e+02
2.580573903160853888e+02
2.830980556722720962e+02
2.807489482590636385e+02
2.644481197339889604e+02
2.890782667128929120e+02
2.894407544177479394e+02
2.709059051158658917e+02
2.950806523210296746e+02
2.986924952743256654e+02
2.785669989950305876e+02
3.020361582941183087e+02
3.086361043323871058e+02
2.864426360201561579e+02
3.087776171236918117e+02
3.190367932728741494e+02
2.951040725759315251e+02
3.152246495246174618e+02
3.292409911520508672e+02
3.051205764575740318e+02
3.235972684485230388e+02
3.409057949789574309e+02
3.158495686723890117e+02
3.319008422376090834e+02
3.527351227208130808e+02
3.274909291583888375e+02
3.416072297162477298e+02
3.665106095937636042e+02
3.404370786061784315e+02
3.501130784782882301e+02
3.788504103491719661e+02
3.543678093987398370e+02
3.612506364690587475e+02
3.933133087628435760e+02
3.691439297534489015e+02
3.719875416266924617e+02
4.081607007088700243e+02
3.859252243690729642e+02
3.843745527280532315e+02
4.237185098611552689e+02
4.038463745529933817e+02
3.986484923203612993e+02
4.415832285231632568e+02
4.237705066319645084e+02
4.130004551747749701e+02
4.593642424424443220e+02
4.456852047061539110e+02
4.298859566821144540e+02
4.784925130910158373e+02
4.692081116914673089e+02
4.495377088630415301e+02
5.013822987104921935e+02
4.973078070360086258e+02
4.725287188573559547e+02
5.256395690020800657e+02
5.267539699613394077e+02
4.981215108154082714e+02
5.544922836088998110e+02
5.617611058692383494e+02
5.262094415891334620e+02
5.834787059906643663e+02
5.993161864094540761e+02
5.587260154068384281e+02
6.160720923565401108e+02
6.421803289130141366e+02
5.999919148369376671e+02
6.577680257105492956e+02
6.916040968972923793e+02
6.429320145182365422e+02
7.009204479120925271e+02
7.488573943494014884e+02
6.984135460906684330e+02
7.550538016856809236e+02
8.153430126339216031e+02
7.608145946221787881e+02
8.159983458634751514e+02
8.934810474290296725e+02
8.377913715422171208e+02
8.922606822266402560e+02
9.908421749650715356e+02
9.339755182535407130e+02
9.857535891113428761e+02
1.113933729248017471e+03
1.062832631449288556e+03
1.105963337189779168e+03
1.261998424201885882e+03
1.222895250867256436e+03
1.270925304437058685e+03
1.470133324947325946e+03
1.448233607878165458e+03
1.506742258758276193e+03
1.770686570608921329e+03
1.775743157329337464e+03
1.856786222077322009e+03
2.239885521920515657e+03
2.305765709231695382e+03
2.411852157094449467e+03
2.999040810225390487e+03
3.232499750947155917e+03
3.487208482561217352e+03
4.618470050258230913e+03
5.450857259112653082e+03
6.456273394158108204e+03
9.900872777173732175e+03
1.397421076377503414e+04
1.551349809729909612e+04
1.340404197520771777e+04
9.199606761383252888e+03
6.128596086635654501e+03
5.256005796770346024e+03
4.276660006004172828e+03
3.243671441299901289e+03
3.078154894979527853e+03
2.738959024568740460e+03
2.175274791135989744e+03
2.122068313277031848e+03
1.971189306956480095e+03
1.604539901982540869e+03
1.608067562532447710e+03
1.555460528878791365e+03
1.281023871693853835e+03
1.276055619994229573e+03
1.269642781733656193e+03
1.068793169424129474e+03
1.059178670313890734e+03
1.060386814965731901e+03
8.912468675739177115e+02
8.898459471285547124e+02
9.174957594352675869e+02
7.745384216700942943e+02
7.568980677907668451e+02
7.956892811297917660e+02
6.869109317930746101e+02
6.697277895593193762e+02
7.081696926523025013e+02
6.086255384336436691e+02
5.815606417748651893e+02
6.274130534532544061e+02
5.472044851328505501e+02
5.122010389821798526e+02
5.570479371980652559e+02
4.954079717634181748e+02
4.633693723609983977e+02
5.059667297372951680e+02
4.512199713618986721e+02
4.143152830062696808e+02
4.571898945756294665e+02
4.150936252482599684e+02
3.781814549604982290e+02
4.165901343304700504e+02
3.800104715602792567e+02
3.440264311395098957e+02
3.836652060622205340e+02
3.530414913106562835e+02
3.137004440777904506e+02
3.523756482109448029e+02
3.285908036393862517e+02
2.869344499424412334e+02
3.241853840728572322e+02
3.077679266572202437e+02
2.652002144388192164e+02
3.003173785554488973e+02
2.906731413214793633e+02
2.449458490704361679e+02
2.717323819719373432e+02
2.658330385124897930e+02
2.240095133277751245e+02
2.536714694200762494e+02
2.552863511290836982e+02
2.132853949636645154e+02
2.352522353823879655e+02
2.388475013170075556e+02
1.966371552734995305e+02
2.156029260451817322e+02
2.259657999847707401e+02
1.873223630621225482e+02
1.970246144888675133e+02
2.062238039067813702e+02
1.721070537926839279e+02
1.814581734504403414e+02
1.902084507674415477e+02
1.605996206324382740e+02
1.778942216094996240e+02
1.896289336011662670e+02
1.519596388458423633e+02
1.604162443084017582e+02
1.792461582774215287e+02
1.463924086966167692e+02
1.456983748970386898e+02
1.642875513610632083e+02
1.397801373447670699e+02
1.419579632798212572e+02
1.585444107651720742e+02
1.327864429958054018e+02
1.322529123869610714e+02
1.486094965194352255e+02
1.216380898984962755e+02
1.206688785800507304e+02
1.443002464122158983e+02
1.247306379844779087e+02
1.183159686718178563e+02
1.340948542205210003e+02
1.107137729512934925e+02
1.057509756796432328e+02
1.296710389038197775e+02
1.122137936437542720e+02
1.026225921400781687e+02
1.224772009284873775e+02
1.057302379935675276e+02
9.610572111118851524e+01
1.173398623872615332e+02
1.013660783411897768e+02
8.748526337742910641e+01
1.095683990788826776e+02
9.878389920790296230e+01
8.760367194902836729e+01
1.089842375908037013e+02
9.789147851812148815e+01
8.163259491922579514e+01
1.024942016994509260e+02
9.618595476999250593e+01
7.964752739476250554e+01
9.484871631723316909e+01
8.842003980764995674e+01
7.884479117198195297e+01
9.980430608934327097e+01
9.311050479620810449e+01
7.363604250356230807e+01
8.894664171628521387e+01
8.513002040644022372e+01
6.870539962985655791e+01
8.319346411904153626e+01
7.974196965197049281e+01
6.993864602672114472e+01
8.949498183172562449e+01
8.422010727689732335e+01
6.746223203295440385e+01
8.792940651730606305e+01
8.673495876024358608e+01
6.484313333075216690e+01
7.775956097812674273e+01
7.698488493081443096e+01
6.057589561629957586e+01
8.226058087006650510e+01
8.531408700329150463e+01
6.250185193483368096e+01
7.603782175725683601e+01
8.370699683038557737e+01
6.756750416963299699e+01
7.767369084325653716e+01
8.192152244058854649e+01
6.403223838349434516e+01
7.391377699133087731e+01
7.935471024503456761e+01
6.178133890911256998e+01
7.289021147389040323e+01
8.204287396802793353e+01
6.687777921531728964e+01
7.327237400780319376e+01
8.071680930550593303e+01
6.803019741810355470e+01
7.481450910156297596e+01
7.918287811303019907e+01
6.454563690153183586e+01
7.682831973012415006e+01
8.651371828052273827e+01
7.010334043106938395e+01
7.353777105861961161e+01
8.081137796082411739e+01
6.518209810523129022e+01
7.383172554587913794e+01
8.657367937018820214e+01
7.293968449534658305e+01
7.656687458410034708e+01
8.682338016936965630e+01
7.212248210774164647e+01
7.735036975221210298e+01
9.386644071334629302e+01
8.275205783295849926e+01
7.759896952761377520e+01
8.607431021564504192e+01
7.712583274568309832e+01
8.026132843164232611e+01
9.078039931036938981e+01
7.779668673426050418e+01
7.813571312265298729e+01
9.285421777569050050e+01
8.314836120265151465e+01
8.088857067323763772e+01
9.690876825177547005e+01
9.442104471392288190e+01
9.222510172880811297e+01
9.893952545687388067e+01
9.313961737400393304e+01
9.705150585270685326e+01
1.054236573413991209e+02
9.207688939087174163e+01
9.313244929384516979e+01
1.095562298402389985e+02
1.021123421557837645e+02
1.030058463259408938e+02
1.198196409420131232e+02
1.115516511705498033e+02
1.060735624357517111e+02
1.208237476326347632e+02
1.126001782888481699e+02
1.050432613124343959e+02
1.227797124784510601e+02
1.200893230622105250e+02
1.146654903980521709e+02
1.335245005907812583e+02
1.334882627067242140e+02
1.263181762981278666e+02
1.427739689319012371e+02
1.433613700524410035e+02
1.324151395412162060e+02
1.459841215576416573e+02
1.516609314228551568e+02
1.459111184217107962e+02
1.587331584355374616e+02
1.651628379490575185e+02
1.607352382339936980e+02
1.694671001819944536e+02
1.707970956693775406e+02
1.657186510773084649e+02
1.794654606418080220e+02
1.862291386682534267e+02
1.825809260845871052e+02
1.932140665610311885e+02
1.989977820032778197e+02
2.025076720203012144e+02
2.215842232261952063e+02
2.218372316487812839e+02
2.087499456841022152e+02
2.277537130415283002e+02
2.417928586168686422e+02
2.322717749626585544e+02
2.466287255455347349e+02
2.660348212999819566e+02
2.624565311902489952e+02
2.733188088070239701e+02
2.912184826898325127e+02
2.895259840322459581e+02
3.000198955488207844e+02
3.195783453327080679e+02
3.221629400783025972e+02
3.360151129309203384e+02
3.586353244575055896e+02
3.614047955296088048e+02
3.723530340267724910e+02
3.978528454228535338e+02
4.070368979942452370e+02
4.207870930740140807e+02
4.512352897233371891e+02
4.689278984717007575e+02
4.835317996898349975e+02
5.096475707722165680e+02
5.333158798194655219e+02
5.644413208277757121e+02
6.021182390690668171e+02
6.269553534156933665e+02
6.599361007225896856e+02
7.060736973704551929e+02
7.379800894874576898e+02
7.792694099233600582e+02
8.431605300540144299e+02
8.894524998006151009e+02
9.361625842931050556e+02
1.018320597926861637e+03
1.098201847727912764e+03
1.178954062946945442e+03
1.300871871914440817e+03
1.425689588801302762e+03
1.547576668329958920e+03
1.732712598389229925e+03
1.954221679927451532e+03
2.182308967081885839e+03
2.520782550406055179e+03
2.997672430076569981e+03
3.549355090124937760e+03
4.280942630164067850e+03
5.253525582456515622e+03
6.121749668502327040e+03
6.398454064073804147e+03
5.919433762852530890e+03
4.988982064295415512e+03
4.108702798426071240e+03
3.482847202867059877e+03
2.973895440440522634e+03
2.544408999948209839e+03
2.258186282642358037e+03
2.039717401028617587e+03
1.828925900599901297e+03
1.670826349370686103e+03
1.546750069688016310e+03
1.420400684638140319e+03
1.326123111183997707e+03
1.253890768852586461e+03
1.169441321764569693e+03
1.102284624703823056e+03
1.054556854431903957e+03
9.957650765617755724e+02
9.466872681667953202e+02
9.117477086559548525e+02
8.651717358864981406e+02
8.273483678302928865e+02
8.039974126125422345e+02
7.671552444317086383e+02
7.371180337394382605e+02
7.254346306028178333e+02
6.995319981644373684e+02
6.727214798358462531e+02
6.645076790241215576e+02
6.452420837188208225e+02
6.189828692140413295e+02
6.082049671921510026e+02
5.918079126778740147e+02
5.699108722859610907e+02
5.616947249111888141e+02
5.488925736601891003e+02
5.308356052199334272e+02
5.249719692661431054e+02
5.137998319419739346e+02
4.973105388168737022e+02
4.939199909344524713e+02
4.845056934081933946e+02
4.672982152784616687e+02
4.650554119389294101e+02
4.594914774550432526e+02
4.433799117781047130e+02
4.408848052934589532e+02
4.371983400905227768e+02
4.211546029891777607e+02
4.174852990866064033e+02
4.161336005347442892e+02
4.026629137330676826e+02
3.988744583427539965e+02
3.975081738732605459e+02
3.841614164167647800e+02
3.808550188993924621e+02
3.813648585560809465e+02
3.678846830511581629e+02
3.631648546858495479e+02
3.658240434491694373e+02
3.543618541271836193e+02
3.482889948351486851e+02
3.514606819024747892e+02
3.422482783761411724e+02
3.357533655002779938e+02
3.378137748939028029e+02
3.283565998261828440e+02
3.216616189040884706e+02
3.255515982199680707e+02
3.185904329753536217e+02
3.118497051224114216e+02
3.151678087393551664e+02
3.081483774371705522e+02
3.005131946119414010e+02
3.045408526075049167e+02
2.996239080958341106e+02
2.920042287281204949e+02
2.952142387026008237e+02
2.904253056145448681e+02
2.827898660638645651e+02
2.868291440254582199e+02
2.828409683242484221e+02
2.738676526907947846e+02
2.778743461513540751e+02
2.759831546449931921e+02
2.666098882435266546e+02
2.690095728993094326e+02
2.678844517301894825e+02
2.592152776825510045e+02
2.616521812812196117e+02
2.615161449839129091e+02
2.530254794996581325e+02
2.549803290565197358e+02
2.553859754322017466e+02
2.467246114309009783e+02
2.481961309920012297e+02
2.493953925592543044e+02
2.405197938964613797e+02
2.412543339927165391e+02
2.437796268480998663e+02
2.357985306200872344e+02
2.358300768892454187e+02
2.384773147342419009e+02
2.302405579572224497e+02
2.293731008615645806e+02
2.330130803622044198e+02
2.256647657781546457e+02
2.240614132399180392e+02
2.280374281816562529e+02
2.211574508749617678e+02
2.185938353444047095e+02
2.227753409143082877e+02
2.167669330241836008e+02
2.138113082454137270e+02
2.181447216124059025e+02
2.127122055701405827e+02
2.093800109510308403e+02
2.140449565304026578e+02
2.090939617689168415e+02
2.048853129647766309e+02
2.096170201432858846e+02
2.055021113307556675e+02
2.007389339298038067e+02
2.053794354604346779e+02
2.020361370549449873e+02
1.968747998023812329e+02
2.014143157671628046e+02
1.987361199546927253e+02
1.930764886228438399e+02
1.974609792770833963e+02
1.955631890164227116e+02
1.894343288738797071e+02
1.934592301964789556e+02
1.923644853011395810e+02
1.860411107568350815e+02
1.898200470357211884e+02
1.895248177576399939e+02
1.828653799405591087e+02
1.860944389759420972e+02
1.866445225346184316e+02
1.799983069662582693e+02
1.826613405874809359e+02
1.838283941706871758e+02
1.771829306399785935e+02
1.793474770659812521e+02
1.812074636433020203e+02
1.746136728252962484e+02
1.760669016830677549e+02
1.784266680050024547e+02
1.720081170739140077e+02
1.729253226148217095e+02
1.758355199660677215e+02
1.695693629499216115e+02
1.697983951280639303e+02
1.732508663172178842e+02
1.673413630989243188e+02
1.668314520206838836e+02
1.706261400981491931e+02
1.652068539591485887e+02
1.641795536892587108e+02
1.682392747769818300e+02
1.630931095248245981e+02
1.613601245765357532e+02
1.657247574334699607e+02
1.610886839453071104e+02
1.586898356587211936e+02
1.632526954549470304e+02
1.592364174804702373e+02
1.562256061213193163e+02
1.608339011479635019e+02
1.574772133380353125e+02
1.539634066776128805e+02
1.584784432854783631e+02
1.556718518819916710e+02
1.516872251224042998e+02
1.561238785945458289e+02
1.539034798749463278e+02
1.494528544957680367e+02
1.537729893520275368e+02
1.522599558023585757e+02
1.474524482259507181e+02
1.515366244149498414e+02
1.506684936878299936e+02
1.454942779522529861e+02
1.492287563481956454e+02
1.490552589731623812e+02
1.436949229763548033e+02
1.470431730185439108e+02
1.474927790294289593e+02
1.419548306740877592e+02
1.448058865245487254e+02
1.458228650133957842e+02
1.402262428014472846e+02
1.426569783035262446e+02
1.443074384077991681e+02
1.387188474074507951e+02
1.405886944644759637e+02
1.427578251065992276e+02
1.372414158318450461e+02
1.385444722430481477e+02
1.412216004013414477e+02
1.358789709279147928e+02
1.365654344357910759e+02
1.396361008123303691e+02
1.345313857627695882e+02
1.346550449206990834e+02
1.380963380562525629e+02
1.332637813418295423e+02
1.327892857203766255e+02
1.365527189411985489e+02
1.320659607067688626e+02
1.309705190010338924e+02
1.349644947110617466e+02
1.308990448248075040e+02
1.292320136430872992e+02
1.333867820269144886e+02
1.297771104888760760e+02
1.275656863309860256e+02
1.318213751258410582e+02
1.287060351663445488e+02
1.259593153036896496e+02
1.302262355911131806e+02
1.276542614899672259e+02
1.244469358484778780e+02
1.286600104153396558e+02
1.266291520195128015e+02
1.229729086647791974e+02
1.270599072297849403e+02
1.256236755341063827e+02
1.215980641033135612e+02
1.254665493646433987e+02
1.246110903658075699e+02
1.202972971212632558e+02
1.239068710079402251e+02
1.236206210911993679e+02
1.190588588539252584e+02
1.223400686556317396e+02
1.226149372604159424e+02
1.178814801688833853e+02
1.207976831903138901e+02
1.216278403508079293e+02
1.167902654863130607e+02
1.192868644782762857e+02
1.206397765290728898e+02
1.157530987654545385e+02
1.177779272497499790e+02
1.196270792309812379e+02
1.147704287819214386e+02
1.162891951917027171e+02
1.185991628758662699e+02
1.138579425244303707e+02
1.148440138673180826e+02
1.175380742421189524e+02
1.129617155308930876e+02
1.134291795067330639e+02
1.164910892126251269e+02
1.121417445480297204e+02
1.120562468795307609e+02
1.154116010361483831e+02
1.113461620244551256e+02
1.107191214682738689e+02
1.143196863520837070e+02
1.105963221142714588e+02
1.094296021366466078e+02
1.132016057916204090e+02
1.098732555912796158e+02
1.082021848193287639e+02
1.120787290596377943e+02
1.091671524599950516e+02
1.070098016946338078e+02
1.109370994860865807e+02
1.084909074834394858e+02
1.058834994467509603e+02
1.097839921272944252e+02
1.078190346675629883e+02
1.048039120153012078e+02
1.086218169880672235e+02
1.071604776190147135e+02
1.037770923918526904e+02
1.074411304457904066e+02
1.064984567106582887e+02
1.028111131770299238e+02
1.062652277053725101e+02
1.058387671244423700e+02
1.018969428945008247e+02
1.050836184092092935e+02
1.051731194165309944e+02
1.010405997069737509e+02
1.039074825144467553e+02
1.044989722050240601e+02
1.002374519762502558e+02
1.027372880123091647e+02
1.038083631890157648e+02
9.947993152271132544e+01
1.015778323943210069e+02
1.031084443104755053e+02
9.877663761029630507e+01
1.004330958677169008e+02
1.023853348130559482e+02
9.811348576844579839e+01
9.930848603619205051e+01
1.016455183958586730e+02
9.748878423540074323e+01
9.820066643978458387e+01
1.008836052059834145e+02
9.690536395382152079e+01
9.712258616254351296e+01
1.000996288303444715e+02
9.635355259130766115e+01
9.607448192042643598e+01
9.929462259941074365e+01
9.583325949965265522e+01
9.506391235084943503e+01
9.846844278519124316e+01
9.533242550212894173e+01
9.407997031079925421e+01
9.760606636997765406e+01
9.483932283585750156e+01
9.313971837561577161e+01
9.673740992808694728e+01
9.437048959186486741e+01
9.224463975370638025e+01
9.585178102276393020e+01
9.391248416769322205e+01
9.139469642921926607e+01
9.495106820079746512e+01
9.345927257403189969e+01
9.058809011616457951e+01
9.403349197571894535e+01
9.300319563302693382e+01
8.982651255014860681e+01
9.310662284579227332e+01
9.254482546642924490e+01
8.911215283348936111e+01
9.217405536928438892e+01
9.208110092346809950e+01
8.844438630451296035e+01
9.123510988485188022e+01
9.160165043236223426e+01
8.781829004110598191e+01
9.029660575180712101e+01
9.111044600038994190e+01
8.723733458297874677e+01
8.936192330476482937e+01
9.060044144941669231e+01
8.669484129686316010e+01
8.843451007758864080e+01
9.007311075549228008e+01
8.619166366702432924e+01
8.751738269389072400e+01
8.952336251997209615e+01
8.572334951234597611e+01
8.661667845225213114e+01
8.895316589912116001e+01
8.528696003953831450e+01
8.573278198855068410e+01
8.835843404718835359e+01
8.487983343578153494e+01
8.487390599056561769e+01
8.774179226607861892e+01
8.449660786599365281e+01
8.403994862805842558e+01
8.710182020665828873e+01
8.413399428127601709e+01
8.323447948418595388e+01
8.643782384218519610e+01
8.378675248339362724e+01
8.246169391605926080e+01
8.575341100072259337e+01
8.345170024347140725e+01
8.172242261492623072e+01
8.504765849866249994e+01
8.312396514258223590e+01
8.102097546157064301e+01
8.432582506293367430e+01
8.280057192383060283e+01
8.035595118999756892e+01
8.358597172727543523e+01
8.247597426042544555e+01
7.973018537239364889e+01
8.283302086604159342e+01
8.214723445087470566e+01
7.914347591073520505e+01
8.206882782867540982e+01
8.181050524386164113e+01
7.859635190644708302e+01
8.129742672163418149e+01
8.146343834711230159e+01
7.808874715864348559e+01
8.052166318003116885e+01
8.110169630937484442e+01
7.761826494130698961e+01
7.974504170176946616e+01
8.072358969414594299e+01
7.718367148581857862e+01
7.897078577294401214e+01
8.032691336454455211e+01
7.678355747637026241e+01
7.820313105618808436e+01
7.990994559649493567e+01
7.641496049603884444e+01
7.744501454463188850e+01
7.947089401067977121e+01
7.607521712152936288e+01
7.670072913315563312e+01
7.900950162727546910e+01
7.576134886787394862e+01
7.597351082376329146e+01
7.852503927626952418e+01
7.546976523764342915e+01
7.526626135826299446e+01
7.801692020943518457e+01
7.519693719692982370e+01
7.458305091694280975e+01
7.748631030107233642e+01
7.493875137731146197e+01
7.392556612169867947e+01
7.693338203599070368e+01
7.469175404814042452e+01
7.329714233377860921e+01
7.635984083280519030e+01
7.445191129720979006e+01
7.269907549014624237e+01
7.576659188650167209e+01
7.421556020571881618e+01
7.213376953542395142e+01
7.515601066062660607e+01
7.397887856285957753e+01
7.160197640776786443e+01
7.453001338425667655e+01
7.373844116632417922e+01
7.110489265636824996e+01
7.389146269556719915e+01
7.349080470457046488e+01
7.064227293575991951e+01
7.324286324473111165e+01
7.323314379218197701e+01
7.021418143082810559e+01
7.258711043611111791e+01
7.296258972441046353e+01
6.982024366828730422e+01
7.192777474093516332e+01
7.267668834546481094e+01
6.945894210520229706e+01
7.126785861004574940e+01
7.237325236297962761e+01
6.912874677710253479e+01
7.061087224766399117e+01
7.205060441186456899e+01
6.882754536406177692e+01
6.996008494476909334e+01
7.170743309300277701e+01
6.855314496208008279e+01
6.931886448611656704e+01
7.134255645728825357e+01
6.830277980191102927e+01
6.869044280692962445e+01
7.095462716212203702e+01
6.807180431702364842e+01
6.807631182658082025e+01
7.054313562774954960e+01
6.785900222870994014e+01
6.748301133980450572e+01
7.011099922264386919e+01
6.766134936388220922e+01
6.691167413890786975e+01
6.965715161865847449e+01
6.747458757634822746e+01
6.636435819882984788e+01
6.918208144775236690e+01
6.729504826178839494e+01
6.584339441849886043e+01
6.868717081369170785e+01
6.711927016147159009e+01
6.535076198926226709e+01
6.817415173298105913e+01
6.694372914450130452e+01
6.488795051207988251e+01
6.764530488316025014e+01
6.676511702989643027e+01
6.445553473190230420e+01
6.710281287018385399e+01
6.658057249150790824e+01
6.405413691930498032e+01
6.654934062326333333e+01
6.638736350063419422e+01
6.368275940408661739e+01
6.598519330306969266e+01
6.618108872704576129e+01
6.334189264279522291e+01
6.541648438512531527e+01
6.596290202869738550e+01
6.303203649874587455e+01
6.484450454914022544e+01
6.572823819400463208e+01
6.275100729622937479e+01
6.427261638052618764e+01
6.547532050210118371e+01
6.249703625258727868e+01
6.370421680026630185e+01
6.520270336682345658e+01
6.226772986012070987e+01
6.314252904900872920e+01
6.490968904854845789e+01
6.206078421981677451e+01
6.259054481318867857e+01
6.459564554363907973e+01
6.187354200003070304e+01
6.205098281488692180e+01
6.426016619645021422e+01
6.170343860332575048e+01
6.152677633324064743e+01
6.390305663897181887e+01
6.154747921683472356e+01
6.102078865680459074e+01
6.352458771322935860e+01
6.140239414757586900e+01
6.053563490926959645e+01
6.312556937353416942e+01
6.126478458782450076e+01
6.007337376572080956e+01
6.270719050323452848e+01
6.113151478804432060e+01
5.963575923682321189e+01
6.227079181698913146e+01
6.099945742131417603e+01
5.922423622384390285e+01
6.181801123558093991e+01
6.086563043883217006e+01
5.883991662912057308e+01
6.135061558776151713e+01
6.072703452181126238e+01
5.848363271659860629e+01
6.087076375436600983e+01
6.058073893097943596e+01
5.815572079777914638e+01
6.038100752262200643e+01
6.042410615647668948e+01
5.785590113378709276e+01
5.988398614272719556e+01
6.025484351572751507e+01
5.758347418548478203e+01
5.938238054530695820e+01
6.007099907945989514e+01
5.733749675013776681e+01
5.887893052882220246e+01
5.987080462592646057e+01
5.711673059126720631e+01
5.837652866594006440e+01
5.965269424866254866e+01
5.691950490926363670e+01
5.787816244977517499e+01
5.941541949615876916e+01
5.674376744526846750e+01
5.738690084918421519e+01
5.915816766983898134e+01
5.658706979844496487e+01
5.690563255569467316e+01
5.888055718208082823e+01
