2.603181027552548699e+02
2.142805849206421840e+02
2.450997390912866081e+02
2.675985009052060377e+02
2.204936759656688139e+02
2.467043288480022341e+02
2.748163474482859669e+02
2.273355023202339567e+02
2.483376196228238371e+02
2.819906054717050665e+02
2.348506929688354887e+02
2.501251470727600008e+02
2.892418721907858412e+02
2.431660822689465249e+02
2.520635449163531234e+02
2.963886481970284308e+02
2.521099593252403395e+02
2.541058476489884015e+02
3.033325706094781822e+02
2.616895008455434777e+02
2.565460026279511681e+02
3.103236672135614640e+02
2.720528920048721488e+02
2.593523797881979363e+02
3.171230748171134337e+02
2.830591087677646556e+02
2.627626508241817760e+02
3.238819381123332732e+02
2.946965789986326172e+02
2.667760176317563037e+02
3.306008921612848894e+02
3.070736788884267980e+02
2.715671796374837754e+02
3.370879931771778502e+02
3.198263570354322383e+02
2.772610735212715554e+02
3.438556085665790079e+02
3.334093809683765812e+02
2.836689856555671554e+02
3.501861911770831171e+02
3.473967270657191762e+02
2.914387574995586760e+02
3.569647830476120021e+02
3.622493433963340408e+02
3.002701958489138292e+02
3.634538263828815161e+02
3.775278622432305724e+02
3.107399984959017729e+02
3.705314927074916227e+02
3.936034115607416197e+02
3.223871511089893147e+02
3.774740840431780384e+02
4.102349615437420880e+02
3.358034714324561492e+02
3.846327071509931557e+02
4.269008988235282231e+02
3.501616502238231305e+02
3.925654650770985654e+02
4.453571798823235213e+02
3.672329641212377851e+02
4.009705653729505457e+02
4.642635310485783293e+02
3.861151166335392872e+02
4.102448670024988928e+02
4.844794310566814488e+02
4.078202429503836015e+02
4.204039917937180917e+02
5.047185223282364177e+02
4.307685412288653310e+02
4.320196846023936246e+02
5.270892263651865051e+02
4.571493846691723206e+02
4.456055480860106854e+02
5.513715019203203838e+02
4.866425833640409451e+02
4.593998956085704322e+02
5.748500857032861404e+02
5.181903064529935818e+02
4.769204039687140266e+02
6.016628181844979508e+02
5.541364577679391914e+02
4.987954304382721489e+02
6.333463107818392928e+02
5.965082159842180545e+02
5.227711047872403469e+02
6.636541129526851819e+02
6.393412151621050725e+02
5.488681341621027059e+02
6.980994787621528985e+02
6.907577838587257020e+02
5.837560095006672327e+02
7.370731907421682081e+02
7.468298062341291370e+02
6.229104541098150776e+02
7.821179600635437055e+02
8.143334612499664900e+02
6.726785043804961788e+02
8.322458100191419135e+02
8.896884488931764281e+02
7.328927463537356743e+02
8.921672486781180851e+02
9.771338250409837656e+02
8.030300906029614225e+02
9.622821127595194639e+02
1.084220068559108995e+03
8.968806245041059810e+02
1.051413162234469837e+03
1.212419585771074026e+03
1.006357357093506835e+03
1.154372054205874974e+03
1.369412354776970005e+03
1.151480555851067493e+03
1.295948934934050612e+03
1.582821014050887470e+03
1.354482713979923119e+03
1.482779187908084168e+03
1.861586933244688908e+03
1.633321221626863462e+03
1.751865465927265859e+03
2.263427987655818470e+03
2.045611978760866350e+03
2.147153827137054577e+03
2.860167406960141307e+03
2.685365797377219224e+03
2.806849222543331052e+03
3.910600245073855604e+03
3.884804698658974303e+03
4.120757037119551569e+03
6.186801340061366318e+03
6.855972047311021925e+03
8.051685126877950097e+03
1.472618062286512031e+04
2.172933780806596769e+04
2.363517641872819149e+04
1.911237994532529046e+04
1.136537264475654592e+04
6.860468553403687110e+03
6.750440202653379856e+03
5.215975816015461533e+03
3.576344501097348257e+03
3.905784053591083193e+03
3.350647959420724874e+03
2.391413268413891274e+03
2.708240559942953951e+03
2.467055732318792707e+03
1.782217070558979003e+03
2.046725766861127568e+03
1.959419870504847040e+03
1.437848144963918685e+03
1.644464439255515344e+03
1.629382336962100453e+03
1.197555059723380737e+03
1.351402869281884023e+03
1.381205408358451450e+03
1.017576658277506681e+03
1.143924965400763085e+03
1.213550547978639770e+03
8.971891102619821368e+02
9.725929027595605021e+02
1.061277242195460758e+03
7.905842331645907279e+02
8.425273123979333150e+02
9.510193263935771029e+02
7.207743389838077519e+02
7.469212215484052422e+02
8.660389091557633492e+02
6.642811818196485092e+02
6.531344482034386374e+02
7.768443864172196527e+02
6.106868262365092050e+02
5.841773124722041075e+02
7.084095603149852423e+02
5.681719380056534874e+02
5.259221228094743310e+02
6.482225268934899987e+02
5.291656286661035438e+02
4.745476390540561624e+02
5.970491798556032563e+02
4.969535595392832192e+02
4.251433864657243475e+02
5.453139263743264564e+02
4.681646363209401329e+02
3.900309424838789027e+02
5.032255288949625083e+02
4.410739971798328725e+02
3.569055672830508001e+02
4.677356918300388884e+02
4.216917511537644714e+02
3.274879521743990836e+02
4.298942622543579546e+02
4.002682315255053709e+02
3.035729625542680878e+02
3.966186784063469304e+02
3.798170600361574429e+02
2.821526126001799639e+02
3.665134998848827195e+02
3.612726737554749548e+02
2.650629911577870530e+02
3.413460063945400407e+02
3.448831080607229751e+02
2.453247263533522755e+02
3.127009372124499578e+02
3.291883220100430663e+02
2.349045114098736633e+02
2.894880443662052016e+02
3.111829910304678606e+02
2.198892483966149598e+02
2.699904943631460696e+02
3.010129303582832563e+02
2.103182286571513941e+02
2.448502133759598962e+02
2.836383991887647653e+02
2.015294083200998330e+02
2.270871941897850661e+02
2.697620021592995272e+02
1.923225537166216270e+02
2.090458427765101419e+02
2.563594841108941296e+02
1.829253620246261391e+02
1.893104870571105778e+02
2.429846275184758042e+02
1.790993384924810243e+02
1.755548650801889892e+02
2.293288358714719095e+02
1.719230178540697125e+02
1.638398921634702958e+02
2.202443071168520987e+02
1.681241759100593640e+02
1.505827863120030941e+02
2.091235912008974083e+02
1.640013274291297876e+02
1.357360493667860055e+02
1.930037361385124655e+02
1.547231445727538528e+02
1.253551304584240427e+02
1.861044626665043609e+02
1.566969821077768472e+02
1.199619500587967877e+02
1.736019636956837928e+02
1.485899280004128968e+02
1.115703657539663141e+02
1.650195138519956686e+02
1.432917252165101161e+02
1.009855890949872617e+02
1.554751401188036084e+02
1.409861754153513687e+02
9.553912187077158080e+01
1.447000396966571429e+02
1.347105721547393955e+02
9.160014049491303467e+01
1.395098381710817819e+02
1.318822605613319752e+02
8.341068544173754162e+01
1.288108946108518751e+02
1.269603520414431301e+02
8.159734631906498237e+01
1.227689534442818911e+02
1.212236362209909544e+02
7.628933308056564044e+01
1.210203508790729785e+02
1.232976889081591452e+02
7.249534664522921901e+01
1.113242349169719745e+02
1.179100475453839465e+02
6.862718298084872970e+01
1.080157052936327062e+02
1.189385203485491331e+02
6.674392205127722377e+01
1.002671630962796883e+02
1.178852177675010893e+02
6.716510889608325385e+01
8.779898888216229125e+01
1.093024298342969871e+02
6.874221620153463164e+01
8.509743420893040877e+01
1.024578812743406502e+02
6.749593298900492755e+01
9.163675972084993759e+01
1.057100081100064699e+02
5.738610947150411334e+01
8.054128365585054894e+01
1.057706133237676198e+02
6.337828430562350945e+01
7.517825383004264950e+01
1.007912593035305520e+02
6.104430455666653188e+01
7.269410847872704551e+01
1.027497667072747731e+02
6.756390947256387847e+01
6.424448744859235205e+01
8.993710584281596709e+01
6.170656699437216020e+01
7.549532268610798269e+01
9.979099475474920666e+01
6.062738820502363524e+01
6.451649339352215407e+01
9.900313141016084728e+01
6.659014737815654428e+01
5.900752025273172308e+01
9.398780439293003042e+01
6.802630846021921229e+01
5.886869863594579044e+01
9.080480614932531580e+01
6.529516745448364645e+01
5.483766911888682216e+01
8.860385124837829096e+01
6.666568408516936017e+01
5.811606134310869720e+01
9.130831443976755679e+01
7.027026603906537616e+01
5.912349617033062543e+01
9.343535152210738204e+01
7.362062918063374184e+01
5.034166489027767710e+01
8.391987067011120871e+01
7.096337235403441923e+01
5.713793130266737563e+01
8.910765798531488713e+01
7.683810886681854413e+01
5.891509854269679636e+01
8.337606799387708634e+01
6.665774211487740786e+01
5.488298887107836066e+01
9.027175694972493147e+01
7.739470889370332429e+01
5.983912036932017742e+01
9.118748194771245608e+01
7.933050112966105871e+01
6.279661685704466834e+01
9.609394681209664668e+01
8.406638066536106635e+01
5.650832633112429448e+01
9.081957607728267590e+01
8.755965172454878598e+01
6.848469101523684799e+01
9.726475746429436242e+01
8.961951533652411683e+01
6.532469303492361234e+01
9.814488639368667577e+01
9.535671519470747626e+01
6.808972780131392710e+01
9.619179147378437733e+01
9.463274170364168469e+01
6.902252491215942598e+01
1.004817172940437331e+02
1.024301058415330061e+02
7.549102931328587829e+01
1.042007690369581212e+02
1.099033834011705864e+02
8.219506738519238809e+01
1.023478439013751000e+02
1.068841840609143219e+02
8.369374574077070861e+01
1.103753859469067180e+02
1.176382212983685775e+02
9.357539439570611250e+01
1.167404147942793742e+02
1.228520837832088688e+02
9.478400977020623941e+01
1.204011777278435886e+02
1.342848730055891906e+02
1.099887575985303698e+02
1.304047987157038904e+02
1.420199831988519747e+02
1.124313605117214934e+02
1.323113267195161882e+02
1.516299735762397347e+02
1.238519365494481832e+02
1.369683658651529470e+02
1.601206492645023047e+02
1.396676728114246089e+02
1.502018168361020969e+02
1.705322172871683506e+02
1.504685089789466588e+02
1.622106068003449764e+02
1.860835696484564039e+02
1.659511899022129171e+02
1.700073528006717254e+02
1.945781132271065132e+02
1.836923559534189394e+02
1.927837378024107977e+02
2.128882399590375769e+02
1.968551138037592807e+02
2.083394981566177648e+02
2.346499924005849778e+02
2.196408797180706927e+02
2.333201578539396337e+02
2.683507547903880663e+02
2.529486821786513531e+02
2.526080797863048417e+02
2.875725903776483960e+02
2.811146071984175592e+02
2.831313409964972152e+02
3.200176162526244070e+02
3.192386566798934382e+02
3.235844353071537398e+02
3.627264168114757581e+02
3.637148221590721846e+02
3.664208967288069516e+02
4.148288417296030275e+02
4.309197681536214191e+02
4.318147160688582744e+02
4.698776749786482583e+02
4.905328807515535914e+02
5.081672170211747357e+02
5.664926281657037634e+02
6.031958626987780008e+02
6.227047413562634119e+02
6.823059816247900926e+02
7.386153368545407147e+02
7.791751927376811864e+02
8.472947938688400882e+02
9.204769552347369199e+02
9.970086585588105663e+02
1.103331100341979891e+03
1.207223429169121346e+03
1.323211993903000348e+03
1.497546551928964846e+03
1.686630730987686093e+03
1.880221011507458570e+03
2.136432284979951874e+03
2.434754487099430207e+03
2.727444179301134227e+03
2.996182717047247024e+03
3.156295760551085095e+03
3.125084825982811253e+03
2.960079941053878429e+03
2.751579711852152741e+03
2.487595383873211176e+03
2.194328743556111476e+03
1.975913001640106813e+03
1.805198350784897912e+03
1.612438967685745638e+03
1.465879332671893962e+03
1.375237252522939116e+03
1.260297903861867326e+03
1.159894463599663140e+03
1.102390295752876682e+03
1.023747903644155372e+03
9.555595429287825482e+02
9.292504085422149274e+02
8.775916969104209784e+02
8.202545748233330869e+02
7.981203643640939163e+02
7.563058615842290919e+02
7.125261231212149369e+02
7.066140334667976504e+02
6.750349738689687911e+02
6.286687086517395073e+02
6.245541568491760245e+02
6.059111792834888774e+02
5.682838029183324124e+02
5.681776220287725891e+02
5.560048672278186359e+02
5.210504927312935024e+02
5.219058156924244258e+02
5.147555020690051606e+02
4.818124614738607079e+02
4.841877756579220318e+02
4.840179990646762462e+02
4.528514720077582183e+02
4.501760442853058066e+02
4.510917816703578751e+02
4.238449338753952702e+02
4.226388726438723893e+02
4.262376771195478682e+02
3.999007764562619514e+02
3.966592436057547388e+02
4.014665068239571610e+02
3.772631059029696416e+02
3.760019833267040781e+02
3.846119337791405997e+02
3.599981721423672525e+02
3.548082163730026082e+02
3.655034762098841838e+02
3.434366938378821601e+02
3.374153211589536454e+02
3.510000119695213243e+02
3.309154435318319543e+02
3.218076731873638892e+02
3.370767782117221714e+02
3.202535728666783825e+02
3.082444788120830594e+02
3.230247119377837066e+02
3.087672007358320911e+02
2.952834764638914180e+02
3.106108417975161728e+02
2.995387368154341061e+02
2.842645937521336919e+02
2.981922435678487204e+02
2.896017506093006091e+02
2.744082903451272841e+02
2.879294870858300897e+02
2.805566131022143281e+02
2.645911523862787931e+02
2.791294690986842397e+02
2.742058835854742256e+02
2.559257844097324721e+02
2.692852718579907787e+02
2.673337474953111155e+02
2.481587542559871622e+02
2.599538061786037701e+02
2.609101435709795851e+02
2.419071632539790073e+02
2.515908472336078319e+02
2.541023663140621807e+02
2.356107210065858055e+02
2.443427745509438864e+02
2.481148219708836109e+02
2.289203995842787833e+02
2.365310789649583683e+02
2.427392753588339644e+02
2.237206381880058075e+02
2.296612186397106257e+02
2.377680233081601386e+02
2.185568828702586472e+02
2.220875283330230729e+02
2.326140636346789847e+02
2.150371252689454309e+02
2.162323599135677057e+02
2.274146302023795840e+02
2.103352623283239495e+02
2.093311225106786821e+02
2.221696712840135319e+02
2.071139788731174747e+02
2.041867875064023110e+02
2.172383442327599710e+02
2.031425577815741121e+02
1.985484654916064073e+02
2.127058975646177998e+02
2.003040659961541508e+02
1.938314075726981685e+02
2.083924528520923616e+02
1.975116652526249936e+02
1.889816679508838888e+02
2.037395086774020001e+02
1.948771646406882780e+02
1.846477354391554684e+02
1.989833477163272448e+02
1.919520000142856873e+02
1.806226337770383452e+02
1.947842939676655476e+02
1.894916230331354541e+02
1.768305749681659620e+02
1.906443116351016158e+02
1.873692012057464922e+02
1.733910809433237432e+02
1.862139964660935050e+02
1.850094513178379145e+02
1.703763867451861529e+02
1.820681052865315337e+02
1.825653695671273340e+02
1.673286991032756532e+02
1.780259850534558268e+02
1.805876767103436862e+02
1.650983536727053149e+02
1.741365972335018739e+02
1.780604669316360571e+02
1.623785448976005625e+02
1.701868595541674836e+02
1.758856533689487947e+02
1.602924561924305067e+02
1.664125625386083414e+02
1.734821462782136905e+02
1.581235034627800928e+02
1.626875842846900753e+02
1.712208344881912296e+02
1.563341168975993867e+02
1.591617335406679956e+02
1.690005985369646169e+02
1.548145466466469884e+02
1.557440447519379632e+02
1.665990005937034653e+02
1.533505034808646883e+02
1.525193750865282709e+02
1.642005906321545012e+02
1.519522715300975904e+02
1.494016428053258210e+02
1.619153514077603973e+02
1.509765951112808295e+02
1.465698642202421524e+02
1.593430163832142625e+02
1.496953326822951738e+02
1.437543696341165287e+02
1.568524667809213611e+02
1.486504522875063401e+02
1.411602088105638586e+02
1.542849229365900499e+02
1.476312880654964488e+02
1.387764266632145791e+02
1.517071659443855935e+02
1.466430317974854347e+02
1.366341637669632973e+02
1.492150094974424519e+02
1.457102283021859250e+02
1.345729431233208686e+02
1.465735533126121481e+02
1.447113208012542316e+02
1.327125865330588965e+02
1.439718925609365670e+02
1.437227145229819882e+02
1.310187933371821885e+02
1.413597750800419988e+02
1.427210260998241438e+02
1.295270486467246656e+02
1.387630055193160103e+02
1.416324069833918884e+02
1.281183264563063631e+02
1.361756602265876950e+02
1.405654629637390371e+02
1.269105470407239835e+02
1.335757644785319656e+02
1.394205178375556784e+02
1.259234566529836883e+02
1.310847229384124262e+02
1.381891350431240824e+02
1.250298898040935001e+02
1.286829469162717885e+02
1.369363815015485102e+02
1.242367895022083246e+02
1.262742760399434161e+02
1.355517926716840122e+02
1.235351049541806390e+02
1.239761205652064433e+02
1.341316503841052850e+02
1.229517438682128301e+02
1.217819185508590749e+02
1.326319543883075482e+02
1.224276674397147104e+02
1.196890808451817918e+02
1.310677834822557770e+02
1.219628962632390028e+02
1.177048713236432889e+02
1.294335594637084057e+02
1.215376022184323688e+02
1.158214153214067466e+02
1.277067218642518327e+02
1.211442628514649442e+02
1.141158233573699050e+02
1.259497051341555931e+02
1.207591288154207660e+02
1.125486952858346115e+02
1.241548487146263824e+02
1.203717021217504737e+02
1.111069699520621015e+02
1.222966256154225562e+02
1.199316147036311548e+02
1.097644653750010661e+02
1.204054623423272403e+02
1.195084044160928300e+02
1.086003025890196483e+02
1.184852122996660881e+02
1.190347214752465987e+02
1.075786123919745734e+02
1.165507695562038180e+02
1.184982386880779615e+02
1.066860635874077730e+02
1.146463369931134650e+02
1.179529058761176543e+02
1.059300105425999874e+02
1.127062530555231064e+02
1.172938403323391441e+02
1.052641465536115675e+02
1.107860034250714278e+02
1.165845277915009035e+02
1.047314175854290994e+02
1.089102285088895883e+02
1.157998891171215945e+02
1.042748660074517915e+02
1.070606368420756667e+02
1.149503054075513404e+02
1.039195429598764804e+02
1.052562510455244649e+02
1.140179830791119855e+02
1.036593157362778328e+02
1.035461112888048802e+02
1.130155322652872911e+02
1.034370765834590742e+02
1.018712461625949004e+02
1.119084328674851179e+02
1.032675334387749047e+02
1.003249153645731866e+02
1.107652160841249298e+02
1.031319717965887151e+02
9.883620143603241104e+01
1.095168660098552778e+02
1.030055559434729560e+02
9.747116047567952535e+01
1.082363700843777963e+02
1.029099960562302698e+02
9.621366349899908244e+01
1.068812550137921136e+02
1.027938102675479541e+02
9.505842122621736223e+01
1.054706390237136304e+02
1.026675433889655125e+02
9.402529639481444690e+01
1.040121838891270016e+02
1.025141877916091460e+02
9.311650102342353819e+01
1.025186885643407919e+02
1.023216160526649645e+02
9.232280416364476139e+01
1.009952529533360774e+02
1.020831973133430495e+02
9.164353574065053465e+01
9.944729821727752039e+01
1.017846668494574089e+02
9.107579908368428789e+01
9.790036777366172771e+01
1.014377026737840879e+02
9.061720753373556647e+01
9.635092317185495858e+01
1.010220710387581988e+02
9.025353406200994755e+01
9.480733451809027201e+01
1.005324276593745481e+02
8.998317566316893590e+01
9.329490645172919017e+01
9.997228213945402331e+01
8.978701147389928394e+01
9.181163975982455838e+01
9.933733778359032840e+01
8.966293240290713129e+01
9.037813415699093866e+01
9.862938866101380597e+01
8.959366612840193511e+01
8.899801401291743730e+01
9.785017868212375447e+01
8.957558004889519054e+01
8.768199949698355056e+01
9.698936537347221076e+01
8.958373684099784384e+01
8.644110528013160888e+01
9.605949917624300838e+01
8.961151311208941195e+01
8.528204026532009152e+01
9.506659524011436702e+01
8.965682061677738091e+01
8.421709802045364768e+01
9.400525145676681404e+01
8.968904896809587513e+01
8.324165859159481329e+01
9.288988896502590364e+01
8.971837822876877055e+01
8.237696510378980008e+01
9.172734564574393801e+01
8.972313111304147526e+01
8.161164711230476598e+01
9.051704406665976421e+01
8.969140493847385187e+01
8.094904242194915867e+01
8.927360509369739816e+01
8.962163422343409991e+01
8.038929014349420754e+01
8.800143002696653127e+01
8.950292162738602997e+01
7.992955312332971118e+01
8.671053049925991729e+01
8.932834627398894156e+01
7.956340057591602033e+01
8.541062089681864222e+01
8.909771148093420834e+01
7.929180507716760928e+01
8.411070197188185205e+01
8.879939366053243077e+01
7.910241064827363289e+01
8.282354767142146557e+01
8.843418766597309855e+01
7.898750779167082214e+01
8.155873825147995149e+01
8.800055263067983446e+01
7.893747772363205684e+01
8.032377841915226213e+01
8.749610627546863384e+01
7.894452705545009508e+01
7.913040905106285550e+01
8.691873773631803601e+01
7.899470394113588156e+01
7.798854838616222196e+01
8.627339746009464250e+01
7.908135617243063109e+01
7.690642716211885954e+01
8.555755334553407465e+01
7.919060030803623818e+01
7.589380291933974831e+01
8.477610572685567547e+01
7.931177423209803123e+01
7.495711056384847382e+01
8.393256474980667292e+01
7.943423987181222401e+01
7.410163872509853888e+01
8.303120729138625222e+01
7.954947760876727614e+01
7.333437138302781477e+01
8.207726564286237192e+01
7.964553778613579027e+01
7.265612638635718668e+01
8.107695178612931386e+01
7.971616161093264452e+01
7.207120489935323349e+01
8.003694286746686259e+01
7.975178993714339981e+01
7.157859777211604069e+01
7.896421202762996927e+01
7.974537302877166667e+01
7.117768383720260772e+01
7.786725575420716439e+01
7.969062244826832853e+01
7.086562882347128323e+01
7.675484948198968027e+01
7.958192981449874992e+01
7.063678226720170983e+01
7.563477751820425965e+01
7.941544279325833600e+01
7.048791992930762262e+01
7.451787590619714763e+01
7.918679361908336034e+01
7.040967079822283381e+01
7.341236282469608909e+01
7.889396848058787270e+01
7.039520620580680088e+01
7.232831757962328822e+01
7.853582940544819735e+01
7.043606128119168375e+01
7.127410908503419762e+01
7.810983373799525964e+01
7.052198094676595019e+01
7.026020305985564107e+01
7.761798011989262136e+01
7.064379543917351612e+01
6.929450530601464209e+01
7.706067209450246480e+01
7.079158569072295393e+01
6.838523192881902446e+01
7.643938908600692628e+01
7.095493989639793142e+01
6.754016531828401071e+01
7.575767536233560406e+01
7.112438258980539274e+01
6.676534044180669980e+01
7.501858446139668501e+01
7.129022432218647509e+01
6.606651504929725149e+01
7.422717544225096731e+01
7.144377827150326254e+01
6.544739214874462618e+01
7.338815819815245334e+01
7.157664107391308050e+01
6.491070920685157830e+01
7.250677723695714860e+01
7.168054453020489802e+01
6.445832768967403581e+01
7.159052059702909787e+01
7.174880967838731749e+01
6.408940384781496391e+01
7.064561884293880212e+01
7.177479273589331399e+01
6.380252433727431338e+01
6.968033024070544457e+01
7.175369913812266986e+01
6.359453198336642998e+01
6.870192221305353542e+01
7.168041243426795006e+01
6.346108768678385559e+01
6.771885553443716788e+01
7.155103431729446584e+01
6.339661245205046214e+01
6.674012801028965214e+01
7.136275306152940345e+01
6.339400305485553133e+01
6.577428184952719903e+01
7.111366109223934018e+01
6.344576716995897669e+01
6.483020268575330647e+01
7.080295805962522593e+01
6.354384497254769570e+01
6.391606811492376750e+01
7.042980069846535685e+01
6.367941563497052471e+01
6.304029897364767976e+01
6.999452509688617852e+01
6.384332556408376291e+01
6.221073933179637550e+01
6.949798281233029229e+01
6.402600501838857383e+01
6.143521450703988052e+01
6.894311720999348836e+01
6.421898543706828377e+01
6.072089476341720626e+01
6.833322194916847536e+01
6.441304973536779244e+01
6.007277680807940357e+01
6.767196346162882037e+01
6.459964724603378272e+01
5.949461959719930348e+01
6.696365388626492177e+01
6.477165131850404123e+01
5.898871589941991544e+01
6.620955675283641995e+01
6.491861705140148331e+01
5.855886438024363372e+01
6.542055512442972542e+01
6.503891923439934430e+01
5.820680793957311039e+01
6.459918373779863998e+01
6.512254237063899609e+01
5.793134727593486843e+01
6.375304696896154866e+01
6.516389793201604164e+01
5.773020814355082564e+01
6.288990222052995449e+01
6.515842562012922201e+01
5.759950454764804562e+01
6.201753898995205816e+01
6.510282624888267833e+01
5.753435858360405319e+01
6.114314300260859625e+01
6.499414927947204035e+01
5.752958970180663556e+01
6.027463868566532312e+01
6.483013507347030213e+01
5.757904452776439541e+01
5.941985744659296387e+01
6.460870581255883849e+01
5.767560041698367712e+01
5.858718339647592188e+01
6.432877730363188107e+01
5.781120812909596651e+01
5.778499397535790649e+01
6.399046459434292444e+01
5.797717843929085291e+01
5.702086858287172078e+01
6.359494762741243079e+01
5.816515882395180626e+01
5.630165425252550193e+01
6.314376569050963894e+01
5.836688377607386258e+01
5.563368175176069741e+01
6.263903583697764788e+01
5.857435030143442845e+01
5.502273884566930207e+01
6.208321537422504122e+01
5.877941740649091429e+01
5.447413913599871904e+01
6.147989300566847248e+01
5.897408057038303042e+01
5.399176412802602698e+01
6.083340261368988422e+01
5.915093273204113444e+01
5.357823800853278584e+01
6.014881865979449316e+01
5.930335125920986883e+01
5.323471687142678377e+01
5.943149265674843207e+01
5.942556616005765591e+01
5.296140283892660960e+01
5.868696969173042532e+01
5.951212319789483018e+01
5.275752769765392003e+01
5.792151761486931605e+01
5.955800113132910667e+01
5.262084006365353162e+01
5.714198131341429843e+01
5.955897298172796894e+01
5.254779675678940265e+01
5.635565744814349642e+01
5.951169089900025710e+01
5.253358526081898106e+01
5.556990341624756979e+01
5.941365664655402412e+01
5.257252772510411631e+01
5.479206244415124161e+01
5.926314075383127289e+01
5.265842174721967694e+01
5.402943637120699094e+01
5.905888835201474052e+01
5.278456846327922136e+01
5.328950317063002728e+01
5.880018601307256887e+01
5.294355948583145022e+01
5.257973586571132074e+01
5.848716526090772305e+01
5.312749444256289877e+01
5.190724799514946852e+01
5.812090304531643881e+01
5.332837063750906026e+01
5.127846020195411114e+01
5.770328079346578676e+01
5.353850123574090958e+01
5.069898839545789571e+01
5.723652995428783186e+01
5.375042607253712390e+01
5.017385999662630525e+01
5.672343539320642236e+01
5.395698931269552645e+01
4.970745407923868697e+01
5.616728126644564156e+01
5.415107483179171055e+01
4.930324585799236559e+01
