1.676975988680260627e+02
1.633964941184938482e+02
1.666209879830527427e+02
1.703109040871274260e+02
1.659850603012545207e+02
1.687170926994349998e+02
1.730536179764451958e+02
1.687385282706048599e+02
1.707750345277488009e+02
1.756374952403144505e+02
1.715053860089038835e+02
1.729745707576025495e+02
1.783734550074044876e+02
1.744235882061639700e+02
1.752175232986067783e+02
1.811698789054728138e+02
1.775910276790860962e+02
1.776217544556739369e+02
1.838842935824397102e+02
1.807277454713118914e+02
1.802181614616320076e+02
1.869403543388049798e+02
1.841834506396711788e+02
1.827743040777987176e+02
1.897106508215079543e+02
1.875892726036862257e+02
1.855218079628101862e+02
1.926422658281862823e+02
1.911922778204560984e+02
1.884653696048865470e+02
1.956161788048334245e+02
1.947959676241116540e+02
1.914579349740004375e+02
1.987536205479081275e+02
1.987791621790595684e+02
1.947634309112869744e+02
2.018762357850303886e+02
2.027395080970463823e+02
1.982181282266628273e+02
2.051696120478592036e+02
2.069271192447594387e+02
2.018355234109475020e+02
2.083602470179881152e+02
2.111180579475123409e+02
2.058937653199774331e+02
2.121094470048390406e+02
2.156486937887312081e+02
2.099785670524509555e+02
2.157387943147923295e+02
2.202396715204469331e+02
2.141380495559817234e+02
2.191555651008283121e+02
2.248081578226118893e+02
2.187876398818841608e+02
2.230310561614067808e+02
2.296101244675457735e+02
2.237311987187706848e+02
2.271776765709440724e+02
2.345553177468848389e+02
2.287597806476628080e+02
2.313630478341562480e+02
2.397334420496186169e+02
2.343085952854878542e+02
2.359054831222777580e+02
2.450770900433274448e+02
2.402329980921568051e+02
2.408880050111921776e+02
2.506281676464436998e+02
2.462280164527267061e+02
2.459400400714121417e+02
2.564721303423910967e+02
2.527744644075137614e+02
2.512559200297384336e+02
2.621781349797259395e+02
2.594125852404729358e+02
2.571997927071993217e+02
2.687674609287859653e+02
2.667712651628927460e+02
2.632245962099467533e+02
2.751673965573476721e+02
2.744900195229249107e+02
2.700492833642646247e+02
2.822253621012175131e+02
2.827546769288386486e+02
2.772660029699670190e+02
2.895203443160220331e+02
2.914403449208530787e+02
2.849698542762049556e+02
2.972038030438191640e+02
3.008082621022214198e+02
2.934901835929778713e+02
3.053262534072828771e+02
3.105150368141710828e+02
3.022955534713404973e+02
3.134483433576986613e+02
3.205350489218034795e+02
3.120942610813188480e+02
3.225719168723788357e+02
3.312907698435932957e+02
3.226227008862519483e+02
3.326161513129152354e+02
3.433253573866122110e+02
3.344589771535667069e+02
3.434391505319099451e+02
3.558645599740965508e+02
3.465800191860970472e+02
3.543194973179196268e+02
3.694593490449316846e+02
3.614285294657969416e+02
3.678635559239328359e+02
3.842132579871654343e+02
3.766478962865446078e+02
3.823143955630581559e+02
4.003185114737923413e+02
3.922477851833509703e+02
3.964182576745069468e+02
4.182360325981517235e+02
4.119157369902829942e+02
4.123234138108315392e+02
4.342589248648709486e+02
4.302189935605144342e+02
4.313739262734972044e+02
4.566429033945066180e+02
4.542166536568327615e+02
4.525506053263719082e+02
4.789155477937965770e+02
4.785053156832257173e+02
4.748893269927573897e+02
5.026193529893858454e+02
5.048705547954946837e+02
5.013870930539067672e+02
5.332717540910977050e+02
5.381935687888212669e+02
5.298778712591243902e+02
5.620752655635365045e+02
5.714771916430574947e+02
5.620176091318935505e+02
5.964484497624532651e+02
6.119545342649320219e+02
6.034704341439181690e+02
6.414776346164358074e+02
6.629808809684839161e+02
6.532910717992756418e+02
6.922321124058159967e+02
7.173922041915518548e+02
7.042178969547956058e+02
7.484725537466815695e+02
7.873606299233904338e+02
7.741599865017341244e+02
8.167356616706510977e+02
8.666327714474074355e+02
8.600264069087565986e+02
9.082529732568325471e+02
9.693545938695691575e+02
9.674740982631285533e+02
1.028876764325001204e+03
1.112719432499622144e+03
1.114428565823506233e+03
1.180073467790859468e+03
1.289220961741252268e+03
1.304624697515739399e+03
1.392455753126138916e+03
1.553009846993006477e+03
1.597977403741738499e+03
1.712034654496527310e+03
1.942853239893506725e+03
2.050193951139808178e+03
2.246929760392230492e+03
2.635494229102182089e+03
2.884459660734441059e+03
3.271965252975038766e+03
4.063462211370960631e+03
4.801128255283006183e+03
5.956438600569876144e+03
8.301045768561658406e+03
1.062014047854086493e+04
1.119211282489837504e+04
9.573080155167357589e+03
6.933191808496053454e+03
5.092937847740590769e+03
4.288138415615961094e+03
3.480505911120391374e+03
2.828480201602668785e+03
2.594053762114261190e+03
2.264124237337102386e+03
1.922634385368518451e+03
1.827849202996876784e+03
1.653809850195330455e+03
1.424945987074127288e+03
1.375441288424636923e+03
1.277077142191046732e+03
1.114682484187259661e+03
1.093430987966111161e+03
1.045982410205846463e+03
9.314742431027610792e+02
9.163760146163637046e+02
8.791972241088384408e+02
7.808888553871883005e+02
7.745110279189041194e+02
7.550657784950531095e+02
6.681175522958553756e+02
6.625392336056728482e+02
6.609340674849820516e+02
5.896903029040497586e+02
5.767823673073010013e+02
5.760502533452136049e+02
5.152681010310988086e+02
5.075305600505040502e+02
5.154433515737173366e+02
4.616205769203593832e+02
4.514556813827815631e+02
4.646376390414307025e+02
4.175703852212119500e+02
4.048607972468481080e+02
4.231539167620187527e+02
3.819415053135981566e+02
3.602341977253463483e+02
3.781393215053545305e+02
3.469765748534534850e+02
3.252655396724557022e+02
3.428826240524355171e+02
3.198543472804201429e+02
2.985724243978878008e+02
3.107883695149275809e+02
2.890655321625538932e+02
2.740011954023462977e+02
2.945979160235739869e+02
2.760700389459389612e+02
2.485510753403919182e+02
2.616137956711899619e+02
2.532431316757451896e+02
2.353735286168228527e+02
2.444987810727070610e+02
2.305293487811562727e+02
2.102319476909360674e+02
2.218610261480711472e+02
2.127998189645418279e+02
1.956182044351626814e+02
2.086912729286093224e+02
2.015480908273858347e+02
1.841238397104875162e+02
1.955019152163880847e+02
1.870650441005964808e+02
1.691386402103454429e+02
1.858729741606535413e+02
1.817863543565207181e+02
1.572167014825680269e+02
1.675655791572039561e+02
1.667072228862280667e+02
1.447505603560826160e+02
1.573783043772257315e+02
1.633061340361368821e+02
1.442573227768010327e+02
1.496130703385048264e+02
1.507213612218203878e+02
1.296362525784335560e+02
1.357979323573780448e+02
1.398770767804634829e+02
1.201166611841157703e+02
1.291943484321112123e+02
1.385790520898868294e+02
1.167498903764591773e+02
1.155364012284189243e+02
1.254236174377530944e+02
1.099466547011034834e+02
1.106628053009258537e+02
1.213174559596843523e+02
1.083782590850472616e+02
1.073153429766704079e+02
1.156847218903064487e+02
1.029460162238349312e+02
1.011696082089044069e+02
1.090411343137691631e+02
9.770216433675840051e+01
9.788502555096521007e+01
1.057680467948449206e+02
9.102365129464747895e+01
8.809756288453027651e+01
1.014456805314807042e+02
9.590369627056969648e+01
9.404806595368185640e+01
9.918232748851818315e+01
8.662355719105266871e+01
8.522236631107620042e+01
9.708192505603945222e+01
8.952562602137714975e+01
8.604584739269036220e+01
9.255003418102549517e+01
8.173894760738275522e+01
8.015341038809893348e+01
9.095433449347301291e+01
8.067289973287148541e+01
7.663152662610484356e+01
8.759545213453395718e+01
7.723211842134315930e+01
7.329144813113778412e+01
8.832199514650392302e+01
7.996245434126709029e+01
7.098238987636852926e+01
8.482312211470416230e+01
7.981737638727292961e+01
7.098223758834862451e+01
8.255576172643705490e+01
7.563845820921547158e+01
6.290253834492950347e+01
7.784326297172583509e+01
7.907804655223264945e+01
6.954497472813218906e+01
7.847498572546813023e+01
7.784597057294716649e+01
6.833408573287408672e+01
7.459913939231826419e+01
7.365055443757323417e+01
7.043814980021922167e+01
8.166562527039457109e+01
7.863419141702699733e+01
7.037517415640176921e+01
8.169028382699214319e+01
8.018240796586785279e+01
6.948411334406721096e+01
7.980064060036454521e+01
8.045025106132302994e+01
6.936128051568995545e+01
7.677827518626644121e+01
7.557408805708480770e+01
6.323386966219536021e+01
7.524638125006714517e+01
8.004192919342870027e+01
6.927125017694623921e+01
7.863978817946583888e+01
8.466849575302887843e+01
7.262725789791713282e+01
7.502499031695789711e+01
8.181390402393495265e+01
7.755237211328159219e+01
8.135430144585589574e+01
8.289687108423402151e+01
7.756516091500273546e+01
8.236653344962712708e+01
7.941111160268079061e+01
7.313126985712725059e+01
8.906247223939412549e+01
9.070917211751032028e+01
7.406426565124536410e+01
8.652445207730067978e+01
9.780062312190911200e+01
8.492599062502833362e+01
8.826541927154950429e+01
9.741840911718871610e+01
8.694909092474848933e+01
8.955183259283664654e+01
9.930591305051129325e+01
9.352262127482573817e+01
9.819170945611379864e+01
1.035290649889836772e+02
9.170875621887313400e+01
9.805254967584485826e+01
1.101584318307512405e+02
9.955630686143666708e+01
1.018593904462498045e+02
1.160980680952587534e+02
1.095480191407061596e+02
1.095820371917174327e+02
1.212287063248423067e+02
1.143483371144539404e+02
1.102310572007909286e+02
1.171732705000058132e+02
1.120185144139684468e+02
1.183766691556162982e+02
1.332700219307090777e+02
1.278614657870940619e+02
1.281531203381854596e+02
1.388919363743399913e+02
1.315289108706125205e+02
1.356288519841104403e+02
1.545116108040681411e+02
1.470667269042147609e+02
1.389454030190244680e+02
1.543834693597025876e+02
1.546643991990989946e+02
1.525978555884051104e+02
1.670126599169320798e+02
1.654946656989094151e+02
1.616264116769905854e+02
1.756354120398910084e+02
1.762642304143181775e+02
1.754849519394196022e+02
1.908835327610834725e+02
1.921088307478780450e+02
1.926306892838640294e+02
2.059071956765042728e+02
1.985047510163921629e+02
1.971851804777518851e+02
2.254939638631055630e+02
2.278056685431494941e+02
2.167178075036158020e+02
2.356999860714151396e+02
2.403130104763955615e+02
2.326955657406328726e+02
2.551161204719835780e+02
2.637838288747685169e+02
2.571313542113269364e+02
2.797884636182276381e+02
2.887593192959989779e+02
2.812508678906432351e+02
3.101389521502131856e+02
3.267125695552651337e+02
3.154372035507199143e+02
3.393987196438962428e+02
3.599879520386813283e+02
3.490310399738354477e+02
3.715180958608224273e+02
3.970314636684908010e+02
3.875080906882306522e+02
4.092418170424705863e+02
4.414791001056775599e+02
4.376096407678729747e+02
4.594272074224655853e+02
4.926064815936601349e+02
4.897222638828985737e+02
5.179026388389542035e+02
5.616215304580399561e+02
5.581711578170932171e+02
5.812386192842714081e+02
6.308597456163214474e+02
6.332739002973070228e+02
6.695388241618974234e+02
7.459421920765481673e+02
7.550485832305901113e+02
7.714422457721175306e+02
8.513748547891515273e+02
8.861327145767356797e+02
9.227284037499765645e+02
1.017646254390168451e+03
1.062384151536725312e+03
1.108726080005009862e+03
1.232788328828363092e+03
1.313333379041597254e+03
1.405661666728778528e+03
1.598920218133386470e+03
1.730675351635218476e+03
1.868327802662216527e+03
2.182844116235924957e+03
2.474784156183447067e+03
2.795832442065851410e+03
3.412505911381450915e+03
4.079137121802399633e+03
4.924644898937600374e+03
6.659668421418834441e+03
8.750481401738501518e+03
9.781635212083961960e+03
9.043087663908394461e+03
7.109194143183535743e+03
5.354472364490264226e+03
4.432725324327976523e+03
3.725693889297951500e+03
3.066853888677455870e+03
2.737715038508556063e+03
2.469993794519175935e+03
2.129219461842551027e+03
1.947113037978249395e+03
1.825026516544460492e+03
1.641466902589260371e+03
1.534958929887799741e+03
1.457009150719513400e+03
1.332311360909884115e+03
1.272813737148974496e+03
1.232009994953011073e+03
1.132154347386239579e+03
1.078382891538004515e+03
1.056582885366026858e+03
9.850995507497008248e+02
9.413086368526957131e+02
9.277986317623231116e+02
8.725785166503221717e+02
8.373720952179972983e+02
8.325710647420038413e+02
7.892764998370771536e+02
7.557500144858553313e+02
7.523538471744213894e+02
7.169167556186168895e+02
6.874395918564508747e+02
6.902023827355149024e+02
6.644412126449626612e+02
6.344673674273215056e+02
6.350099870547001046e+02
6.165364802100024235e+02
5.910290280011615778e+02
5.898777883810361118e+02
5.724157984333494369e+02
5.489650170334144832e+02
5.512379284352977038e+02
5.391128623024545732e+02
5.166614138463295376e+02
5.190801031655730640e+02
5.105082570241455642e+02
4.867093641405572271e+02
4.859033676653036196e+02
4.818276448864834265e+02
4.626078632897606440e+02
4.617860685194107759e+02
4.607087981498852969e+02
4.444500855968429391e+02
4.409384437637509109e+02
4.375307052074032299e+02
4.211521679108618059e+02
4.181260371377397291e+02
4.175894435141663621e+02
4.037358198862082759e+02
4.000453561984252246e+02
3.991448100319956893e+02
3.855197229382357023e+02
3.819526877366673148e+02
3.834831127378336646e+02
3.719009174825604873e+02
3.672125874697779295e+02
3.686974216782839449e+02
3.584405089011079326e+02
3.531375158411888151e+02
3.542613987587984639e+02
3.454504570271441821e+02
3.415330526563771514e+02
3.432842192810289816e+02
3.334157266782639226e+02
3.277861081505697030e+02
3.310448180149806490e+02
3.236126067402535682e+02
3.176199281710993887e+02
3.207189376057697245e+02
3.143004385058159755e+02
3.077943449873010877e+02
3.106033288616159211e+02
3.047174392541328416e+02
2.973271266333486551e+02
3.002252142577516452e+02
2.963951574717513608e+02
2.895843443372035608e+02
2.920023546227567977e+02
2.882916447270218896e+02
2.807422042686742429e+02
2.829940669719511561e+02
2.806929075434038623e+02
2.733187350347129154e+02
2.751380218688738069e+02
2.736851124124385137e+02
2.663045822225791426e+02
2.675561638280267971e+02
2.668679252046261468e+02
2.596263245461242377e+02
2.604680896398563732e+02
2.608102952113688957e+02
2.538920116665536284e+02
2.536399079045192479e+02
2.540732890903730379e+02
2.476239982286112138e+02
2.472937481660901824e+02
2.484657130540914807e+02
2.424700279013754596e+02
2.416214866962812664e+02
2.430833752653890656e+02
2.373030541840561511e+02
2.357829512919324770e+02
2.375474142213045070e+02
2.322849826349059299e+02
2.303000723896959130e+02
2.323380503427363806e+02
2.277094846602593066e+02
2.253899247314014360e+02
2.275607992300236049e+02
2.233814391536761548e+02
2.205761416030544524e+02
2.227370401944653793e+02
2.190650166013288356e+02
2.159721352201343905e+02
2.182424060145587816e+02
2.151583236799663723e+02
2.117021640232635207e+02
2.138210253549884214e+02
2.112412211107903488e+02
2.075024557387414177e+02
2.094461528141166298e+02
2.074392425100784010e+02
2.036530918307739455e+02
2.054476254145724283e+02
2.038082832255506673e+02
1.998237507020785699e+02
2.015324153899188673e+02
2.004718263644973888e+02
1.963212717876559168e+02
1.976761802734163780e+02
1.970781771706375594e+02
1.929294283572586721e+02
1.940224813588895074e+02
1.938814528236499370e+02
1.897491851136645380e+02
1.905101912016411063e+02
1.908016654916916934e+02
1.867749423994675340e+02
1.871065905164765582e+02
1.876028897528835842e+02
1.836808821073980766e+02
1.838031828031212456e+02
1.847134936055184085e+02
1.809449512125584647e+02
1.806820181077005998e+02
1.818640608081184666e+02
1.782972407438014955e+02
1.776784314368733249e+02
1.791536002814859216e+02
1.759216382930806049e+02
1.748907759085045370e+02
1.763371870606447658e+02
1.732617033785955130e+02
1.719478771531132395e+02
1.736477557310824693e+02
1.709882180156282914e+02
1.693417384798619878e+02
1.709603263946304708e+02
1.685596146398571591e+02
1.667439992405634541e+02
1.684680212629511686e+02
1.663298541846176875e+02
1.641840939972858280e+02
1.659376436506988171e+02
1.642133844377495393e+02
1.618201727785398987e+02
1.634731646110455756e+02
1.621326377489076265e+02
1.595581973996974625e+02
1.610401196594763178e+02
1.600434867003034469e+02
1.573968082003100335e+02
1.587518952980278470e+02
1.580332588186788882e+02
1.552382679129210601e+02
1.564458634021153216e+02
1.561139696850686107e+02
1.532742369502158510e+02
1.542383976537405772e+02
1.541869686598741112e+02
1.513313946975336819e+02
1.520553839753667376e+02
1.522541309801857494e+02
1.494210706949963310e+02
1.499514555117779651e+02
1.504366829014531959e+02
1.476388994726019064e+02
1.478872319877947064e+02
1.486065197118615515e+02
1.459224737447185873e+02
1.459138715036162068e+02
1.468088242741940519e+02
1.442406884765499058e+02
1.440018484833595096e+02
1.450771293887635807e+02
1.426245419938747716e+02
1.420995730255294234e+02
1.433246694309777354e+02
1.410615196008736518e+02
1.402763960937568584e+02
1.416095405066635067e+02
1.395689947746091093e+02
1.385406348216492631e+02
1.399124711589313108e+02
1.380793590958126629e+02
1.368354592397291185e+02
1.382340786504839798e+02
1.366127403721825715e+02
1.351670457590254841e+02
1.365995164033183471e+02
1.352370886416751716e+02
1.335867291876359957e+02
1.349710967383750528e+02
1.338593969103864367e+02
1.320410351800259150e+02
1.333565841033446588e+02
1.325075234010067220e+02
1.305622363359510985e+02
1.317889783745539205e+02
1.311987889927380877e+02
1.291464638658767967e+02
1.302492214969724387e+02
1.299049756834824905e+02
1.277676811567582718e+02
1.287172998475330417e+02
1.286126139785669409e+02
1.264401448139847304e+02
1.272408051178037880e+02
1.273575381456512190e+02
1.251411173259067340e+02
1.257553501303554810e+02
1.261036235458505956e+02
1.239040234927118149e+02
1.243182597077782958e+02
1.248680114617128680e+02
1.227115407314816053e+02
1.229142005324818001e+02
1.236425560376359130e+02
1.215617673322365562e+02
1.215475443079317728e+02
1.224204079661181481e+02
1.204341289399435482e+02
1.202056333281138052e+02
1.212023030743160632e+02
1.193368292539709046e+02
1.189077665280091765e+02
1.200148942086880908e+02
1.182841869651271054e+02
1.176360651060930707e+02
1.188168260365424089e+02
1.172511955209939174e+02
1.164023684428596255e+02
1.176246885527757797e+02
1.162378835990294164e+02
1.152103627291756425e+02
1.164537832198055156e+02
1.152513693234388370e+02
1.140485066736644626e+02
1.152843793789675289e+02
1.142821535921887346e+02
1.129261353167506314e+02
1.141290777359948407e+02
1.133324908767712742e+02
1.118397162348372547e+02
1.129802803468203507e+02
1.123910251716455804e+02
1.107863799329394539e+02
1.118475945456919334e+02
1.114699185752941588e+02
1.097716902255669709e+02
1.107211299966185720e+02
1.105486251274874405e+02
1.087884593025409572e+02
1.096130762374482828e+02
1.096392840311574588e+02
1.078409786214446768e+02
1.085224701931216913e+02
1.087341096535262039e+02
1.069206123809210141e+02
1.074479928951147230e+02
1.078355795579154801e+02
1.060291421016425915e+02
1.063885743858577086e+02
1.069411044344958412e+02
1.051710551929044755e+02
1.053521622919561906e+02
1.060459578589495777e+02
1.043331302332083510e+02
1.043345526192588437e+02
1.051551574255763626e+02
1.035224307245973847e+02
1.033392061441676049e+02
1.042630858811320991e+02
1.027322963677876544e+02
1.023704404971921065e+02
1.033775877506201226e+02
1.019641429094775020e+02
1.014241521998622204e+02
1.024901567237667308e+02
1.012097105566476927e+02
1.004997237979365963e+02
1.016044755306629099e+02
1.004742070434292600e+02
9.960556370942605042e+01
1.007236828306750027e+02
9.974822339367111113e+01
9.872442634363871150e+01
9.983003165227167131e+01
9.902709091899802729e+01
9.787944296274504552e+01
9.895918656406618652e+01
9.832819157862414272e+01
9.705996401147406516e+01
9.808712948667222520e+01
9.763538306455821214e+01
9.626842552774324702e+01
9.722058588284255620e+01
9.694525069426561004e+01
9.549970956160861135e+01
9.636130443090151232e+01
9.626175091973284736e+01
9.475698151707325678e+01
9.550866976433395905e+01
9.557897684015003392e+01
9.403696609849953347e+01
9.466462017811144847e+01
9.489797265126314585e+01
9.334179669839288351e+01
9.383324627137442064e+01
9.421775801090699076e+01
9.266707522884971127e+01
9.301252866993252155e+01
9.353724945966177984e+01
9.201360025914544849e+01
9.220512859975104902e+01
9.285550950620644528e+01
9.137931293787413267e+01
9.141214277269102695e+01
9.217204416407658130e+01
9.076244454409872731e+01
9.063465807325830781e+01
9.148688745053817684e+01
9.016132871039245344e+01
8.987273687494187868e+01
9.079920962300937504e+01
8.957525925689833457e+01
8.912901793927728988e+01
9.010937344118693204e+01
8.900155874681034618e+01
8.840392485960175861e+01
8.941804108694887532e+01
8.843855697003182570e+01
8.769756158046122607e+01
8.872495315019723705e+01
8.788429616884400275e+01
8.701168088107917242e+01
8.803332075087143949e+01
8.733839478467251638e+01
8.634442181531204596e+01
8.734070262762682546e+01
8.679898924795566018e+01
8.569808634528672542e+01
8.664860680234573920e+01
8.626299015906676004e+01
8.507161918920161270e+01
8.595861443282416303e+01
8.572981830046208529e+01
8.446524757207089351e+01
8.527223290675796363e+01
8.519846441296031969e+01
8.387822908477913586e+01
8.458980624574749640e+01
8.466733772162889693e+01
8.331039992673710515e+01
8.391327130113423038e+01
8.413582111315517409e+01
8.276076397286402653e+01
8.324299244690377009e+01
8.360234033650725394e+01
8.222860751509554689e+01
8.258080460835181213e+01
8.306633108219519102e+01
8.171256342654666582e+01
8.192776188655632552e+01
8.252770359886271478e+01
8.121214072631218528e+01
8.128502869980351875e+01
8.198545601209519873e+01
8.072565944225345902e+01
8.065359404281772981e+01
8.143906237026394024e+01
8.025152436590161642e+01
8.003501761184564600e+01
8.088957013325941148e+01
7.978882762783617011e+01
7.942952425981711428e+01
8.033616449497381495e+01
7.933606921718491378e+01
7.883851092371524771e+01
7.977961804994419026e+01
7.889217037559600954e+01
7.826274078931028555e+01
7.921959217702540457e+01
7.845449434205352190e+01
7.770242923788515554e+01
7.865752168094677188e+01
7.802271061212319125e+01
7.715821326740835673e+01
7.809350619962530970e+01
7.759495308860041973e+01
7.663044602761810609e+01
7.752852693603112755e+01
7.716966836830343368e+01
7.611873897602430361e+01
7.696320276291388041e+01
7.674578151065024656e+01
7.562344120726174879e+01
7.639868047938541906e+01
7.632203538662383835e+01
7.514437621900103181e+01
7.583628375741488981e+01
7.589758034307733681e+01
7.468108364938288446e+01
7.527675509834533329e+01
7.547109408381538742e+01
7.423291101692517202e+01
7.472133103825900946e+01
7.504190365535067997e+01
7.379935383762146728e+01
7.417134260824923331e+01
7.460942454764648346e+01
7.337962720087091384e+01
7.362799298300453188e+01
7.417320446931296374e+01
7.297272755413020207e+01
7.309205533835591950e+01
7.373253315188223667e+01
7.257776044435483698e+01
7.256512144135524522e+01
7.328749312420262640e+01
7.219345699949299444e+01
7.204794438220174868e+01
7.283810181389796412e+01
7.181900684372894261e+01
7.154154024144546042e+01
7.238405827814864324e+01
7.145290529900198351e+01
7.104688715209680083e+01
7.192536789366954508e+01
7.109205180491747456e+01
7.056101966617617904e+01
7.145927446737536570e+01
7.073636900930985405e+01
7.009086222829682811e+01
7.099323343150739163e+01
7.038725722455819778e+01
6.963449880079568288e+01
7.052379185323455602e+01
7.004081065335999767e+01
6.919151572521721505e+01
7.005174117998599570e+01
6.969601516246595452e+01
6.876231748207575833e+01
6.957806263140247438e+01
6.935181884229146476e+01
6.834697705062295370e+01
6.910353335582672685e+01
6.900696782640086724e+01
6.794541184848424109e+01
6.862928971569598957e+01
6.866051569302406676e+01
6.755735414714379772e+01
6.815655189368659705e+01
6.831183916545892032e+01
6.718238785445726080e+01
6.768621165965933528e+01
6.796019789433670155e+01
6.682009700479464698e+01
6.721936208442299687e+01
6.760507362632895934e+01
6.646988898780031718e+01
6.675627206389357582e+01
6.724432147033297724e+01
6.612993658382329443e+01
6.629877038197221850e+01
6.687988168308152126e+01
6.580175747869544978e+01
6.584854741488199181e+01
6.651025427374457877e+01
6.548284280593514950e+01
6.540602092330608741e+01
6.613530343680039891e+01
6.517204995827893299e+01
6.497209378239290345e+01
6.575523584110733566e+01
6.486835303168301436e+01
6.454749275800391217e+01
6.537019466953934455e+01
6.457069379177465862e+01
6.413288981958181978e+01
6.498035299881838966e+01
6.427795921758202269e+01
6.372894244015630960e+01
6.458603541482337107e+01
6.398904820231982882e+01
6.333630414159082989e+01
6.418770252227614037e+01
6.370274435846967975e+01
6.295548814332683207e+01
6.378601610953153056e+01
6.341779042351233642e+01
6.258673301665598387e+01
6.338180955289490726e+01
6.313310122057134777e+01
6.223003384476049149e+01
6.297588084376522488e+01
6.284780850029215316e+01
6.188547717367008261e+01
6.256910430153445191e+01
6.256099365039487736e+01
6.155290719596082027e+01
6.216228652323371762e+01
6.227173710475427271e+01
6.123212606660231927e+01
6.175642104706380309e+01
6.197921741015021979e+01
6.092276950245354072e+01
6.135257795511282808e+01
6.168270749448146972e+01
6.062423469664874176e+01
6.095183041565161375e+01
6.138169419258728254e+01
6.033578403135571477e+01
6.055512869213286820e+01
6.107579760510400035e+01
6.005667948023314295e+01
6.016338919714250721e+01
6.076471476922878878e+01
5.978618020553088996e+01
5.977756923555116231e+01
