1.442008462954798347e+02
1.379497640143564468e+02
1.410838623320551619e+02
1.461773671530197589e+02
1.400090168136301827e+02
1.423151661581075871e+02
1.480964700436854002e+02
1.421818407986918658e+02
1.436429291630227567e+02
1.500381364617066708e+02
1.444853613519069313e+02
1.450451646116524387e+02
1.519174778352912654e+02
1.468225433523359982e+02
1.465113147148309167e+02
1.537485403989950044e+02
1.491611761671905185e+02
1.480589952799193441e+02
1.556749724832574202e+02
1.516690281052007094e+02
1.497427862770078093e+02
1.576896546154784460e+02
1.543505035931752616e+02
1.514410281321214597e+02
1.594880384216385210e+02
1.570243236780127631e+02
1.533686067415720515e+02
1.613756459211650451e+02
1.597505221608701902e+02
1.554066331097400848e+02
1.632571398276094214e+02
1.624749431890684832e+02
1.576056013439717276e+02
1.653715977064371430e+02
1.654553459089885337e+02
1.599041007017771676e+02
1.673283938177682728e+02
1.683079597764211428e+02
1.621156437875635561e+02
1.690529179583896564e+02
1.711193548669461109e+02
1.646870070612785355e+02
1.711165033112955314e+02
1.741408392337263820e+02
1.674492307971939908e+02
1.732037785622572414e+02
1.771046372205074704e+02
1.702620373681002945e+02
1.754296336151889193e+02
1.804018807819041967e+02
1.735406747023712342e+02
1.777520912892566685e+02
1.834950284693166509e+02
1.767725404927772672e+02
1.802253351414119891e+02
1.867675968120422283e+02
1.800202991599868483e+02
1.823473291229125834e+02
1.898575632763175349e+02
1.838425075143168215e+02
1.852047863253222886e+02
1.931274173929116671e+02
1.875929369929651784e+02
1.880701070834470841e+02
1.963566314609138885e+02
1.912585876143361361e+02
1.910484961211088546e+02
2.000658571969104003e+02
1.955036349311625941e+02
1.940715961778800533e+02
2.034983383051597343e+02
1.998734540825139732e+02
1.974334428849056451e+02
2.069610949632297547e+02
2.043042246943973339e+02
2.011179082954290607e+02
2.106125294829739687e+02
2.087244560570860017e+02
2.048878107098296653e+02
2.146420120032608168e+02
2.136777670651633230e+02
2.088358189416761093e+02
2.185385633624397599e+02
2.189444140403252561e+02
2.135142342420132024e+02
2.226843510148792689e+02
2.239063152178766813e+02
2.178862699347425007e+02
2.269920179647667453e+02
2.296428950130840860e+02
2.230614360077167930e+02
2.312351305509283748e+02
2.347857968058914082e+02
2.281022383042360673e+02
2.362475413482754618e+02
2.411825450235585038e+02
2.338036235732827492e+02
2.406987513321332983e+02
2.469922305560289146e+02
2.401033354080069557e+02
2.465406524528805221e+02
2.541811856257355373e+02
2.472037368580349153e+02
2.519253543365238954e+02
2.603608457143565147e+02
2.542727066476564914e+02
2.583213808676696317e+02
2.672756724059938165e+02
2.612765957391566758e+02
2.643994032402792982e+02
2.745245703307054441e+02
2.694971182006216281e+02
2.716496198048844803e+02
2.823361064267427309e+02
2.783012416074985254e+02
2.797046298786311809e+02
2.905769343855781131e+02
2.873231157531816393e+02
2.884804574472329364e+02
2.996718813996268977e+02
2.962290023993078307e+02
2.963159953506296347e+02
3.087352634290006108e+02
3.065635890882549006e+02
3.055676360053653298e+02
3.184923797967416590e+02
3.181297846542835259e+02
3.170247959347375399e+02
3.298168226102640119e+02
3.295425487992984017e+02
3.276642021545550278e+02
3.418005751346004217e+02
3.433225367747218684e+02
3.404459185572314368e+02
3.544196338641654620e+02
3.568657885456761392e+02
3.528972300479590558e+02
3.675158751385175719e+02
3.725281764342197448e+02
3.685609594591554128e+02
3.835390806031495572e+02
3.902913228187669574e+02
3.848897162564340420e+02
3.997723186164345748e+02
4.110197283508568376e+02
4.068917672974129118e+02
4.189904867724245037e+02
4.303463681632218822e+02
4.278527306867812285e+02
4.411248495454345857e+02
4.538646086324059752e+02
4.507905628798261546e+02
4.637603793348295085e+02
4.798647605611154177e+02
4.793953951308100159e+02
4.929419908041020904e+02
5.112327943955066303e+02
5.124115626286510405e+02
5.261055619699545787e+02
5.457841617682654487e+02
5.476227881267601560e+02
5.625186251547252141e+02
5.883552909013097860e+02
5.964800276733461715e+02
6.120838068770940481e+02
6.363472060580077141e+02
6.452521093141047004e+02
6.673636136230285274e+02
7.009198633553494346e+02
7.129438502760207257e+02
7.351242487890706343e+02
7.761361305057038180e+02
7.971308257790069547e+02
8.232859372604071950e+02
8.710002757214380154e+02
9.038016169109641851e+02
9.422371687523916535e+02
1.001713466013071638e+03
1.045927900235287098e+03
1.101640211217919386e+03
1.188188874422928393e+03
1.256145832678055740e+03
1.330593326981605969e+03
1.448441264373253262e+03
1.559491035206366860e+03
1.691217668146960023e+03
1.898808681645147999e+03
2.111312886016884931e+03
2.339401711123224686e+03
2.700989196317130791e+03
3.166213153026416876e+03
3.712768596093776068e+03
4.450579272413217041e+03
5.255123798203745537e+03
5.720563197914826560e+03
5.574292406867502905e+03
4.910124947871641780e+03
4.075692057051974189e+03
3.374950846886535601e+03
2.857752468089289778e+03
2.430828863921233278e+03
2.078665173380195938e+03
1.838250389029831240e+03
1.658289118520258626e+03
1.474144595378326130e+03
1.320542652523359038e+03
1.221248649209584073e+03
1.127216918969654671e+03
1.031644947841473822e+03
9.574519275485787375e+02
8.904932580475268651e+02
8.291324865111137115e+02
7.779351615470586694e+02
7.238200291135548241e+02
6.847118894832316300e+02
6.630730224524306777e+02
6.223901377459263813e+02
5.797529347354675338e+02
5.609324834963334752e+02
5.330016519186392543e+02
5.016255148543257292e+02
4.903255574731028901e+02
4.653767964660254961e+02
4.337797491921190272e+02
4.300585947408728771e+02
4.162123582966964364e+02
3.842294170423574542e+02
3.749442086714607854e+02
3.645725215739207101e+02
3.388356761861022619e+02
3.316311341477265273e+02
3.235224133032727991e+02
3.029170178120584183e+02
3.009544124847414537e+02
2.945395037162265339e+02
2.737299328314938975e+02
2.749651305879012853e+02
2.710727202258302100e+02
2.460829050023315574e+02
2.457597536099511046e+02
2.480963430244277674e+02
2.269099639343529589e+02
2.256385463339798036e+02
2.275303992699995774e+02
2.047252466130638311e+02
2.058535848280433527e+02
2.159017703800761012e+02
1.948491643803232023e+02
1.893534846084733658e+02
1.995489619805919403e+02
1.812694542934502806e+02
1.726583665463635100e+02
1.816923326932606528e+02
1.665422104489549611e+02
1.614356903647568799e+02
1.730675325622049172e+02
1.581186369618723120e+02
1.503474934890459451e+02
1.619028499630344697e+02
1.459919016715140003e+02
1.342712866404346812e+02
1.483176065359959068e+02
1.379132080837905505e+02
1.280788480908847760e+02
1.428063367416111475e+02
1.326009480876879252e+02
1.174768180587616797e+02
1.309768584039401276e+02
1.264036536596002236e+02
1.146868495671662771e+02
1.259419328697362914e+02
1.204895739989480745e+02
1.069211796186434071e+02
1.147887606327259959e+02
1.101475228652898863e+02
1.039719985683028369e+02
1.153663493416768233e+02
1.045905159204878458e+02
9.095433245007522771e+01
1.065402198910284994e+02
1.001422728498771875e+02
8.661103908603332968e+01
1.067082348388491795e+02
1.052783413815616029e+02
8.552059164971447558e+01
9.776280277457055945e+01
9.945873343228633701e+01
8.253648753735625121e+01
9.126463956967998570e+01
9.432602176405525540e+01
8.559229671690773955e+01
9.575110726388572857e+01
9.152962784491549542e+01
7.476925169196164234e+01
8.734994558494035743e+01
8.843930093430836337e+01
7.451679064977948030e+01
8.598867632074923506e+01
8.409832264589077511e+01
6.831648896721063124e+01
8.540101959295755307e+01
8.753158617755099158e+01
6.961053201013179148e+01
8.350245858112963049e+01
8.472239826447047051e+01
6.280873651725164564e+01
8.009165572301914438e+01
8.833979525634943286e+01
6.603913938721856880e+01
7.394872442529357670e+01
8.292189434983822593e+01
6.932217645688740504e+01
8.199447089469705929e+01
8.715433673328952580e+01
6.680184591122777249e+01
7.836687904515692082e+01
8.591950006226490189e+01
6.495332741374521390e+01
7.869911405495943768e+01
9.013075005457460520e+01
6.580637658505760612e+01
7.095541594535254148e+01
8.482168628690953938e+01
6.725861022728810212e+01
7.522942524011001808e+01
8.543606532869176817e+01
6.158917922627007613e+01
7.198034433402455079e+01
8.977380178711935343e+01
6.908833510434507730e+01
7.430224944732545111e+01
9.095882370348066104e+01
6.914493311217539429e+01
7.288664762856126345e+01
9.283456130613603818e+01
7.204600142054820822e+01
7.152122602247270322e+01
9.416591905232823478e+01
7.979846728278684509e+01
7.855202664552096792e+01
9.575557481979775787e+01
7.773032910351228963e+01
7.536241982957980667e+01
9.420004878319726060e+01
7.587681106392675190e+01
7.589910431789526513e+01
9.915017625641986854e+01
8.224611750288414669e+01
7.977996140809570136e+01
1.020073965570793746e+02
8.213997941683120985e+01
7.945823494361675898e+01
1.098809579047134690e+02
9.383909421949239515e+01
8.104224386810636815e+01
1.083203500995627024e+02
9.564173366484936878e+01
8.360573234380494512e+01
1.109325041401508543e+02
1.006885497405820331e+02
8.982956868824363994e+01
1.140583806745476920e+02
9.887117358673064871e+01
8.874262620125392687e+01
1.225488187104046034e+02
1.101720545943705218e+02
9.397849535730664172e+01
1.303379041206036106e+02
1.226687117397683835e+02
9.806129744826897365e+01
1.286138262776336489e+02
1.249363182668756025e+02
1.053674582334248271e+02
1.376997255878676469e+02
1.337872840768409901e+02
1.085021426273495422e+02
1.396298431337803549e+02
1.393766422024791609e+02
1.188375403086097464e+02
1.531701594897467942e+02
1.509177117929735630e+02
1.202802722706282594e+02
1.566412280560751356e+02
1.611679216475841940e+02
1.272754642660418511e+02
1.624619335191783307e+02
1.736897727492016656e+02
1.393983751564887825e+02
1.698822209209918412e+02
1.855084831522624995e+02
1.535792687012987301e+02
1.798476849699118247e+02
1.957662853237729053e+02
1.658924984762847998e+02
1.938897462134711986e+02
2.077487917228720278e+02
1.688444864292950456e+02
2.013943727697793804e+02
2.274657890570058782e+02
1.876037718846813505e+02
2.116498396073870651e+02
2.422924724487191384e+02
2.048561692455211301e+02
2.260584815774483047e+02
2.588490460894624334e+02
2.191862014798624614e+02
2.385183245542948782e+02
2.772712750174341636e+02
2.373897638510329102e+02
2.564238743595699930e+02
3.044735526773654328e+02
2.654980759740507210e+02
2.752419619959234751e+02
3.246337728349066083e+02
2.831450899886997945e+02
2.924917399717377862e+02
3.559156419357447021e+02
3.175113096121355625e+02
3.161602523644909297e+02
3.854484613435863025e+02
3.475427188785828889e+02
3.340033494142537620e+02
4.144797259175621775e+02
3.872305873499709605e+02
3.639896782839070966e+02
4.471968929345171091e+02
4.267291030171278976e+02
3.944736731272691372e+02
4.811436231045477712e+02
4.695859624114410735e+02
4.332676779624419510e+02
5.226492035922927926e+02
5.144481897850474752e+02
4.741914278901068087e+02
5.772216665206461812e+02
5.745844102088941554e+02
5.160765198573795942e+02
6.312094073893265431e+02
6.484548443696593267e+02
5.806656363984147902e+02
7.022365025831262528e+02
7.372191530462361015e+02
6.580854918387714179e+02
7.867383959654866885e+02
8.452556130912023491e+02
7.549174648269416821e+02
8.868550739116357136e+02
9.723751817249008127e+02
8.754888304254749301e+02
1.018079441498838719e+03
1.138310128574571991e+03
1.034628478356024971e+03
1.195684181072233059e+03
1.367734326094171820e+03
1.260385482405024504e+03
1.450330025546390289e+03
1.704356603977519626e+03
1.599936627729840211e+03
1.824066641934654626e+03
2.205137905345723084e+03
2.134391015123885609e+03
2.460772752770433726e+03
3.105541930915730973e+03
3.150834606303726105e+03
3.743031661136449657e+03
5.106981880178510437e+03
5.764337759843199819e+03
7.584802919275200111e+03
1.219764499296603208e+04
1.622488752607335664e+04
1.660046836253640868e+04
1.304278520172345452e+04
8.224575942496814605e+03
5.933984824321209999e+03
5.412043476096437189e+03
4.149118119916019168e+03
3.360136397757250961e+03
3.362672191687415761e+03
2.791609110093872914e+03
2.317503801142707744e+03
2.400261798773276951e+03
2.095084497990315867e+03
1.778546079101682835e+03
1.879076595933910085e+03
1.689477101464388625e+03
1.446263240555474567e+03
1.552338470577217549e+03
1.429662245154427183e+03
1.214334167253310625e+03
1.311953952788747301e+03
1.245395941544772086e+03
1.058659011359535043e+03
1.135375464845627448e+03
1.099682648911227034e+03
9.389239042906629038e+02
1.004290037440282617e+03
9.898156323136820447e+02
8.451876453098492448e+02
8.988762286974036897e+02
9.014546837218174460e+02
7.690745939240013058e+02
8.101947109074201308e+02
8.283893894472479360e+02
7.111211219838435227e+02
7.394720331192752383e+02
7.657992756370819052e+02
6.601242493416046955e+02
6.781728342163049774e+02
7.112653420958698689e+02
6.166841605849150483e+02
6.280324474473809460e+02
6.685164272365286706e+02
5.831228745227782611e+02
5.835641879341709455e+02
6.280365824734227544e+02
5.524702591812132368e+02
5.445079595023657930e+02
5.923260404277525595e+02
5.265889274862751108e+02
5.101043810438774813e+02
5.583649093898542333e+02
5.016542922695011839e+02
4.794140491307431375e+02
5.285998649708034236e+02
4.809681789531876461e+02
4.540079406197915546e+02
5.031667893368796740e+02
4.636390824614800295e+02
4.313119226466698706e+02
4.785161752972487079e+02
4.461963769836107190e+02
4.098117086246479062e+02
4.559795894323240191e+02
4.322484061791254817e+02
3.929479322804339745e+02
4.350811686352235483e+02
4.170233984599121300e+02
3.752733418518789108e+02
4.152237125497567263e+02
4.043079781391364236e+02
3.611446978926332463e+02
3.973836919500611202e+02
3.926315054158631028e+02
3.487843458119252205e+02
3.805666204405620192e+02
3.807903429489799692e+02
3.367846769296311322e+02
3.647266207343382121e+02
3.700674511857678795e+02
3.266244509609207967e+02
3.504632717567985765e+02
3.603748316241717475e+02
3.174116425411729665e+02
3.361014697137086955e+02
3.501708561342122721e+02
3.092100821580963270e+02
3.232522179793250530e+02
3.405081823697962591e+02
3.015956701077867592e+02
3.111807109174768584e+02
3.311787363192556768e+02
2.945925241136761770e+02
3.000136479538104481e+02
3.224735537997490837e+02
2.883536664640347453e+02
2.893550772338329011e+02
3.138029999027381223e+02
2.827659354533184342e+02
2.798068579092175128e+02
3.055832108114776702e+02
2.774036746983650232e+02
2.704238240923574494e+02
2.973155608994182444e+02
2.726490665077157587e+02
2.621460335124195353e+02
2.894497913090066845e+02
2.681666425249582630e+02
2.543911222673091288e+02
2.817339233479880249e+02
2.639671444396033735e+02
2.472457884931752403e+02
2.741290773350388577e+02
2.598826229819330820e+02
2.406498305169697574e+02
2.668071360102718472e+02
2.562316216077252875e+02
2.348194806533500696e+02
2.594635523183113719e+02
2.522111053503477933e+02
2.292076054465180448e+02
2.524437639415536694e+02
2.485901649440724839e+02
2.242469665671513326e+02
2.455757821249905817e+02
2.450168389379594771e+02
2.197893666665368073e+02
2.388196778898017953e+02
2.413269814939264393e+02
2.157536932176145683e+02
2.323667723575666457e+02
2.376766786482959617e+02
2.121161551217388990e+02
2.262616068806136695e+02
2.342212150069841812e+02
2.089292158972128561e+02
2.202648585954469240e+02
2.305035965340018151e+02
2.057696997458313319e+02
2.143456237052145354e+02
2.268429574311172416e+02
2.031994337839977049e+02
2.089366695131060112e+02
2.231958352166899147e+02
2.006934213896601875e+02
2.035136541129746490e+02
2.193685399820797954e+02
1.984845162467260877e+02
1.985788007777537700e+02
2.156628928497473794e+02
1.964984647973757603e+02
1.938892108863022656e+02
2.118686065757428310e+02
1.945384442258340130e+02
1.893213676470381017e+02
2.080146699162351354e+02
1.928500809623370742e+02
1.851631338346141717e+02
2.039919289806173595e+02
1.908861353555280118e+02
1.810031376688552882e+02
1.999656409385419806e+02
1.892549184496847658e+02
1.774879320026539347e+02
1.961560582326682720e+02
1.877064293516163502e+02
1.741656075299163433e+02
1.922993911597731085e+02
1.862177572134559114e+02
1.711500683740492548e+02
1.883989326243584230e+02
1.846619764400220163e+02
1.683822709511879623e+02
1.845182551710408347e+02
1.831034429186805426e+02
1.658994800446835995e+02
1.806325182912105163e+02
1.814195957327381450e+02
1.636155021872156112e+02
1.768212525225592344e+02
1.797312031801627654e+02
1.615956900864617580e+02
1.730863845454628063e+02
1.779841280366922831e+02
1.597829955405610178e+02
1.694336175975476237e+02
1.761983688066394791e+02
1.581959760382230513e+02
1.658729899721781464e+02
1.743309673302848637e+02
1.567703010325203934e+02
1.623732940515929499e+02
1.723329686510474232e+02
1.554828886405246919e+02
1.590247675638268561e+02
1.702888398087835924e+02
1.543278129337677740e+02
1.557922760276789518e+02
1.681804312484138109e+02
1.533148196499659548e+02
1.527025717695782419e+02
1.659877262877111832e+02
1.524119298350016436e+02
1.497807898370186592e+02
1.636991131674790267e+02
1.515522514544421426e+02
1.470364564506843124e+02
1.613758565217011949e+02
1.507557187069089935e+02
1.444479505907221153e+02
1.589822806586828676e+02
1.499930827543406053e+02
1.420226503012874275e+02
1.565072758163269668e+02
1.492318791992675813e+02
1.397980290763998141e+02
1.540201482846109400e+02
1.484928938155948686e+02
1.377527479414239622e+02
1.514734744168525253e+02
1.477116360027401925e+02
1.358790932685649011e+02
1.489096563310921510e+02
1.469148184552211944e+02
1.341911959343426020e+02
1.463296831050208482e+02
1.460798013901869297e+02
1.326941361496198795e+02
1.437619216135562397e+02
1.451928045077921752e+02
1.313502062676342348e+02
1.411869672671666933e+02
1.442292043381704332e+02
1.301570161138203048e+02
1.386447180405252482e+02
1.432151673979658142e+02
1.291200866549466184e+02
1.361319810063562272e+02
1.421147467258264783e+02
1.282083034025184531e+02
1.336719289089995186e+02
1.409479384427372679e+02
1.274241574482466746e+02
1.312737197151905093e+02
1.397023674430855067e+02
1.267484902412120960e+02
1.289488274966644781e+02
1.383734819377287124e+02
1.261658421331866862e+02
1.267178448584277390e+02
1.369654062834030412e+02
1.256491761690372044e+02
1.245795658178904546e+02
1.354814032436389084e+02
1.251901386014445023e+02
1.225443727642143585e+02
1.339228717241877291e+02
1.247788095349170874e+02
1.206303518916317614e+02
1.322936842448506809e+02
1.243878930283764674e+02
1.188351594809337541e+02
1.306056518031986116e+02
1.240208808519188040e+02
1.171743503956678580e+02
1.288546832331892347e+02
1.236453952014029625e+02
1.156485545440934999e+02
1.270605069061939361e+02
1.232570894192778752e+02
1.142536446815728652e+02
1.252232911276042273e+02
1.228437574573807609e+02
1.129936988450868256e+02
1.233538004288353562e+02
1.223967580825433856e+02
1.118721127308030248e+02
1.214647676497053936e+02
1.219026673224863515e+02
1.108757200816284154e+02
1.195610137395344879e+02
1.213563409258993602e+02
1.100091565423573456e+02
1.176608712258470320e+02
1.207490887808654634e+02
1.092539919363145913e+02
1.157674694238870359e+02
1.200796588019950093e+02
1.086155353154065466e+02
1.139000550259324314e+02
1.193390741483147650e+02
1.080726910825513301e+02
1.120669013940378278e+02
1.185296115573257367e+02
1.076173965662769660e+02
1.102737763130159152e+02
1.176443873201072705e+02
1.072406331753968942e+02
1.085396558099095188e+02
1.166868516016555475e+02
1.069270765983384450e+02
1.068723554710845889e+02
1.156603434951960310e+02
1.066661820043638471e+02
1.052770137291826416e+02
1.145601627883599747e+02
1.064416858089330162e+02
1.037641409042270197e+02
1.133943899133918762e+02
1.062458399417929087e+02
1.023416540950153291e+02
1.121650337993068121e+02
1.060660208167464162e+02
1.010163091831224023e+02
1.108775111774310602e+02
1.058966003708620036e+02
9.980224089536910981e+01
1.095304984792323211e+02
1.056990140916064860e+02
9.868362727887750907e+01
1.081448361736950403e+02
1.054917964219642812e+02
9.767312569971629443e+01
1.067193361592776739e+02
1.052594857652307496e+02
9.677586775726101109e+01
1.052660154285741640e+02
1.049898472716045177e+02
9.598340171325897074e+01
1.037911667851843163e+02
1.046766209249551736e+02
9.529205131425615605e+01
1.023003143091833067e+02
1.043121101665262529e+02
9.470189388474527448e+01
1.008088773680826336e+02
1.038931829026312954e+02
9.420504077695275669e+01
9.932383674391400064e+01
1.034136899292090561e+02
9.379321292071765015e+01
9.785531878287271468e+01
1.028718093864509910e+02
9.345930186516199001e+01
9.641326835622682268e+01
1.022649882451841279e+02
9.319332149508338148e+01
9.500710175060228835e+01
1.015933757216431417e+02
9.298673026886272908e+01
9.364486447455468010e+01
1.008541048496520176e+02
9.282780386215206647e+01
9.233719268679773506e+01
1.000508737002206772e+02
9.270711027291491746e+01
9.109097480788928181e+01
9.918397262401668968e+01
9.261374338255129146e+01
8.991462058224709608e+01
9.825681230569054492e+01
9.253676513712687779e+01
8.881421547799384086e+01
9.727354118161228769e+01
9.246626137407700696e+01
8.779460181561699983e+01
9.623839320732633951e+01
9.239274609622127343e+01
8.686005567357989321e+01
9.515656539548200499e+01
9.230725622488205317e+01
8.601379362998186195e+01
9.403383029659656245e+01
9.220043956354565751e+01
8.525649505110072823e+01
9.287682758461590993e+01
9.206542921880402730e+01
8.458962200360574002e+01
9.169348724279235796e+01
9.189479991497010758e+01
8.401047062985314540e+01
9.049040714260871709e+01
9.168184267900349482e+01
8.351601587446687347e+01
8.927608719898483969e+01
9.142262907284066387e+01
8.310332023467699969e+01
8.805855155984117744e+01
9.111196263763031311e+01
8.276701331907196391e+01
8.684687260118562335e+01
9.074654286982412543e+01
8.250016007736854817e+01
8.564916154985093044e+01
9.032401275471922020e+01
8.229597058464790393e+01
8.447413374104736761e+01
8.984261050691503669e+01
8.214603697577699393e+01
8.332974830502328700e+01
8.930161236546969405e+01
8.204225131601261012e+01
8.222470379431872800e+01
8.870178070417566119e+01
8.197595603494161765e+01
8.116638867344421726e+01
8.804391704311971978e+01
8.193800282226891341e+01
8.016172603671259367e+01
8.732970368740961931e+01
8.191927252914881308e+01
7.921726534444468371e+01
8.656191515412066906e+01
8.191060437405926109e+01
7.833837855947959383e+01
8.574422177054918848e+01
8.190341910539275716e+01
7.752926754571407741e+01
8.488059388773947944e+01
8.188952106116754237e+01
7.679336099906466018e+01
8.397566720307800381e+01
8.186102905855264567e+01
7.613307101099897523e+01
8.303497657416684774e+01
8.181054668172743050e+01
7.554906881506779825e+01
8.206436089469116268e+01
8.173172531949451525e+01
7.504153977275178988e+01
8.107043387550510261e+01
8.161853550357579934e+01
7.460873795035161038e+01
8.005987068673789508e+01
8.146574826090655108e+01
7.424797807049824883e+01
7.903997350016092582e+01
8.126923054889310549e+01
7.395564822405123095e+01
7.801820844274928390e+01
8.102546327791485226e+01
7.372698622745234331e+01
7.700205140487270228e+01
8.073151918115082992e+01
7.355622926853943966e+01
7.599930413033433751e+01
8.038577381242812692e+01
7.343708966749758815e+01
7.501735216571408671e+01
7.998696098074542249e+01
7.336266423095989353e+01
7.406370017393290084e+01
7.953469770838667330e+01
7.332544030475447983e+01
7.314547595110970235e+01
7.902955696229702198e+01
7.331798577163652908e+01
7.226976577045232375e+01
7.847306815051261708e+01
7.333150787413275395e+01
7.143740827819384265e+01
7.785839417310172905e+01
7.335305997642063858e+01
7.066210864079599219e+01
7.720397360794764552e+01
7.338562512503852986e+01
6.994573249872165377e+01
7.650432635507445411e+01
7.341529112491178921e+01
6.929053601371383309e+01
7.576402508858011231e+01
7.343560167032944719e+01
6.869935021356879190e+01
7.498731890417191437e+01
7.343980227494846247e+01
6.817387218974371876e+01
7.417907792538393608e+01
7.342190167083465724e+01
6.771525313939783075e+01
7.334484802181835050e+01
7.337597007603106647e+01
6.732293182672651710e+01
7.249066797838713683e+01
7.329703855488612874e+01
6.699534573720967501e+01
7.162296234025110664e+01
7.318089737810940676e+01
6.672973358228348673e+01
7.074812630379499012e+01
7.302394152038149855e+01
6.652230529458755370e+01
6.987231345358078727e+01
7.282285777727176423e+01
6.636870720748233055e+01
6.900280061176857771e+01
7.257614099544410635e+01
6.626449043646991299e+01
6.814656870756974172e+01
7.228188239537260529e+01
6.620340390533628749e+01
6.731017256173542762e+01
7.193900731142444727e+01
6.617879311351256888e+01
6.650015970834306245e+01
7.154753226513145137e+01
6.618390705822911002e+01
6.572271769624332194e+01
7.110816672561972496e+01
6.621189872274814547e+01
6.498347276339475798e+01
7.062197180561641119e+01
6.625577282763619280e+01
6.428773091630930026e+01
7.009073752737054974e+01
6.630856163477383802e+01
6.364023791336690294e+01
6.951687179415871753e+01
6.636332621989487279e+01
6.304502624392264920e+01
6.890349833388172840e+01
6.641333353977498177e+01
6.250516410606137185e+01
6.825436565750598561e+01
6.645231308147536708e+01
6.202271425037930896e+01
6.757363685578704349e+01
6.647453124072204389e+01
6.159887185857481740e+01
6.686581636150705776e+01
6.647470782489983776e+01
6.123400969545064498e+01
