2.173195545353943601e+02
2.739231685879416887e+02
2.623703742980128482e+02
2.206552585783911411e+02
2.771155658406307225e+02
2.719053925591275060e+02
2.248267998549423226e+02
2.801284572654190583e+02
2.816007887233232054e+02
2.297997829839792985e+02
2.829943470772702767e+02
2.914033948212002656e+02
2.354879997946368917e+02
2.857228132233449855e+02
3.015005406319741610e+02
2.422886165208217903e+02
2.884124804005888336e+02
3.116477705817069364e+02
2.498525447607012211e+02
2.909375071210944839e+02
3.219597782680036744e+02
2.586251913115662546e+02
2.935751976828687475e+02
3.323683733735095416e+02
2.685155460107374097e+02
2.964389594099034753e+02
3.428580796637270396e+02
2.792626095684378811e+02
2.992485431361390056e+02
3.532961040804970594e+02
2.910598223210885749e+02
3.024082092503106765e+02
3.639969176920592986e+02
3.042497982173750302e+02
3.059756947574202286e+02
3.744828052242928607e+02
3.182495524587626505e+02
3.101129943373971969e+02
3.852204502023659529e+02
3.334892325314214645e+02
3.149783333890912331e+02
3.961564581342232145e+02
3.499452401935629950e+02
3.204827688983992289e+02
4.069376581914704047e+02
3.673969295119346157e+02
3.269229176221497823e+02
4.177900666598249018e+02
3.861999466232179543e+02
3.355045616271675044e+02
4.299845584174302076e+02
4.068061730855241080e+02
3.443788338307671779e+02
4.408557684823355771e+02
4.279116860134465696e+02
3.554618202017869066e+02
4.526578384078093791e+02
4.504406078771031616e+02
3.683272526124366095e+02
4.652525330429195947e+02
4.748015219928310557e+02
3.827503704115788423e+02
4.775728441109372397e+02
5.009836936017408107e+02
4.011327802152540016e+02
4.911830331137333019e+02
5.282945622784729949e+02
4.212630127473115635e+02
5.055432644145885774e+02
5.581232580906515750e+02
4.458724396679626807e+02
5.220906566396100743e+02
5.901722183013204130e+02
4.730372329455371982e+02
5.394529199704070379e+02
6.243269924084064542e+02
5.028012428791632260e+02
5.571598321675222678e+02
6.619140697353971063e+02
5.404236263944569600e+02
5.801186772204511044e+02
7.035839567941691257e+02
5.818617765956466883e+02
6.040415705248548193e+02
7.489167681564948680e+02
6.311071659013315411e+02
6.336026021914959756e+02
7.996528036549563012e+02
6.870966358013613444e+02
6.664586940418553240e+02
8.546214114124345542e+02
7.509825015459953192e+02
7.079189238297893780e+02
9.203111831466550257e+02
8.268228425881490011e+02
7.556842858805702008e+02
9.956386993826555454e+02
9.195684264052318895e+02
8.178121183847518978e+02
1.083415236664588519e+03
1.028372277100380416e+03
8.983188115142828565e+02
1.195366891615413806e+03
1.163023068613857959e+03
9.931320357008338533e+02
1.331385775348284369e+03
1.337464568424549270e+03
1.118175353536157900e+03
1.494696025062848776e+03
1.553370270708885982e+03
1.292062468644061710e+03
1.729537864157772901e+03
1.865741256708006404e+03
1.547925125413107253e+03
2.049326336170358445e+03
2.295641439879847894e+03
1.921471750173323926e+03
2.545175607469006991e+03
2.986540432117983528e+03
2.547825637696674676e+03
3.376058049272762673e+03
4.201582402988901777e+03
3.739388834179927926e+03
5.115813786198420530e+03
7.051484951475342314e+03
6.973390412979283610e+03
1.062515693464514879e+04
1.894744235226334422e+04
2.472102256535851120e+04
2.379127164603000710e+04
1.678929853575618472e+04
8.895691688790635453e+03
6.818353232218848461e+03
6.568744485982018887e+03
4.378309510723048334e+03
3.721035296451469549e+03
3.996367359042331827e+03
2.880404988857129865e+03
2.485377162974072689e+03
2.849801951437013940e+03
2.175696716311775617e+03
1.866141653313874940e+03
2.211438840979380529e+03
1.745236888493285733e+03
1.458289293136265997e+03
1.793910267002641149e+03
1.480104007931235856e+03
1.200745039697820630e+03
1.490677216324735809e+03
1.269366970344862466e+03
1.009928273564407505e+03
1.274651858915234925e+03
1.122305627777172049e+03
8.727411219000409801e+02
1.107089237586570562e+03
1.005060922324393573e+03
7.619753722139503225e+02
9.686496753485514546e+02
9.097959975002547708e+02
6.803615316994781779e+02
8.597983333325694275e+02
8.312246836569725019e+02
6.093204908354337022e+02
7.634315567263920457e+02
7.628534696437454841e+02
5.553060162152918338e+02
6.871667153375406087e+02
7.073143837313403992e+02
5.072763498466919145e+02
6.144514148208641018e+02
6.550681968804475446e+02
4.703575444763013138e+02
5.567303038577898633e+02
6.130313795417617939e+02
4.394310399169582979e+02
4.995706698978653435e+02
5.688974866647797626e+02
4.122336365025101941e+02
4.530920467077745002e+02
5.318086047938517140e+02
3.898686162494526570e+02
4.116203948059119853e+02
4.984680591991422034e+02
3.731331729617821793e+02
3.764120462207546325e+02
4.659075164079075080e+02
3.534137298976880857e+02
3.417364274475368688e+02
4.359825016967677698e+02
3.385601363161747486e+02
3.135046630401225798e+02
4.083190797079781760e+02
3.224871694478584914e+02
2.872414376261131110e+02
3.869781621137465208e+02
3.149993622343895936e+02
2.619644827870819768e+02
3.591699786550516933e+02
3.027743399413367911e+02
2.434651461236743160e+02
3.374502284057284669e+02
2.918356029128250952e+02
2.206871172161461345e+02
3.102878462786316618e+02
2.787098471765899035e+02
2.075875082158111411e+02
2.920584107194807757e+02
2.692239580851432379e+02
1.936256082643586183e+02
2.721237474640878418e+02
2.573923495598921249e+02
1.781423229663813288e+02
2.530206082335110693e+02
2.486918150916237664e+02
1.709955814879455147e+02
2.399038861637421860e+02
2.423973019324338338e+02
1.604549456336478386e+02
2.208845659038318274e+02
2.319451139473462149e+02
1.505619327367262485e+02
2.028177187963808308e+02
2.215378626829913458e+02
1.453854566951828531e+02
1.911566195010768752e+02
2.146492981791879799e+02
1.395844293496010380e+02
1.755927522614729241e+02
2.033444364325062850e+02
1.317143131456762148e+02
1.636411191471683821e+02
1.960245538846230602e+02
1.265153275470299548e+02
1.534494008738147102e+02
1.929103262114847723e+02
1.276312613530853497e+02
1.393379002744175637e+02
1.802031216815055643e+02
1.194515493544227382e+02
1.279886112121084238e+02
1.728915693996244158e+02
1.157245401043517177e+02
1.187726499715405026e+02
1.694041683035240169e+02
1.177124223393775395e+02
1.046648931965261653e+02
1.567541502921302765e+02
1.157425818543184164e+02
1.019455730499980035e+02
1.506249599175615401e+02
1.125207791835743052e+02
9.486144448332643719e+01
1.425900821673656651e+02
1.066134944417689354e+02
8.911018808705995298e+01
1.404233729697093054e+02
1.073553696282227179e+02
8.161859549943595482e+01
1.339594464110389822e+02
1.041535100044345228e+02
7.156182234788205676e+01
1.286495524558755790e+02
1.065747603815621858e+02
6.676690052148997268e+01
1.208683249097214230e+02
1.059194941097029385e+02
6.530216479854050249e+01
1.130512236968210118e+02
1.001280658325350004e+02
5.981751456108840870e+01
1.089650049331269202e+02
1.002419329522283533e+02
5.903681230602077079e+01
1.039086026185914307e+02
9.812369758329720071e+01
5.900667797555449567e+01
9.992153687999392275e+01
9.301336844418884198e+01
5.249184506594383492e+01
9.755010806749385210e+01
9.204071716111064916e+01
4.921521300358072892e+01
9.982502630008107758e+01
9.994012096727972505e+01
4.950592129668677899e+01
9.241230411836367864e+01
9.818542203199537255e+01
4.565754156854681867e+01
8.440703563764098760e+01
9.719226111115182221e+01
5.200016134119336897e+01
7.961066072571910013e+01
9.151879774268127221e+01
5.090288543235682539e+01
7.990111573039330040e+01
9.130796899269253686e+01
4.912778090811784892e+01
7.707894794817742934e+01
8.997980062136117851e+01
4.736977588588812438e+01
7.721198597656471918e+01
9.479640993623304723e+01
5.323010467424814607e+01
7.099701518789710519e+01
8.833368619309722192e+01
4.931730290558609653e+01
7.325258138838965749e+01
9.427826862360295479e+01
5.738171472185355526e+01
7.125203240564270857e+01
9.093621653765680435e+01
5.435143424162639292e+01
7.038613505704240936e+01
9.155911378573533455e+01
5.156267453923786093e+01
6.712241745651743940e+01
9.545239989020218729e+01
5.966200291018991209e+01
6.359469044909802449e+01
9.306874027900248336e+01
6.420182072523549266e+01
6.669403443003442078e+01
9.208044537660087769e+01
6.199240696498679881e+01
6.721608988161480625e+01
9.604018574442747536e+01
6.708903091385965922e+01
6.604865454715206852e+01
9.411478181266443244e+01
6.578155065636443055e+01
6.924705115204542949e+01
1.016026178318813322e+02
7.223621500456457056e+01
6.558513715856228998e+01
1.032468443032281016e+02
8.100893944442384509e+01
6.661079645053544596e+01
1.004915660151538646e+02
8.233658222322624454e+01
7.145357525899174789e+01
1.059528527123425192e+02
9.005910214740137576e+01
7.363456537256122658e+01
1.048060478042912962e+02
9.197194967585292602e+01
7.748335245568294738e+01
1.070134259287842866e+02
9.494639467690264212e+01
8.217705445843570544e+01
1.118367704096789765e+02
9.940637088537698673e+01
8.504464062606459152e+01
1.163825910992498365e+02
1.072121563941813349e+02
9.429323601610033734e+01
1.250157155873812940e+02
1.156367332563040833e+02
9.933625398116070926e+01
1.292743644035922443e+02
1.192853241005057470e+02
9.965310631044205536e+01
1.350580041290764086e+02
1.327618479196772228e+02
1.125381692284400970e+02
1.421701708097915855e+02
1.408262012281266209e+02
1.231330141768661832e+02
1.540069353764809534e+02
1.515615406264845717e+02
1.267188192859758118e+02
1.593228472792015111e+02
1.652430019251489171e+02
1.417555819306080025e+02
1.700930625788097927e+02
1.792498517971249044e+02
1.584083682169224971e+02
1.844891635858907648e+02
1.947627173006241605e+02
1.748138339131000407e+02
2.003243870629709136e+02
2.121501631224491575e+02
1.912708726524769531e+02
2.154883683811373771e+02
2.299106741328384942e+02
2.106428712720470742e+02
2.370718833957558047e+02
2.552511023299630040e+02
2.353413199163735783e+02
2.633349638398777302e+02
2.896265639536219396e+02
2.697582746193737648e+02
2.899745409002814540e+02
3.199999040790393110e+02
3.082429941182010111e+02
3.330152221503336136e+02
3.678428267844333845e+02
3.557765884808848682e+02
3.768485828869233387e+02
4.192031148592685099e+02
4.145342175477985620e+02
4.347587365300522606e+02
4.853691370220646490e+02
4.948625374975556497e+02
5.192562311166699374e+02
5.723631633310279767e+02
5.896942908871096733e+02
6.239670022397151570e+02
6.939015836585159605e+02
7.300613650958067637e+02
7.806200695836255363e+02
8.802264913238747113e+02
9.530442430969276302e+02
1.020133945555628770e+03
1.135720995819883456e+03
1.259691665106408664e+03
1.400481713457078740e+03
1.588415206116869513e+03
1.783326231559428834e+03
1.995648365439528789e+03
2.260149216769430950e+03
2.522624411367958601e+03
2.736734309730860332e+03
2.889851437724411880e+03
2.913744415426573596e+03
2.771448942078431628e+03
2.552319726655221075e+03
2.331002614501628614e+03
2.088716977942096946e+03
1.865848664918025861e+03
1.717237204424927540e+03
1.573117872512678332e+03
1.416396619945785233e+03
1.318549781573168730e+03
1.236480387113959978e+03
1.129068667491159886e+03
1.061145954429372296e+03
1.011958766017745006e+03
9.363824983187578255e+02
8.889943884980066287e+02
8.564403813510961072e+02
7.964394479171819512e+02
7.659144146492598111e+02
7.528941961497522470e+02
7.039248239478365576e+02
6.756443189890837857e+02
6.697036159648552029e+02
6.270089564810490401e+02
5.995792282128975330e+02
6.014240934287632854e+02
5.694262599609502331e+02
5.463060583844039684e+02
5.524921219493797935e+02
5.241163119109349964e+02
4.999274781661883935e+02
5.107571896847337598e+02
4.887961801284062062e+02
4.614163403565540875e+02
4.710542879128240088e+02
4.553887891655373323e+02
4.301074843320660648e+02
4.392081960410929469e+02
4.261582257138373961e+02
4.022790315506140928e+02
4.134328857533365067e+02
4.032625998895845214e+02
3.778655427453435891e+02
3.894680826051261420e+02
3.836342298447493135e+02
3.579674246906515123e+02
3.689353882858348470e+02
3.661826776357183348e+02
3.394661163673845294e+02
3.500680187070054785e+02
3.526133683292190426e+02
3.258912221787716703e+02
3.326469564457355546e+02
3.384579654236583792e+02
3.143127119193364365e+02
3.186100291145118035e+02
3.249575578660831070e+02
3.012032533206185008e+02
3.040963762809628292e+02
3.128066529705457128e+02
2.906893117399894209e+02
2.923707721014804406e+02
3.024461981033421125e+02
2.804312099526821953e+02
2.804106763339773352e+02
2.932470390845249995e+02
2.724605414656369362e+02
2.694429661546535613e+02
2.838300268589874236e+02
2.646547850271031166e+02
2.586514074163309829e+02
2.744609969142969703e+02
2.584806777643512987e+02
2.507457590565765599e+02
2.666849588336864372e+02
2.523778189045595468e+02
2.420116134162026640e+02
2.577305632464533574e+02
2.462176173159368773e+02
2.354866691859328967e+02
2.510629878739069909e+02
2.403105971740330062e+02
2.274155790831143236e+02
2.435568376872584793e+02
2.354874177020352306e+02
2.213556457599411260e+02
2.372787976004175334e+02
2.311626599800731583e+02
2.151765029776245797e+02
2.305975242041701279e+02
2.271984489871291544e+02
2.100824303250302592e+02
2.242033285172884689e+02
2.227759795568221932e+02
2.045721263440107691e+02
2.178104263805159633e+02
2.192543788877324857e+02
2.006666199544474978e+02
2.119294206892557781e+02
2.150962788068368354e+02
1.961362526999730278e+02
2.059174421651870830e+02
2.112584531320763119e+02
1.923827083882859768e+02
2.004417130415608881e+02
2.076938641059756776e+02
1.890487437613242037e+02
1.951966206394567109e+02
2.041904555775610106e+02
1.859815510399318725e+02
1.900890586387314158e+02
2.006843496904927235e+02
1.831429384632058088e+02
1.851253675580133233e+02
1.973740872266706674e+02
1.811180256907851742e+02
1.806632508644449615e+02
1.935381648123727132e+02
1.785605222105839687e+02
1.765386072612920998e+02
1.902354059636095087e+02
1.761443220607960711e+02
1.720908129175377894e+02
1.868086405353488715e+02
1.742197500100772345e+02
1.680392972434935928e+02
1.833261651066543720e+02
1.725510592407675006e+02
1.645262101646964936e+02
1.799727515416447261e+02
1.708335320988482522e+02
1.608444857529956948e+02
1.763052574445878804e+02
1.693247328262043823e+02
1.578944017515775897e+02
1.728433727500010946e+02
1.676464968280655512e+02
1.548996541292687823e+02
1.693790473761230828e+02
1.660947265806445898e+02
1.520504165039464226e+02
1.657297500442437297e+02
1.645970283590338283e+02
1.498695750748628654e+02
1.625210183062152680e+02
1.631733728742655671e+02
1.476416366978528174e+02
1.590394382423374395e+02
1.615853201224296356e+02
1.456557258210605426e+02
1.557040251018219408e+02
1.600844997550086930e+02
1.439609670492591817e+02
1.523866696595390806e+02
1.584122632527680423e+02
1.423442404650331810e+02
1.491487355721878600e+02
1.568168546587297385e+02
1.410922309138757385e+02
1.460731846805705914e+02
1.550861340861199551e+02
1.398935726745989996e+02
1.431439547837820498e+02
1.533969151272073361e+02
1.387780101181091084e+02
1.401429717408990427e+02
1.516238854242334355e+02
1.379712198037976805e+02
1.373958264024247740e+02
1.497352887983225855e+02
1.371066970360004689e+02
1.346053240174106804e+02
1.476764681355882090e+02
1.363512397986141309e+02
1.321086103240595833e+02
1.457095160224758104e+02
1.357355266379231864e+02
1.296886893100142402e+02
1.435320100032449773e+02
1.350460434117959494e+02
1.274179851634506662e+02
1.413826801702761315e+02
1.345161722004215790e+02
1.254094674468413757e+02
1.391889909859560532e+02
1.339328696386769479e+02
1.234650887533233714e+02
1.368825373351118344e+02
1.333506807228439754e+02
1.217348210467579008e+02
1.345376324096334599e+02
1.327209216175850770e+02
1.201838483496765519e+02
1.322174028672995405e+02
1.321188692198038552e+02
1.188276423524588665e+02
1.298496876578829813e+02
1.314323506059961346e+02
1.176466522905023879e+02
1.275294011958875871e+02
1.307267900020916898e+02
1.166020428807014184e+02
1.251625297243575829e+02
1.299283309075974273e+02
1.157076072144849945e+02
1.228042166454070099e+02
1.290426485573865705e+02
1.149742976195435489e+02
1.205229701781509561e+02
1.280888129150740440e+02
1.143310367047051415e+02
1.182650644161656146e+02
1.270842104010085052e+02
1.138546658879271547e+02
1.160629217454141724e+02
1.259428841136834762e+02
1.134442764174159493e+02
1.139584780871048793e+02
1.247484055242384642e+02
1.131290998820772700e+02
1.119341981972139024e+02
1.234591556190389241e+02
1.128852649878807455e+02
1.100251820860453051e+02
1.220762835696523325e+02
1.126543476004058846e+02
1.082183057583455081e+02
1.206422387460705892e+02
1.124730985127744134e+02
1.065068344272305580e+02
1.191092644817466919e+02
1.123145663229095561e+02
1.049475644765970088e+02
1.175206906160042593e+02
1.121542232377184689e+02
1.034995491849574734e+02
1.158483809785198844e+02
1.119868899818435182e+02
1.022288904636268114e+02
1.141575869411810942e+02
1.118079987218640099e+02
1.010881796889643880e+02
1.124003610686451395e+02
1.115703052442577103e+02
1.000723706055543971e+02
1.106098431012127037e+02
1.113064724994948307e+02
9.921503399127014688e+01
1.087858142834577961e+02
1.109653978983813118e+02
9.848107098375710677e+01
1.069470484210446415e+02
1.105634842087456349e+02
9.788561927369079285e+01
1.051149624590753007e+02
1.100971767122209144e+02
9.742051755315635830e+01
1.032992560118962189e+02
1.095544558907872386e+02
9.706012465238352149e+01
1.014867282704068430e+02
1.089083769205317083e+02
9.679914470991488429e+01
9.973287328726580370e+01
1.081936852667488722e+02
9.662092758425437466e+01
9.801261249337110826e+01
1.073859177931754800e+02
9.652686896486751778e+01
9.637264929877999009e+01
1.064974773961430259e+02
9.648206565672947477e+01
9.479867397238102456e+01
1.055294739921526741e+02
9.648880269036200730e+01
9.330039811350022205e+01
1.044655121877228083e+02
9.652763903487007724e+01
9.191145962030003602e+01
1.033273170191950356e+02
9.657886923838644577e+01
9.062470503388345833e+01
1.021146905183038740e+02
9.663316492712458228e+01
8.945434600179248719e+01
1.008392665798823487e+02
9.668135083615740655e+01
8.840428817111262561e+01
9.949954446498672667e+01
9.669781243167372509e+01
8.746678117618641579e+01
9.810406010216766504e+01
9.668356143531643454e+01
8.665908404359652195e+01
9.666758760143187601e+01
9.662431642532189358e+01
8.597216206045561648e+01
9.519730635458908807e+01
9.651499811402698015e+01
8.540511944974548442e+01
9.369752962178836242e+01
9.634343502555645955e+01
8.495935478192076573e+01
9.218725129511489058e+01
9.610423344384805944e+01
8.462519581287541826e+01
9.067587737688907623e+01
9.578716675889069165e+01
8.438462739564577930e+01
8.917323215237760792e+01
9.539915680925781771e+01
8.424090032197311473e+01
8.768821902600684837e+01
9.492671757072072580e+01
8.418148565233131819e+01
8.624063958523652218e+01
9.436781766474369704e+01
8.418293880815211594e+01
8.484073575774786491e+01
9.373986937948988896e+01
8.425425390910089618e+01
8.349399344021719571e+01
9.301588426824324074e+01
8.436061422680090516e+01
8.221942755317333251e+01
9.221695194888471292e+01
8.449772530045788699e+01
8.102222442703352101e+01
9.134368333052964317e+01
8.465549324691086497e+01
7.990980408142995373e+01
9.039480501997701367e+01
8.482193431058666988e+01
7.889666253039632693e+01
8.937545871353982818e+01
8.497736038953658522e+01
7.798441357988387779e+01
8.829545009086196217e+01
8.511589418906291371e+01
7.717745850412680397e+01
8.715800710490495362e+01
8.522475521467414694e+01
7.647910892674104844e+01
8.597302152528139629e+01
8.529764145516564611e+01
7.589192975687691955e+01
8.474585520993274201e+01
8.532100285223567937e+01
7.541382319065810691e+01
8.348952883664296110e+01
8.529106923459757184e+01
7.504143034383439215e+01
8.221065480319566632e+01
8.519980897045692814e+01
7.477161715278049314e+01
8.092130004096352991e+01
8.504176630827957695e+01
7.459685852935615458e+01
7.963161198615051717e+01
8.481239110315739538e+01
7.450892667234410283e+01
7.835232913840330582e+01
8.450814753185815675e+01
7.449864568076232274e+01
7.709567714870051702e+01
8.412786608097403018e+01
7.455514392911727839e+01
7.587140885166479620e+01
8.367033067057276696e+01
7.466812704381050025e+01
7.469025355144320599e+01
8.313490035101158071e+01
7.482664238455824091e+01
7.356396670383581693e+01
8.252208031943639810e+01
7.501700023504977821e+01
7.250242675191277897e+01
8.183605825373898313e+01
7.522918989667159906e+01
7.151356225216370888e+01
8.107730296690785110e+01
7.545035185014462797e+01
7.060689847852304979e+01
8.025144788867257262e+01
7.566915924953576678e+01
6.978760552948460827e+01
7.936255476446316948e+01
7.587570830593243443e+01
6.906250976523079999e+01
7.841651908346267419e+01
7.605864946384828329e+01
6.843407687275607998e+01
7.742050632748001249e+01
7.621069165883746166e+01
6.790549128332611417e+01
7.638048934017029978e+01
7.632074005566065011e+01
6.747567329353994126e+01
7.530639045369504458e+01
7.638441787418926765e+01
6.714398375773926375e+01
7.420452149936727437e+01
7.639246175894591318e+01
6.690683245705253057e+01
7.308602379436167951e+01
7.634067423718336443e+01
6.675885864834673100e+01
7.195992717538116779e+01
7.622449994263556050e+01
6.669364070179418036e+01
7.083610932594612564e+01
7.604035366745436875e+01
6.670327395449056951e+01
6.972432411228933802e+01
7.578520339971474584e+01
6.677919519562790640e+01
6.863604668910961948e+01
7.545800807336659943e+01
6.691087910107144410e+01
6.758060335019983711e+01
7.505808556256339159e+01
6.708844999450126068e+01
6.656837758902311464e+01
7.458572515402683223e+01
6.730089857715586277e+01
6.560899545992161563e+01
7.404230525105907645e+01
6.753700204145081898e+01
6.471104980379381288e+01
7.343014693858096109e+01
6.778616412887323861e+01
6.388276782313387514e+01
7.275267214430056129e+01
6.803819100493838334e+01
6.313105022362081087e+01
7.201336912903902032e+01
6.828267708667019065e+01
6.246188689627771851e+01
7.121721393557167801e+01
6.851006666782518550e+01
6.187978984577041075e+01
7.036987199854503672e+01
6.871118578993649351e+01
6.138731877486141997e+01
6.947783949990994756e+01
6.887811590445470245e+01
6.098574553111173202e+01
6.854830698926922139e+01
6.900355130847242435e+01
6.067403127789253858e+01
6.758850301036045494e+01
6.908134845999740037e+01
6.045067964856013987e+01
6.660663108255128861e+01
6.910556115672379462e+01
6.031180705331832570e+01
6.561125132956991024e+01
6.907102631175951046e+01
6.025185567946871856e+01
6.461164404676155470e+01
6.897395474272344984e+01
6.026422050333800939e+01
6.361805371849001034e+01
6.881233955068587704e+01
6.034106777972076685e+01
6.263994761919324361e+01
6.858467578272187382e+01
6.047357323439416632e+01
6.168638554432450150e+01
6.829051712994987611e+01
6.065264857658354458e+01
6.076362996476365197e+01
6.792527462535743155e+01
6.086699846293655014e+01
5.988520439006367724e+01
6.749629338194274908e+01
6.111117406372385830e+01
5.905804154486963853e+01
6.700040954237856283e+01
6.137214769417180804e+01
5.829078913316399735e+01
6.644058375680587858e+01
6.163942430958556429e+01
5.759080710057247643e+01
6.582082749822072287e+01
6.190328962183215822e+01
5.696381409819340291e+01
6.514568103782245601e+01
6.215491052588262022e+01
5.641411947693712392e+01
6.441997132268441817e+01
6.238631866433035356e+01
5.594503784528830437e+01
6.364868853804152593e+01
6.258973947928338788e+01
5.555887163427483699e+01
6.283777326673403252e+01
6.275793391872635141e+01
5.525654422137095167e+01
6.199403572709505283e+01
6.288393286063067933e+01
5.503670943280430805e+01
6.112519511062057376e+01
6.296217775322842414e+01
5.489632048508472906e+01
6.023922160835397221e+01
6.298822152944617869e+01
5.483101097852657801e+01
5.934409507791349370e+01
6.295835403473297731e+01
5.483547732431532751e+01
5.844813584036243981e+01
6.286949328594354114e+01
5.490338150397862194e+01
5.755994259734621465e+01
6.271903384121472413e+01
5.502731178517684185e+01
5.668877394386339574e+01
6.250544087921610981e+01
5.519867983030661662e+01
5.584367277395258355e+01
6.222817089499162080e+01
5.540828677869814811e+01
5.503339118813727282e+01
6.188784406584769471e+01
5.564690425486237757e+01
5.426594973179425807e+01
6.148563391640271902e+01
5.590549453240762290e+01
5.354896771509329767e+01
6.102320085183279019e+01
5.617507419846060657e+01
5.288973412944773855e+01
6.050286640137126426e+01
5.644644291368688016e+01
5.229472510886979819e+01
5.992801632393401690e+01
5.671074553676331931e+01
5.176919998472124007e+01
5.930285090260969127e+01
5.695963062846691116e+01
5.131700014498957074e+01
5.863231181571489259e+01
5.718552671796430786e+01
5.094043011802107657e+01
5.792172269902169290e+01
5.738171364412671949e+01
5.064069003375686151e+01
5.717678674389518534e+01
5.754190143065408591e+01
5.041770059158302075e+01
5.640383009305508466e+01
5.766030930979385261e+01
5.027000564217573242e+01
5.561004142291786678e+01
5.773185366841675403e+01
5.019431153988008276e+01
5.480309065526791557e+01
5.775250099102677126e+01
5.018593412890264460e+01
5.399088818790397681e+01
5.771922724721134301e+01
5.023914603421009417e+01
5.318131228189322002e+01
5.762970280099425935e+01
5.034751907513540914e+01
5.238240666270318968e+01
5.748215868144323792e+01
5.050391498865938189e+01
5.160242691007681515e+01
5.727535569178847652e+01
5.070038045049248154e+01
5.084990074445740049e+01
5.700901931543082668e+01
5.092823592238112695e+01
5.013302633385963247e+01
5.668393724893056174e+01
