2.808121024362666276e+02
2.809134810676939082e+02
2.197474026568580427e+02
2.830292413914990561e+02
2.912477828270114628e+02
2.251737000206869652e+02
2.849974191450402259e+02
3.016438859411602493e+02
2.315697454084559865e+02
2.867227544887392128e+02
3.120759039133932902e+02
2.390545459773535129e+02
2.884281950965745409e+02
3.227597209396988092e+02
2.478157397972368869e+02
2.899345344910855715e+02
3.332906259372945215e+02
2.577487361283951941e+02
2.915945010987134083e+02
3.437607175727176241e+02
2.685019740993718642e+02
2.932215817703013272e+02
3.544172475446341082e+02
2.807191914011999643e+02
2.950289755260236007e+02
3.649080587189445737e+02
2.940662785962570638e+02
2.972786714102876999e+02
3.754636355654840827e+02
3.085708740541120392e+02
2.998332564209825932e+02
3.858857028737531891e+02
3.243388103881861753e+02
3.031818343968108707e+02
3.962253694339331105e+02
3.410569562846837357e+02
3.072239554929359997e+02
4.065426945670225223e+02
3.588266498685853207e+02
3.119166877461300373e+02
4.165833923904583003e+02
3.777082356890216488e+02
3.181236249994271930e+02
4.268939858309233841e+02
3.977416638554798851e+02
3.261137133325859168e+02
4.388250327042467234e+02
4.210750068053467317e+02
3.354992086423043247e+02
4.480113890372142578e+02
4.428623565963511624e+02
3.465811533048384376e+02
4.586700477380332472e+02
4.667830944246760509e+02
3.598103573185100572e+02
4.696413351851770130e+02
4.925465394249325755e+02
3.760399331448217026e+02
4.810204183564891878e+02
5.195971788934764390e+02
3.949370196241505369e+02
4.932832539599410211e+02
5.487719102605377657e+02
4.170403154120796785e+02
5.057703950624886602e+02
5.790575793628815973e+02
4.418927488393082967e+02
5.196127911528209324e+02
6.127841177391225074e+02
4.720946625031028816e+02
5.340925940181708711e+02
6.472724991992374726e+02
5.057823706160867232e+02
5.517800781937564807e+02
6.866405992597254908e+02
5.459079403880489281e+02
5.709552852098033782e+02
7.276226380546671635e+02
5.902808334558620800e+02
5.934138683259881191e+02
7.732730968669052345e+02
6.413588571720204072e+02
6.200847264063610282e+02
8.253179837792072249e+02
7.019461243733633182e+02
6.510200576048584935e+02
8.812628814788170075e+02
7.690794844329629996e+02
6.871544679490676799e+02
9.473046465861557408e+02
8.533432397116522452e+02
7.356800439139327636e+02
1.022662297706463164e+03
9.500241914677403656e+02
7.926108478991305901e+02
1.108011879328518944e+03
1.063407840122446942e+03
8.681582800171556755e+02
1.217755139684066080e+03
1.207251491384424071e+03
9.624076033002954773e+02
1.349577188793385858e+03
1.390836167881816209e+03
1.097613250621777297e+03
1.518215253902674704e+03
1.616119725794551414e+03
1.263065424125267555e+03
1.741284813837031152e+03
1.927451613892782007e+03
1.498805898552385315e+03
2.050756217147291864e+03
2.382329081163512456e+03
1.881933831427785890e+03
2.528988122548296360e+03
3.080148035113684273e+03
2.496656256160753401e+03
3.349632564259972696e+03
4.348021920239595602e+03
3.698345612823954525e+03
5.034987104307330810e+03
7.242920689311684328e+03
6.912255538000910747e+03
1.050483195538173095e+04
1.978536059562969240e+04
2.647097145667843142e+04
2.579849101717489975e+04
1.821036369714633474e+04
9.222921637858720715e+03
6.925401284882068467e+03
7.019349284893582990e+03
4.583163477803867863e+03
3.716092786134019207e+03
4.200135994443766322e+03
3.004496429860575518e+03
2.500093511644552109e+03
3.010168023561184327e+03
2.265197095401288152e+03
1.823326733221849963e+03
2.307124271964035415e+03
1.839765073324719424e+03
1.450596311160308687e+03
1.859904970007131624e+03
1.532206648938600210e+03
1.179291649886942878e+03
1.557959841647800886e+03
1.337635979033539115e+03
9.955433807886873865e+02
1.324068502710099892e+03
1.178859746061701344e+03
8.555593455239111336e+02
1.148452843857674225e+03
1.062110549028229116e+03
7.477988145785018332e+02
9.985762519875256658e+02
9.598758075908865521e+02
6.668961464158409171e+02
8.849227392573183124e+02
8.834334891902753952e+02
6.036402272115991536e+02
7.820892612095569802e+02
8.121513504842974953e+02
5.551871758812617372e+02
6.983139796894238316e+02
7.484937783604455035e+02
5.094277566692812798e+02
6.257308953678626722e+02
6.968089310598810471e+02
4.780106656781703691e+02
5.643810029182185417e+02
6.487186105977472153e+02
4.451419125311932135e+02
5.054788488651369676e+02
6.063156833549801377e+02
4.244889936325030817e+02
4.571738124296015826e+02
5.672300460864634033e+02
4.047298163366639301e+02
4.095281662831786207e+02
5.253510611143044571e+02
3.853163412897956732e+02
3.762575624427572620e+02
4.964168858200140448e+02
3.722845029662927345e+02
3.390036154389551371e+02
4.607688095054161863e+02
3.556902507289548794e+02
3.104160254922343825e+02
4.344270145290410596e+02
3.471478636085305993e+02
2.855051776939656634e+02
4.048762952912298942e+02
3.319437659934664566e+02
2.600873678182733215e+02
3.785540745091066128e+02
3.192907254480500114e+02
2.362169572329432867e+02
3.542690796485687201e+02
3.124413587558210565e+02
2.222878931393232733e+02
3.305281689378796841e+02
2.991544985583705056e+02
2.035838849665787222e+02
3.097070337721246460e+02
2.909086270221114887e+02
1.879373614500508154e+02
2.881977148136695064e+02
2.837523706953918463e+02
1.767991281980559393e+02
2.645833975761361216e+02
2.721260595331845593e+02
1.684762821523772516e+02
2.466481103257151517e+02
2.632242041847429164e+02
1.603089020652842862e+02
2.271531547653967493e+02
2.526724384235754712e+02
1.536930087825757880e+02
2.104581760431873363e+02
2.442345280740044586e+02
1.510335102207244233e+02
1.951793329471369134e+02
2.337986830379703633e+02
1.446139044034053995e+02
1.791765406853868967e+02
2.231345891485254640e+02
1.383642842173871941e+02
1.658633206464021157e+02
2.167903311023595165e+02
1.378281733700351310e+02
1.515201375945438826e+02
2.064044300538599828e+02
1.333956870014516483e+02
1.370820297275620590e+02
1.966757524782894109e+02
1.314331272141269551e+02
1.259853036063865090e+02
1.880620311008800911e+02
1.295207397931714297e+02
1.150853830990820938e+02
1.797741932366452886e+02
1.291891947502175526e+02
1.062726482565854411e+02
1.708234732253488062e+02
1.263388694174912388e+02
9.492135509559713569e+01
1.597899458616010691e+02
1.228594652776564544e+02
9.156326459785810812e+01
1.552013981042124442e+02
1.216929016735289792e+02
8.406267276259752919e+01
1.484035317942723111e+02
1.194011375911517661e+02
7.450305645448733571e+01
1.414238199833917520e+02
1.203257793181501683e+02
6.909311077851550920e+01
1.309276287528056173e+02
1.145920723329932827e+02
6.329121265951320652e+01
1.253433029715209983e+02
1.138306716151629985e+02
6.212335579029260657e+01
1.205626325034418613e+02
1.117336701620445183e+02
5.870311170682501256e+01
1.188157011872125537e+02
1.159006661739520609e+02
5.563093595221968002e+01
1.051485638938428053e+02
1.055750321551924031e+02
5.345669768584221515e+01
1.102175599327375011e+02
1.145516031693211261e+02
5.073655452850915282e+01
9.344700066227049717e+01
1.040599200280633028e+02
5.133302563048472678e+01
9.557069562537411400e+01
1.065966583588944445e+02
4.986371946140809541e+01
8.766885214621098044e+01
1.028577220328285335e+02
4.923200912501578586e+01
8.248861212778984964e+01
9.868288455314086605e+01
4.633176972454899101e+01
7.968065200302562801e+01
9.763965808971012450e+01
4.989256778663431646e+01
8.580077492572719677e+01
1.061604491354666067e+02
5.137416167275853951e+01
6.965573883699852331e+01
9.613795902054134501e+01
5.025822769458967798e+01
7.000615346047257503e+01
9.594831629016339036e+01
5.340743520078650164e+01
7.258544040513142193e+01
9.847327150104602822e+01
5.353689368345725796e+01
6.705941715334689945e+01
9.783637611736112660e+01
5.704942414942427575e+01
6.298461444211000781e+01
9.476772560662435296e+01
5.918643806555211029e+01
6.485272247549582403e+01
9.507364915155004326e+01
5.928592417944201287e+01
6.318706666361621416e+01
9.591676567306043921e+01
6.269394772181066600e+01
6.105620683337644294e+01
9.307342677302995071e+01
6.113237624571110729e+01
5.990595211078483828e+01
9.204315786329172511e+01
5.913288123115099637e+01
6.111749563688731968e+01
9.778358076960063272e+01
6.614151118317842304e+01
6.074473754397309477e+01
1.001849736816959080e+02
7.245007059067880562e+01
6.035222667670689844e+01
1.000388495928731061e+02
7.502440918267087966e+01
5.494133422815869494e+01
9.512564168786504126e+01
7.759521589028977928e+01
6.523726232676757775e+01
9.881291763953193197e+01
7.639394360412373430e+01
6.599694551168849443e+01
1.068363758984959873e+02
8.663253978768585739e+01
6.391623571324871733e+01
1.015438679778655029e+02
8.396567030338735549e+01
6.878010151043180542e+01
1.116967466217645182e+02
9.548444389057584658e+01
6.953940188099851127e+01
1.091920048527039029e+02
9.479339302933802003e+01
7.177644585058247628e+01
1.187300530788596831e+02
1.094322454266187066e+02
7.767343250228563534e+01
1.194333967393827862e+02
1.147969520078975876e+02
8.022933932963260872e+01
1.194564766057899305e+02
1.209908304270328614e+02
8.867379542483405430e+01
1.223274443512901399e+02
1.284479523416078734e+02
1.044093344657948847e+02
1.306657618115728212e+02
1.280687442513211636e+02
1.025141794510223434e+02
1.399850498555679792e+02
1.419955217944276455e+02
1.105604107129547771e+02
1.474396732083125698e+02
1.560353472861369823e+02
1.242691933532707651e+02
1.583619783571975574e+02
1.738196244777398647e+02
1.424621160168879044e+02
1.629366023874411553e+02
1.761985440583412412e+02
1.553541126264338459e+02
1.889374444126928836e+02
2.025000944005363976e+02
1.663921103418698237e+02
1.935656871378405981e+02
2.203764084464808093e+02
1.890948346575272581e+02
2.035120227602502894e+02
2.319086969068894462e+02
2.115299510939005359e+02
2.279435115810062484e+02
2.546419480172389171e+02
2.372500284705403999e+02
2.575287438952055936e+02
2.851851360236378241e+02
2.643491998995584140e+02
2.852090946085548921e+02
3.223706745539371354e+02
3.040579524162453140e+02
3.177589814892156141e+02
3.598770878977555867e+02
3.523594680164883925e+02
3.688331236202408263e+02
4.142974411201003022e+02
4.143232444413728217e+02
4.349644547177360892e+02
4.847855149032486679e+02
4.884106962807180707e+02
5.086938885942934121e+02
5.662175811617354384e+02
5.864100299063562716e+02
6.256416799761420862e+02
7.027008825932098262e+02
7.364998254985591757e+02
7.812656547835337051e+02
8.780838166100720628e+02
9.490274009266682924e+02
1.033131072084982407e+03
1.171296285121704159e+03
1.283355639461073224e+03
1.402695624554950882e+03
1.599737003282820751e+03
1.800571182169217991e+03
1.994771222534860499e+03
2.240150029264807927e+03
2.469228374565072954e+03
2.621507955913591559e+03
2.720879495216997384e+03
2.707866639560733802e+03
2.518102459463402738e+03
2.276749860017914671e+03
2.106874340389618737e+03
1.922064214158415552e+03
1.707942662618559552e+03
1.575426563920475701e+03
1.464455245981658891e+03
1.309934483849478056e+03
1.212885549977570463e+03
1.154129147755790655e+03
1.054165942568920855e+03
9.927442574318941979e+02
9.655953223483313650e+02
8.878944164705479807e+02
8.314265655230431094e+02
8.194725430941920195e+02
7.675187039134337965e+02
7.235903529232566598e+02
7.160671151429431802e+02
6.718446998166645017e+02
6.352334261242154980e+02
6.379245580776351972e+02
6.050383681725223823e+02
5.730892505865358544e+02
5.783448647570805861e+02
5.488465658008366290e+02
5.193900734071728493e+02
5.318849334971608869e+02
5.083241035126404199e+02
4.764166433816108110e+02
4.911424729449704500e+02
4.741825632042039160e+02
4.401712186044313171e+02
4.542210340804076054e+02
4.440156492363945517e+02
4.115895157449451176e+02
4.257490891545022009e+02
4.202534255093887054e+02
3.862830343634039423e+02
3.970638212812876873e+02
3.960117747100501902e+02
3.641871005764023721e+02
3.739701706235480287e+02
3.767934648110180547e+02
3.468528092483168166e+02
3.553574726782500761e+02
3.609204322659591071e+02
3.319024788625263795e+02
3.385484964119270330e+02
3.459779659132992151e+02
3.165619307990135098e+02
3.207091832956020312e+02
3.307701549020413267e+02
3.025049657766199402e+02
3.060707462714655094e+02
3.207277705321419603e+02
2.936902947505666930e+02
2.920607581831785637e+02
3.077853620770512748e+02
2.834658751983263869e+02
2.804466976889099215e+02
2.982576481252804115e+02
2.756459315108940018e+02
2.690176181691354031e+02
2.875557668351783036e+02
2.672959602750307795e+02
2.586796156073580164e+02
2.785388463456575323e+02
2.606034457014649774e+02
2.492553242517524552e+02
2.696600182235208081e+02
2.541903309866345921e+02
2.403848305605127678e+02
2.612437641220091109e+02
2.485867782317426702e+02
2.323637609259126293e+02
2.531905657120254318e+02
2.438824907753427169e+02
2.257461683566473596e+02
2.452822188583971297e+02
2.386731151672654505e+02
2.198310691558658050e+02
2.388135890609133867e+02
2.340404761916547045e+02
2.129901276800098344e+02
2.315208372990658461e+02
2.301838852120621368e+02
2.075915085574385728e+02
2.244557261268348327e+02
2.267826437960829367e+02
2.039722903144637201e+02
2.179668376882163443e+02
2.220344429691751316e+02
1.989569026129292126e+02
2.115020890839840035e+02
2.181727791956727742e+02
1.948590075078091672e+02
2.050803630023200412e+02
2.141155452714841090e+02
1.911429077571831385e+02
1.992056728961872807e+02
2.106684569728875260e+02
1.883694021348606498e+02
1.936650807659526947e+02
2.069277966134965823e+02
1.855506051770474585e+02
1.882439480434494214e+02
2.032683833149162638e+02
1.832298576233939684e+02
1.831531563835461611e+02
1.992984224172993208e+02
1.807579973178928299e+02
1.785710098571328786e+02
1.959833520547227863e+02
1.787341245206158931e+02
1.737131175234090961e+02
1.922340563956060180e+02
1.770630934579001519e+02
1.694013854916156276e+02
1.882773940124912428e+02
1.751684085816155232e+02
1.653971031189475696e+02
1.847380323688407486e+02
1.739174415555309849e+02
1.618797346695823762e+02
1.809073182305166370e+02
1.722277671329011639e+02
1.583014256498588566e+02
1.771639486958934526e+02
1.709712486074216429e+02
1.552131769181191316e+02
1.731867866989238394e+02
1.695323233115163077e+02
1.527658147272649103e+02
1.697185118859399324e+02
1.680352706367297060e+02
1.498767099491245460e+02
1.658149833264932056e+02
1.667306737713036284e+02
1.478206875714708701e+02
1.621797000305489576e+02
1.652263876318750420e+02
1.456203205075396170e+02
1.583638163368036658e+02
1.638355118209627221e+02
1.440970600258955869e+02
1.547905517415541397e+02
1.622277494841329428e+02
1.425232976514933227e+02
1.511646100021819734e+02
1.605874976918114214e+02
1.413464962984782858e+02
1.478728325032695068e+02
1.590232751420589921e+02
1.402870283900265065e+02
1.443849785857842392e+02
1.570496217935120455e+02
1.391819572118311044e+02
1.410377155171867969e+02
1.551780537605022516e+02
1.384536216366467158e+02
1.378987128600437018e+02
1.531844952579841390e+02
1.378761136520324726e+02
1.349949152702378967e+02
1.510824627545497094e+02
1.372947554838771111e+02
1.322260045076210133e+02
1.489035326985879522e+02
1.367320325188175332e+02
1.296005888801825563e+02
1.467516624158940033e+02
1.363646188733645488e+02
1.271361986162905708e+02
1.444082170716738460e+02
1.359862480485106460e+02
1.248928242108918027e+02
1.419707558856721334e+02
1.355703394123457883e+02
1.228512011886472663e+02
1.395000190611250446e+02
1.351864076200091063e+02
1.210619577112036751e+02
1.369648923132874927e+02
1.347032997477072627e+02
1.194294245581744605e+02
1.344195791637322372e+02
1.342386865096108579e+02
1.180357976979824457e+02
1.318397058450643442e+02
1.337110197476187352e+02
1.168376290600519667e+02
1.292051424249669083e+02
1.330663422058950118e+02
1.158482490782756287e+02
1.266409481470271317e+02
1.323897944871179391e+02
1.150259657204765773e+02
1.240360247057568728e+02
1.315837606424681212e+02
1.143771358660855100e+02
1.214910328601900460e+02
1.307060008511101046e+02
1.139015230773312339e+02
1.189946886315914583e+02
1.297153911975635481e+02
1.135645037435733684e+02
1.165703735123409643e+02
1.285971346188484006e+02
1.132924969685895178e+02
1.141859231839746371e+02
1.273664221021847283e+02
1.131603976235812468e+02
1.119640672906833885e+02
1.260566177832698429e+02
1.130865242609190346e+02
1.098273863613187871e+02
1.246352485961463259e+02
1.130683225394186451e+02
1.077935386718457949e+02
1.230756538662736830e+02
1.130769168093450787e+02
1.059424122602879947e+02
1.214669922471537404e+02
1.131300775560129637e+02
1.042454485292285682e+02
1.197503801782200270e+02
1.131496932701263063e+02
1.026849440555689341e+02
1.179566081634562948e+02
1.131799802653352316e+02
1.013167930753704269e+02
1.160760666863642427e+02
1.131474149976925077e+02
1.001270465099966742e+02
1.141591590822131508e+02
1.130617479283399689e+02
9.907769177009019756e+01
1.121877541788280297e+02
1.129394047651477564e+02
9.821491665734107812e+01
1.101615916652335159e+02
1.127271675436386857e+02
9.753877045473126373e+01
1.081488254515046066e+02
1.124446877292075584e+02
9.699656870366013095e+01
1.060902828704767842e+02
1.120447830502216817e+02
9.660535378361987568e+01
1.040708545014585980e+02
1.115747376784648139e+02
9.634792521049764957e+01
1.020600149194645354e+02
1.110043772633899124e+02
9.621964350742487682e+01
1.000768059624295745e+02
1.103123020129115872e+02
9.619597439068481037e+01
9.815754652770714017e+01
1.095106225807460163e+02
9.624835618033618800e+01
9.630363353212349864e+01
1.086014153474356476e+02
9.637294322375483091e+01
9.455003504756476218e+01
1.076053848917756852e+02
9.655542992149050008e+01
9.288467985219861589e+01
1.064976780784941326e+02
9.677559699310788233e+01
9.134376836726849547e+01
1.052937294162351094e+02
9.700166009325732830e+01
8.991510986953885265e+01
1.039942062864937924e+02
9.723198123809191884e+01
8.862843083347583217e+01
1.026131154076673226e+02
9.744597123303057629e+01
8.747866195525699595e+01
1.011472918608370719e+02
9.762755291787780720e+01
8.648993474737814324e+01
9.962981367054489112e+01
9.777126736442352239e+01
8.564413968783418341e+01
9.804306596788443073e+01
9.784646633001784721e+01
8.494013193095692316e+01
9.641516312026722346e+01
9.786909358101394218e+01
8.439132279767183320e+01
9.474599206532850815e+01
9.780906406436733391e+01
8.398889777179203975e+01
9.306084692012743176e+01
9.766283084485063171e+01
8.371491949950723210e+01
9.136713158153851566e+01
9.742673535269349827e+01
8.356380502669370003e+01
8.968280506518847517e+01
9.710166904415680733e+01
8.352443356126612173e+01
8.801128236529780224e+01
9.667442201658589340e+01
8.358855946705619999e+01
8.638185592410559366e+01
9.614978305839825623e+01
8.373761032088395950e+01
8.480106625379058016e+01
9.551912671456418025e+01
8.395085069823569768e+01
8.328692388444326866e+01
9.478968159271363447e+01
8.421384437543521528e+01
8.184924794483190169e+01
9.396194526236054401e+01
8.451409928482733847e+01
8.050688893767387810e+01
9.304186889830495488e+01
8.483290599878878879e+01
7.926620725008342561e+01
9.203312588161382735e+01
8.515705850152185974e+01
7.813577006721216378e+01
9.093778475349233759e+01
8.547184477483996545e+01
7.712606251545419411e+01
8.976203012782322332e+01
8.576440337361337640e+01
7.625048348044037994e+01
8.851887367830471476e+01
8.601976452559618735e+01
7.550596497408848506e+01
8.721407147877729926e+01
8.622690544793432821e+01
7.489476199423451419e+01
8.585766963690620912e+01
8.637706164175668277e+01
7.441789406655686889e+01
8.445962517756197485e+01
8.645780513853857485e+01
7.406740795294309976e+01
8.303034452477122329e+01
8.646533307551372616e+01
7.384497404236864782e+01
8.158571400632229143e+01
8.639091229778590275e+01
7.373571516819100680e+01
8.013475867672967468e+01
8.623162585429101057e+01
7.373554388383405467e+01
7.869274496615940961e+01
8.598041335236302984e+01
7.382744838350902228e+01
7.727220799620377534e+01
8.563792165972294868e+01
7.400216191002850508e+01
7.588679172851047383e+01
8.520074711622022789e+01
7.424386267262227079e+01
7.455032541889491426e+01
8.467054059687799850e+01
7.453929775213087794e+01
7.327529458475865454e+01
8.404765311933874727e+01
7.487391790563518157e+01
7.207450569251879813e+01
8.333384176787501474e+01
7.523203360085571489e+01
7.095930120335287938e+01
8.253365860662229636e+01
7.560110747876851178e+01
6.994055748122148941e+01
8.165068604497672311e+01
7.596636290676271130e+01
6.902698652588497907e+01
8.069059650547104923e+01
7.631443849965484105e+01
6.822492081943831010e+01
7.965996334724363237e+01
7.663428863100243404e+01
6.754084721628926502e+01
7.856717316184588640e+01
7.691502279632878469e+01
6.697621405092262137e+01
7.741832346166278001e+01
7.714546656662164992e+01
6.653342543526983377e+01
7.622571182939127254e+01
7.731836711679474661e+01
6.620904943627600403e+01
7.499663709317556481e+01
7.742508503210152071e+01
6.600052178495120359e+01
7.374339235469409459e+01
7.745977506732475604e+01
6.590155496538473301e+01
7.247654354995646031e+01
7.741596333338615921e+01
6.590347246493013245e+01
7.120901057596958594e+01
7.729082890515043403e+01
6.599621882588972710e+01
6.995149812692260127e+01
7.708088595209801497e+01
6.616984671106659732e+01
6.871777668087884194e+01
7.678442003761270485e+01
6.641114016645448714e+01
6.751948685038503584e+01
7.640081707254348942e+01
6.670793837582091612e+01
6.636947814063978512e+01
7.593037748740522375e+01
6.704627576128702060e+01
6.527914375990221174e+01
7.537483586491156018e+01
6.741343281937461995e+01
6.425972385347630222e+01
7.473613282102492406e+01
6.779583751543329129e+01
6.332186103677352662e+01
7.401829235050246325e+01
6.818097544692217582e+01
6.247453700263398702e+01
7.322545822596063658e+01
6.855619809548298349e+01
6.172515824417020269e+01
7.236332202683769310e+01
6.891054570237992039e+01
6.107979859415979718e+01
7.143798374378495453e+01
6.923331252019720239e+01
6.054279228131961332e+01
7.045689147645956041e+01
6.951463753119239186e+01
6.011562332320852420e+01
6.942796513878965925e+01
6.974600071921294386e+01
5.979833735080433144e+01
6.836040572037411778e+01
6.991992335077372900e+01
5.958777474092935478e+01
6.726299365951653897e+01
7.003021066680970819e+01
5.948046354733804009e+01
6.614594439275411730e+01
7.007096869729052457e+01
5.946992280170913858e+01
6.502000305448679285e+01
7.003763371070816390e+01
5.954800537006595107e+01
6.389643778292488463e+01
6.992654578560890855e+01
5.970443682197626600e+01
6.278676833793738155e+01
6.973591886056163958e+01
5.992854936690572742e+01
6.170295343775598695e+01
6.946561251645829316e+01
6.020911037375535102e+01
6.065594943789230342e+01
6.911617315123092453e+01
6.053482725347040372e+01
5.965358318275085026e+01
6.868311843634036507e+01
6.089115863043719656e+01
5.871109737068985623e+01
6.817517285032168672e+01
6.127097470450476635e+01
5.783689719009556285e+01
6.759000922875466699e+01
6.165913568415861334e+01
5.704097778705391164e+01
6.693183792577781333e+01
6.204339297848338930e+01
5.633153389229883601e+01
6.620611954333512017e+01
6.241265198195027608e+01
5.571426050333483460e+01
6.541857715483254765e+01
6.275721917433649821e+01
5.519355600552280805e+01
6.457541875832311007e+01
6.306827782702730190e+01
5.477212730913127103e+01
6.368310972460319164e+01
6.333766409284120158e+01
5.445141908805706521e+01
6.274900869169337625e+01
6.355758737545147596e+01
5.423073438600609819e+01
6.178148949206167373e+01
6.372113056815551602e+01
5.410722704595821142e+01
6.079005011109262568e+01
6.382263481284496009e+01
5.407547564296999099e+01
5.978431656713046038e+01
6.385784242364304930e+01
5.412870940045971935e+01
5.877405836806055817e+01
6.382342026683775771e+01
5.425903838934522128e+01
5.776919265923196889e+01
6.371659841418753700e+01
5.445764858817820908e+01
5.678036270313169354e+01
6.353536484407642604e+01
5.471431128888539774e+01
5.581839557551710129e+01
6.327879267536047081e+01
5.501801768547647953e+01
5.489420592228759688e+01
6.294721826612670412e+01
5.535717892594006173e+01
5.401793799687807507e+01
6.254206470502071369e+01
5.572056907146264138e+01
5.319906604716420873e+01
6.206543417172421329e+01
5.609731486434684911e+01
5.244633316472073403e+01
6.151991183972831578e+01
5.647684942416898934e+01
5.176795548732075503e+01
6.090883733481011575e+01
5.684863116330226518e+01
5.117104570056402935e+01
6.023671000212699056e+01
5.720265231722024168e+01
5.066109041539142055e+01
5.950904719724977099e+01
5.752973040979815522e+01
5.024152332068424442e+01
5.873198293649313939e+01
5.782178427754422501e+01
4.991410107581204159e+01
5.791219333717364037e+01
5.807170757376177050e+01
4.967894647906323513e+01
5.705670013544234820e+01
5.827295326676131282e+01
4.953457302325287515e+01
5.617328251513279724e+01
5.841963436673222532e+01
4.947768800385436094e+01
5.527059218529441154e+01
5.850671471104565313e+01
4.950295680369870865e+01
5.435794178069033933e+01
5.853041934397591461e+01
4.960340361886883187e+01
5.344483974779412705e+01
5.848813217919854424e+01
4.977094783595516958e+01
5.254065115614640291e+01
5.837793790786776782e+01
4.999686707091645133e+01
5.165497475615737244e+01
5.819854715538630785e+01
5.027177946669363706e+01
5.079769951350544943e+01
5.794935865986561652e+01
5.058553572176148805e+01
4.997879074136427135e+01
5.763073761130838335e+01
5.092742088866946659e+01
4.920784767827579032e+01
5.724429944010407212e+01
5.128678393033628424e+01
4.849346225448298497e+01
5.679250464593548031e+01
5.165357083185514142e+01
