1.003268653504026133e+02
2.752522126809158820e+01
1.187299602153775453e+02
1.056632018105733124e+02
2.354331812380521072e+01
1.161978824383604660e+02
1.106826535334853645e+02
2.170743389285197367e+01
1.132030395596245995e+02
1.153531711351304949e+02
2.266738851978429992e+01
1.097585235672795818e+02
1.196592336461632584e+02
2.620951938204905574e+01
1.058685643114831691e+02
1.235709327285519947e+02
3.151580153433463849e+01
1.015566398235319241e+02
1.270715119614815336e+02
3.784066302824736994e+01
9.684419077911452689e+01
1.301607064277540076e+02
4.476402000529855485e+01
9.172546031370914932e+01
1.327988293062810499e+02
5.202037011696263136e+01
8.623139026568037480e+01
1.349594883969085686e+02
5.942081789475721365e+01
8.039662793364627191e+01
1.366247442427069814e+02
6.683877856941276718e+01
7.429823585323102009e+01
1.378381862408364782e+02
7.425323005505990182e+01
6.791828894754809198e+01
1.385373856759069895e+02
8.157241716895860861e+01
6.133501079076523865e+01
1.387165913881724180e+02
8.874258194202262473e+01
5.466122334959018758e+01
1.383874813746449490e+02
9.572138042658380641e+01
4.800714274895019429e+01
1.375608417350829882e+02
1.025060456576554913e+02
4.156012813187645349e+01
1.362031236918592754e+02
1.090224406559673298e+02
3.561160496006151277e+01
1.343184525547582666e+02
1.152507821590018722e+02
3.071452642570905667e+01
1.319001742029257400e+02
1.211265021565858859e+02
2.759868286562268835e+01
1.289933801027730453e+02
1.266781782667157472e+02
2.711057361926991049e+01
1.255796015599572542e+02
1.318576925433693816e+02
2.948685621326687212e+01
1.216394683497319562e+02
1.365958889542900181e+02
3.417096790068524115e+01
1.172267427832510549e+02
1.409205395003593537e+02
4.049536292198208542e+01
1.123517582686007614e+02
1.447846907415769238e+02
4.777313778618472639e+01
1.070250125000120960e+02
1.481448818064843351e+02
5.554222320025625237e+01
1.012947520052451864e+02
1.510428531118384683e+02
6.367524858901737161e+01
9.515876735346753890e+01
1.534218644712583171e+02
7.200334283879757891e+01
8.872639953078369501e+01
1.553190806088753391e+02
8.041723934452947731e+01
8.188223243406747542e+01
1.565843698772563357e+02
8.876168342083843754e+01
7.484607655008045413e+01
1.572891397173064831e+02
9.698240258666950808e+01
6.774214213630416737e+01
1.575159113958507078e+02
1.051524921810262470e+02
6.054557767192817863e+01
1.570631091560362904e+02
1.130118931301927034e+02
5.356623509882702194e+01
1.560941627379696399e+02
1.206738518920699050e+02
4.703704955577310187e+01
1.545732331088278499e+02
1.281365264593986240e+02
4.148422244037281104e+01
1.524126158785851146e+02
1.352091563331039765e+02
3.750801634339785551e+01
1.497134149781444137e+02
1.419598436648479378e+02
3.571079167328726101e+01
1.463490837132951299e+02
1.482608709774397369e+02
3.686862454466459127e+01
1.424767117509962588e+02
1.541324315244552849e+02
4.071019572955633947e+01
1.382121096523847257e+02
1.597457769226103039e+02
4.659800515151547984e+01
1.331516916134254416e+02
1.647497550456112094e+02
5.420542443838139945e+01
1.276374352993580743e+02
1.691804798745249343e+02
6.262062506433996845e+01
1.216926801438859798e+02
1.731014450878894309e+02
7.157075497107480544e+01
1.152780350703651493e+02
1.764799869622316351e+02
8.098457763312654833e+01
1.086186639548129023e+02
1.794187343295605217e+02
9.066905258846198024e+01
1.013333127911520251e+02
1.814999084973710808e+02
1.002568358298560582e+02
9.414045488519771254e+01
1.832687925520114902e+02
1.100132760474804456e+02
8.656844176187507856e+01
1.843611730712750330e+02
1.198580353045725531e+02
7.921667649074922224e+01
1.848311391801986190e+02
1.294712809535486429e+02
7.187142946796510046e+01
1.846355888810753640e+02
1.390428651078196935e+02
6.521624696506869157e+01
1.836186926242910431e+02
1.480422547392689978e+02
5.950449353891834647e+01
1.822096297232107815e+02
1.570202684234891137e+02
5.523238062974453300e+01
1.800558300329088866e+02
1.656429671947071256e+02
5.335435610292648789e+01
1.774597410861058790e+02
1.740831137617595061e+02
5.400464459659988137e+01
1.741306174021163997e+02
1.820761958276295616e+02
5.713719340289924276e+01
1.699930545508143211e+02
1.895064263461407279e+02
6.319695679741329997e+01
1.657138999429139972e+02
1.967196237711012827e+02
7.089922130061403038e+01
1.609226755709121051e+02
2.038082259923018000e+02
8.044729401452192974e+01
1.550425529520281600e+02
2.099005710110354244e+02
9.117403027657753967e+01
1.492789905177046990e+02
2.157718696958911835e+02
1.023728308966287130e+02
1.424762468535915616e+02
2.208588306698236750e+02
1.147606180920548695e+02
1.361130568450919895e+02
2.255048732568701837e+02
1.272787025776164995e+02
1.300515824218173293e+02
2.302542193575454519e+02
1.405246846956376316e+02
1.227344995995114090e+02
2.333927661700287786e+02
1.534716272347294534e+02
1.171788222094879330e+02
2.374335393503967566e+02
1.679342329830349740e+02
1.111463433080824359e+02
2.399070770317813128e+02
1.822751357188721215e+02
1.067947383136219912e+02
2.415790818914744875e+02
1.960436528750798573e+02
1.042080837318823257e+02
2.435427296433789195e+02
2.108649498716321204e+02
1.043922096383868450e+02
2.453698175915828585e+02
2.261013845880149518e+02
1.060633714495562003e+02
2.465423750248718306e+02
2.426090034225145757e+02
1.127094317853486132e+02
2.469028936021178708e+02
2.589031198780868408e+02
1.221788599253353595e+02
2.455390564657289474e+02
2.739877839909759700e+02
1.360451637005373016e+02
2.462157818804242879e+02
2.902882673216709009e+02
1.510625290628018433e+02
2.466572168318988645e+02
3.089264828784026236e+02
1.718728197457487568e+02
2.458462545616381476e+02
3.269943030254981409e+02
1.975987420654365678e+02
2.470207013446029123e+02
3.446135088244378153e+02
2.226114478658881239e+02
2.478429638841036251e+02
3.650765337382438815e+02
2.551520434901605086e+02
2.470875057865246731e+02
3.814745239579229974e+02
2.895189313901644823e+02
2.482200527429095871e+02
3.939142815111968048e+02
3.229972271991150592e+02
2.554566849208014503e+02
4.091789781436837643e+02
3.593312010413643520e+02
2.544797879453741984e+02
4.112178571894401102e+02
3.934523868272571008e+02
2.589241261810931860e+02
3.977527162383266841e+02
4.113875243980479013e+02
2.619499395336741259e+02
3.751044265790409327e+02
4.182501751183083343e+02
2.640160992609336859e+02
3.442990809762946469e+02
4.140415829759600115e+02
2.623994693996661454e+02
3.043231164801219393e+02
3.979939618869015021e+02
2.558915513212627388e+02
2.582410105933668092e+02
3.755155989963421916e+02
2.519268499839591016e+02
2.105254103673167378e+02
3.455080867130246247e+02
2.465173855858125194e+02
1.711896856442838839e+02
3.166108998975388431e+02
2.404204121234051286e+02
1.368265579290275582e+02
2.890419915724706925e+02
2.336465344792977703e+02
1.062784236252909835e+02
2.635998610611740673e+02
2.276533392357599155e+02
8.485490376022765702e+01
2.440870552225943015e+02
2.252046567055954824e+02
6.162730861806656435e+01
2.205247929707725518e+02
2.191464152457418493e+02
4.744527270305371758e+01
2.000919330432574839e+02
2.122701984400139565e+02
4.223726319841441779e+01
1.856550392774265958e+02
2.081259481474033635e+02
3.886461985865071966e+01
1.731169290458944090e+02
2.065175826694903378e+02
4.326124786644472664e+01
1.599859402667842971e+02
2.045426185407574735e+02
5.267051440578008226e+01
1.465470061123609753e+02
2.004322324906366930e+02
6.035519336247381972e+01
1.350620626130832704e+02
1.960201123882824845e+02
6.628238266637580978e+01
1.272775371274299943e+02
1.947398388141862711e+02
7.443772297496705903e+01
1.182499970693861400e+02
1.924022408312854111e+02
8.208616000357265818e+01
1.107006622726945295e+02
1.906097905492710538e+02
8.948697874398796159e+01
1.015811336828189297e+02
1.862506281642132819e+02
9.332087010454216625e+01
9.577917560394584484e+01
1.846166706335926904e+02
9.902291854164606377e+01
9.046422266992790640e+01
1.834425971174524364e+02
1.053058250249794128e+02
8.581769991075536552e+01
1.823197523526735040e+02
1.113026286089629195e+02
8.209883244829899240e+01
1.819813739200230600e+02
1.178368007561313817e+02
7.617560114667053028e+01
1.791369184560849135e+02
1.217739944552815814e+02
7.279488072695743028e+01
1.784419767589520802e+02
1.272420340852117562e+02
7.060006929984876933e+01
1.789009438087655326e+02
1.341481678127006489e+02
6.461374892033826711e+01
1.751717960530703238e+02
1.375487146478345437e+02
6.333786767662950723e+01
1.747466591192070098e+02
1.427094880382760778e+02
6.058819019331468780e+01
1.736509951019430673e+02
1.479018827145543185e+02
5.736119817863426107e+01
1.716079549067067944e+02
1.526840829095097831e+02
5.641152857677155907e+01
1.700727310781444714e+02
1.576616045264201773e+02
5.712357139119568927e+01
1.690451389804492237e+02
1.629089590659370117e+02
5.817478162375174122e+01
1.677549813918896291e+02
1.675723247579444433e+02
5.671062680585501425e+01
1.656173074615886094e+02
1.722348650447918317e+02
5.603004855757420444e+01
1.638405301037676338e+02
1.784419555630348952e+02
5.939074687772225758e+01
1.611570411106452809e+02
1.837390551363794202e+02
6.402482502672140185e+01
1.585045689396887667e+02
1.882986712897838402e+02
6.752497660235528087e+01
1.568738011657515585e+02
1.948181797460376572e+02
7.282682993227480495e+01
1.531695991135889585e+02
2.002945276658172986e+02
7.916921363248813748e+01
1.491595512605148599e+02
2.054992507837397113e+02
8.620376409497615100e+01
1.451063885275305836e+02
2.109593818908385288e+02
9.370402758197182891e+01
1.396591828693157993e+02
2.161738147023189072e+02
1.033648434606951412e+02
1.337893167358669757e+02
2.200800505024626261e+02
1.113859648305301278e+02
1.279275571809481988e+02
2.253840434629397578e+02
1.224707839498248063e+02
1.203065154706908260e+02
2.285882107594755439e+02
1.326189412249522945e+02
1.137133671997798530e+02
2.322973756393386680e+02
1.427940799966471559e+02
1.057927447344257246e+02
2.364100357324307424e+02
1.549381412799382076e+02
9.571806403956311726e+01
2.388322924907898823e+02
1.674904504690142915e+02
8.643488433806554383e+01
2.404302301565199684e+02
1.796226161396435828e+02
7.714880938929309195e+01
2.417448892340361226e+02
1.921203720738108416e+02
6.664493118762995039e+01
2.417111384745646774e+02
2.043466941563479509e+02
5.771963594822731380e+01
2.418345356921909115e+02
2.177287424823612412e+02
4.945573355658351744e+01
2.396175489276185999e+02
2.296406726289661719e+02
4.492220362653696952e+01
2.378853509938342370e+02
2.429360918450117879e+02
4.456258296535382613e+01
2.331233090970651176e+02
2.542146917960278358e+02
5.048764371167488463e+01
2.287395640696992132e+02
2.663118437310178592e+02
6.118063958776867395e+01
2.220818997016911567e+02
2.770140707377618696e+02
7.505382372756018583e+01
2.153080527856544961e+02
2.881610398310812684e+02
9.185041061888755110e+01
2.060256042992985783e+02
2.971282350696297385e+02
1.082433009021950454e+02
1.967067990130920236e+02
3.065143310101179850e+02
1.267716216117321437e+02
1.856246862988096780e+02
3.147054446305124884e+02
1.458991744977256531e+02
1.728940943242384378e+02
3.213065551637050703e+02
1.647689574641330239e+02
1.598169546132668586e+02
3.277369800629805923e+02
1.847743466763687366e+02
1.448899473524410269e+02
3.325110281157047893e+02
2.046105475045749813e+02
1.289520258413355123e+02
3.360800897619292869e+02
2.244264821582041520e+02
1.123890975894827733e+02
3.386845306699263460e+02
2.443175781287865789e+02
9.442492244578313887e+01
3.398421229273737367e+02
2.640212983711803645e+02
7.624222230949628454e+01
3.400749052920983786e+02
2.840160321050740890e+02
5.711654103933859972e+01
3.382262879492684533e+02
3.030940410507280944e+02
3.950507804370617038e+01
3.352340367221791553e+02
3.219653776472160871e+02
2.871757954624774456e+01
3.307938446776218484e+02
3.403785991014814272e+02
3.387718008164686267e+01
3.248486848798014535e+02
3.584049995098899899e+02
5.221402722936311136e+01
3.167419854906715386e+02
3.750290096349883697e+02
7.474360495764024392e+01
3.078400435758432536e+02
3.917226426098049501e+02
1.002351659443532412e+02
2.963000624283560001e+02
4.065592707530650500e+02
1.262286687309643867e+02
2.837003175796215260e+02
4.207492982257800236e+02
1.533079249322563555e+02
2.697925503186327774e+02
4.344211869873004161e+02
1.816078402496899002e+02
2.531977180245872319e+02
4.462096073957936255e+02
2.102569702588970983e+02
2.353247713360224509e+02
4.568795976866108504e+02
2.393848980378269005e+02
2.158390459232852834e+02
4.663961810167160138e+02
2.691716256961884710e+02
1.943135894936982311e+02
4.742564747479475500e+02
2.992527322887686978e+02
1.708966200177657981e+02
4.801531705682911024e+02
3.289141197617360035e+02
1.463971090767963119e+02
4.851853181620249416e+02
3.594933021152958190e+02
1.196869862945926997e+02
4.880123921267433502e+02
3.897899046808145727e+02
9.142881106172254135e+01
4.890158659958099179e+02
4.200211134436805764e+02
6.199000703075493846e+01
4.880015065565527266e+02
4.499275534944008541e+02
3.305481743454859611e+01
4.850310442320405855e+02
4.795043899316127636e+02
2.096315533425805810e+01
4.802974471379191073e+02
5.091452046423469255e+02
4.726325635143375337e+01
4.727925926237633121e+02
5.377481791524190839e+02
8.260071757860595199e+01
4.634859408135171179e+02
5.661824587545062286e+02
1.211019367853815396e+02
4.515588448688587278e+02
5.938160818716509084e+02
1.617008792607508667e+02
4.370291163773695189e+02
6.204738263055687639e+02
2.039980200670339343e+02
4.201468731081594683e+02
6.464547624121901208e+02
2.482988421339015588e+02
4.003609933496899203e+02
6.713143988735290577e+02
2.944237381272046719e+02
3.774951224351160022e+02
6.946557166951467934e+02
3.419230874464124099e+02
3.519930578046943310e+02
7.169164181273554277e+02
3.912773620352716648e+02
3.233799598153326542e+02
7.378069831320920002e+02
4.425498339807052162e+02
2.910586336701800292e+02
7.564910675578645396e+02
4.948471249220532968e+02
2.560640639638194216e+02
7.740021489238708909e+02
5.492738100709864284e+02
2.172007065720402750e+02
7.893920409571994696e+02
6.052807262249821179e+02
1.747398558305403640e+02
8.027956240590870038e+02
6.631357837854864101e+02
1.282769936074091959e+02
8.138701373302916409e+02
7.228591545295333844e+02
7.744924565596765831e+01
8.218031257728609944e+02
7.834518172303161236e+02
2.493561497480086686e+01
8.282255058009322966e+02
8.470174747881645771e+02
3.963258570105850964e+01
8.309990189699518623e+02
9.120079722824360715e+02
1.033913675633986458e+02
8.309832714102308273e+02
9.794939163486178586e+02
1.738737705901699542e+02
8.270982757441213380e+02
1.048874169374410485e+03
2.501593871188095477e+02
8.197803255794387951e+02
1.121174784658564022e+03
3.336415440879400762e+02
8.076533173455860606e+02
1.195599921459798907e+03
4.239372807758526278e+02
7.912945645395299152e+02
1.273350507089953680e+03
5.224912283505872210e+02
7.699708386420621764e+02
1.355137103543114335e+03
6.312013583685396725e+02
7.416576378765379332e+02
1.439539905333017032e+03
7.488727563941375820e+02
7.083845400166723039e+02
1.530261820073726085e+03
8.800589841996916221e+02
6.668161897417891169e+02
1.626440666625316453e+03
1.025692932302054032e+03
6.165269107881596256e+02
1.730025724276987376e+03
1.189611259733751922e+03
5.541329409866075366e+02
1.839608816826998918e+03
1.370843825304283655e+03
4.839490686267433830e+02
1.965237694938630966e+03
1.582859762231613104e+03
3.951170072721891415e+02
2.103185976030913480e+03
1.827460907611488210e+03
2.873279764565353958e+02
2.260123665764519046e+03
2.115923033423849120e+03
1.541994085620190447e+02
2.441878103062723312e+03
2.461941055607823273e+03
1.465991121756441018e+01
2.660811847445828334e+03
2.890879646836674965e+03
2.243647074106228843e+02
2.930991532679430293e+03
3.437763048109997726e+03
5.032325181076560057e+02
3.283132092902715158e+03
4.170733011628215536e+03
8.896973656649779514e+02
3.765166251795830703e+03
5.211195019693996983e+03
1.460298480200898894e+03
4.476711090970638907e+03
6.812943214742974305e+03
2.365918419877448287e+03
5.705898420844408975e+03
9.728550649344728299e+03
4.198139207943854672e+03
8.106732595127790773e+03
1.631277792735330513e+04
8.967483471087965881e+03
1.642524662150053337e+04
4.947600130152243946e+04
7.252064905209519202e+04
7.221631883735193696e+04
4.874058729097068135e+04
1.566939508468106578e+04
9.379489428092345406e+03
1.628408880200227031e+04
7.837066647563130573e+03
4.401047008663703309e+03
9.677420060496589940e+03
5.451694147747803981e+03
2.618357560284769079e+03
6.886633181421942027e+03
4.360256049625550986e+03
1.630160442416603701e+03
5.278032357322173993e+03
3.685625780149999628e+03
1.029462758109918695e+03
4.241299105202443570e+03
3.231824105926993980e+03
6.195561213752692993e+02
3.509616848260053303e+03
2.901336617406405821e+03
3.209134866179798564e+02
2.958452765054943939e+03
2.642672846512591605e+03
1.010515437029009860e+02
2.528460899076966143e+03
2.434658231685820283e+03
9.260881261852426860e+01
2.179447433986156739e+03
2.259759547722779189e+03
2.288435017716356583e+02
1.889998429078533718e+03
2.109867703172860729e+03
3.437949969307771880e+02
1.644210422318397377e+03
1.978006126516500672e+03
4.389141773448523622e+02
1.432347563804071797e+03
1.860885989839602644e+03
5.202354242718176920e+02
1.244221114573610521e+03
1.751296219248873967e+03
5.856093117855359651e+02
1.079681827481897926e+03
1.651778669744066292e+03
6.413633094115946278e+02
9.319737684714826855e+02
1.558686138782268245e+03
6.878680425304854680e+02
7.989687820140510439e+02
1.471406366007747920e+03
7.271636072286764829e+02
6.774144085904526946e+02
1.387527894518707626e+03
7.583244912369391386e+02
5.675971893612829717e+02
1.308551670196172154e+03
7.843969482453435376e+02
4.664343067608150477e+02
1.232486876593068246e+03
8.050157022817053303e+02
3.733425397948633417e+02
1.159040608194313108e+03
8.205837901363892115e+02
2.877730607848303066e+02
1.088279620718763908e+03
8.319942474187254220e+02
2.086159204472893691e+02
1.019526056974112180e+03
8.392641276323237207e+02
1.357853869527469612e+02
9.528441119491108111e+02
8.429406489816477688e+02
6.934856362463727919e+01
8.879029190413322112e+02
8.431271335377720106e+02
2.116412976175592675e+01
8.248884496127072907e+02
8.404803554497494815e+02
5.895165303496387565e+01
7.630447303122338099e+02
8.344636792963814287e+02
1.108414172588602753e+02
7.031535855738454757e+02
8.260318182926141617e+02
1.598916758580063515e+02
6.447320496732916126e+02
8.151107731062793391e+02
2.053250606084062611e+02
5.878018027336984233e+02
8.018797048317381950e+02
2.471352440748520394e+02
5.324029588113525051e+02
7.865809279338667466e+02
2.855240185808100364e+02
4.783959111164491560e+02
7.692193340278802225e+02
3.204634692065281456e+02
4.259471332429186532e+02
7.500905448185665136e+02
3.522014792381471580e+02
3.749698470837444688e+02
7.292693488423134340e+02
3.808222449586339167e+02
3.254971576320227200e+02
7.068810070035013950e+02
4.064065048596656311e+02
2.775951413465870132e+02
6.831027117805532498e+02
4.290988673064435375e+02
2.312629038388972731e+02
6.580492759841471297e+02
4.490030011235987786e+02
1.865360858398390747e+02
6.318374008021926329e+02
4.662139030391801384e+02
1.434661422789895653e+02
6.045633213105124923e+02
4.807806662432392955e+02
1.022269952612405035e+02
5.764266429663597364e+02
4.928858091926347242e+02
6.303354314382402634e+01
5.474589134980539029e+02
5.025509272380189714e+02
2.776182487069091209e+01
5.178108298863575101e+02
5.098934521681055685e+02
2.137370054821366594e+01
4.875586705507400893e+02
5.149568550731348751e+02
5.154264266624422675e+01
4.568757706223580612e+02
5.178982971830639599e+02
8.373608282419985471e+01
4.258011745792912279e+02
5.187468333302576866e+02
1.147578093780567769e+02
3.944711613340278973e+02
5.176097311482559462e+02
1.442105282713392000e+02
3.629908564396728821e+02
5.145846917121994011e+02
1.719897615578013870e+02
3.314450786097907553e+02
5.097445625552041406e+02
1.980249789950559887e+02
2.999329427683710492e+02
5.031822954875553364e+02
2.223016426025466217e+02
2.685521549470289528e+02
4.949934840334597084e+02
2.448208854298668768e+02
2.373812451674498902e+02
4.852503257313380800e+02
2.655577085651233347e+02
2.065265096806313352e+02
4.740691465440502270e+02
2.845636687100179643e+02
1.760863999814202430e+02
4.615126493715394531e+02
3.017869024994099050e+02
1.460738721957164898e+02
4.476493150802311902e+02
3.172530203588692643e+02
1.166428453513380106e+02
4.325513178568675698e+02
3.309101937942692757e+02
8.799281145330877507e+01
4.164236944668845126e+02
3.429030117768331820e+02
6.021425009285886176e+01
3.992571257958924775e+02
3.531797119332518378e+02
3.396291117582996577e+01
3.811603235782616252e+02
3.617644540919432643e+02
1.424685311416832256e+01
3.622438670378492702e+02
3.687102110713416891e+02
2.532396536979306134e+01
3.425782798797559394e+02
3.740364952090683346e+02
4.826838268398208953e+01
3.222497328670447700e+02
3.777693547207303482e+02
7.156651074213002062e+01
3.013630660740814733e+02
3.799658256645142274e+02
9.418437091627754398e+01
2.799901876405542680e+02
3.806547224010459445e+02
1.158649156058898484e+02
2.582208771422560858e+02
3.798821712044895662e+02
1.365062782720474956e+02
2.361392345922642164e+02
3.776911301839045905e+02
1.560376724047359573e+02
2.138390890777693301e+02
3.741424598586921206e+02
1.744252172091725868e+02
1.913926245060216047e+02
3.692790032441820358e+02
1.916271920081547364e+02
1.688883499044412986e+02
3.631591447157348398e+02
2.076185667292193955e+02
1.464042514026112656e+02
3.558330751790130080e+02
2.223672742607546127e+02
1.240398786395339528e+02
3.473792596392042924e+02
2.358785359739876810e+02
1.018580633242833642e+02
3.378354597011164628e+02
2.481210956379575521e+02
7.997471278600650635e+01
3.272730323321093806e+02
2.590908490709235252e+02
5.852905824740103924e+01
3.157568934420263531e+02
2.687848324458063871e+02
3.780820576324499172e+01
3.033528700330217589e+02
2.772045602485482618e+02
1.903085137883583400e+01
2.901268363213832799e+02
2.843542145104719907e+02
1.299661360762617335e+01
2.761453609086752294e+02
2.902413784092088349e+02
2.804381434270883844e+01
2.614760359776313976e+02
2.948772054881795270e+02
4.630760963060254198e+01
2.461860185639869485e+02
2.982722823522580597e+02
6.453463503396569934e+01
2.303533433808538291e+02
3.004560701037171953e+02
8.226355701327031511e+01
2.140399018610180804e+02
3.014439246270787862e+02
9.932791900440062705e+01
1.973207264767639515e+02
3.012672964724470717e+02
1.156495994265633982e+02
1.802595090829185551e+02
2.999497962732972951e+02
1.311672722851898243e+02
1.629286013346743118e+02
2.975242820818240261e+02
1.458358998717929182e+02
1.453975874333090701e+02
2.940247271277299319e+02
1.596170468573115784e+02
1.277381368255665421e+02
2.894890326347835412e+02
1.724781814237597075e+02
1.100240499498280968e+02
2.839605110020041252e+02
1.843957846368860487e+02
9.232703488755117860e+01
2.774807743020570570e+02
1.953483125995150260e+02
7.472760961826782022e+01
2.700935261654848887e+02
2.053177836085838806e+02
5.732640855954628023e+01
2.618431552898734935e+02
2.142877132481029321e+02
4.029171094524204477e+01
2.527774604159679654e+02
2.222448857382357232e+02
2.408160595385439251e+01
2.429498643623567773e+02
2.291839099394015591e+02
1.148393501246392567e+01
2.324139958039682483e+02
2.351033172372216313e+02
1.575282388441045001e+01
2.212249631261548473e+02
2.400075840709217232e+02
2.985891416940312482e+01
2.094329826247020492e+02
2.438989381139756176e+02
4.494075714666382027e+01
1.970891297878557680e+02
2.467790677872928313e+02
5.987246351390584920e+01
1.842509383753164798e+02
2.486558479361990521e+02
7.439234121884855711e+01
1.709795331338050346e+02
2.495431915133401901e+02
8.838550561758822255e+01
1.573402635810370498e+02
2.494655379299024958e+02
1.017881197265485156e+02
1.433934470340096823e+02
2.484502503164751204e+02
1.145589990135067069e+02
1.291927117930815712e+02
2.465236099521717676e+02
1.266705951630754470e+02
1.147784028341800564e+02
2.436904376221905011e+02
1.380703482840141021e+02
1.002261754998355912e+02
2.399922578415433918e+02
1.487433876776281068e+02
8.558161838728230464e+01
2.354412578582768560e+02
1.586507161842039579e+02
7.091308267599815451e+01
2.300515154534612066e+02
1.677307780484094621e+02
5.634969862617323599e+01
2.239169336134550292e+02
1.760211997267819299e+02
4.195766814184905513e+01
2.170402405725877770e+02
1.834819898648046603e+02
2.797259198313347284e+01
2.094728171444304223e+02
1.901113818880139661e+02
1.521234757696796613e+01
2.012504009721378679e+02
1.958992837695507490e+02
9.624780870304002534e+00
1.924113338576714796e+02
2.008359432640149294e+02
1.860833682284533452e+01
1.829992019181107707e+02
2.049163469592710101e+02
3.110127405306736748e+01
1.730607063362958513e+02
2.081401371982632327e+02
4.388646449913752434e+01
1.626459395000731547e+02
2.105140758032316626e+02
5.647372505254624997e+01
1.518026987904631540e+02
2.120469917653685172e+02
6.871096375939278289e+01
1.405766072612973971e+02
2.127472690811502218e+02
8.051942556651515304e+01
1.290144344493412518e+02
2.126245859741003414e+02
9.184349601543733854e+01
1.171658238357340451e+02
2.116919239733567224e+02
1.026377650294575545e+02
1.050835563209036820e+02
2.099675887824738254e+02
1.128654629322054603e+02
9.282080143096744962e+01
