2.376787221066749964e+02
2.098769014149278291e+02
2.548798682373387976e+02
2.456002619436540897e+02
2.130380450142849611e+02
2.577798126327908790e+02
2.536287628314988467e+02
2.169984991577035487e+02
2.608311517326692410e+02
2.619803790818280618e+02
2.214670404833573514e+02
2.634935560533384660e+02
2.702661646328622282e+02
2.266275387213334511e+02
2.662081268341177633e+02
2.787634416497041911e+02
2.325803913936163951e+02
2.690354551420572875e+02
2.875125771292828176e+02
2.391852462370634669e+02
2.715954322485176249e+02
2.962565004686894667e+02
2.466853962381020153e+02
2.741923754265285993e+02
3.049546217970768680e+02
2.550511628712374375e+02
2.772175152174173149e+02
3.140148860687114620e+02
2.643091872297672467e+02
2.801383854143217604e+02
3.227859785523551750e+02
2.742667722504835410e+02
2.834850278965508892e+02
3.317508687455504059e+02
2.850331567923607281e+02
2.871157447336433961e+02
3.408740593876620437e+02
2.967834611060400789e+02
2.910842855043882764e+02
3.499202828185021872e+02
3.093660808310780794e+02
2.956757112374288567e+02
3.593711023166787299e+02
3.234881371379801180e+02
3.010609421138915991e+02
3.681003929081579145e+02
3.375058996696021154e+02
3.072451218774316999e+02
3.776308021249481044e+02
3.530957934838197048e+02
3.146603343060567113e+02
3.873649131052966368e+02
3.694109013987269350e+02
3.223085348459362649e+02
3.963847933140772284e+02
3.864045917930747009e+02
3.318983393356134002e+02
4.063819380991662911e+02
4.048540590138704829e+02
3.434655458533703722e+02
4.174329332006193454e+02
4.247561011174830696e+02
3.560527605967187128e+02
4.281997706383728541e+02
4.457456163695142664e+02
3.707322881024091430e+02
4.392705685055973390e+02
4.675949988287047177e+02
3.875201281646328653e+02
4.514853917137044732e+02
4.913016907714357444e+02
4.069131834499281126e+02
4.643590669164191240e+02
5.159442965968635235e+02
4.281177417291877418e+02
4.781828204092775536e+02
5.431259938411114945e+02
4.540198514871152042e+02
4.945209646538100401e+02
5.718838284298155941e+02
4.812284467992797659e+02
5.110094828973554399e+02
6.034427288152741085e+02
5.147832468045598944e+02
5.311923073271474323e+02
6.365669232041859686e+02
5.503439196097255035e+02
5.538505987445269056e+02
6.740495120717459940e+02
5.912027361236439447e+02
5.784506522155281800e+02
7.145213052022628517e+02
6.388401544571208888e+02
6.094680902897398482e+02
7.610827946606575551e+02
6.937490770022892548e+02
6.455947503067332036e+02
8.139926281710818330e+02
7.580281218613546343e+02
6.879398659030205181e+02
8.730896960455841054e+02
8.330276101924860086e+02
7.399613315222545680e+02
9.402846711699666002e+02
9.187295983329055389e+02
8.033179996333111603e+02
1.022747370301468209e+03
1.024978319747959176e+03
8.834020606474133501e+02
1.122572745727902429e+03
1.156636726318820365e+03
9.866891495004680337e+02
1.243315204581358557e+03
1.314899298015192016e+03
1.115793040745898224e+03
1.402114514644200426e+03
1.530574228633781786e+03
1.299836872653781256e+03
1.614414685534599130e+03
1.816013246864090661e+03
1.546876687674629693e+03
1.907093605179723454e+03
2.231205705183560895e+03
1.930756636426903469e+03
2.345596754217546732e+03
2.854535977471656224e+03
2.538019947431678702e+03
3.088997093951772513e+03
3.962385263610498441e+03
3.688301994060162997e+03
4.622512845069172727e+03
6.510768646737884410e+03
6.737889858851752251e+03
9.345686182461331555e+03
1.652218786173077751e+04
2.218955865482124864e+04
2.214518328548043428e+04
1.641861560996282424e+04
9.231792286142477678e+03
6.606743585235672072e+03
6.347949603341554393e+03
4.462267336866052574e+03
3.562782406892447852e+03
3.832603580423304265e+03
2.946909740160995625e+03
2.405503419904540806e+03
2.725457939453649487e+03
2.208677034563187590e+03
1.786523590677789798e+03
2.088518387971191260e+03
1.772923411633943488e+03
1.423151016110432920e+03
1.680313317997142349e+03
1.464840560646179938e+03
1.154585272147828164e+03
1.397092639648513341e+03
1.267231981598659331e+03
9.793359864553583520e+02
1.182332175963691952e+03
1.112236598516953336e+03
8.540735618771427653e+02
1.017884125375374424e+03
9.821952097631158267e+02
7.522695804664399475e+02
8.962418557542272310e+02
8.875487330636989327e+02
6.690667448201440948e+02
7.863156511248612333e+02
8.029850386939255031e+02
6.045872454429494383e+02
7.005942801639062054e+02
7.348068972266559058e+02
5.493916984297865156e+02
6.225257892389159906e+02
6.734395181413875662e+02
5.079820676894810845e+02
5.643539044292615472e+02
6.257684439622693162e+02
4.703406213238961300e+02
5.038867898923523967e+02
5.777881619481432836e+02
4.415558809398860376e+02
4.559620181827376655e+02
5.340267377408524681e+02
4.118208488287195905e+02
4.116800387577653737e+02
4.968742400261813259e+02
3.915001098218707511e+02
3.749610086134832727e+02
4.608577281330492497e+02
3.714546580358918959e+02
3.444858899048804801e+02
4.288647882710432668e+02
3.514708251968528998e+02
3.157654316013455968e+02
3.990824097531515235e+02
3.316647889100569842e+02
2.889842799916270906e+02
3.744185192373029736e+02
3.177528431387838737e+02
2.631185440134397595e+02
3.467288185094191704e+02
3.030272584155011941e+02
2.442947010397044494e+02
3.255787544659411310e+02
2.921514292086422415e+02
2.258513683468614204e+02
3.016373965320094612e+02
2.785415349845225705e+02
2.106879764618069544e+02
2.829797977162132270e+02
2.692593623413480373e+02
1.983722438810798394e+02
2.632475529955428328e+02
2.559202396182581936e+02
1.815431711613563266e+02
2.434140920861140387e+02
2.465175547545155439e+02
1.729726922920472987e+02
2.270096562852575062e+02
2.371696411225993018e+02
1.636849064521520347e+02
2.079519693400478388e+02
2.231257872082268250e+02
1.525865023152232141e+02
1.949725846295697806e+02
2.180501473564896742e+02
1.509187682376032740e+02
1.821756381163213234e+02
2.076398703924551512e+02
1.417491173493827716e+02
1.674880028887874630e+02
1.984194643744298219e+02
1.345282426215740657e+02
1.528507764286258634e+02
1.908397652804274003e+02
1.345989242197425142e+02
1.425117419461865609e+02
1.805401510120171338e+02
1.273749058588470149e+02
1.276009883356091592e+02
1.689464850415071737e+02
1.246816440265316572e+02
1.241282539186366307e+02
1.643969598207312117e+02
1.212362520747967807e+02
1.132795665004440480e+02
1.561206403532478078e+02
1.195230067819943400e+02
1.061499554469047126e+02
1.460137613635721152e+02
1.124361214917390726e+02
1.009667918400249818e+02
1.424356695220418487e+02
1.091104191307598938e+02
9.068494418824813863e+01
1.355281972841546008e+02
1.068562053387183397e+02
8.176306530800488304e+01
1.277944482378667885e+02
1.068080994856425292e+02
8.104715006170425795e+01
1.214769381508780413e+02
1.019818580910708761e+02
7.827249476242616311e+01
1.188031124357492558e+02
9.845924028316650833e+01
7.009778310881094399e+01
1.153760165326410316e+02
9.926234474683964493e+01
6.436607545700877608e+01
1.104687846207755939e+02
1.006137885361518158e+02
6.057344982020161694e+01
1.015049120026371696e+02
9.695994610950175741e+01
6.223323427779357075e+01
9.998988302574369413e+01
9.532467025938923655e+01
5.612170092508653596e+01
9.379228187892007895e+01
9.380672765359226162e+01
5.703725711593926917e+01
9.180883774527805485e+01
9.388848990817476192e+01
5.810791082004645602e+01
8.932240720212573137e+01
9.100496255314804728e+01
5.013713848317883048e+01
8.462403658283236041e+01
9.466696130202231529e+01
5.783842084464978939e+01
7.708887223188939686e+01
8.379461495146485106e+01
5.271902807589371065e+01
8.130519390992543549e+01
8.837198567249913594e+01
5.356635020060052454e+01
7.952908978179367239e+01
8.780255273725988729e+01
4.785164520771228069e+01
7.446839800247570906e+01
9.093163483772161726e+01
5.947743652653393553e+01
7.624658117483527064e+01
8.811536512922012321e+01
5.202280917072084065e+01
6.882738110913699359e+01
8.532898802133060201e+01
5.717233836793884194e+01
7.741872819129073946e+01
9.201540240577067209e+01
5.710306170516949464e+01
7.215277715048922857e+01
9.174040529031974245e+01
5.868914213241101407e+01
6.832819506456597480e+01
8.902784971860718599e+01
5.734719742716457347e+01
6.872518514533469158e+01
9.334364439252857437e+01
6.375334513663292313e+01
6.892355264864042397e+01
9.504386639774645573e+01
6.629840125408918539e+01
6.249857608839624845e+01
9.095063331877921087e+01
6.879771216829090008e+01
6.511361020270970812e+01
9.261001824876801436e+01
7.531684804482148365e+01
7.084519419030777954e+01
9.308482332343361065e+01
7.527847322543911446e+01
7.305887351337567281e+01
9.646221508736211092e+01
7.987091675752350284e+01
7.675744491880641363e+01
9.796619894779124138e+01
7.892040587744904201e+01
7.651024259359047619e+01
1.020595873272524159e+02
8.392900220979365145e+01
7.721455594619040141e+01
1.036205121773375595e+02
8.803413544937622248e+01
8.131843127445993957e+01
1.083461579404064850e+02
9.374225184064232508e+01
8.607928907037832289e+01
1.159302762640460145e+02
1.050203757302993779e+02
9.109526796529236492e+01
1.130285066874065052e+02
9.928581172932086929e+01
9.167612444905736879e+01
1.259350017426606740e+02
1.177620339430030754e+02
1.003116334736919555e+02
1.269723700318195654e+02
1.207162827052828078e+02
1.034914379111781102e+02
1.295705685889825531e+02
1.259340546261936140e+02
1.139914240381445296e+02
1.438660924325449741e+02
1.407517899604447678e+02
1.250528716217877019e+02
1.572997384059212322e+02
1.586993422381296170e+02
1.326735370350653511e+02
1.535113944113655577e+02
1.595175596294020579e+02
1.449011309722794465e+02
1.736586354702025119e+02
1.817151749150538649e+02
1.588675567226126475e+02
1.808076421100573725e+02
1.955474947176339811e+02
1.750365580793838660e+02
1.898850468088173216e+02
2.099604255955881627e+02
2.006145352076916311e+02
2.115279112603696490e+02
2.253478298845284087e+02
2.200802658444672204e+02
2.341283306164166618e+02
2.444669376260891340e+02
2.385328642647434663e+02
2.560561129404788971e+02
2.671800429338429694e+02
2.647789132896477895e+02
2.941893525200796944e+02
3.121297785462948013e+02
3.032132857922080120e+02
3.264949236203365217e+02
3.485445337602068889e+02
3.434708278321496095e+02
3.692329376477202345e+02
3.960435035829626145e+02
3.927108696416098610e+02
4.228519031820223972e+02
4.652335397177541836e+02
4.765018672372548849e+02
5.059918973517371228e+02
5.421067807795997169e+02
5.549707808736504830e+02
6.003631557108031984e+02
6.553650143650962718e+02
6.758327724371847580e+02
7.308065017293879464e+02
8.117742229018474518e+02
8.540618525358090665e+02
9.207322358495346180e+02
1.028103669784902195e+03
1.105670012034721367e+03
1.205601748392504533e+03
1.366439206277139874e+03
1.514015151312795297e+03
1.680223527831521551e+03
1.931731593285870531e+03
2.203952780328899735e+03
2.476129099075396425e+03
2.801750533627792265e+03
3.123238077444112150e+03
3.319358767005046502e+03
3.337016724905181036e+03
3.178355170531298427e+03
2.898626215859954755e+03
2.609401362555137894e+03
2.352549657601752187e+03
2.084126899254998534e+03
1.845872895193310114e+03
1.692498477720253504e+03
1.543747145099989666e+03
1.385151777026878335e+03
1.297200157226128795e+03
1.225316001640275090e+03
1.121135671677021719e+03
1.059917694670086576e+03
1.014611159342797350e+03
9.296482815000599658e+02
8.820463656990004893e+02
8.660152608376421313e+02
8.067757803546762716e+02
7.631120341999951506e+02
7.551631886451269793e+02
7.129739817835142048e+02
6.749246863486727079e+02
6.697993951714499872e+02
6.396938576236738072e+02
6.116405574120416304e+02
6.087425528780725017e+02
5.783597030712853666e+02
5.521235281092775722e+02
5.583396801964773886e+02
5.354673341183945467e+02
5.060273534315361985e+02
5.119270396302561039e+02
4.974595812063589051e+02
4.717707987288550839e+02
4.759765114405089435e+02
4.627285250159226280e+02
4.390026868449227777e+02
4.458111427573738865e+02
4.356038074426284652e+02
4.113012043603421830e+02
4.184201318475397215e+02
4.116804285702249899e+02
3.881808038096926907e+02
3.964576625691325376e+02
3.934521035986192601e+02
3.695656203772176127e+02
3.768709202339546209e+02
3.771791612629489805e+02
3.530776338370706071e+02
3.577160601094379331e+02
3.596638316854069899e+02
3.357160904754468902e+02
3.397520541861021002e+02
3.457570150233948993e+02
3.232047101062765364e+02
3.244081430618199988e+02
3.315488330682796345e+02
3.097542163553011960e+02
3.095616587422682073e+02
3.200526045309314895e+02
3.009226683022856150e+02
2.975200582113870951e+02
3.071304632892760651e+02
2.893832128833082606e+02
2.863129541474303892e+02
2.985710882292117390e+02
2.825072519405498497e+02
2.766816700886926128e+02
2.885915019407313480e+02
2.736815100708610089e+02
2.668554486350814159e+02
2.802377403985532283e+02
2.666478484545571632e+02
2.567295356461633560e+02
2.702669562647259909e+02
2.597641627077048838e+02
2.492541616245403588e+02
2.624697653758020692e+02
2.534378506231452945e+02
2.417036972706561642e+02
2.548195168510929420e+02
2.475423307708401524e+02
2.346361188269128775e+02
2.474003331638371037e+02
2.418694622012417028e+02
2.282440242662047467e+02
2.411748820771188946e+02
2.374359114383433962e+02
2.219322398362143929e+02
2.339473025475624866e+02
2.328682357455589909e+02
2.169694881023046662e+02
2.277064450279279981e+02
2.285121734041263437e+02
2.121498421979262616e+02
2.212268047937079416e+02
2.234289610453655541e+02
2.070686365094522330e+02
2.155560989053311687e+02
2.195832667636564111e+02
2.025398855130311802e+02
2.094187538818967198e+02
2.156901469783652203e+02
1.990068708210520185e+02
2.038258717269072520e+02
2.115521459664415715e+02
1.954722794659093381e+02
1.984672159128133444e+02
2.074784872024075071e+02
1.922616890595839436e+02
1.936597411803279272e+02
2.037920549048113799e+02
1.893636112695785130e+02
1.889129983913714455e+02
1.999105258934342260e+02
1.865278200497900798e+02
1.845894458426253379e+02
1.964197871705140699e+02
1.838856881044495140e+02
1.801207342902555695e+02
1.928973684591400399e+02
1.817916816495875310e+02
1.760677973449877527e+02
1.891885452626755182e+02
1.797026027131375088e+02
1.723434380265021559e+02
1.854697221113689238e+02
1.775397108135171322e+02
1.687860087637806430e+02
1.818428284341662504e+02
1.754803522875832300e+02
1.654083910206636006e+02
1.783325731560481415e+02
1.737515966448955567e+02
1.623555429297229580e+02
1.745697278412768298e+02
1.718062665525376360e+02
1.597667530412190615e+02
1.712703366442597428e+02
1.698584415415174362e+02
1.568337011414138544e+02
1.677044684246785948e+02
1.681823673186145243e+02
1.544723930317732652e+02
1.641536544318891231e+02
1.663548137409053993e+02
1.523868805895340302e+02
1.608423426871559059e+02
1.646020684769061688e+02
1.504883450415562152e+02
1.575507458798524851e+02
1.627602620182218232e+02
1.487294158336527232e+02
1.543490998162513392e+02
1.609128827731319404e+02
1.471728539934596824e+02
1.512999174975294068e+02
1.590744273667879725e+02
1.457402479603859149e+02
1.482946856703154879e+02
1.571818016709739254e+02
1.444335894548175361e+02
1.453659799159642603e+02
1.552852779693504033e+02
1.433815136318639532e+02
1.426012767512295909e+02
1.532186131778929052e+02
1.422663495974603620e+02
1.398876694529696749e+02
1.510575400611550378e+02
1.411602092524890111e+02
1.373060278276156794e+02
1.489875776895539161e+02
1.402820634954177308e+02
1.348477140782196102e+02
1.467346953180345110e+02
1.394029726028661855e+02
1.326580738846671181e+02
1.445784411220939205e+02
1.386018851397341223e+02
1.305639045166258256e+02
1.423222056039713550e+02
1.378215329374078806e+02
1.286864497913490766e+02
1.400531370436814598e+02
1.369839212735317631e+02
1.268863760219351491e+02
1.377329749707383826e+02
1.361394774473478435e+02
1.252637762547706757e+02
1.354611530575581924e+02
1.353673698018166931e+02
1.238505591853469809e+02
1.331610721407752180e+02
1.345150640236037134e+02
1.225525833372731910e+02
1.308330110447047616e+02
1.335776022938559038e+02
1.213683160399267678e+02
1.285249762757851499e+02
1.326119887332488076e+02
1.203492727132800155e+02
1.262710272607158970e+02
1.315982539606683588e+02
1.194364728382018512e+02
1.240227006222466173e+02
1.304984660973735799e+02
1.186568879071702156e+02
1.219054776922087484e+02
1.294041810255104679e+02
1.179593726452373801e+02
1.197750778565775676e+02
1.282114494539765701e+02
1.173484671459000026e+02
1.176988979891666958e+02
1.269624670474435106e+02
1.168786541669189347e+02
1.157342255552998580e+02
1.256009165096006654e+02
1.164255462730788935e+02
1.138739951374707431e+02
1.241951769937027592e+02
1.160189451044842741e+02
1.121044092790515236e+02
1.227182811289931550e+02
1.156369895771125869e+02
1.104421515088413770e+02
1.211909705238140589e+02
1.152846112581465405e+02
1.089077666140363760e+02
1.196307803492444322e+02
1.149473270832921088e+02
1.074646953099709918e+02
1.179991958043613778e+02
1.146208847233885848e+02
1.061653873607268395e+02
1.163057439087317135e+02
1.142484872450255722e+02
1.049989873740313726e+02
1.146039167866319701e+02
1.138541128476864230e+02
1.039477380521853718e+02
1.128886284498553465e+02
1.134552161245547666e+02
1.030316768790618767e+02
1.111229381894213901e+02
1.129582861502701974e+02
1.022017837142882257e+02
1.093590472974890559e+02
1.124437324776839233e+02
1.015282677014402282e+02
1.076211602177206998e+02
1.118661183062384907e+02
1.009356830855645626e+02
1.058719483476794068e+02
1.112174482535338313e+02
1.004578824899911069e+02
1.041695276874946501e+02
1.105052196370721020e+02
1.000505159375063045e+02
1.024811743127871608e+02
1.097165148855204251e+02
9.973515106087540971e+01
1.008591135602895008e+02
1.088627289069053603e+02
9.948164297881874063e+01
9.928984465930919612e+01
1.079310310856745900e+02
9.927293784442746016e+01
9.779233518115124468e+01
1.069502075714306955e+02
9.912354981948097077e+01
9.636285374174471485e+01
1.058833194832290161e+02
9.899898755279694740e+01
9.502683620956742061e+01
1.047541516673304187e+02
9.888515909825950700e+01
9.377649080273937443e+01
1.035645669033040690e+02
9.878168511966261178e+01
9.263010038977661509e+01
1.023242608277492423e+02
9.867361179208005240e+01
9.157860176098779448e+01
1.010254093438901890e+02
9.855055234242841777e+01
9.064515128906161578e+01
9.969064440187867149e+01
9.839392689987880658e+01
8.980414366625073797e+01
9.831909548992595660e+01
9.821470034907980562e+01
8.908186959983336806e+01
9.691984396622778775e+01
9.798437147295892657e+01
8.845817793982635635e+01
9.550446310787798154e+01
9.770869648848768918e+01
8.793667694031421433e+01
9.407978108015045393e+01
9.737816695104334030e+01
8.751166884367130194e+01
9.265340384179384614e+01
9.698112772558211248e+01
8.717124673115317535e+01
9.124111838132279217e+01
9.652646270680280338e+01
8.691743467635593845e+01
8.985302656124028431e+01
9.600535732432685165e+01
8.673245335943938983e+01
8.849147269226862988e+01
9.541289369709326706e+01
8.660825941547135187e+01
8.716791810734716250e+01
9.474735103294689509e+01
8.653579597786139743e+01
8.589866765477611921e+01
9.401501140967721426e+01
8.650667272831454113e+01
8.469456205756459610e+01
9.321929057124670237e+01
8.650945388724326790e+01
8.355948093456780157e+01
9.235557884859525757e+01
8.652496549156668948e+01
8.249714275878818626e+01
9.143152046791919929e+01
8.655050404842418743e+01
8.151724604887071735e+01
9.044872125579935584e+01
8.657189449971680517e+01
8.062397871120730031e+01
8.941458727264608797e+01
8.658270672597511464e+01
7.982217574222239875e+01
8.833360174811690513e+01
8.657342374203710733e+01
7.911617256928958852e+01
8.721285711064960822e+01
8.653272351566219811e+01
7.850310341143165260e+01
8.605936333590084075e+01
8.645538929184532151e+01
7.798397728152158948e+01
8.487964236089536030e+01
8.633224081221968049e+01
7.755657070622727645e+01
8.368479794287864593e+01
8.615903652510107236e+01
7.721566517368765403e+01
8.248181108773792403e+01
8.593080798624622219e+01
7.695738122585618157e+01
8.128082408729443387e+01
8.564369564207483165e+01
7.677438915163263289e+01
8.009005425969898795e+01
8.529455830041699471e+01
7.666033880248862431e+01
7.891946392953987299e+01
8.487983370411510009e+01
7.660441066298002966e+01
7.777817999626925882e+01
8.440041734332606893e+01
7.659995122632827247e+01
7.667609102332289694e+01
8.385493341737854678e+01
7.663504859082942744e+01
7.562076152414623209e+01
8.324538142445277344e+01
7.670292124654639565e+01
7.462228054562244495e+01
8.257190371580142596e+01
7.678995213717759327e+01
7.368619041909785494e+01
8.183815081474993747e+01
7.688862875495365756e+01
7.282017677691118251e+01
8.104676394738868339e+01
7.698808400006370789e+01
7.202974192465042336e+01
8.020310290092079697e+01
7.707994891533483894e+01
7.131805754100730610e+01
7.931004148791032549e+01
7.715513805167073258e+01
7.069068496676260338e+01
7.837558444312541894e+01
7.720547250557466157e+01
7.014719503243834708e+01
7.740480995765170746e+01
7.722378837509069172e+01
6.968827985937576841e+01
7.640421186166574330e+01
7.720272259300622864e+01
6.931261952881176569e+01
7.538195141271262401e+01
7.713736559621648325e+01
6.901804436582696667e+01
7.434581802132734651e+01
7.702265789199856272e+01
6.880065605917936011e+01
7.330361804661164626e+01
7.685351094315960552e+01
6.865488022031425430e+01
7.226474374605356843e+01
7.662747564950791457e+01
6.857416420895354747e+01
7.123707822058564432e+01
7.634167877971080429e+01
6.855127996349348507e+01
7.022983568976499669e+01
7.599526378694784512e+01
6.857857676153115278e+01
6.925131803946031539e+01
7.558708192775137036e+01
6.864727644146235264e+01
6.830992334929601384e+01
7.511723657904150286e+01
6.874830778345996407e+01
6.741373133492400882e+01
7.458695895823584010e+01
6.887264538621164434e+01
6.657017844065565271e+01
7.399815180173322915e+01
6.901124994865364215e+01
6.578604081223505773e+01
7.335344543188064392e+01
6.915496314709237424e+01
6.506679235790564064e+01
7.265599093677808185e+01
6.929518340804465026e+01
6.441763403564374357e+01
7.191013471227851994e+01
6.942349803144649911e+01
6.384206042170678330e+01
7.112093117324458547e+01
6.953248439940674075e+01
6.334215339235989717e+01
7.029303333004897070e+01
6.961466874855847209e+01
6.291957486641220498e+01
6.943290547235930887e+01
6.966341470174712924e+01
6.257406185854274838e+01
6.854764437388283227e+01
6.967325462799426816e+01
6.230357603101243313e+01
6.764375144203944501e+01
6.963905182968595398e+01
6.210533967824169110e+01
6.672863609041422706e+01
6.955653284220795740e+01
6.197529325902795705e+01
6.580984166377328393e+01
6.942180626949081557e+01
6.190781527387962058e+01
6.489495005646203651e+01
6.923199048609355089e+01
6.189741661652080040e+01
6.399344717289236684e+01
6.898606903012941416e+01
6.193723933204996257e+01
6.311354265283917186e+01
6.868285836867435989e+01
6.201872098691974600e+01
6.226240399675716475e+01
6.832223221194796281e+01
6.213398458017523041e+01
6.144755920083284906e+01
6.790529181574422068e+01
6.227522822647770795e+01
6.067394265036198675e+01
6.742938201775949381e+01
6.243216012353157396e+01
5.995133403531345095e+01
6.690202678057318053e+01
6.260079986517914108e+01
5.928513493976071658e+01
6.632210003814651600e+01
6.276997077456675100e+01
5.868048372812729241e+01
6.569355154192686541e+01
6.293167738558882007e+01
5.814185767551447981e+01
6.502104204474314031e+01
6.307814683564294000e+01
5.767162546003746826e+01
6.430953254337734393e+01
6.320280855032211775e+01
5.727136463614728257e+01
6.356437630173370223e+01
6.329978521174293604e+01
5.694146386141004257e+01
6.279075720287988815e+01
6.336339504452669047e+01
5.668175983613758007e+01
6.199484298426364148e+01
6.338820334329897577e+01
5.649040026569154804e+01
6.118342651440793389e+01
6.336960609466853356e+01
5.636422745970579484e+01
6.036387812199320280e+01
6.330398745011581951e+01
5.629871815327061313e+01
5.954356167450814752e+01
6.318862432353916603e+01
5.628843590623775128e+01
5.872975828413149202e+01
6.302165565487236165e+01
5.632757915291591644e+01
5.792966876944701227e+01
6.280143443501040679e+01
5.640959958346441283e+01
5.715073763736106827e+01
6.252706975948004953e+01
5.652747069724032514e+01
5.640054481886812709e+01
6.219830962460917334e+01
5.667325245081829621e+01
5.568630336020689242e+01
6.181608059574804770e+01
5.683898974808855087e+01
5.501452798099856523e+01
6.138205634368798513e+01
5.701693019339172253e+01
5.439097647390317292e+01
6.089838130820483997e+01
5.719961017209055854e+01
5.382082800041433757e+01
6.036762572262558280e+01
5.737967248957426136e+01
5.330861206347226044e+01
5.979296543882637849e+01
5.754989889379469048e+01
5.285805927431140105e+01
5.917841968527599761e+01
5.770333313723122615e+01
5.247157599787237103e+01
5.852871125357822280e+01
5.783365843204784795e+01
5.215023850059282040e+01
5.784902613820599981e+01
5.793529208307268163e+01
5.189391820131213962e+01
5.714485502488498270e+01
5.800340831961074883e+01
5.170160750176868447e+01
5.642194374318586370e+01
5.803351997115885297e+01
5.157124721878966511e+01
5.568652776490284850e+01
5.802163550152068439e+01
5.149963786280825673e+01
5.494536233178220641e+01
5.796445187060039927e+01
5.148237635364959885e+01
5.420552354034109044e+01
5.785957864419128072e+01
5.151408391811897047e+01
5.347406596841178583e+01
5.770550804066409256e+01
5.158878234942286412e+01
5.275773568402039615e+01
5.750125145783469804e+01
5.170023002650179222e+01
5.206331974822376196e+01
5.724628477931640447e+01
5.184179248311631483e+01
5.139768125334259707e+01
