2.804029616520621175e+02
2.213139358508655334e+02
2.595811306782966312e+02
2.889410011584413951e+02
2.286356621583293816e+02
2.607699681806614649e+02
2.972269030638901199e+02
2.366832411878528148e+02
2.620681255759854480e+02
3.055532120671945222e+02
2.455417270420999500e+02
2.633306978555241926e+02
3.138469918050657270e+02
2.555232487683069564e+02
2.649398491350511335e+02
3.220140730313144672e+02
2.661882964138486614e+02
2.666153279870455322e+02
3.299236754287725262e+02
2.776510369779279017e+02
2.688161551111543872e+02
3.379041802480026035e+02
2.900739707856475889e+02
2.715401010112403242e+02
3.457937150193798175e+02
3.033343355469849030e+02
2.746904522895447940e+02
3.532020385130217051e+02
3.170897740961924569e+02
2.787163472903638421e+02
3.608128894939189877e+02
3.319118549511845799e+02
2.837158862287568581e+02
3.682336249444805958e+02
3.474300212798257803e+02
2.898197717548559922e+02
3.756173106362871863e+02
3.636783016446651686e+02
2.970092095909386103e+02
3.828678235815928588e+02
3.808181395665720288e+02
3.059506863304011404e+02
3.901327171988391456e+02
3.983243343175339533e+02
3.160598391233941129e+02
3.977038995930120677e+02
4.170735836384725417e+02
3.279849913419176914e+02
4.051692531844580003e+02
4.365094604428981029e+02
3.417047308301323483e+02
4.126873136557840098e+02
4.569276062901614068e+02
3.582525894945893583e+02
4.210987985381390786e+02
4.782025734955871599e+02
3.765566214690151696e+02
4.297230894144196895e+02
5.004371999419792019e+02
3.973707753334169865e+02
4.390313952947668099e+02
5.237632796165328273e+02
4.210556767991446918e+02
4.495319211499720495e+02
5.481355789073571714e+02
4.468624074102602890e+02
4.609355536531726329e+02
5.744790240608807608e+02
4.766333252206659949e+02
4.738690397447039118e+02
6.024662267537415801e+02
5.108979288322264551e+02
4.899467206972972804e+02
6.323631565919106379e+02
5.481616847316611256e+02
5.073675995720985838e+02
6.636556466617647629e+02
5.894202947400120820e+02
5.287113511169019375e+02
6.987474757063009747e+02
6.361831755574733052e+02
5.533089642403168682e+02
7.365831834280688781e+02
6.884784284976284425e+02
5.830134894208023297e+02
7.800921478462528285e+02
7.498427400700094267e+02
6.185630858429155978e+02
8.274135334412875409e+02
8.203119250525680854e+02
6.652479729369135839e+02
8.841356653929058211e+02
9.032542079410857241e+02
7.211140949906514379e+02
9.460040388334049339e+02
9.961737418664724828e+02
7.887693510182261889e+02
1.020260364714887032e+03
1.107474460416813599e+03
8.741148133710902357e+02
1.111222752268560271e+03
1.242341687058188199e+03
9.795450724996533154e+02
1.225430631756854154e+03
1.418809675958297703e+03
1.128705367775931563e+03
1.373789147552221948e+03
1.641434633169420749e+03
1.318240198237393770e+03
1.558726581672449129e+03
1.930168423096474271e+03
1.586007254510237544e+03
1.840679659822768144e+03
2.362295710714798588e+03
1.987641602757617875e+03
2.250012601621011527e+03
3.026728779472269707e+03
2.670972873031519612e+03
2.962794883599745390e+03
4.158619956412618194e+03
3.879935686921594424e+03
4.411070400296714070e+03
6.761687688114255252e+03
7.037203856956574782e+03
8.723107908199554004e+03
1.680078023461801422e+04
2.430294635681025829e+04
2.559865954832328134e+04
1.979967273589341494e+04
1.100341052642150862e+04
6.831266404711938776e+03
7.062825830046391275e+03
5.144222045968835118e+03
3.575144858667087192e+03
4.139123626318767492e+03
3.349931723047409832e+03
2.388695471223234563e+03
2.895280946306746955e+03
2.505791258487069626e+03
1.799780469816442974e+03
2.211352888340495610e+03
2.003591588936356629e+03
1.421918394823319659e+03
1.757326572537474021e+03
1.665843734089890177e+03
1.180794279704226255e+03
1.452169063940446676e+03
1.428401314902227341e+03
1.004863058423002144e+03
1.223850207464015739e+03
1.254249476202955975e+03
8.878140578986536866e+02
1.054830309685860129e+03
1.116385445090395706e+03
7.887463388958872201e+02
9.087971174347566148e+02
9.963818094578335831e+02
7.100738401838223126e+02
7.939027800090741493e+02
8.985051884483719959e+02
6.494233893357312581e+02
7.058103757823766955e+02
8.206742718384637101e+02
5.966173785883671599e+02
6.260098075720113684e+02
7.557986637169892674e+02
5.621344866221207894e+02
5.606974456651006449e+02
6.950228886921504454e+02
5.292158687030425881e+02
5.042352239865733736e+02
6.393035239670664396e+02
4.976946825627831572e+02
4.573089514634206694e+02
5.937896895861152871e+02
4.704673463414277421e+02
4.068228685546692986e+02
5.450193045503579015e+02
4.479531417257140333e+02
3.761925087822681348e+02
5.101126500410354083e+02
4.291010388864939955e+02
3.408474070463058752e+02
4.721051404575690640e+02
4.116639438769097978e+02
3.116582630565019940e+02
4.346229015866133523e+02
3.926732260429951680e+02
2.883090196931703417e+02
4.023460287651502654e+02
3.748419602406742683e+02
2.658889741226885803e+02
3.719575298999160964e+02
3.605137203168321207e+02
2.522613315556589555e+02
3.441072253048848211e+02
3.408243698227202572e+02
2.331437412068934236e+02
3.219508234622479108e+02
3.315072695337030382e+02
2.230124559306424032e+02
2.980173247447929725e+02
3.163742821347759104e+02
2.068948109312027270e+02
2.727171878470325055e+02
3.039056388788392269e+02
2.002958158700932643e+02
2.521104155682722023e+02
2.908082442301336528e+02
1.914343081530465156e+02
2.306420861040768102e+02
2.784670559636890061e+02
1.881533854695487094e+02
2.113608613935344636e+02
2.615116637949303708e+02
1.791583203345843458e+02
1.971083207624984368e+02
2.514209013110913418e+02
1.741926591014094186e+02
1.814605866049185181e+02
2.399205062773799852e+02
1.707584028584385294e+02
1.702053730097052267e+02
2.298377432677508523e+02
1.628814153726086431e+02
1.521298165880496356e+02
2.197209853158656756e+02
1.626208989826619700e+02
1.383003204039586933e+02
2.062430973614916070e+02
1.578149737682451530e+02
1.246762570299866155e+02
1.928084585649339715e+02
1.538256357505779306e+02
1.183164504258005536e+02
1.849497189189563926e+02
1.530217819394540300e+02
1.111090977740743853e+02
1.726611366260300997e+02
1.458800238253513157e+02
1.037875388150801967e+02
1.638332557734291015e+02
1.392819403575171577e+02
9.450172839688868009e+01
1.582059988104484773e+02
1.391201385890349229e+02
8.714230355855079324e+01
1.493344578124025759e+02
1.365735971619697011e+02
8.083124468328341550e+01
1.407969269602791371e+02
1.337881384713552109e+02
7.506269766943466948e+01
1.320494963180050263e+02
1.304997444942528659e+02
7.035870047517249759e+01
1.243554848646901831e+02
1.281323881065999046e+02
6.571171595350604377e+01
1.135242344889010155e+02
1.221261381632737368e+02
6.368257515887944464e+01
1.090324560820108246e+02
1.204081196035408823e+02
6.280799949279758465e+01
1.041076334444153275e+02
1.184843211467779014e+02
6.049335038085320804e+01
9.808170374057029051e+01
1.171482564236864619e+02
6.060058690824033789e+01
8.960341566287351611e+01
1.114856124874539205e+02
6.047007281029806336e+01
8.891516638502949377e+01
1.121273497790622571e+02
6.300051091359789979e+01
8.719313077588840599e+01
1.119497004998630416e+02
5.931417619681570130e+01
7.619441238385046233e+01
1.078567847230313816e+02
6.117941541484478307e+01
6.987707256327421135e+01
1.031408475200970685e+02
6.318477894000481143e+01
7.005655589443186670e+01
1.023903331208618681e+02
6.690307657409354647e+01
7.094696769437992145e+01
9.958019787052401739e+01
6.067856399918372290e+01
6.438046418735493148e+01
9.768878157520160244e+01
6.073767932512114243e+01
6.309842477825527141e+01
9.974786912076278611e+01
6.550035588752380988e+01
5.927051866634857191e+01
9.749756532828213551e+01
6.779308287890575002e+01
5.674586805932573697e+01
9.448748044154626768e+01
6.856650773124907516e+01
5.443901688166974395e+01
8.895662610232589884e+01
6.393330376473414844e+01
5.821722093424728683e+01
9.566384892399651108e+01
7.020620368376995657e+01
5.319045751911298225e+01
9.050756071855643370e+01
6.751709088054829522e+01
5.208337172772368717e+01
9.177353681073168445e+01
7.166033345206540162e+01
5.524160404878024622e+01
9.313053689662292811e+01
7.293185999846255640e+01
5.532820386575766491e+01
9.646341987480917624e+01
7.802885752105419215e+01
5.124409971936177755e+01
9.292688480023679176e+01
7.897022693734157883e+01
5.445333377969787136e+01
9.738577601085248148e+01
8.669961686095659559e+01
5.278500247045393223e+01
8.877833154580497421e+01
8.122200610343234928e+01
5.796381811797998296e+01
9.623018107889869555e+01
8.583010803443676195e+01
5.488263305682787774e+01
9.685565216550749312e+01
9.178960369197015723e+01
6.303047711144030529e+01
1.047842982905793292e+02
1.027601118324899971e+02
6.695357481402776045e+01
1.030432792944436784e+02
1.050362582062239767e+02
6.418209016954946833e+01
9.464883146928457336e+01
1.029194179245404399e+02
7.534930529351225914e+01
1.067732268584500730e+02
1.118019768123856750e+02
7.608300482746989246e+01
1.042773110055609465e+02
1.151694299219278861e+02
8.418898519630916155e+01
1.076974132732045604e+02
1.176230328428902681e+02
9.041021540795922817e+01
1.171081944208141863e+02
1.258962365788230642e+02
9.322889790945959021e+01
1.223001629257446439e+02
1.382591439351936060e+02
1.037671725526480628e+02
1.241748504420493475e+02
1.449100258323244077e+02
1.166307934575676200e+02
1.321114043169581294e+02
1.510807453383314396e+02
1.268620920270312524e+02
1.462962420966551633e+02
1.652937099467872883e+02
1.370609558663048801e+02
1.549194724002416308e+02
1.780898882348271570e+02
1.470561321565676849e+02
1.587158992788268677e+02
1.889337940872853494e+02
1.678832241287595366e+02
1.801433415064268502e+02
2.080971442572397052e+02
1.834935290924969991e+02
1.918067640782960268e+02
2.254287046803410703e+02
2.063770495720422105e+02
2.114939426997540863e+02
2.446410114236728646e+02
2.288726869191217190e+02
2.363893681882770466e+02
2.734027204277307987e+02
2.596847450423304622e+02
2.650043358952342487e+02
3.051505057460233843e+02
2.959085888996951894e+02
3.029845338276473399e+02
3.486968923193102228e+02
3.402422283699538639e+02
3.370653215357512522e+02
3.845615823168790826e+02
3.856110883384070007e+02
3.854607109597122303e+02
4.425633021074973499e+02
4.594453411911349008e+02
4.588460000321211396e+02
5.099521658812418536e+02
5.378759702902935942e+02
5.534220060911903829e+02
6.158504918089041666e+02
6.573416929078392741e+02
6.895637579556057517e+02
7.751276433463365265e+02
8.446963920349620594e+02
8.929932078991150775e+02
9.874555035841956396e+02
1.083980848152715453e+03
1.180068278060696912e+03
1.336315920601625294e+03
1.498134172505344168e+03
1.651757632457309228e+03
1.876286922907158214e+03
2.131070084345652504e+03
2.356735114448928471e+03
2.594733689662277811e+03
2.796602655331159895e+03
2.836751181350984098e+03
2.728160173399677660e+03
2.565097047702609416e+03
2.358165402499183074e+03
2.127554772446557308e+03
1.942066401280739456e+03
1.765362703703459601e+03
1.569768778352071195e+03
1.447336738829875685e+03
1.367305175470874701e+03
1.234263548062391237e+03
1.132263170356026649e+03
1.096719766537114765e+03
1.020274795624820513e+03
9.392392083188697143e+02
9.140690340942700232e+02
8.633896091520490472e+02
7.986802523584868823e+02
7.813587282568713590e+02
7.503265843548281282e+02
7.024026429858275833e+02
6.848702175589824037e+02
6.540372754956129029e+02
6.201009374696266150e+02
6.214686110890465898e+02
5.968277455338171649e+02
5.568900709526595847e+02
5.599981777188623937e+02
5.452721566481545779e+02
5.086690028587484562e+02
5.131942424611044089e+02
5.038216137808409485e+02
4.688282645551781229e+02
4.762221832023060415e+02
4.737907713779720211e+02
4.374148956732935858e+02
4.406735337402781738e+02
4.436126582201195561e+02
4.099430563330361110e+02
4.101805115278938274e+02
4.164408525724737160e+02
3.864530897093293902e+02
3.861818130964460920e+02
3.950856576014231791e+02
3.656261173426297546e+02
3.618640367091932148e+02
3.742430637631443346e+02
3.499110554157051638e+02
3.452158708470550437e+02
3.580230715632878855e+02
3.353990596511824833e+02
3.297146688167712796e+02
3.440971176967395877e+02
3.227836126360476214e+02
3.144210174541777292e+02
3.293957649152409886e+02
3.094603555837996396e+02
2.995437096560648342e+02
3.171106231010886063e+02
2.998405391875870691e+02
2.865134658550200015e+02
3.044315038051418583e+02
2.908789980376157587e+02
2.762525647188376752e+02
2.938152154735573731e+02
2.824176353876808889e+02
2.658100663949289242e+02
2.832383172663007826e+02
2.748406248382516992e+02
2.565832146650586196e+02
2.727486581811822361e+02
2.671089052146628546e+02
2.489681821498127761e+02
2.648828930656731586e+02
2.607296944217227406e+02
2.401221334546467574e+02
2.551076161834313609e+02
2.545865296584179305e+02
2.338387602193771500e+02
2.471200907010309891e+02
2.486659024055537088e+02
2.273724882036453891e+02
2.392542066452029417e+02
2.434709417866961303e+02
2.222482444450474759e+02
2.319895200498367274e+02
2.377827501342253242e+02
2.166269258439194232e+02
2.253602691769146702e+02
2.337168296555083487e+02
2.123042594120138062e+02
2.179539577050882428e+02
2.280066767775170717e+02
2.077087012949550626e+02
2.120410118215613977e+02
2.241060471429463803e+02
2.041548181937933180e+02
2.055444979232658227e+02
2.191576100517245322e+02
2.005404534754033534e+02
1.997423203830581429e+02
2.148147699044878038e+02
1.975738893893418719e+02
1.942671298391740891e+02
2.104816853503035077e+02
1.948810485102086716e+02
1.887053739005463342e+02
2.053839612003228297e+02
1.921394442858875493e+02
1.844116113154135803e+02
2.012721180618433436e+02
1.895498246638305488e+02
1.798266888694691090e+02
1.970747125403382825e+02
1.874746555187785475e+02
1.757789497464000306e+02
1.926061619810936918e+02
1.849419487890164646e+02
1.719407488887177635e+02
1.888580918967776086e+02
1.832155353276166636e+02
1.681742385910632436e+02
1.843955757816364951e+02
1.812268940761223348e+02
1.648022583149000013e+02
1.798393190408364433e+02
1.791615027427885423e+02
1.622400708055992027e+02
1.759593675465109470e+02
1.771120227969987866e+02
1.595033192028088820e+02
1.720481761154135256e+02
1.752905900698490598e+02
1.570670699275229651e+02
1.680062090070512966e+02
1.734755800811173287e+02
1.552402595547147826e+02
1.642058387266683894e+02
1.713387160155886306e+02
1.531765678194128952e+02
1.603735984086289363e+02
1.693427413201767422e+02
1.514790693427478914e+02
1.565492055252680643e+02
1.672175573757025404e+02
1.501914405814732731e+02
1.531511682949130773e+02
1.650550068280516314e+02
1.488335025330135579e+02
1.497636526128240178e+02
1.629644753825952534e+02
1.478020247698152048e+02
1.464342445537531603e+02
1.605516683387210435e+02
1.467564987197696666e+02
1.433608927576900101e+02
1.581467459113910650e+02
1.457454277748873608e+02
1.404273613271384988e+02
1.558366087249035843e+02
1.450599490165021450e+02
1.377454438831653931e+02
1.532969296626184246e+02
1.441919105032924620e+02
1.351970015834135097e+02
1.508639609219977444e+02
1.435521772157548526e+02
1.328414266603359408e+02
1.482298834400568808e+02
1.428291973711991147e+02
1.307271784636132850e+02
1.456042042529951743e+02
1.421148046865608308e+02
1.288883819243150697e+02
1.430736829109845303e+02
1.413951095298349117e+02
1.270428396777554525e+02
1.403257522061087172e+02
1.406635711235281292e+02
1.256085707280894042e+02
1.376828972160398905e+02
1.398141733645537386e+02
1.242286909212687647e+02
1.350097604081002203e+02
1.389202399208258214e+02
1.229725642134608705e+02
1.322665499956715109e+02
1.379945408604915826e+02
1.220859807078536363e+02
1.297094446358594269e+02
1.369906684052125740e+02
1.212551647294028925e+02
1.271407189721713138e+02
1.359153658121712454e+02
1.205809117713600358e+02
1.245945168766062352e+02
1.346990335497957574e+02
1.199981229622891448e+02
1.221203564666871841e+02
1.334215372957891361e+02
1.195791445219180105e+02
1.197606956380792695e+02
1.320351279831144211e+02
1.192403106554856436e+02
1.175279413477268093e+02
1.305598522292534085e+02
1.189206439779423192e+02
1.153562582564855745e+02
1.290042680156590791e+02
1.187063706338495592e+02
1.133253695161649119e+02
1.273210240079085196e+02
1.184998866015768328e+02
1.114761312944854694e+02
1.256057604488445349e+02
1.183083562333824403e+02
1.097397571950282611e+02
1.238122461414646267e+02
1.181379060276621402e+02
1.081558280106946057e+02
1.219254529239038618e+02
1.179488249184725959e+02
1.067728823032448133e+02
1.200026168204566943e+02
1.177016587930920508e+02
1.055253378051475295e+02
1.180580962874346653e+02
1.174368010158751332e+02
1.044160779374505097e+02
1.160610712158663631e+02
1.171449235022929400e+02
1.034871395750233489e+02
1.140089736371918150e+02
1.167545482983009038e+02
1.027135324107759544e+02
1.119523101392437354e+02
1.162903307133488084e+02
1.021148591050369845e+02
1.099386928080968602e+02
1.157389418752949979e+02
1.016010824874597347e+02
1.079264526867541321e+02
1.151254818090093295e+02
1.012199401459209440e+02
1.059218443754558052e+02
1.144139775868348323e+02
1.009737039552998397e+02
1.039831197466949817e+02
1.136047491410620438e+02
1.008060847732756855e+02
1.020983090333761112e+02
1.127060092820468356e+02
1.007201123074920162e+02
1.002830004174299887e+02
1.117131074731146754e+02
1.006971680360844914e+02
9.854639669460654261e+01
1.106278467264091177e+02
1.007376327308804349e+02
9.691746689734794984e+01
1.094371971024908134e+02
1.007845814481454170e+02
9.539682668334737059e+01
1.081838634795489043e+02
1.008714349757704980e+02
9.399471538670522364e+01
1.068305565959146008e+02
1.009436002671717461e+02
9.272121957433567729e+01
1.054027870315265289e+02
1.009929185726715986e+02
9.158513551521130580e+01
1.039311989350871386e+02
1.010342669476468984e+02
9.058489842235246670e+01
1.023878201700941304e+02
1.010216455016639685e+02
8.971949387673231513e+01
1.008036549918563907e+02
1.009649203086009521e+02
8.899296843921608513e+01
9.918182985697134768e+01
1.008440683078728455e+02
8.839031270496418813e+01
9.753113422659252763e+01
1.006689134742626379e+02
8.793673420635876425e+01
9.586523038092684601e+01
1.004033715211364495e+02
8.759734525417161422e+01
9.420364183211491138e+01
1.000633976626763797e+02
8.737499089837936594e+01
9.255362649261597596e+01
9.963215822219110862e+01
8.724872844068667632e+01
9.093057133872412123e+01
9.911537189909441281e+01
8.721040771950036685e+01
8.934248195051064556e+01
9.850785942509108395e+01
8.725267990881158653e+01
8.781035547694072818e+01
9.780690058629917871e+01
8.735079893215851143e+01
8.634465439508149132e+01
9.702394925385002011e+01
8.750071714273340717e+01
8.494914380318078884e+01
9.614341487023908428e+01
8.768037429849091779e+01
8.364896002560386989e+01
9.518597719838845705e+01
8.788052231483098353e+01
8.244026328124303404e+01
9.413867607286769612e+01
8.808052004423636561e+01
8.134280241926488486e+01
9.302189921919342908e+01
8.827457780368452234e+01
8.035842725834690725e+01
9.183132396845323342e+01
8.844168452607617326e+01
7.949537366041252540e+01
9.058653045269396387e+01
8.857999624789100324e+01
7.875407561415818236e+01
8.928633097763197668e+01
8.867172906249815867e+01
7.813668175821247530e+01
8.794736349450330692e+01
8.871230178505264519e+01
7.763681477131198960e+01
8.657238765732748220e+01
8.869432194975976813e+01
7.725873196585820324e+01
8.517291360836090064e+01
8.860368747114443977e+01
7.699168405869652076e+01
8.376435097909417493e+01
8.844062644481820712e+01
7.682897564852723349e+01
8.235542221783940420e+01
8.819974334263277171e+01
7.676339026187456227e+01
8.095790771643459038e+01
8.787426322115605615e+01
7.678188346958323507e+01
7.958637663456721612e+01
8.746551880957255776e+01
7.687389254065922728e+01
7.825198581154872102e+01
8.697207547647009562e+01
7.702719857991363028e+01
7.696617704250104453e+01
8.639323071708241741e+01
7.722908644103760878e+01
7.574125236799572747e+01
8.572964427307135793e+01
7.746510546018031107e+01
7.458834346627413936e+01
8.498496191452100845e+01
7.772316402323724560e+01
7.351732038461007335e+01
8.416153458231131879e+01
7.798894313574488990e+01
7.253637970689035797e+01
8.326473023831140097e+01
7.825180739261733720e+01
7.165350444504072414e+01
8.229934381328973814e+01
7.849995172638526242e+01
7.087478074567754049e+01
8.127075875355779999e+01
7.872125497994539955e+01
7.020500496133338686e+01
8.018798411001235138e+01
7.890620674806693557e+01
6.964438808954031401e+01
7.905715089718387389e+01
7.904584150812236487e+01
6.919511418422571580e+01
7.788842193910953426e+01
7.913177441537766299e+01
6.885356406711338195e+01
7.669004235718080054e+01
7.915703606394612279e+01
6.861708243974048571e+01
7.547338599886386135e+01
7.911626805174192612e+01
6.847930995274334975e+01
7.424797668955264385e+01
7.900407468284454637e+01
6.843280244918356914e+01
7.302472871954331879e+01
7.881660782637661100e+01
6.846923721115628325e+01
7.181602318144173580e+01
7.855159826318143246e+01
6.857745306256036599e+01
7.063189835651347437e+01
7.820705942455899162e+01
6.874667998501196564e+01
6.948398422916136496e+01
7.778305642983458768e+01
6.896624144565082304e+01
6.838372386419403881e+01
7.727959789080367159e+01
6.922349832479852694e+01
6.734191432748967543e+01
7.669868183169026565e+01
6.950607197964488648e+01
6.636726249259389476e+01
7.604210966830706298e+01
6.980248056381815047e+01
6.546998126804480478e+01
7.531421919497245199e+01
7.010137388800916369e+01
6.465728221897887806e+01
7.451835746641343405e+01
7.039091080267313316e+01
6.393571851330690947e+01
7.366018811737345118e+01
7.066088707588164652e+01
6.331029392900766339e+01
7.274611881513811795e+01
7.090207985220953901e+01
6.278415508927110977e+01
7.178227877816431146e+01
7.110475195410954541e+01
6.235850787232069337e+01
7.077709220291394843e+01
7.126185723460321242e+01
6.203281315777970661e+01
6.973810722195005951e+01
7.136582972343143183e+01
6.180483762179193974e+01
6.867480493435722622e+01
7.141092751154259588e+01
6.167010199528027670e+01
6.759624538848950692e+01
7.139192532168763705e+01
6.162284393612961964e+01
6.651267637464495408e+01
7.130501341002053550e+01
6.165560355640096191e+01
6.543413952574586290e+01
7.114693198633960947e+01
6.175941816911852555e+01
6.437108826516985971e+01
7.091617325969613717e+01
6.192519314838111910e+01
6.333381550647768421e+01
7.061132362362597803e+01
6.214271289631420814e+01
6.233279123200664174e+01
7.023166624354793441e+01
6.240055266520483457e+01
6.137832690651948297e+01
6.977802046972428229e+01
6.268714075537386776e+01
6.048030981854999766e+01
6.925305196666639063e+01
6.299189111355375559e+01
5.964784405736919126e+01
6.866010824764038034e+01
6.330426859232328951e+01
5.888811325785829354e+01
6.800260213087588568e+01
6.361435465615857510e+01
5.820593762200982724e+01
6.728046283376161796e+01
6.390915388721615642e+01
5.760937538560709470e+01
6.650497258678377932e+01
6.418507976467158471e+01
5.710274765471491065e+01
6.567759680227011643e+01
6.442960311986394117e+01
5.668842349968900862e+01
6.480592588583218117e+01
6.463452581299759458e+01
5.636667031491044355e+01
6.389786681648193678e+01
6.479299778992361780e+01
5.613591166403220711e+01
6.296180192675451082e+01
6.489942489693584093e+01
5.599257253298866743e+01
6.200579011562646770e+01
6.494921210308247339e+01
5.593239167774704867e+01
6.103832049437885132e+01
6.493824548808122188e+01
5.594987820105320964e+01
6.006831154905923853e+01
6.486269078681083045e+01
5.603809989816838311e+01
5.910570409198386699e+01
6.471981270726462299e+01
5.618848680815645480e+01
5.816059476510474724e+01
6.450811023431633373e+01
5.639140680909513037e+01
5.724273601330306604e+01
6.422720497881843471e+01
5.663694043522323796e+01
5.636150063540411992e+01
6.387751922371676017e+01
5.691508572667407151e+01
5.552586459722753887e+01
6.346013920661518881e+01
5.721595717121009983e+01
5.474448649111700149e+01
6.297657295708694392e+01
5.752932264184104127e+01
5.402562309930669926e+01
6.242945978703877330e+01
5.784505082408882259e+01
5.337652931046429927e+01
6.182249104707243959e+01
5.815342833511611076e+01
5.280298453476497400e+01
6.116018121693235088e+01
5.844559279221395798e+01
5.230930084590218598e+01
6.044746031166953060e+01
5.871341901858790635e+01
5.189859104996040173e+01
5.968981614490802201e+01
5.894934301325228887e+01
5.157257866584311756e+01
5.889340013383937134e+01
5.914638035482093414e+01
5.133148998103371241e+01
5.806518052147524855e+01
5.929813344910343886e+01
5.117363283564106524e+01
5.721296101671801893e+01
5.939929738633460232e+01
5.109542166467544888e+01
5.634482067953721440e+01
5.944566674919308724e+01
5.109197078615833476e+01
5.546899187697988509e+01
5.943382009522259324e+01
5.115732974383549703e+01
5.459392106982772930e+01
5.936090892431229804e+01
5.128456554171844317e+01
5.372850748600352233e+01
5.922475935022847437e+01
5.146567340522692291e+01
5.288200693671050345e+01
5.902410667288857837e+01
5.169168444300461829e+01
5.206366466528800174e+01
5.875877517890206292e+01
5.195307772955953851e+01
5.128221939769112225e+01
5.842957310590411879e+01
5.224048224609422419e+01
5.054586281441017093e+01
5.803783924206263833e+01
5.254463804375073011e+01
4.986231395747039130e+01
5.758545173721189769e+01
5.285644270593434157e+01
4.923887885716210633e+01
5.707492509361637900e+01
5.316668628121534113e+01
4.868202768433705785e+01
5.650980350965897259e+01
5.346649963757722190e+01
4.819691359711318057e+01
5.589452443781936353e+01
5.374768180849891763e+01
4.778713499863707881e+01
