1.372368219205936555e+02
9.884296788336887118e+01
7.082114813807876885e+01
1.370617214701623254e+02
1.045770727979370065e+02
6.733624776805018541e+01
1.364618432808951241e+02
1.102198355169665973e+02
6.441130773549753030e+01
1.354397217400592410e+02
1.157182172541515115e+02
6.218884328512350379e+01
1.339822712334841981e+02
1.210364535811292086e+02
6.086347562925452337e+01
1.320532204804079583e+02
1.260469473040428880e+02
6.058165514574551480e+01
1.298074548418605900e+02
1.308626590322087679e+02
6.137553334533853899e+01
1.271290718305257599e+02
1.353637979772385620e+02
6.328830173027443351e+01
1.240838017621120315e+02
1.395383349946390581e+02
6.624600877522112796e+01
1.207012928235553773e+02
1.433763869717405726e+02
7.014818524841957981e+01
1.169884367931636717e+02
1.468227304217992639e+02
7.483674728836712120e+01
1.130187498741542811e+02
1.499041907261958784e+02
8.021660832689278209e+01
1.087748659725637737e+02
1.524783321700967633e+02
8.601512352843596432e+01
1.044650942100737154e+02
1.547292477682372009e+02
9.222906588622889501e+01
9.993674363774987057e+01
1.564440426762704419e+02
9.872231649057171410e+01
9.554781820010438764e+01
1.577468587517170135e+02
1.052832114614573271e+02
9.112841010737108149e+01
1.585842070338233327e+02
1.120076942405500944e+02
8.699976431575205993e+01
1.589745463191437977e+02
1.187609225190875293e+02
8.320687585079519977e+01
1.588415303160060148e+02
1.254144334605887963e+02
7.996838618035336310e+01
1.582758759384215637e+02
1.320064551920589793e+02
7.745443096065245925e+01
1.572083749418902983e+02
1.383919680945314212e+02
7.579731131053942761e+01
1.556843833652976059e+02
1.445819360271309790e+02
7.514404911915542584e+01
1.536754049985865720e+02
1.505378541771873984e+02
7.574977605395773139e+01
1.512419480937941785e+02
1.561661201818388918e+02
7.746496382764641453e+01
1.483866245676680933e+02
1.615290802262372551e+02
8.055923114496067683e+01
1.452588460965600063e+02
1.665993859714994869e+02
8.461698198100656043e+01
1.415555660607853952e+02
1.711357196396619997e+02
8.972977459225640473e+01
1.377432443611348845e+02
1.753856331944338365e+02
9.562804568753443846e+01
1.335406720918092560e+02
1.791625044361681489e+02
1.023136233240782360e+02
1.291360790663028695e+02
1.823319562745610085e+02
1.093369425356794267e+02
1.247832748352640095e+02
1.852641559048614681e+02
1.169542619526711889e+02
1.203673823258039164e+02
1.877091279773013923e+02
1.249417153884114384e+02
1.159375505987017760e+02
1.894534139968769182e+02
1.329286078628031191e+02
1.118029305437020611e+02
1.908373928179317147e+02
1.412610616921711824e+02
1.081654990548459949e+02
1.915218593847490638e+02
1.491532609336677524e+02
1.048315847782054817e+02
1.920017499665216576e+02
1.575682998788274745e+02
1.023834922603407875e+02
1.917909629241846403e+02
1.658166826835438599e+02
1.011323331462861006e+02
1.911572869869758904e+02
1.737741640492445470e+02
1.005665380090110119e+02
1.899172392769418423e+02
1.815920601671148233e+02
1.015176617536941706e+02
1.884406806790498479e+02
1.893560909212121715e+02
1.034619012144860335e+02
1.859938388043435964e+02
1.964580539712694929e+02
1.068991386284157414e+02
1.835201056228650600e+02
2.035916777611587065e+02
1.119608894942526973e+02
1.807372820105960045e+02
2.103515752972880648e+02
1.181359764150036540e+02
1.775883053710962827e+02
2.165885385086901067e+02
1.250067182479508432e+02
1.742624143105742860e+02
2.229106842245091968e+02
1.334914961084346317e+02
1.703722325973225225e+02
2.281562731938194020e+02
1.425223825162238995e+02
1.671069554256214644e+02
2.335097181329165039e+02
1.523014507551318673e+02
1.634426598816554588e+02
2.381944155334545030e+02
1.627497686663074603e+02
1.598849942621160096e+02
2.419243282326853546e+02
1.730729941243910162e+02
1.575519905562033500e+02
2.466449313696570016e+02
1.850561541818739784e+02
1.547013291329313915e+02
2.494509000518393123e+02
1.965074489191725320e+02
1.532730946952137003e+02
2.522236171824011990e+02
2.084866439498202055e+02
1.542650956396469439e+02
2.560354719449498475e+02
2.214266562844371720e+02
1.548614325509161631e+02
2.575878264073740525e+02
2.328232748496565421e+02
1.567782824458857363e+02
2.602961145002325907e+02
2.459961087788915677e+02
1.598108934595194626e+02
2.614212271381408641e+02
2.590143048849704996e+02
1.664524673246769453e+02
2.634249258156802398e+02
2.721354480330317074e+02
1.740023849033064494e+02
2.654402265933489389e+02
2.862224625662950643e+02
1.840203740710944089e+02
2.667712859062980328e+02
2.996223187099357119e+02
1.957117115328004218e+02
2.689006584080180460e+02
3.141275141205474029e+02
2.108807873566141495e+02
2.727795336884171888e+02
3.297294840233610103e+02
2.273085838507292920e+02
2.756126247709777886e+02
3.450236287859033268e+02
2.472982764387401744e+02
2.817502894086526339e+02
3.616492619051527413e+02
2.681610625071219829e+02
2.882832679531259714e+02
3.799163076754486497e+02
2.938153004163986566e+02
2.983834056863355499e+02
3.995040601032418408e+02
3.214756345232539161e+02
3.111881068311866443e+02
4.219766449234538186e+02
3.534601674859204650e+02
3.264591648374773172e+02
4.462150417639427928e+02
3.909415730695567959e+02
3.486048862696861761e+02
4.750806213412685679e+02
4.357893112330676217e+02
3.791987881313235675e+02
5.089240580810547385e+02
4.876757235838936708e+02
4.181153702005151445e+02
5.479189620826513192e+02
5.480447237583210836e+02
4.684040225110723554e+02
5.928967808843265175e+02
6.164768192930602027e+02
5.348418071414720316e+02
6.561368520572423222e+02
7.067116066347555261e+02
6.220895108395326361e+02
7.319941007341401473e+02
8.146897069819812032e+02
7.298081236213746479e+02
8.094770939236960885e+02
9.194773959653801967e+02
8.400110598419486223e+02
8.735085395406081261e+02
9.967650295056565710e+02
9.220586740419997795e+02
8.869051089184760031e+02
9.959748477086531011e+02
9.211578187761581376e+02
8.089996540154420472e+02
8.996997192518686006e+02
8.534307993148667038e+02
6.888921015848017078e+02
7.510378064928563617e+02
7.511014229948410730e+02
5.759531734288887037e+02
5.996298638110130241e+02
6.345230638998673385e+02
4.797383645550481788e+02
4.898747118564950256e+02
5.500669834848101800e+02
4.115684995853875989e+02
4.022992645059251799e+02
4.742849824804632703e+02
3.441062598425016290e+02
3.288054384722358350e+02
4.252649424363665958e+02
3.073911808318209751e+02
2.683970206942452137e+02
3.844610740844453289e+02
2.892475200415812537e+02
2.207199562961783101e+02
3.376272914071396940e+02
2.603956172646742857e+02
1.843615350324135136e+02
3.062072579808396995e+02
2.399930340119809102e+02
1.481021148872778781e+02
2.785809035911507863e+02
2.268921690344499780e+02
1.198109616927673216e+02
2.544293153117994564e+02
2.170966823893520825e+02
9.765999594522946836e+01
2.311778692886444730e+02
2.056866240725644843e+02
8.593444555043967625e+01
2.179212036977764058e+02
1.993013190281131131e+02
6.812394858522870322e+01
2.031432009185557490e+02
1.934743925702439071e+02
5.468224533971440593e+01
1.928431604054887316e+02
1.925392458548077173e+02
4.392248219813686916e+01
1.795023706196383841e+02
1.887264577499919369e+02
3.633962123766705332e+01
1.697148477752818394e+02
1.879492848042694106e+02
3.252201748259403047e+01
1.571926222993414228e+02
1.849260164606060073e+02
3.866478291842567216e+01
1.479969818834929072e+02
1.817710947195350002e+02
3.993487450249602233e+01
1.408873463946157187e+02
1.818968370133790415e+02
4.758070895938141120e+01
1.292074949451069301e+02
1.749210283034018687e+02
4.629244580551571175e+01
1.298700288466784230e+02
1.813892198420942634e+02
5.888231695833050594e+01
1.176213822448958979e+02
1.760180414499951951e+02
6.162772395068260067e+01
1.141031291755831489e+02
1.771639735281488299e+02
6.895217751291414743e+01
1.062207745929026572e+02
1.742471865247769074e+02
7.322738590329817043e+01
1.026422245571857417e+02
1.728149667882346989e+02
7.413962184438953784e+01
1.027993197374464529e+02
1.801537899257965876e+02
8.870712312674024247e+01
9.206879502563829476e+01
1.737828164435458689e+02
8.820432900561370104e+01
9.088462409488572291e+01
1.767823655324631886e+02
9.520590024897603598e+01
8.385322471970495428e+01
1.751595238307997136e+02
9.933535302582221505e+01
8.355386852877727222e+01
1.794923128026405550e+02
1.094275653017797652e+02
7.738180977307072794e+01
1.772722816968376662e+02
1.126799091592072983e+02
7.261907158923825989e+01
1.772329672278307839e+02
1.177641153074595763e+02
6.943242868747066154e+01
1.779197563551622920e+02
1.233990472072383682e+02
6.808200907837561999e+01
1.800801122265956735e+02
1.296531833061330303e+02
6.094431387532969779e+01
1.789733187768959226e+02
1.334288257662529702e+02
5.941882712451687354e+01
1.844961002293927947e+02
1.456891881977230980e+02
5.537173172327453585e+01
1.835101268058820949e+02
1.526417012430321449e+02
4.991254945552809374e+01
1.803548036234142842e+02
1.556474949967973487e+02
4.667002984231726970e+01
1.820600404431163213e+02
1.634245659633124887e+02
4.497346673081467117e+01
1.826153917881670168e+02
1.708316079694387497e+02
4.061689534646326649e+01
1.805674807500264478e+02
1.754244643240481594e+02
4.192109702607613286e+01
1.861012600502415069e+02
1.888052589315153114e+02
4.147683338552580068e+01
1.821058177963081448e+02
1.951719499560905149e+02
4.405256793414724115e+01
1.805068224447768728e+02
2.021174424140140502e+02
4.713106081581406670e+01
1.809485260961550068e+02
2.124652463924704762e+02
5.303265699073859452e+01
1.767346065444906458e+02
2.192139998814278954e+02
5.841211929377335821e+01
1.741377432306268531e+02
2.277548679772274340e+02
6.909191265823454842e+01
1.729265376610567557e+02
2.375624302179826657e+02
7.881556099492360090e+01
1.695623258581709081e+02
2.476720290206788206e+02
9.156179500868171317e+01
1.648276078705418399e+02
2.573870267056079797e+02
1.058806077170028743e+02
1.587152990485807891e+02
2.659369688289393707e+02
1.194384914956171571e+02
1.525313647471881779e+02
2.760134647351346757e+02
1.364610899866078455e+02
1.429044600170600745e+02
2.834117682259013691e+02
1.525018185176357974e+02
1.316888541428534154e+02
2.891489226914328583e+02
1.678432001008847578e+02
1.237799902018401070e+02
2.976609164109743233e+02
1.856142861576916800e+02
1.126772656172337150e+02
3.057721637165936386e+02
2.056312026386998468e+02
9.973337850653022940e+01
3.121921741138887683e+02
2.253202345796451027e+02
8.538811166909017913e+01
3.191107890097617883e+02
2.482970009609375381e+02
6.602961977916187664e+01
3.202199855765767325e+02
2.663617749523087355e+02
5.048668345217902953e+01
3.256083268752720414e+02
2.900134612605934308e+02
2.893672829479993425e+01
3.253216104233656552e+02
3.099357417778229546e+02
9.112049992838219481e+00
3.268217533149332894e+02
3.330504120029433466e+02
1.552517410417441290e+01
3.233945616530089637e+02
3.523579837043996008e+02
3.728276047177579500e+01
3.224654671758253244e+02
3.752609265692726694e+02
6.366020067945493821e+01
3.179808377652613558e+02
3.969311705255444735e+02
9.073745428984734929e+01
3.119382184436631178e+02
4.186840373692052140e+02
1.201609766585083179e+02
3.037402206573472654e+02
4.399710293373320269e+02
1.513641026999874839e+02
2.929260929506118600e+02
4.599554763381001976e+02
1.833942577314449522e+02
2.803241668844226524e+02
4.790933449076879356e+02
2.162771364542556114e+02
2.666091620237172606e+02
4.984934372442287440e+02
2.513658184000060487e+02
2.503316806886432175e+02
5.170232786071967439e+02
2.879946405376951475e+02
2.317859726665633673e+02
5.351070749796375594e+02
3.274293054481219656e+02
2.102251751065026895e+02
5.503658707469653564e+02
3.657773460622603352e+02
1.875847213473195154e+02
5.666420573277721360e+02
4.081824159900725704e+02
1.615590170325040731e+02
5.801696398607342644e+02
4.511049596842373148e+02
1.346046706603220855e+02
5.926206104212318451e+02
4.958674035387709296e+02
1.057760616317162459e+02
6.020929686295847887e+02
5.403294222353729310e+02
8.393376505065430138e+01
6.134856107926085542e+02
5.899852266227024984e+02
6.991276102090075995e+01
6.200013858835624205e+02
6.393457389922508582e+02
8.197853666065699940e+01
6.255285562744562640e+02
6.910621112484740252e+02
1.152047422294639034e+02
6.296075570442020535e+02
7.462345308424404493e+02
1.628887553233363974e+02
6.295759507922540479e+02
8.020599052571113816e+02
2.172521190118060019e+02
6.269526463239869827e+02
8.600091277121280200e+02
2.784589648168230838e+02
6.226167340168891542e+02
9.219941682142748505e+02
3.479601395759394791e+02
6.148894544768629657e+02
9.878803032342334518e+02
4.271496594566647786e+02
6.008853849687601496e+02
1.053443422484963776e+03
5.099515030804413414e+02
5.869576524985816377e+02
1.127366955020375144e+03
6.061209441559177549e+02
5.650472244515265174e+02
1.202875159598295568e+03
7.105783894668103358e+02
5.428666817069243962e+02
1.288412820654377583e+03
8.319177707472514385e+02
5.117588976913195893e+02
1.376760408521444106e+03
9.632590198975999556e+02
4.812218853498188764e+02
1.482371233014141126e+03
1.122078540871956648e+03
4.398334631294779911e+02
1.596971925221984975e+03
1.306610395087526058e+03
3.972356244804817038e+02
1.724184477944656464e+03
1.518754556035219139e+03
3.575241305595835115e+02
1.876506894808803509e+03
1.778021026897781894e+03
3.360170808095072630e+02
2.058185664981903301e+03
2.097424674245504320e+03
3.644611086808783398e+02
2.289388175939829580e+03
2.513886044508822124e+03
4.772174911744951373e+02
2.578448471580784371e+03
3.058771920431365288e+03
6.999359027212204865e+02
2.991959111843525079e+03
3.845236115810471347e+03
1.061422356416506091e+03
3.598751822209122565e+03
5.065571065462329898e+03
1.696508595287058370e+03
4.604196532965299411e+03
7.217661208367802828e+03
2.911781402154540501e+03
6.766331891936629290e+03
1.234345789066789257e+04
6.427564878715488703e+03
1.404493136154438980e+04
3.838532610086376371e+04
5.469199188100207539e+04
5.335497245298042253e+04
3.516058887329157733e+04
1.081009511662790101e+04
8.047976896890726493e+03
1.214178662199767314e+04
5.496766336495163159e+03
3.988850723032621772e+03
7.340792769862267050e+03
3.905552145785185076e+03
2.446040423171496968e+03
5.232636087343339568e+03
3.124235530170346919e+03
1.635706558396528862e+03
4.039476529993308759e+03
2.654959386515674851e+03
1.140707206546724365e+03
3.269501302278538788e+03
2.344808143840190951e+03
8.082271449702026302e+02
2.718325431185885918e+03
2.112521712968978591e+03
5.932120942578879976e+02
2.311502494250160908e+03
1.936191646398845478e+03
4.409359546311654299e+02
1.989372786827815162e+03
1.793008142471989004e+03
3.532736081338908321e+02
1.727121840199948338e+03
1.671974104302712931e+03
3.221728690296391164e+02
1.509272174491590931e+03
1.567230300234703236e+03
3.308389771847532188e+02
1.326236902545599833e+03
1.476555746533753336e+03
3.595630756972406061e+02
1.168275216631640205e+03
1.396161944617090057e+03
3.955124399621849420e+02
1.026903502634970891e+03
1.320499318983227113e+03
4.328080994954950711e+02
9.032874345793409248e+02
1.251341073075210943e+03
4.680894454889559029e+02
7.923279585943868142e+02
1.186312664803981079e+03
4.997471484709361107e+02
6.927805381132025104e+02
1.125531676661192478e+03
5.283077032512186406e+02
6.004200355146454058e+02
1.065441209608620511e+03
5.517544222957709508e+02
5.196401544007169377e+02
1.009892947510611634e+03
5.722590621439676397e+02
4.452064096006481009e+02
9.562487789504688180e+02
5.895275105711929200e+02
3.773816048341564624e+02
9.042648586441379166e+02
6.037178984982203929e+02
3.161715497131460779e+02
8.535910576381312467e+02
6.146853757589192355e+02
2.619056666957749258e+02
8.041788877676851826e+02
6.224583374604291066e+02
2.151532841056890675e+02
7.565063403542478682e+02
6.282800101547450140e+02
1.770210615846370956e+02
7.091229236841641068e+02
6.307384776332047522e+02
1.509347592118800492e+02
6.634995902211801422e+02
6.313305511685322244e+02
1.391914657462901914e+02
6.190088980938329541e+02
6.297458538630947942e+02
1.403984725327381398e+02
5.749699933660530178e+02
6.256111428283447822e+02
1.528423956283877203e+02
5.325981009917533129e+02
6.201200198352348707e+02
1.719835167812064185e+02
4.907137371011321534e+02
6.123737187585445554e+02
1.941021971755661184e+02
4.502553199153333594e+02
6.032312344487522751e+02
2.173219705869172458e+02
4.107998577576318553e+02
5.925316267255418552e+02
2.403440279947856197e+02
3.723560717158245552e+02
5.802589803987449386e+02
2.623569614297878729e+02
3.351283021748023998e+02
5.665951349761656957e+02
2.829847386849758095e+02
2.993009705117876251e+02
5.517548194554636893e+02
3.020361921678036197e+02
2.646963460608066043e+02
5.356825506989993073e+02
3.194483896563946246e+02
2.317373757396869109e+02
5.185242658657620041e+02
3.350585929022968230e+02
2.006091652583143627e+02
5.004279253890099426e+02
3.489446678292938486e+02
1.716659098424829892e+02
4.814287415510689812e+02
3.610445654504250115e+02
1.454867088075469894e+02
4.616272835490485136e+02
3.713656797600426103e+02
1.229604695162864232e+02
4.411395269491920317e+02
3.799761858334249496e+02
1.054722784900211394e+02
4.200440947722810279e+02
3.868884885261000477e+02
9.473406464521721659e+01
3.984991350174572062e+02
3.922379908981488370e+02
9.191591149888942880e+01
3.764353822209417899e+02
3.959258227604589706e+02
9.673444965849273558e+01
3.540518264186170541e+02
3.980821530461156499e+02
1.072993415271251649e+02
3.314010945172825018e+02
3.987089132644583742e+02
1.212919972720783761e+02
3.086178633475449260e+02
3.978895604603329161e+02
1.369376421772912522e+02
2.857571297833459880e+02
3.956755706785702387e+02
1.531958041889897402e+02
2.629802912507277597e+02
3.922076331426389402e+02
1.694945889470332361e+02
2.402781543002796241e+02
3.874190259526118894e+02
1.853225438962359704e+02
2.178538185861764305e+02
3.814131612054429183e+02
2.003901296150032465e+02
1.957818722369796944e+02
3.742149106328483867e+02
2.144537720342727596e+02
1.741868629942058817e+02
3.659707192441013035e+02
2.276541948406371603e+02
1.534952850850329185e+02
3.567712788328566944e+02
2.398092182547693199e+02
1.336376678210028501e+02
3.464554872388745821e+02
2.506775077568376560e+02
1.152760204741258718e+02
3.353576889012945799e+02
2.604426235136486980e+02
9.885225331019395867e+01
3.234885337363264739e+02
2.691110962595249134e+02
8.515551253489141459e+01
3.107876543922195083e+02
2.765199168415835516e+02
7.532219753221279746e+01
2.974176885959628294e+02
2.827443470885219767e+02
7.051316746222143195e+01
2.834430451287441883e+02
2.878009533127054738e+02
7.127515481706380740e+01
2.689215576089829938e+02
2.916708042005203652e+02
7.688567384262425719e+01
2.539447768013801010e+02
2.943981053518415365e+02
8.598060700426523795e+01
2.385917139146114039e+02
2.959964691942496984e+02
9.710489436882177472e+01
2.229207996931968125e+02
2.964946805184167147e+02
1.092928030844861951e+02
2.070018034493924688e+02
2.958927389449950169e+02
1.218600584516831731e+02
1.909694028591246138e+02
2.942569325777394056e+02
1.343778530224562644e+02
1.748819431348473756e+02
2.916095138940655147e+02
1.465858652299891105e+02
1.588455510788888034e+02
2.879777409208048198e+02
1.582890444744844558e+02
1.429942332378142282e+02
2.834090911355792173e+02
1.693594212814898867e+02
1.274768151597968426e+02
2.779610333007171334e+02
1.797340842055260453e+02
1.124595722936681028e+02
2.716500418801342676e+02
1.893276715873022908e+02
9.821382573705584207e+01
2.645264837506628055e+02
1.980881649984301305e+02
8.511302926497580756e+01
2.566527570345252798e+02
2.059953966443617901e+02
7.367316223483722126e+01
2.480683359491458475e+02
2.130203811911522678e+02
6.464595799068423787e+01
2.388259387231036328e+02
2.191462913754925523e+02
5.893404568267308008e+01
2.289784017276743668e+02
2.243624912884403670e+02
5.727194737795763047e+01
2.185882205249062054e+02
2.286719190618060509e+02
5.968644038769692628e+01
2.077044577568566410e+02
2.320753853574368861e+02
6.543904411552266254e+01
1.963754129946118780e+02
2.345585466169765994e+02
7.344235478443221155e+01
1.846859510192558389e+02
2.361503173352494969e+02
8.276531175642497828e+01
1.726894542883751171e+02
2.368582286597983000e+02
9.274943779402444477e+01
1.604590274996860160e+02
2.367022444694674448e+02
1.029598338457848428e+02
1.480611179785997820e+02
2.356945333448523456e+02
1.131077280111590966e+02
1.355851566415547325e+02
2.338597112417393760e+02
1.229975966026991898e+02
1.231226628966199712e+02
2.312211221252025837e+02
1.324942082936144345e+02
1.107888968311758049e+02
2.278094422987009864e+02
1.415030066691990100e+02
9.872036165016426423e+01
2.236554129799502277e+02
1.499570586541602495e+02
8.709736449199260733e+01
2.187878586893658337e+02
1.578004231917450113e+02
7.617047966163562478e+01
2.132403384258595906e+02
1.649918346929763970e+02
6.630098723717516407e+01
2.070506700430172202e+02
1.715005510846428649e+02
5.799898025817915226e+01
2.002571615050226796e+02
1.773020958264803824e+02
5.193619151170734938e+01
1.929017304576018432e+02
1.823801209714755771e+02
4.881269601785397327e+01
1.850284489682390472e+02
1.867262469566944674e+02
4.901414383089750260e+01
1.766800218588726352e+02
1.903333059127650131e+02
5.229970207151740169e+01
1.678996800298736218e+02
1.931955439872783700e+02
5.794097902905557618e+01
1.587356974145095592e+02
1.953079870059727341e+02
6.511211454516478625e+01
1.492464858493519557e+02
1.966778106418985885e+02
7.315513900399254510e+01
1.394911715696349006e+02
1.973162919993717139e+02
8.161277219555485374e+01
1.295305844465813720e+02
1.972400221737288462e+02
9.018770373062710632e+01
1.194241447205910589e+02
1.964619065400748070e+02
9.868219801558028337e+01
1.092366946418010087e+02
1.949869458270241296e+02
1.069471633061231728e+02
9.906398953172460153e+01
1.928432320119254939e+02
1.148941390225469945e+02
8.900212762375021214e+01
1.900381495964732039e+02
1.224404782905406108e+02
7.919289418714754447e+01
1.865813944906582549e+02
1.294944743924013153e+02
6.982646044886938341e+01
1.825315580627147085e+02
1.360510341971721289e+02
6.115519110007434733e+01
1.779061549230501669e+02
1.420645984548044112e+02
5.352371057258699238e+01
1.727340848189878386e+02
1.475105895825610673e+02
4.742112950005134309e+01
1.670469193450327623e+02
1.523709686681224866e+02
4.343893020459234577e+01
1.608731005243792538e+02
1.566256158436407873e+02
4.208805251473257414e+01
1.542492348455854199e+02
1.602614032826669188e+02
4.347885288355622180e+01
1.472138892487008945e+02
1.632698870881354765e+02
4.721515295685684777e+01
1.398105054605976250e+02
1.656498659519308774e+02
5.263581476484699806e+01
1.320797399529017184e+02
1.674003952761161429e+02
5.911705470589212297e+01
1.240667711607455459e+02
1.685243686558555964e+02
6.618960707424608358e+01
1.158180851769165542e+02
1.690246187846331622e+02
7.352939007272127014e+01
1.073879691493057607e+02
1.689072006770062728e+02
8.091376538924012607e+01
9.883794900395885463e+01
1.681821934977082833e+02
8.818876293165033076e+01
9.023812083561992381e+01
1.668639192231692050e+02
9.524819652498626965e+01
8.166990255667157328e+01
1.649670682685647307e+02
1.020135186944526708e+02
7.323477299696011755e+01
1.625085471164300088e+02
1.084261134936130304e+02
6.506496500141864203e+01
1.595058299020023469e+02
1.144387245101093242e+02
5.734244920667293854e+01
1.559793732334290723e+02
1.200137013674741127e+02
5.032340881849466996e+01
1.519530520961184834e+02
1.251217247604376865e+02
4.436414183108115594e+01
1.474525796269864202e+02
1.297400935398842421e+02
3.992894674476899297e+01
1.425050638427399008e+02
1.338513864479017741e+02
3.751329688224319625e+01
1.371385813736138175e+02
1.374413305900971238e+02
3.742769794363599800e+01
1.313830060358499736e+02
1.404984842797053375e+02
3.957989811784437251e+01
1.252711523814989647e+02
1.430147960245271008e+02
4.351577400839122589e+01
1.188388134920637214e+02
1.449860150405004333e+02
4.867331048382327907e+01
1.121241143285395623e+02
1.464112095086562420e+02
5.457470299647502543e+01
1.051676648273622448e+02
1.472920058102144196e+02
6.087346658316154446e+01
9.801287337160120217e+01
1.476314548263488291e+02
6.733111177778739886e+01
9.070871223840812547e+01
1.474348315159678009e+02
7.378308826904444118e+01
8.331147019773484885e+01
1.467099459513607655e+02
8.011321910749539654e+01
7.588732319621993838e+01
1.454672432751850977e+02
8.623724936055332080e+01
6.851642527207934563e+01
1.437194850669613402e+02
9.209239465250954026e+01
6.129979646849393049e+01
1.414812050968089352e+02
9.763074031515354534e+01
5.437162345831000465e+01
1.387682766863713937e+02
1.028140984267486289e+02
4.791749666823248077e+01
1.355982494992747718e+02
1.076113134001360550e+02
4.219850551903368086e+01
1.319910745714087454e+02
1.119972161284352694e+02
3.757001956939272702e+01
1.279689176279445491e+02
1.159519210549741643e+02
3.446156468440474896e+01
1.235555931001402854e+02
1.194596504532525358e+02
3.325683968393424550e+01
1.187765179372846376e+02
1.225081150113829551e+02
3.408569647865803631e+01
1.136588974962130862e+02
1.250879219976916232e+02
3.671870950246714216e+01
1.082319254076721364e+02
1.271923294250690049e+02
4.070367474992189472e+01
1.025272620908449568e+02
1.288174067916971808e+02
4.557776143075008690e+01
9.657904528132719690e+01
1.299619325429635808e+02
5.097562785735502189e+01
9.042404134473204635e+01
1.306267361689476445e+02
5.663806829464257930e+01
