9.482975464102990770e+01
1.149692524523456427e+02
2.981184671788072293e+01
9.055404624736708286e+01
1.179297415627778918e+02
3.626091603889883430e+01
8.591258140062944904e+01
1.204851164291035985e+02
4.301991594491914839e+01
8.091338336711713453e+01
1.226081453517932545e+02
4.990137196782027473e+01
7.559612743555977943e+01
1.243141640310587377e+02
5.684078491449425030e+01
6.995619743712309457e+01
1.255616821148140190e+02
6.374729063282894259e+01
6.404163837058338515e+01
1.263435941840410948e+02
7.055629170010308826e+01
5.789814133306393273e+01
1.266640040852329179e+02
7.724012313976622579e+01
5.156605162133375586e+01
1.264967897027045183e+02
8.373740665438275244e+01
4.515421776374954277e+01
1.258696138047012454e+02
9.004112567785682586e+01
3.874632205835432330e+01
1.247586800967997220e+02
9.611251811545830037e+01
3.255111136164187968e+01
1.231585139754517542e+02
1.019136127673765344e+02
2.694165044352079619e+01
1.210700336764039093e+02
1.074016703807894260e+02
2.255137714601289645e+01
1.185130394628790924e+02
1.125715179069904650e+02
2.038004568089241531e+01
1.154787349951741788e+02
1.173923518491037470e+02
2.133767726666913944e+01
1.119881105207871030e+02
1.218405366244299728e+02
2.509826412993463052e+01
1.080363994865753483e+02
1.258926033618873248e+02
3.073282292621774658e+01
1.036423810989680732e+02
1.295228339478963449e+02
3.739895582270897023e+01
9.883131487137033844e+01
1.327297378466862199e+02
4.465376385732845677e+01
9.359595515348743788e+01
1.354510416272606506e+02
5.216421291140225946e+01
8.801674175308789927e+01
1.377437427456893317e+02
5.985351451626664954e+01
8.203572218172732278e+01
1.394981556656704527e+02
6.752100398957801985e+01
7.577391462437917369e+01
1.407946050689023423e+02
7.519109670232958820e+01
6.924583430550211460e+01
1.415983368823513615e+02
8.279284496351174027e+01
6.244256713038046058e+01
1.418146434425470090e+02
9.017767396906262434e+01
5.557604425830437833e+01
1.415786600349532875e+02
9.743921327167262803e+01
4.861947326281452320e+01
1.407461959147144057e+02
1.044183195351804017e+02
4.192612733522356905e+01
1.394628559016087479e+02
1.112084213559532202e+02
3.563463110856780958e+01
1.375865952157273000e+02
1.176717881614381582e+02
3.039023654262996388e+01
1.351907783077161582e+02
1.238272426992902382e+02
2.694137071488190571e+01
1.321693505524835643e+02
1.294999957917121662e+02
2.631752514098753437e+01
1.287812642590822065e+02
1.349245933275595064e+02
2.877303291991951895e+01
1.248080432404700844e+02
1.399053992937084558e+02
3.381019633208588715e+01
1.203412657400855608e+02
1.444318551827572605e+02
4.041798938378215666e+01
1.154096727078421196e+02
1.485518520938079519e+02
4.813835867094944376e+01
1.099486825400319816e+02
1.520703927540364475e+02
5.623952073340264946e+01
1.041536425491657525e+02
1.552309108136630869e+02
6.485434629972922949e+01
9.781137153398053385e+01
1.576825935877652114e+02
7.341290229418758884e+01
9.127639816677428541e+01
1.598002633303484288e+02
8.221054271839803107e+01
8.421740420942101935e+01
1.612167289817833762e+02
9.096771247660394977e+01
7.708941132373310268e+01
1.621347029864670048e+02
9.962334841697267507e+01
6.965834916225000484e+01
1.623797761021364181e+02
1.080870843637002991e+02
6.240979666553702288e+01
1.621763408151103647e+02
1.164529717352788083e+02
5.507004671459233691e+01
1.611444837529620031e+02
1.243574674168203984e+02
4.848516534672686618e+01
1.597783744849135701e+02
1.321827535999813108e+02
4.284580022464110982e+01
1.578764041030492535e+02
1.398477358755908426e+02
3.857900193691801149e+01
1.550421937145567597e+02
1.468557871595573374e+02
3.690556226261790584e+01
1.518419739075276595e+02
1.536403583721760242e+02
3.824946457219726170e+01
1.480485942483985013e+02
1.599956572982271723e+02
4.231268979069894698e+01
1.436875060140466474e+02
1.659474861712767222e+02
4.875202845057901158e+01
1.388098556483226105e+02
1.714377530783087309e+02
5.664250279442142499e+01
1.333641012193012614e+02
1.764455901571915888e+02
6.565991625540060284e+01
1.272905222152939899e+02
1.806933753325691896e+02
7.515852405179721529e+01
1.212378793297835102e+02
1.848091705854859583e+02
8.526792012363796402e+01
1.145911350544496230e+02
1.883057992701374985e+02
9.558414504399178213e+01
1.073936227536007237e+02
1.911131917508487277e+02
1.061218516970124455e+02
1.003123936097068878e+02
1.936862865396869609e+02
1.171238355143532885e+02
9.258723106680861292e+01
1.950902928895091293e+02
1.277341105346556560e+02
8.545649548559593711e+01
1.962146358417753902e+02
1.385025788322409710e+02
7.864101852788790836e+01
1.966428667003847863e+02
1.490371406788385968e+02
7.232119071023156209e+01
1.964369891560376118e+02
1.595331314727761480e+02
6.756039395629916555e+01
1.958105389081383976e+02
1.700297030487151630e+02
6.438174987251431958e+01
1.944457590266819409e+02
1.804676929503582414e+02
6.443641674680048936e+01
1.924313259098533990e+02
1.902120799699483769e+02
6.676114340234308031e+01
1.905171300964819068e+02
2.005623940263205895e+02
7.182542406155785386e+01
1.873677050602055090e+02
2.101884853558534019e+02
7.966278096339597425e+01
1.845710388177741095e+02
2.207452571147572087e+02
9.045556247737273736e+01
1.795988208974769691e+02
2.290968690278546376e+02
1.019044265284944828e+02
1.760767237167368933e+02
2.390912551128666905e+02
1.158659042637624452e+02
1.709123457343822565e+02
2.482021911962302738e+02
1.320128031664122261e+02
1.664023280914556153e+02
2.574255423842695336e+02
1.496815310059637056e+02
1.608394946272574373e+02
2.647024848550992715e+02
1.670183009168642627e+02
1.579339276083026675e+02
2.745291336944777640e+02
1.881389160309133501e+02
1.536828252314347196e+02
2.814662508190983203e+02
2.088647434282579809e+02
1.514016115230808737e+02
2.877596697923239617e+02
2.299242649946596089e+02
1.517342906607189548e+02
2.951907117293732767e+02
2.544532281356442240e+02
1.547832796442406789e+02
2.998645733962167128e+02
2.782535890347025997e+02
1.605701985308200506e+02
3.028993594602278563e+02
3.030660080080272678e+02
1.711791675267070616e+02
3.029927493694078748e+02
3.274135037953595315e+02
1.858186925239214986e+02
2.961273320241676288e+02
3.464984201924794434e+02
2.051275774474026719e+02
2.854086568324462405e+02
3.599569543263913260e+02
2.265591318578388496e+02
2.727398933272185104e+02
3.677662331256695438e+02
2.430565685989758720e+02
2.477200893829737538e+02
3.632926528201365386e+02
2.571834655226547852e+02
2.216656808457827879e+02
3.505502187050543057e+02
2.643438162016116735e+02
1.902228005028023574e+02
3.298109425977162914e+02
2.676782321264176403e+02
1.605983379582135626e+02
3.031827105208656121e+02
2.638030055957693776e+02
1.334227391466609731e+02
2.793355543503305398e+02
2.633231591156367699e+02
1.110771023118389706e+02
2.513186566271650406e+02
2.595417795143847002e+02
9.649516015309991701e+01
2.188518143241836356e+02
2.470661861863401612e+02
8.801844085486733604e+01
1.956401148922561219e+02
2.385719734866835040e+02
8.482336095783492169e+01
1.743475960128980660e+02
2.298679465758003175e+02
8.161008119509266123e+01
1.537114069007502337e+02
2.218723032664114498e+02
8.475665648593481194e+01
1.388298678965229271e+02
2.179053337681643541e+02
9.325758640275493860e+01
1.207996832500915190e+02
2.090194560763351035e+02
9.697604535998148378e+01
1.073951806133060529e+02
2.027369750002793296e+02
1.018463965740837409e+02
9.599922558544469098e+01
1.983890954094541996e+02
1.090459969248903036e+02
8.308519380848352398e+01
1.911721999851171461e+02
1.127124848460146183e+02
7.433174703942748351e+01
1.869219061112229667e+02
1.182694882486150618e+02
6.477358118224101702e+01
1.818297951208831478e+02
1.235037827156837835e+02
5.647501131157609677e+01
1.753363555572308883e+02
1.256978360969511073e+02
5.130696551473154443e+01
1.712141722007172007e+02
1.287648229272822675e+02
4.750384640530484859e+01
1.687039060751977786e+02
1.335350255713637182e+02
4.327991294938025391e+01
1.652141510656995820e+02
1.379138310930568423e+02
4.070622700818466910e+01
1.606303743629362657e+02
1.399543185751653880e+02
3.974745082244374572e+01
1.590351375781096408e+02
1.450877148326528072e+02
3.922656430202420097e+01
1.552869876978808463e+02
1.487193279756411073e+02
4.111982280175124060e+01
1.514881713524588349e+02
1.510702694451827313e+02
4.120850345062230957e+01
1.483550334472348879e+02
1.547426637136658201e+02
4.600582228418891617e+01
1.454365689508108233e+02
1.576878784924044794e+02
4.811083621192177873e+01
1.414074709437851141e+02
1.597648495232459425e+02
5.231649789310099408e+01
1.397753119850426344e+02
1.634965598556506734e+02
5.522078625126978579e+01
1.365338062009195994e+02
1.670381168601892909e+02
6.002415405394543768e+01
1.331480054165971296e+02
1.703831094626867184e+02
6.570543428884008108e+01
1.299139812117783777e+02
1.737374647082780541e+02
7.135902653287497799e+01
1.255023128503984253e+02
1.755873798846923819e+02
7.521771228181404467e+01
1.224040316779403526e+02
1.798533968994502743e+02
8.281512577297996813e+01
1.177689977953891542e+02
1.820595177431007130e+02
8.832236048627321168e+01
1.132541535395685202e+02
1.850476967735909284e+02
9.597124142191394469e+01
1.095914029871926516e+02
1.881550495535812786e+02
1.028524308088163082e+02
1.031029040882074241e+02
1.893777330758094877e+02
1.091038567030981170e+02
9.952464324120681738e+01
1.935723822537026138e+02
1.185663108521910232e+02
9.299701998539143233e+01
1.949669911503322624e+02
1.265006707309136118e+02
8.726834683049074215e+01
1.966170433217203026e+02
1.344160126510490159e+02
8.036510366991977605e+01
1.980688785211053755e+02
1.433662271267111237e+02
7.323974007700310551e+01
1.981849074824125978e+02
1.511972564837080029e+02
6.752888845929220452e+01
2.000082684973792766e+02
1.614055103371935616e+02
6.033877385710034247e+01
1.993593959845850634e+02
1.700475574212039760e+02
5.398653194605061145e+01
1.993342169490200888e+02
1.801163623866881665e+02
4.820015649039824268e+01
1.973858429588204899e+02
1.891819632271627256e+02
4.518484174885424665e+01
1.952164663354658671e+02
1.983406371711379848e+02
4.511262175748809256e+01
1.923789818386093202e+02
2.074558028970457144e+02
4.810281898076790696e+01
1.881294804957883287e+02
2.154298385095459878e+02
5.293598961491615995e+01
1.842103460679259399e+02
2.246642658491146562e+02
6.255370881270861361e+01
1.788926629460539743e+02
2.333058357329254022e+02
7.411500202174602236e+01
1.719176961097737149e+02
2.406387863659578557e+02
8.643692283678413446e+01
1.647871010411659256e+02
2.481408479373461660e+02
1.003155933260566570e+02
1.561248856844038642e+02
2.547096293459718481e+02
1.149771662877225111e+02
1.458442052665185145e+02
2.596381041335818054e+02
1.292478485849413232e+02
1.358789290016116524e+02
2.650167093138417727e+02
1.451058892335532562e+02
1.237380759605326688e+02
2.683159985681377293e+02
1.602064625163500580e+02
1.112718454814671389e+02
2.708648821197681400e+02
1.752688280168756023e+02
9.870689460625402489e+01
2.731376466858587264e+02
1.909232579197233406e+02
8.460366460341202810e+01
2.738621660743186226e+02
2.062225708739564993e+02
7.042483750319860292e+01
2.736329603589844055e+02
2.212992695104874485e+02
5.580537409243738267e+01
2.723018827478603612e+02
2.362240039720541631e+02
4.198984944796430341e+01
2.697015275814837310e+02
2.506795765161380132e+02
3.153059249294362232e+01
2.659440221252769447e+02
2.646382767940873464e+02
2.883764112187708051e+01
2.608956609782199507e+02
2.780011208904464866e+02
3.746481215945951249e+01
2.548440442662750343e+02
2.910650061584603350e+02
5.297806444437441797e+01
2.470888732300092272e+02
3.028953401874766200e+02
7.059114553694092820e+01
2.386155420451114537e+02
3.146244473369984576e+02
9.056607935838658818e+01
2.281230615536577488e+02
3.246917677409229555e+02
1.105449384532643649e+02
2.169709265220380416e+02
3.344273480209045033e+02
1.317053309648024424e+02
2.040178210118387767e+02
3.426458739102911295e+02
1.528022552341115272e+02
1.903471263805248270e+02
3.503657854081951086e+02
1.747716214664163488e+02
1.748119996797810529e+02
3.563976072476513650e+02
1.964903890824589610e+02
1.583979997692208030e+02
3.614826001965662385e+02
2.185030091235925340e+02
1.404258055263385359e+02
3.649143634883245113e+02
2.400880137307165683e+02
1.217262833176368133e+02
3.674098611477581926e+02
2.619173226875448677e+02
1.016311286933602105e+02
3.682224238395919542e+02
2.832946002490253932e+02
8.064351908722501605e+01
3.675629902260204176e+02
3.042005681673091431e+02
5.928877344173113073e+01
3.658087395959655623e+02
3.251491619572653917e+02
3.788608025604707308e+01
3.622123278538070394e+02
3.454508247948849089e+02
2.127688116936997886e+01
3.567629595637763487e+02
3.648086708625783103e+02
2.753751572774463696e+01
3.500709291285019162e+02
3.837294711439579373e+02
4.927309981606239830e+01
3.416984593605251916e+02
4.020283429568496558e+02
7.550871768451970922e+01
3.314524576991524327e+02
4.193056032623616147e+02
1.031295014464266302e+02
3.194774684250967880e+02
4.357345545099673245e+02
1.322777881088048844e+02
3.050555913928599807e+02
4.499083296945902930e+02
1.604050159945693963e+02
2.905816686612947137e+02
4.648899028196518088e+02
1.913286056629568179e+02
2.729371343337465987e+02
4.775493106682719144e+02
2.220644747813571200e+02
2.538755149073823247e+02
4.891761024307267007e+02
2.535919620726799906e+02
2.326696184672276217e+02
4.990626018902771079e+02
2.852670191062756544e+02
2.098863962468767852e+02
5.076432243003723670e+02
3.174592492809666737e+02
1.850286195362257047e+02
5.144383945851667477e+02
3.497921070798134906e+02
1.583297990502993571e+02
5.195050310873773469e+02
3.822795856326451940e+02
1.297715912078380427e+02
5.226718545262087900e+02
4.146940194376839486e+02
9.962231806688464530e+01
5.241707592434380558e+02
4.473898367866042349e+02
6.736496071462175905e+01
5.232025948809830425e+02
4.795349355841142938e+02
3.472018630188749455e+01
5.203885625645841628e+02
5.116554973337223942e+02
1.555119052669073376e+01
5.151809521386412598e+02
5.433188006165258912e+02
4.569967318374300191e+01
5.075475962708022166e+02
5.743674220796345935e+02
8.463384556093264166e+01
4.975958237567209608e+02
6.049065123738677130e+02
1.261792328811988426e+02
4.850764619925058696e+02
6.347570850382443268e+02
1.698710707294613655e+02
4.698253257653938704e+02
6.636940355778434650e+02
2.154276725903999363e+02
4.519116670833143417e+02
6.918022099121652673e+02
2.630023025955879348e+02
4.310140679088544289e+02
7.188102784954634217e+02
3.125075169932191557e+02
4.070003557749745937e+02
7.445246134473627535e+02
3.638505547897279371e+02
3.798197060191028527e+02
7.688514482412413145e+02
4.170137244311717382e+02
3.493841534214517424e+02
7.917541904827625103e+02
4.721401650122721776e+02
3.154319966376017419e+02
8.129906539110618269e+02
5.291793210150408413e+02
2.777638959999677581e+02
8.323522442244689046e+02
5.880809445628960930e+02
2.363137352544292753e+02
8.497919293338442230e+02
6.490010607963031362e+02
1.907496796472992173e+02
8.650081293842373498e+02
7.118775767577359375e+02
1.408801899598729221e+02
8.777749710576821371e+02
7.766102123637839441e+02
8.698054604422988234e+01
8.884351241205000633e+02
8.439647263102535817e+02
2.856089676384188536e+01
8.959139198239504367e+02
9.132077365966530351e+02
3.846679673855921777e+01
9.008182093452021491e+02
9.853108302236202007e+02
1.080883995184994433e+02
9.022549139332006689e+02
1.060019509774837843e+03
1.845480601453507177e+02
8.999814433106803335e+02
1.137492755336187201e+03
2.677777024417547977e+02
8.939119744302837489e+02
1.218326356997084076e+03
3.586889875709794069e+02
8.834626076374977401e+02
1.302814445796432210e+03
4.580643329677347424e+02
8.683091032157662994e+02
1.391780050852051545e+03
5.675070679806373164e+02
8.471370020180513620e+02
1.484959242663582245e+03
6.873429794837638838e+02
8.204203495065916059e+02
1.584340480461092739e+03
8.202799843575154455e+02
7.864914021522278063e+02
1.690510097934467694e+03
9.682513436236297366e+02
7.444008516912381310e+02
1.804868723101436217e+03
1.133707818873624319e+03
6.938617847734331008e+02
1.931414165878454014e+03
1.323502771690174313e+03
6.292667232216361981e+02
2.068711838840552900e+03
1.538826934651014653e+03
5.517954904720334071e+02
2.223619334476905351e+03
1.789518450463105864e+03
4.559304754730454192e+02
2.399769599017658948e+03
2.084408143096507956e+03
3.385509404070635355e+02
2.607432463503955205e+03
2.442136948775789733e+03
1.883345806596630325e+02
2.854132042719487799e+03
2.881654217641540527e+03
5.241079387077962615e+00
3.165903974592074064e+03
3.450371587370552788e+03
2.580886007610915840e+02
3.564899474505088619e+03
4.207101305526593933e+03
6.125815128021740747e+02
4.112645289965420488e+03
5.279579237831400860e+03
1.130785685668566657e+03
4.934054965568080661e+03
6.950538810614415524e+03
1.981150840067499530e+03
6.308466405796482832e+03
9.931916604604808526e+03
3.618716637956912564e+03
9.153646989714434312e+03
1.687023265179342343e+04
8.063034663786914280e+03
1.901414417798813156e+04
5.292818090995322564e+04
7.540479458034801064e+04
7.339410662753494398e+04
4.807961286431820918e+04
1.405602985199069008e+04
1.070679258044990274e+04
1.658005466489994069e+04
7.228269241304118623e+03
5.187147600517386309e+03
9.978342028740848036e+03
5.146190650000774440e+03
3.127007238370263622e+03
7.107382542802127318e+03
4.138190173601666174e+03
2.035059850598863022e+03
5.482404947550451652e+03
3.533810918547387701e+03
1.354293878121853140e+03
4.425027789993992883e+03
3.121704269509851656e+03
8.912926743060104400e+02
3.678192286837302618e+03
2.818962124581743865e+03
5.561680065620587357e+02
3.121076582937243984e+03
2.588289762403181157e+03
2.966020127534163180e+02
2.679868103712721677e+03
2.397596985551707803e+03
9.640306499171292387e+01
2.323678554076539058e+03
2.238473166127594141e+03
7.450677720715432883e+01
2.026542035174304374e+03
2.100573379099426347e+03
2.057363056063269084e+02
1.773733926004260638e+03
1.978422562765092152e+03
3.166008817238783877e+02
1.554946669243891392e+03
1.867963846560836828e+03
4.091483290011197482e+02
1.364010543953549359e+03
1.768147173929256724e+03
4.887214134232218044e+02
1.193121340528625979e+03
1.674416947591406824e+03
5.554928087665589374e+02
1.040244584770899792e+03
1.586573734276562845e+03
6.120233085044884547e+02
9.022314495793006017e+02
1.503649585407003087e+03
6.601143032812950651e+02
7.762282626559051550e+02
1.424070639952939246e+03
7.000879559990110010e+02
6.615059485406250133e+02
1.348168189294643298e+03
7.336669708754483281e+02
5.558921621871493244e+02
1.274905130384775248e+03
7.612631418613184451e+02
4.585080410728217544e+02
1.204014703644655356e+03
7.835586926512497712e+02
3.683806848133222616e+02
1.135082656226730251e+03
8.009096522804334199e+02
2.849607971128124859e+02
1.068016051930136200e+03
8.138160065010330300e+02
2.076813040383131010e+02
1.002734485414455435e+03
8.228155941039883601e+02
1.359106541128580830e+02
9.388459557310548007e+02
8.279448385548993201e+02
6.987369853303192713e+01
8.765524927140435238e+02
8.297955291322239191e+02
1.541408826075788241e+01
8.154134744646878517e+02
8.282403844831707147e+02
5.351774407231851427e+01
7.557604109821828615e+02
8.237977456002366807e+02
1.059182649065398749e+02
6.974383865086546166e+02
8.166447735060289688e+02
1.550669998228370901e+02
6.403677224661280434e+02
8.068779156366915686e+02
2.005136038605844533e+02
5.846752533125942364e+02
7.948166879307819954e+02
2.424766898977867982e+02
5.302282865625551267e+02
7.805039780776252201e+02
2.809770619039701955e+02
4.771122710493198156e+02
7.641342205494986501e+02
3.161389542053139508e+02
4.253782782052226139e+02
7.459152390239767101e+02
3.481575378641866223e+02
3.749651963540875386e+02
7.259013958507728148e+02
3.770591729368383653e+02
3.259777764484909994e+02
7.042918754749979371e+02
4.029940557510525991e+02
2.784163797160302352e+02
6.811953810578743287e+02
4.260384893892451146e+02
2.323420183649512865e+02
6.567679988600486922e+02
4.463131948748743980e+02
1.877725824963757475e+02
6.311174484515283893e+02
4.638951436105770654e+02
1.447718257507928570e+02
6.043793679213839596e+02
4.788862964033577327e+02
1.033978472766682444e+02
5.766563009723556661e+02
4.913545471720647129e+02
6.384399470759678508e+01
5.480828811167169761e+02
5.013971955818445281e+02
2.705382929958236815e+01
5.187787902722276385e+02
5.091109146612959080e+02
1.687256180707662168e+01
4.888395405198567687e+02
5.145662957914030358e+02
4.868733134633499304e+01
4.583713321638821299e+02
5.178331269952805087e+02
8.143049231045969805e+01
4.275134915640344389e+02
5.190299844913910192e+02
1.128075591218636191e+02
3.963417799635734013e+02
5.182146929250079666e+02
1.425394283850079660e+02
3.649851536355703843e+02
5.155032408301365194e+02
1.705893064288390804e+02
3.335019034714802615e+02
5.109325530947349421e+02
1.968680759123294592e+02
3.020457439397856660e+02
5.046390693162425691e+02
2.213907070328101554e+02
2.707017948876336959e+02
4.967152413436201073e+02
2.441331769382619541e+02
2.396295926628866653e+02
4.874677081871367932e+02
2.655528769374311082e+02
2.083106143546019666e+02
4.760838053774475043e+02
2.845080222430219692e+02
1.778565189930414192e+02
4.637026182691973304e+02
3.019461638994296209e+02
1.477654650546295159e+02
4.500019522994147678e+02
3.176464798609561058e+02
1.181844524018469826e+02
4.350604200229139451e+02
3.315784404477177532e+02
8.926507498278682817e+01
4.190133642624667232e+02
3.437980528932031916e+02
6.111229988186618556e+01
4.019175344892309454e+02
3.542967710133125365e+02
3.410240296932136772e+01
3.838767032509368278e+02
3.631040565305892187e+02
1.149599172788687795e+01
3.649891684016984641e+02
3.702599754339991591e+02
2.260767316633222279e+01
3.453275276323203684e+02
3.757790169364263875e+02
4.648884644903870367e+01
3.249939561202937739e+02
3.797070357559273361e+02
7.027130175124095501e+01
3.040640063415359577e+02
3.820678385627480225e+02
9.322604049096807444e+01
2.826410710263481292e+02
3.829162778885162197e+02
1.151971792550147597e+02
2.608050502697739148e+02
3.822958405729443712e+02
1.361129398990580910e+02
2.386268974582641533e+02
3.802336747313957517e+02
1.559008809449677528e+02
2.162107184607084207e+02
3.767931935247126489e+02
1.745280369601570953e+02
1.936369139606509577e+02
3.720269641453159011e+02
1.919638112353070767e+02
1.709856297300107997e+02
3.659882028496143676e+02
2.081816717735876807e+02
1.483373756877669507e+02
3.587311649036636823e+02
2.231562166691238360e+02
1.257756668451240216e+02
3.503174426419331553e+02
2.368730755070568819e+02
1.033815434697192757e+02
3.408062801611699797e+02
2.493185800473701477e+02
8.124333310589948098e+01
3.302585932825146529e+02
2.604811540244755861e+02
5.947260917008348002e+01
3.187421525344101383e+02
2.703592954356920472e+02
3.825549725391319811e+01
3.063222496117778633e+02
2.789534029953550771e+02
1.831352509962226094e+01
2.930652401018011233e+02
2.862677493980312420e+02
9.910548497953650227e+00
2.790359658475381934e+02
2.923065996192427747e+02
2.624632432588172293e+01
2.643061784491408730e+02
2.970841086260016368e+02
4.512635211043186700e+01
2.489403112757705969e+02
3.006094307798378509e+02
6.374234978018572662e+01
2.330155765384198787e+02
3.029072057192875604e+02
8.177177325067775371e+01
2.166006608401114590e+02
3.040009229473279220e+02
9.910349920364268428e+01
1.997619394974233273e+02
3.039128044156364581e+02
1.156678485639392164e+02
1.825704932997510639e+02
3.026717835137155816e+02
1.314144944127493773e+02
1.650951776129070083e+02
3.003074755252107479e+02
1.462988728436832275e+02
1.474083742441582956e+02
2.968561110381875778e+02
1.602851842373802640e+02
1.295812153837429435e+02
2.923575097470791775e+02
1.733447322678678404e+02
1.116823629902096258e+02
2.868523208474164221e+02
1.854530452419195683e+02
9.378048888099675651e+01
2.803815749160923474e+02
1.965879057868419864e+02
7.594834703923082486e+01
2.729872942416351975e+02
2.067282783001975019e+02
5.827249890067265881e+01
2.647157447953620704e+02
2.158569914801034031e+02
4.087651463595035040e+01
2.556185431586150685e+02
2.239641480268814178e+02
2.404399017120510962e+01
2.457487752535247694e+02
2.310450810633553260e+02
9.671090804028484200e+00
2.351599275518956063e+02
2.370998790864468049e+02
1.364660272900527715e+01
2.239017402134224994e+02
2.421272670321104385e+02
2.862135545560248673e+01
2.120249076587269315e+02
2.461261921817948348e+02
4.415118444519413998e+01
1.995841618534242343e+02
2.490983567326766774e+02
5.939356842199508435e+01
1.866424404709333089e+02
2.510559796721749137e+02
7.416460072053189378e+01
1.732640838883710046e+02
2.520195257292349993e+02
8.838302273658199226e+01
1.595101122180725497e+02
2.520140863135869722e+02
1.020016594992088415e+02
1.454339114901563619e+02
2.510633326771214229e+02
1.149890364160658294e+02
1.310748771291322612e+02
2.491695205710007031e+02
1.272895238791658272e+02
1.165064364516891544e+02
2.463710063689952392e+02
1.388845159214925786e+02
1.017704499387529609e+02
2.426765022616248757e+02
1.497291330250852752e+02
8.693265804700854460e+01
2.381064428429185114e+02
1.597721629791798534e+02
7.208898896260336642e+01
2.327296386426080801e+02
1.690221209515739247e+02
5.728708030989055544e+01
2.265682816472136949e+02
1.774522505880807728e+02
4.261724295303735488e+01
2.196656249004650761e+02
1.850538814825136456e+02
