2.294030009398613572e+02
2.073516083645981212e+02
2.469565014009405104e+02
2.365548586151300299e+02
2.102786875868724223e+02
2.500231696196552207e+02
2.439938020012422442e+02
2.139097422082994626e+02
2.531689300571178478e+02
2.517290055670418099e+02
2.180725314343995933e+02
2.561099651670118078e+02
2.594717218095951239e+02
2.226917122742926551e+02
2.589798769437193187e+02
2.674549208263824767e+02
2.280305539305225579e+02
2.617945696499505175e+02
2.755338784094610105e+02
2.340567448004481435e+02
2.646404835606692245e+02
2.837799194728492580e+02
2.408770802820214101e+02
2.675096194109773933e+02
2.919603559120299678e+02
2.482136804159723340e+02
2.703912087200230872e+02
3.002767432549637192e+02
2.564739395841293117e+02
2.736332674312043878e+02
3.088396713299903240e+02
2.655463330927527750e+02
2.768579829379249873e+02
3.171535329054552790e+02
2.752943182904282367e+02
2.805968096141146475e+02
3.257626107852747737e+02
2.859757898902481088e+02
2.847115627815996390e+02
3.342508154130424600e+02
2.971736864620756364e+02
2.893122147873122003e+02
3.430800201033661097e+02
3.093176405845741215e+02
2.943137831060918757e+02
3.519907499445507710e+02
3.226464644272762143e+02
3.003393137436417533e+02
3.609194103586366396e+02
3.364341310948934165e+02
3.068115293117550095e+02
3.699677401122422680e+02
3.515069843041771946e+02
3.148313956419019632e+02
3.792194823550416345e+02
3.669993752838886962e+02
3.238104700199141348e+02
3.893214404321163329e+02
3.840247478730564126e+02
3.336051013151767961e+02
3.985340365125187532e+02
4.008223455949760705e+02
3.441632158919952076e+02
4.084072184319520602e+02
4.195924588063402894e+02
3.574642799393477048e+02
4.192942520640929729e+02
4.396415502836490532e+02
3.727329129125675991e+02
4.309864450709394532e+02
4.609063087968905279e+02
3.895943908251019252e+02
4.427073716290377661e+02
4.826890666892181798e+02
4.082207212346081064e+02
4.560031592249306414e+02
5.073869661738359014e+02
4.306665223074953701e+02
4.700248020965110527e+02
5.324116767810273814e+02
4.554916839596406248e+02
4.867564123895839998e+02
5.602642127473363871e+02
4.831762593692711789e+02
5.045543566396572146e+02
5.897504448493414202e+02
5.140312753396082144e+02
5.253082268607730612e+02
6.231892324826997083e+02
5.494374441776186586e+02
5.478769058518354313e+02
6.592543742910331730e+02
5.896566497515439096e+02
5.735719913257229337e+02
6.991940127792128123e+02
6.365244300609221000e+02
6.038742830995796567e+02
7.428285398679576019e+02
6.894117088017262631e+02
6.408462603603557000e+02
7.954800508835111259e+02
7.550287839213818870e+02
6.863748391382713407e+02
8.529166326670351737e+02
8.278306766071017364e+02
7.390244513917198219e+02
9.176052194875413761e+02
9.117213447754634217e+02
8.041513980488703055e+02
9.962182915893168911e+02
1.013557132981919949e+03
8.860779423859041799e+02
1.090948363986480217e+03
1.134429436475073999e+03
9.877183264179961952e+02
1.216076448266875786e+03
1.296149496779324863e+03
1.119023964224856627e+03
1.366893954358910605e+03
1.500761098828572813e+03
1.299919324624034743e+03
1.576070830765673918e+03
1.784395082381973225e+03
1.550872660333380509e+03
1.848664180425009818e+03
2.167967167573429379e+03
1.932192628468704697e+03
2.295649096261786326e+03
2.778465084912108978e+03
2.521678186192019893e+03
3.001703790227162244e+03
3.833382211263432055e+03
3.656098390547231702e+03
4.508785198582421799e+03
6.294805840097729742e+03
6.656936016204041152e+03
9.089865267541554203e+03
1.572611126189573406e+04
2.108872010040023088e+04
2.115768699894620659e+04
1.586655768757520491e+04
9.122584866014547515e+03
6.529739483834125167e+03
6.242044205899077497e+03
4.484897167493875713e+03
3.546302876746914080e+03
3.757782386062197475e+03
2.950384033187840942e+03
2.377452196160422773e+03
2.638173471438527940e+03
2.189330914336320802e+03
1.784230039297862959e+03
2.034628421364257065e+03
1.749766102923703329e+03
1.404948019051935489e+03
1.628085735538424842e+03
1.450940153584786458e+03
1.158008095068327748e+03
1.356206667647296399e+03
1.246880237907298124e+03
9.817642824486636073e+02
1.148648603610843338e+03
1.086422205264690547e+03
8.470496205834057264e+02
9.912721353626030805e+02
9.675155512813747691e+02
7.519718316572335652e+02
8.701330829370945139e+02
8.692372568402329307e+02
6.635645995531241397e+02
7.546413352524320999e+02
7.791883141897936866e+02
6.035289089274785965e+02
6.805078095933313307e+02
7.162276779946093939e+02
5.486106708750064627e+02
6.040162758104069098e+02
6.559357742142054803e+02
5.075784771682427845e+02
5.444186241692026442e+02
6.042898414972364662e+02
4.708410122530327158e+02
4.904207705980742844e+02
5.557913993764908582e+02
4.378084262981078041e+02
4.471445049433494319e+02
5.170555239919199266e+02
4.082328707621285844e+02
4.019849096665861339e+02
4.782119008716364306e+02
3.856441358916758304e+02
3.698296914294273279e+02
4.479504824245264558e+02
3.660629924900475771e+02
3.349398855636353574e+02
4.130455777249387097e+02
3.452097604241367890e+02
3.076004301404162220e+02
3.849709639434154269e+02
3.279570157841336027e+02
2.823433189974695665e+02
3.579036867305165970e+02
3.121057299880176856e+02
2.619425147170317132e+02
3.344759140773479089e+02
2.965419177919027334e+02
2.400186477261403297e+02
3.110468111906990316e+02
2.827126227094644264e+02
2.212135835055517532e+02
2.897320311030988478e+02
2.716212752652507447e+02
2.063031773626289009e+02
2.691286989726605157e+02
2.603399881573878929e+02
1.932698858579202295e+02
2.479389126724867936e+02
2.461974479679318506e+02
1.822862198864098957e+02
2.332899135753733901e+02
2.362109420595335223e+02
1.692954466392912991e+02
2.150939280651100205e+02
2.263874402952652360e+02
1.631231340928449072e+02
2.011072909614718753e+02
2.147865992530714436e+02
1.519727444931828018e+02
1.884435695977398382e+02
2.092343065513213389e+02
1.464944523387360675e+02
1.721588389752417640e+02
1.977999301118092603e+02
1.406733006798009740e+02
1.618482756573439474e+02
1.901040987839228364e+02
1.321783117447753284e+02
1.428373311071044043e+02
1.758839474722224736e+02
1.264836476367124760e+02
1.366330245778073049e+02
1.709972053247619499e+02
1.234770297164874506e+02
1.268693189435915514e+02
1.637973652953007218e+02
1.212407797036882897e+02
1.195703997488296721e+02
1.572582206370198890e+02
1.181931982379969099e+02
1.105800242153672031e+02
1.484261069571432756e+02
1.134835213956514366e+02
1.059448553946518956e+02
1.458701522821293111e+02
1.126504138915538107e+02
9.550685941150234726e+01
1.361591243634265709e+02
1.084065776120499720e+02
8.966500894368488161e+01
1.304678804763188111e+02
1.054997306653250320e+02
8.216339159775419887e+01
1.246473759415389964e+02
1.070341825090088861e+02
8.376324863688320477e+01
1.199281880933661881e+02
9.925563011982548289e+01
6.803801975598209140e+01
1.107785684323730777e+02
9.955745902221528354e+01
7.171605261353131766e+01
1.086277914463018561e+02
9.703103032233607905e+01
6.592693840478575851e+01
1.047367588020099021e+02
9.828938339185964423e+01
6.286297737300868960e+01
9.391021394629214569e+01
8.923608755855717334e+01
6.220549426237336377e+01
9.852668484837997198e+01
9.423195954031901067e+01
5.661138946576457442e+01
8.834577420956593130e+01
8.994941984277996028e+01
5.938515398973056847e+01
8.928088791093578891e+01
9.049330155459317382e+01
5.704914589882448439e+01
8.466238552807682538e+01
8.880107484876153023e+01
5.860676258895725255e+01
8.423758271953006727e+01
8.686418963039463392e+01
5.233089666129579598e+01
8.103849542558879193e+01
8.851383756090967836e+01
5.138265513006262353e+01
7.511556976322407309e+01
8.777714459503816613e+01
5.514416661785593732e+01
7.111044377094836477e+01
8.319660724234682903e+01
5.758694789776593126e+01
7.832500457369310709e+01
8.967560954715042953e+01
5.971862841760891172e+01
7.393097120790868360e+01
8.704732643999084019e+01
5.867054141756578645e+01
7.116703918735464640e+01
8.395144316408440943e+01
5.311570768917947305e+01
6.781263221865830815e+01
8.735101873013330476e+01
6.229072056828142934e+01
6.972057575045225519e+01
8.763122909285903006e+01
6.623553243278254854e+01
7.023590759124688532e+01
8.304056932213529763e+01
6.138108097350497872e+01
7.464715258315041524e+01
9.164343559828397190e+01
6.623443766396336230e+01
7.046761234379410155e+01
9.089554259409625558e+01
7.131780160607128494e+01
7.066800224199819525e+01
8.556901448503964502e+01
6.789621136260487333e+01
7.690312291949697965e+01
9.319941523899805702e+01
7.024015179832308320e+01
7.469080455077168779e+01
9.367372662847405707e+01
7.088363226387092197e+01
7.450358179341029086e+01
9.739817015532548794e+01
7.841886700021073864e+01
8.133877540858448185e+01
1.036082741270598859e+02
8.211627268263285373e+01
7.967569025319856735e+01
1.054256753401687661e+02
8.645843578720908340e+01
7.922570644469337253e+01
1.075787659464053974e+02
9.629309247598618526e+01
8.776325672548928480e+01
1.083174498954909808e+02
9.515619647950025239e+01
9.024825368833278105e+01
1.139730033196906192e+02
1.014284908523374753e+02
9.715803339262367899e+01
1.234325656692962809e+02
1.123440981776639376e+02
1.056189152405565466e+02
1.308213748379787660e+02
1.171425493245767200e+02
1.044312439457431196e+02
1.342470519662868185e+02
1.270197115314562097e+02
1.121062265840232328e+02
1.395560802516709202e+02
1.366512184905477909e+02
1.252730755902465489e+02
1.518428329844438736e+02
1.485679011787205468e+02
1.358172149231104697e+02
1.629647650154871599e+02
1.596511992364700916e+02
1.425089156921270046e+02
1.722784232742534982e+02
1.738406393999808586e+02
1.514029407982186228e+02
1.797065119716933452e+02
1.922926295314462948e+02
1.757952042334251246e+02
1.951440200135623115e+02
2.039581941424752927e+02
1.901071446424652152e+02
2.141471553636222893e+02
2.273534318766943727e+02
2.134616708550368855e+02
2.341855148572136329e+02
2.480741264620982065e+02
2.332221921445838291e+02
2.511012581999402755e+02
2.689392691013705985e+02
2.641972170698858804e+02
2.893446452657859709e+02
3.051301511692311124e+02
2.920495851880857572e+02
3.175475257232440072e+02
3.415114925101025847e+02
3.271811798919403032e+02
3.502873409909023508e+02
3.874971015035364985e+02
3.854899959463105574e+02
4.056608433272355683e+02
4.426767749791207507e+02
4.489786182280474236e+02
4.756267311875102450e+02
5.165187488484953064e+02
5.257040796284998123e+02
5.540412160886660331e+02
5.998170060281913720e+02
6.215624539699109619e+02
6.785752450685946542e+02
7.549874912799363074e+02
7.799752177833522637e+02
8.294118985785223686e+02
9.388126259373658513e+02
1.011904084266189670e+03
1.079098270642875150e+03
1.210693855840608194e+03
1.340876615493225700e+03
1.463975019139360711e+03
1.651761330761070667e+03
1.877895639982910552e+03
2.119156089244585928e+03
2.424785742306780321e+03
2.787308282561009491e+03
3.142499766934256968e+03
3.421163061745468440e+03
3.532878784333681779e+03
3.430568094271287009e+03
3.179348482132231766e+03
2.874802622257274379e+03
2.559121146862981732e+03
2.273402164762509074e+03
2.047242683091373465e+03
1.841569388483763305e+03
1.648590974226649450e+03
1.507072928645194224e+03
1.387810706179038107e+03
1.272336877299035223e+03
1.198430090558436632e+03
1.131324426436092153e+03
1.041250243584532427e+03
9.837642255221607002e+02
9.462973785744673023e+02
8.847051752062770902e+02
8.427846268426425240e+02
8.197392446455249910e+02
7.734146829818782862e+02
7.420840859264559413e+02
7.267706380771805925e+02
6.838244971703093142e+02
6.554191096550557631e+02
6.507800016379959516e+02
6.152076137196588661e+02
5.850445481064127762e+02
5.861531551963765878e+02
5.630321440750318516e+02
5.378462970784047457e+02
5.402930377305282263e+02
5.197612348911621893e+02
4.943103832199440717e+02
5.009636830873153031e+02
4.893662698735394656e+02
4.647906921230908210e+02
4.673192309484162479e+02
4.575069620944282178e+02
4.362157809464276852e+02
4.404743290091441850e+02
4.325021943288608099e+02
4.101836439974564428e+02
4.129548817549260207e+02
4.066421513453421994e+02
3.858207156131072111e+02
3.911139835013490256e+02
3.888130873923645368e+02
3.678712405842364888e+02
3.712728336803288585e+02
3.705692820206943452e+02
3.502033174938699744e+02
3.533643544146414683e+02
3.550985605838654919e+02
3.355039284285797407e+02
3.381382880215372211e+02
3.420937395745743856e+02
3.231332166221320108e+02
3.245725737917696847e+02
3.295689937117576847e+02
3.095875696856166996e+02
3.093275233622445626e+02
3.177004333085061489e+02
2.994432664018037258e+02
2.969644533063602694e+02
3.071975634294771567e+02
2.908936757218250477e+02
2.859253210696865608e+02
2.968593610448911022e+02
2.830419669785506471e+02
2.765895774630956225e+02
2.869757448062505318e+02
2.739624956151727702e+02
2.660884633933146688e+02
2.770689878470769258e+02
2.660796130867775560e+02
2.579690365998843049e+02
2.697697071549904422e+02
2.595920665348460830e+02
2.491338055905472686e+02
2.615390092192041607e+02
2.541656595276175210e+02
2.423817841214512043e+02
2.537092428420455974e+02
2.477215506964350027e+02
2.348144403074144009e+02
2.460018408286552756e+02
2.426236176523225083e+02
2.294338874685948610e+02
2.394330812391884535e+02
2.372121945271821346e+02
2.235929822720987943e+02
2.332573200211619451e+02
2.326633466761477109e+02
2.182744648845440167e+02
2.269525731225142806e+02
2.277955631603311417e+02
2.124688333021844642e+02
2.201546699963241736e+02
2.237024466610149034e+02
2.091285205715530253e+02
2.151327056906858957e+02
2.193174194827008421e+02
2.042663749701541747e+02
2.089271311674070262e+02
2.149337109768127334e+02
2.005248129899464686e+02
2.036509161372490553e+02
2.106721551553129927e+02
1.967090551544252719e+02
1.986628247486297312e+02
2.071935177682586300e+02
1.939056630759002644e+02
1.938742754838542055e+02
2.031415238531772616e+02
1.908149612436738209e+02
1.893182421365589789e+02
1.992862136177012360e+02
1.878689919494667606e+02
1.847783643404430620e+02
1.953527416347373276e+02
1.852610895301573635e+02
1.809228722505880000e+02
1.918140471741033366e+02
1.828339698360888121e+02
1.772636099650924564e+02
1.884165031881912000e+02
1.803986167534864933e+02
1.733112901418719503e+02
1.848227534671597425e+02
1.783454372582543783e+02
1.697123128714459597e+02
1.809206518990587540e+02
1.761517151061260051e+02
1.666602129374837205e+02
1.775048826101135830e+02
1.742361080213106561e+02
1.638064331154137108e+02
1.739651008433605739e+02
1.721706432781675460e+02
1.611995993838128811e+02
1.707417342342138227e+02
1.702490113997742753e+02
1.585304619569438103e+02
1.672946889232507317e+02
1.683832405707429132e+02
1.562833274844918492e+02
1.639534968797518104e+02
1.663556695028646288e+02
1.540859078261236448e+02
1.608000210627263300e+02
1.645810070765322450e+02
1.521991237586872501e+02
1.576532838371414869e+02
1.627386742769855061e+02
1.505487413588242305e+02
1.545876911637316198e+02
1.606258735240519400e+02
1.487122061774294934e+02
1.515471290627441761e+02
1.586245038063992467e+02
1.470523197631661390e+02
1.485147274800934269e+02
1.566532468782858984e+02
1.458006331149993571e+02
1.458100887615374859e+02
1.546146586894960819e+02
1.444889479674896791e+02
1.431429045094032517e+02
1.525746668043555019e+02
1.432940559085276959e+02
1.405685950302390381e+02
1.505100882761099967e+02
1.422674122630025693e+02
1.381859933816867851e+02
1.483487316877995852e+02
1.411707784360331175e+02
1.358674905040521708e+02
1.461784703335500240e+02
1.401711690714459166e+02
1.337190842039597385e+02
1.440092168334138876e+02
1.392624297211671660e+02
1.317844516053902169e+02
1.418354629003714535e+02
1.383139647133677670e+02
1.299201410804095076e+02
1.396516485058727994e+02
1.374186591379660456e+02
1.281601804138005889e+02
1.373258805580962303e+02
1.364159410705533446e+02
1.265614166673475296e+02
1.350985061109418552e+02
1.354970986083644107e+02
1.251460194916497670e+02
1.328666628518384698e+02
1.345436812954584127e+02
1.238899345588719285e+02
1.306848025352865363e+02
1.335640137910369560e+02
1.227146242967832421e+02
1.284431908375339617e+02
1.324777005567116248e+02
1.216519419641848714e+02
1.262774200155992617e+02
1.313964709575169820e+02
1.207396965273985927e+02
1.241654917851731170e+02
1.302457081583046090e+02
1.198890416560573584e+02
1.220811836438655718e+02
1.290630602930451403e+02
1.191962926328951369e+02
1.200996537423191484e+02
1.277819648133190356e+02
1.184959142093437237e+02
1.181700707077611696e+02
1.265083336881916551e+02
1.179431134531432832e+02
1.163441739856215094e+02
1.251306186617753156e+02
1.173409501003928455e+02
1.145187089996311016e+02
1.237082477754137244e+02
1.168767558858377384e+02
1.128640246550489081e+02
1.222232705893681128e+02
1.163963537660972634e+02
1.112906971370763074e+02
1.206889958919033035e+02
1.159351682676057607e+02
1.098384891049635854e+02
1.191279314235046911e+02
1.154827177109011416e+02
1.084971521398706642e+02
1.175372782388266728e+02
1.150198022427022693e+02
1.072409110709600668e+02
1.159001386858127773e+02
1.145527082148087032e+02
1.061207817985823993e+02
1.142573009208185368e+02
1.140726820430057558e+02
1.051083420836010447e+02
1.125752724552108788e+02
1.135335175410938291e+02
1.041961558738241820e+02
1.108995805989923724e+02
1.129760999845534855e+02
1.034042824731183003e+02
1.092282671885179752e+02
1.123696087189834287e+02
1.027035093521964484e+02
1.075523797646571325e+02
1.116988089930040076e+02
1.020991375460952213e+02
1.059166580560433744e+02
1.109882873042235758e+02
1.015742828386456154e+02
1.042924996357552345e+02
1.102123377217581606e+02
1.011319851158726522e+02
1.027088345659431639e+02
1.093683235293665064e+02
1.007526823645052190e+02
1.011812577334810470e+02
1.084731852740909090e+02
1.004367526042027521e+02
9.971063423810282700e+01
1.075076670794070139e+02
1.001559862131298217e+02
9.830845643859258587e+01
1.064920471427360553e+02
9.991191176481505920e+01
9.697404968965174987e+01
1.054178904931903844e+02
9.969506868432277713e+01
9.572343483728970170e+01
1.042952026075465284e+02
9.949615537401449217e+01
9.455260354280079582e+01
1.031094848289008041e+02
9.929060146391501007e+01
9.347287640508449158e+01
1.018881126235089170e+02
9.908856218117036008e+01
9.248841225842377867e+01
1.006232908950438940e+02
9.886931208877187771e+01
9.160036113719024797e+01
9.932258289080955649e+01
9.862060926843436448e+01
9.080895043887474571e+01
9.800279015224344903e+01
9.834291079857847251e+01
9.010818423855204173e+01
9.666314545154584437e+01
9.802957323524924504e+01
8.949981466220718573e+01
9.530783993343514737e+01
9.766797928394296946e+01
8.898552846987590215e+01
9.396100068649971604e+01
9.725874185040946429e+01
8.854513377178922440e+01
9.261352052666906332e+01
9.679650894636908731e+01
8.818711018061357265e+01
9.128556291858581062e+01
9.627458961096255052e+01
8.789080950416106930e+01
8.998205119658670981e+01
9.570176682951802150e+01
8.765812456690123611e+01
8.870087625877505388e+01
9.505886562113515481e+01
8.748099380034629746e+01
8.747239003903636956e+01
9.436035157562058373e+01
8.734492940259630700e+01
8.629094656187771761e+01
9.360052243995876609e+01
8.724352503328493924e+01
8.517269202008331774e+01
9.278704423079436481e+01
8.716513650139189906e+01
8.411518981003450790e+01
9.191586629104314454e+01
8.710215717174668271e+01
8.313228616002064086e+01
9.099421277465316393e+01
8.704154844838070915e+01
8.222242492501240463e+01
9.002473475944272252e+01
8.697733623088222998e+01
8.139216583506778591e+01
8.901348155742502399e+01
8.690243743689377709e+01
8.064344417646367447e+01
8.796109907124073857e+01
8.680431976270672578e+01
7.998003829075663873e+01
8.688095284893613268e+01
8.667992550892051895e+01
7.939836174309685646e+01
8.577265831740670876e+01
8.651902371222843158e+01
7.890094663084946092e+01
8.465065428281474169e+01
8.631939117728067856e+01
7.848195464649008102e+01
8.351739597165318685e+01
8.607390719089207209e+01
7.813853898459679215e+01
8.238194339973568958e+01
8.577847309448161184e+01
7.786543886370118628e+01
8.125295321516804847e+01
8.543125100018211526e+01
7.765837074514672622e+01
8.013875796180906264e+01
8.502782456851745962e+01
7.750815393971450362e+01
7.904745759545269834e+01
8.456758318371383609e+01
7.740753638742430098e+01
7.798744381496018718e+01
8.405122708664460163e+01
7.734970255667013816e+01
7.696520251543219615e+01
8.347591364778938328e+01
7.732489676397646861e+01
7.599087043604217229e+01
8.284601963332536911e+01
7.732486707602002696e+01
7.506840691643830610e+01
8.216079228136612755e+01
7.734058478943009618e+01
7.420537117857929843e+01
8.142407225740070942e+01
7.736407265001913913e+01
7.340688580956877729e+01
8.063816154700565164e+01
7.738597457423784931e+01
7.267797868921155668e+01
7.980886038775284419e+01
7.739916402898154502e+01
7.202109188571158427e+01
7.893971797104238419e+01
7.739520640619511482e+01
7.143755685081622175e+01
7.803600268046076849e+01
7.736832000233935958e+01
7.092985267351394896e+01
7.710347674030937526e+01
7.731039797079424147e+01
7.049642911028031733e+01
7.614956652597210507e+01
7.721750964347189949e+01
7.013584993126497125e+01
7.517939926560877950e+01
7.708320394506729656e+01
6.984588871752930572e+01
7.420220049013518349e+01
7.690454578722429346e+01
6.962191174352702205e+01
7.322396204100581940e+01
7.667760454862730057e+01
6.945942955266268370e+01
7.225236180933754326e+01
7.639924343208534196e+01
6.935262410218449247e+01
7.129592331911355529e+01
7.606804802000074517e+01
6.929428863675181560e+01
7.036151703996854678e+01
7.568307111293462697e+01
6.927804667245057146e+01
6.945698853632949010e+01
7.524364775436619368e+01
6.929570972632174630e+01
6.858936432746865819e+01
7.475036215496076863e+01
6.933940820076770706e+01
6.776538668475561167e+01
7.420463439165079933e+01
6.940139188079459132e+01
6.699123202822525514e+01
7.360814841183648127e+01
6.947339243152495669e+01
6.627251040183547559e+01
7.296402808493675707e+01
6.954786827650700332e+01
6.561364825849284443e+01
7.227513448049965916e+01
6.961673018282081671e+01
6.501805417151643951e+01
7.154570953711431969e+01
6.967342793616293761e+01
6.448874309262431836e+01
7.078012013400966396e+01
6.971099953584304387e+01
6.402746380850224739e+01
6.998376310059499872e+01
6.972317685522658337e+01
6.363422939848202731e+01
6.916191682294889631e+01
6.970424529318385964e+01
6.330855919167890278e+01
6.832106333163282841e+01
6.964940382825928111e+01
6.304849639627595792e+01
6.746773862144722500e+01
6.955447328888176628e+01
6.285075095227782072e+01
6.660811395320321537e+01
6.941546050654633859e+01
6.271108242721469850e+01
6.574890877272508760e+01
6.922950924071149359e+01
6.262509513077837653e+01
6.489768015729015360e+01
6.899476299136323121e+01
6.258789470475667116e+01
6.406258631062425479e+01
6.870992302091501358e+01
6.259232583016957818e+01
6.325008904355536288e+01
6.837409400793887926e+01
6.263121989868949413e+01
6.246697708796416748e+01
6.798779342190367458e+01
6.269767919818921342e+01
6.171966906053054203e+01
6.755227511662751283e+01
6.278460476556473679e+01
6.101168804723294414e+01
6.706496828518426412e+01
6.288284520838633540e+01
6.035175862441027306e+01
6.653359474698825693e+01
6.298949927881517397e+01
5.974420477602829749e+01
6.595707401401729442e+01
6.309448997104546208e+01
5.919309328082162125e+01
6.533931637816019133e+01
6.319075726971632889e+01
5.870155600996994139e+01
6.468453387931026555e+01
6.327156801520629159e+01
5.827151455711438643e+01
6.399783364025634569e+01
6.333135305290092987e+01
5.790351158663515463e+01
6.328385374589818468e+01
6.336493000129111408e+01
5.759761970792744279e+01
6.254770874644255230e+01
6.336743995777121796e+01
5.735305513245666020e+01
6.179502594467170695e+01
6.333424556007820883e+01
5.716774335252866024e+01
6.103205795174961423e+01
6.326159878424571303e+01
5.703864348843791987e+01
6.026538654252215110e+01
6.314633941866908629e+01
5.696143830924028606e+01
5.950171324587151389e+01
6.298636566573838280e+01
5.693113962937338357e+01
5.874738817855050144e+01
6.278005678413462931e+01
5.694240967130781428e+01
5.800889499998523036e+01
6.252634451189728537e+01
5.698945895578707876e+01
5.729269911740781396e+01
6.222451851523313593e+01
5.706582611199508648e+01
5.660535375982396999e+01
6.187480984335026335e+01
5.716462491847081395e+01
5.595293977529444618e+01
6.147823361564264388e+01
5.727884593577736894e+01
5.534092406228446492e+01
6.103655849674058942e+01
5.740169970992826620e+01
5.477403247395591279e+01
6.055193869402236118e+01
5.752658375283105840e+01
5.425636547935714304e+01
6.002695612170653305e+01
5.764713305243434149e+01
5.379152422265950406e+01
5.946476124573551658e+01
5.775707435299808168e+01
5.338228977560778787e+01
5.886915463010703320e+01
5.785029640344950508e+01
5.303026661882109494e+01
5.824464908934704965e+01
5.792137469748409018e+01
5.273591890983816199e+01
5.759611070517515685e+01
5.796553866587151305e+01
5.249871331683306153e+01
5.692864024463501949e+01
5.797862054451103120e+01
5.231729008132791137e+01
5.624748976221013663e+01
5.795677646282617701e+01
5.218950806764623707e+01
5.555842870857192395e+01
5.789665237282850541e+01
5.211219898960134600e+01
5.486755632321691678e+01
5.779550766934384143e+01
5.208124342850575772e+01
5.418123790817497820e+01
5.765141976251273093e+01
5.209166434363154252e+01
5.350568057980401449e+01
5.746325117792599713e+01
5.213810980737488876e+01
5.284685159102602370e+01
5.723032982753436926e+01
5.221497816602825992e+01
5.221067869482933332e+01
