1.253873230862167674e+02
9.276658078470744329e+01
1.143421336835164794e+02
1.278371061494389522e+02
9.497541588789810874e+01
1.130679993160121626e+02
1.300668014773582968e+02
9.750267143602327735e+01
1.117733613930061125e+02
1.321147186719196327e+02
1.003112665329813922e+02
1.104338244168612420e+02
1.339351160597412900e+02
1.034001892772316751e+02
1.091693381605139592e+02
1.355716337380572440e+02
1.067195422602262624e+02
1.079470523774387090e+02
1.369632566430248346e+02
1.102129795410886857e+02
1.067947804965662328e+02
1.380767104255436664e+02
1.138665681019919305e+02
1.058992896463635560e+02
1.390120694678982147e+02
1.176041474518679024e+02
1.051183864206932554e+02
1.396584184469742809e+02
1.214120086560019871e+02
1.046130198584188946e+02
1.400655715878608873e+02
1.252530289369671408e+02
1.044613396650205885e+02
1.403089084478815778e+02
1.291437160813389369e+02
1.046508407150077744e+02
1.402799842572278806e+02
1.329127138784008366e+02
1.051413142927287510e+02
1.400316958691404068e+02
1.366152263311621766e+02
1.060762979065038394e+02
1.397508495276322265e+02
1.404196555200088596e+02
1.073889279694774217e+02
1.390415547970002308e+02
1.439420920882141672e+02
1.092435233860596071e+02
1.383473321286074338e+02
1.474057234088558630e+02
1.115696831392516515e+02
1.375485017969859314e+02
1.506533543785485563e+02
1.141685820061222216e+02
1.365990848127910624e+02
1.537630776191029440e+02
1.172575936857737986e+02
1.355943078888184345e+02
1.565877028182458162e+02
1.205938298393717787e+02
1.345401569855936259e+02
1.592067060513838896e+02
1.243186574044470376e+02
1.336983781527767690e+02
1.618054452785358421e+02
1.283722390262992690e+02
1.327584937848261575e+02
1.641537296096013563e+02
1.328951614846300515e+02
1.319948391038707882e+02
1.660297044199018046e+02
1.373474357260090244e+02
1.314690345611365956e+02
1.679104115196882958e+02
1.422311309709558316e+02
1.312517974355125148e+02
1.694435385804127350e+02
1.469670147139035237e+02
1.310024169307312434e+02
1.706664420219860858e+02
1.519533335522347386e+02
1.313165163315078701e+02
1.717787765409934764e+02
1.571269563566856675e+02
1.321920617319225357e+02
1.727289707124201641e+02
1.621972426429287566e+02
1.332019011899853353e+02
1.733545336507305876e+02
1.673346071086231746e+02
1.348053845001219031e+02
1.739007133505696743e+02
1.727070661493829675e+02
1.371747969781827123e+02
1.739738379662433374e+02
1.773043377274691466e+02
1.395521561339611196e+02
1.742237160098581796e+02
1.824779438853282443e+02
1.429266167595428385e+02
1.742202445214256841e+02
1.872247778009734986e+02
1.466378101549876760e+02
1.741060879591564401e+02
1.918039603984628059e+02
1.510392171677763713e+02
1.743837178629796938e+02
1.965282655154722704e+02
1.559321201822778278e+02
1.746108632841685733e+02
2.010897403984345146e+02
1.611128597383067529e+02
1.744810025586958773e+02
2.051609832446509927e+02
1.666298099252234692e+02
1.744209205867392143e+02
2.090098080642894445e+02
1.727720120120702063e+02
1.749057040399128766e+02
2.128735305058443146e+02
1.796763820222097081e+02
1.763185476971340790e+02
2.166281703970109618e+02
1.859493066505129377e+02
1.770264145066967103e+02
2.204297402644151589e+02
1.937718290997958093e+02
1.787575305268682371e+02
2.233455907048356437e+02
2.010787415371532063e+02
1.819446964894482903e+02
2.274989697928120336e+02
2.086937206972066292e+02
1.842898148975156687e+02
2.309067225138930439e+02
2.165289910890046485e+02
1.868660701035124703e+02
2.340864915762740281e+02
2.254440310901527482e+02
1.911940407517094798e+02
2.370522867868251353e+02
2.341141620439597659e+02
1.965287800518690631e+02
2.400724364578060204e+02
2.421678942503042151e+02
2.016558654719677577e+02
2.431445177872272438e+02
2.510758909061817690e+02
2.088986499031033475e+02
2.475443237708799415e+02
2.606424152440395687e+02
2.162510173692953401e+02
2.512874803749947716e+02
2.703301590726163681e+02
2.253850280333959972e+02
2.568330529436424854e+02
2.821190378075473291e+02
2.364197296651996112e+02
2.604724422378234294e+02
2.902665218236492137e+02
2.462420058552721969e+02
2.666344678724696564e+02
3.011623661087392634e+02
2.573058175754716785e+02
2.731312368077317387e+02
3.147942126667574598e+02
2.736558873717856386e+02
2.809907884547068306e+02
3.254886193911744954e+02
2.867916819085282327e+02
2.888349246696702721e+02
3.387807145214295588e+02
3.045052863899517774e+02
3.000040449695139273e+02
3.530703109156678465e+02
3.229016130382482856e+02
3.122045211035574539e+02
3.689789258833585563e+02
3.440926983791490557e+02
3.261175933935790567e+02
3.854023012692853172e+02
3.681436533056730127e+02
3.448510050909711140e+02
4.044722385518436454e+02
3.944624840416855704e+02
3.681485230439189991e+02
4.292718159923075518e+02
4.265479358850481049e+02
3.942403361631843950e+02
4.540576022253556516e+02
4.616639170007064763e+02
4.290992279926368838e+02
4.874110122713543660e+02
5.041665865161893976e+02
4.719328185350894955e+02
5.275356434131000469e+02
5.523764808248951113e+02
5.230826565830469690e+02
5.800335125241876995e+02
6.138957325991797234e+02
5.863264141333454518e+02
6.472146477447948882e+02
6.963433964726252725e+02
6.713141093326738655e+02
7.322300286819901203e+02
8.024271901869221892e+02
7.892189979278255123e+02
8.466912024677581030e+02
9.325484618848807941e+02
9.368969625168344919e+02
1.006345575408035074e+03
1.122919172832125469e+03
1.147038085410445319e+03
1.211182661654048843e+03
1.353590810456194959e+03
1.412546737457461177e+03
1.471786381790386486e+03
1.615839924064096522e+03
1.664397616630992388e+03
1.603927487563373234e+03
1.595581053985048811e+03
1.575190218701509366e+03
1.462955472367108314e+03
1.380555822406074640e+03
1.313005152646883744e+03
1.168013237302772495e+03
1.068369784456994012e+03
1.030720364655345293e+03
9.137468647420316756e+02
8.153919863315256862e+02
8.042093891661014595e+02
7.270071858931793258e+02
6.465785905187385652e+02
6.491576862672395691e+02
5.844537569028977941e+02
5.088703341116175238e+02
5.373182482182306785e+02
5.011824530460576739e+02
4.277492253388865038e+02
4.559510649425091060e+02
4.319157173747562410e+02
3.637319359185225949e+02
3.967984252780119618e+02
3.770417789266190880e+02
3.017444166542746871e+02
3.455978564951757335e+02
3.429361905771363013e+02
2.592751684068540499e+02
2.977077281841518470e+02
3.123355621324917024e+02
2.315830690907298788e+02
2.556629916198964452e+02
2.752080088659781154e+02
2.020909972597343938e+02
2.299652500527484449e+02
2.538353482946608040e+02
1.753826282721018970e+02
2.004821149891052414e+02
2.370363760552669987e+02
1.659958600500427508e+02
1.835489695025747210e+02
2.219964103907337858e+02
1.507106582165400539e+02
1.632945062546201029e+02
2.089565657972222823e+02
1.412777089634398635e+02
1.464786263167146956e+02
1.967782726429892080e+02
1.337403397598999675e+02
1.347551316103214845e+02
1.880463228736584824e+02
1.238733624264953193e+02
1.157443910270913960e+02
1.787615760757080920e+02
1.214428739422126711e+02
1.010708903411771047e+02
1.683703274924298796e+02
1.197230518419889762e+02
9.226867891005646527e+01
1.580419192528588610e+02
1.127834887335206844e+02
8.557665564524144486e+01
1.557250512140687704e+02
1.126916806276932590e+02
6.997917773372498118e+01
1.470477708673625443e+02
1.150030818291493233e+02
6.775896640458060460e+01
1.373739899166245664e+02
1.063435380703122348e+02
5.945438572890780904e+01
1.354438891205557525e+02
1.082972642056475223e+02
5.345391086136064729e+01
1.306588415453030052e+02
1.087674937848679804e+02
4.801423761856535322e+01
1.234031579000874359e+02
1.049416707131328508e+02
4.899581357679039684e+01
1.243368270816778534e+02
1.052186410539256798e+02
3.786318710267904919e+01
1.224916976338233212e+02
1.097960746581915572e+02
3.669056962875991701e+01
1.179885090491832784e+02
1.082171138170581344e+02
2.906571005834892674e+01
1.188841937224174927e+02
1.164612178836820959e+02
3.147483455232097782e+01
1.099574574404243918e+02
1.123441315407179530e+02
2.573220810458959917e+01
1.040786587004342039e+02
1.071564981618992647e+02
2.286477380647427182e+01
1.114363588095140898e+02
1.174032594559459994e+02
2.402735474825121287e+01
1.070061767384736839e+02
1.199660538818866371e+02
2.649844461510149429e+01
1.020797592917025582e+02
1.193568517708101808e+02
2.564240333641880909e+01
1.029362038555471486e+02
1.265041297202187138e+02
3.552874895046072368e+01
9.240636095019985419e+01
1.188119367754712670e+02
3.028088680920430420e+01
1.004992059737293317e+02
1.308898812791605906e+02
4.247906274869166765e+01
9.063534861307184087e+01
1.257303666287697581e+02
3.952457696804205511e+01
9.227448276241982228e+01
1.292460191090228250e+02
4.156041345425175848e+01
9.660238428413028089e+01
1.399639734224455765e+02
5.300791873278920718e+01
9.038734149393943085e+01
1.418560870499087798e+02
5.935501314021986019e+01
8.686226463348997129e+01
1.439399845222255863e+02
6.386859364806456085e+01
8.474358327122422452e+01
1.490320461011409066e+02
7.308337264000323330e+01
7.690298514350979531e+01
1.470160542893434297e+02
7.545494845706485876e+01
7.644158887817862080e+01
1.499746412105596107e+02
7.948314959188554951e+01
7.853673999276060158e+01
1.587690469019307500e+02
9.106896707515693379e+01
7.263657938374375078e+01
1.598644314471526684e+02
9.559957154794507517e+01
7.170008483490332196e+01
1.674068790689452157e+02
1.076900951255278613e+02
6.482183331679073035e+01
1.683228152268825113e+02
1.143243113853573618e+02
6.486948231118658725e+01
1.749702356324935408e+02
1.257217863397427351e+02
6.153490091585877053e+01
1.796315114286927326e+02
1.372438237827334433e+02
5.753753406937314452e+01
1.817797440227740253e+02
1.454420678329481973e+02
5.284815819111427260e+01
1.869647437749185599e+02
1.587513181098346706e+02
4.876306811323524215e+01
1.880634344627037819e+02
1.686421901852020824e+02
5.263663754925919136e+01
1.953917241770714384e+02
1.852479113179385308e+02
5.341083590855969021e+01
1.944362278329155060e+02
1.948746851858833509e+02
5.556267997231758926e+01
1.969444367898943824e+02
2.076602967321462927e+02
6.189315809019795012e+01
1.999238323132218227e+02
2.223882548782544575e+02
7.198172615727303025e+01
2.017060586151279722e+02
2.373631626648362385e+02
8.483293706183830807e+01
2.008182106828330689e+02
2.487619192727667894e+02
9.577451219852535758e+01
2.055164613177334729e+02
2.676911657625161070e+02
1.122739270956017350e+02
2.026029119432947709e+02
2.814077435282559918e+02
1.289184254164638332e+02
2.019296902532929039e+02
2.973573445820579195e+02
1.494871315471196169e+02
1.996734326306682590e+02
3.110493441425985566e+02
1.688667971167475628e+02
1.998677034783882220e+02
3.279342181074775908e+02
1.906692512127646637e+02
1.940681434606218829e+02
3.408262795980169244e+02
2.127486860042390902e+02
1.922612026707449218e+02
3.570347288572889397e+02
2.394437926068053173e+02
1.874448265177136079e+02
3.678816846911752236e+02
2.612895190596358361e+02
1.855748156860367146e+02
3.840634263930740531e+02
2.901072547207369894e+02
1.830042205416644663e+02
3.982400306882982477e+02
3.208414760455737564e+02
1.827273813557065978e+02
4.095731316428985451e+02
3.487285436473570144e+02
1.835732668404743038e+02
4.240019453297865084e+02
3.830316212737627666e+02
1.897091795076902940e+02
4.360589357408771320e+02
4.160559793557586090e+02
1.952202922530383660e+02
4.466014930259175344e+02
4.513534485402468022e+02
2.098012743947933814e+02
4.589491515445121195e+02
4.894711304297355241e+02
2.279012313961867733e+02
4.689480290287278876e+02
5.273990870787929452e+02
2.499416220473675310e+02
4.811655725259761311e+02
5.708224976293279269e+02
2.793992589242400868e+02
4.913026342228856720e+02
6.149629242205174933e+02
3.135613860260767183e+02
5.033883977226244042e+02
6.653309154908146184e+02
3.574068489706843934e+02
5.142811165791099484e+02
7.177866224899896679e+02
4.064953460927746960e+02
5.238533460998492046e+02
7.741311502424384798e+02
4.662550852585477514e+02
5.355587705272895391e+02
8.340573010352509300e+02
5.317902827675158051e+02
5.466253508526619953e+02
8.983216180348398439e+02
6.065201236471417587e+02
5.616711333571271325e+02
9.713667704056047114e+02
6.948173989485861739e+02
5.806912803624697972e+02
1.052847461321492119e+03
7.972596753026658689e+02
6.092390499796681524e+02
1.151293076204539602e+03
9.233057427683929745e+02
6.388107166285701624e+02
1.254092494942225812e+03
1.063037348744354176e+03
6.858685730478844107e+02
1.388640358366046712e+03
1.245775760400317495e+03
7.494436066728630976e+02
1.546609271374317586e+03
1.473632137697300777e+03
8.518101207253047278e+02
1.747602498892868198e+03
1.760165927396106326e+03
9.779589472490890785e+02
2.005929270554946470e+03
2.150540726727511355e+03
1.184011891356256456e+03
2.367590092420005021e+03
2.707529278459650413e+03
1.503765595091027080e+03
2.896552170363257119e+03
3.551792811465394152e+03
2.041760977851275129e+03
3.838190031998936320e+03
5.122940964442710538e+03
3.156360071759207131e+03
5.789520740296607073e+03
8.765457043087430065e+03
6.191633604551538156e+03
1.253861935644833102e+04
2.726875003178784027e+04
3.671429052381148358e+04
3.480965696218224184e+04
2.276007913482981530e+04
8.776896135192791917e+03
7.599913134742843795e+03
8.530722092299560245e+03
4.403732985465924685e+03
4.006169460578836151e+03
5.236449715129110700e+03
3.055776307680172067e+03
2.652647362811813309e+03
3.777223574064748846e+03
2.394428078343945799e+03
1.929735450051190355e+03
2.933742811503953817e+03
1.984904117462802333e+03
1.487120633952472417e+03
2.398722834781769507e+03
1.732910054807949336e+03
1.202704304631499099e+03
2.017947018789244112e+03
1.544644608846305573e+03
9.992670598699503444e+02
1.734873442108706968e+03
1.405875438771551444e+03
8.541098597808445447e+02
1.511577316129889823e+03
1.291886919398511054e+03
7.457691662040090250e+02
1.334566866259951894e+03
1.202052546646533528e+03
6.631851325704234341e+02
1.184457587706530148e+03
1.125458453762010777e+03
6.066493630887492827e+02
1.059871162191965595e+03
1.059300709428769551e+03
5.628073144023494478e+02
9.515539071743369277e+02
1.001108903876586851e+03
5.313860775893512027e+02
8.549960430987058544e+02
9.461600267471718553e+02
5.094960450371294769e+02
7.742179654626362435e+02
9.000676670041566467e+02
4.961920973074258541e+02
7.008685514925655298e+02
8.558227783038697680e+02
4.864771232061609112e+02
6.350290137798465366e+02
8.139261454711647730e+02
4.797322694290026561e+02
5.773354362361897074e+02
7.761918903063218522e+02
4.765662834189144519e+02
5.243993149355509331e+02
7.391427551249503267e+02
4.744308106482971539e+02
4.778171424959490992e+02
7.044588439170956917e+02
4.734694195115848174e+02
4.358836332094764430e+02
6.709340938659415770e+02
4.728676062631980699e+02
3.984688610652880243e+02
6.381984721528583577e+02
4.719026646801137872e+02
3.658194570399813870e+02
6.068113827348302038e+02
4.709299729118703794e+02
3.381316776720897792e+02
5.770083066045979194e+02
4.698863829599211499e+02
3.137359586230302853e+02
5.471477322076822247e+02
4.678106928493603505e+02
2.941137962485876756e+02
5.185493190558355536e+02
4.652779246138136955e+02
2.789882514208750877e+02
4.911274915511882000e+02
4.618685851967288158e+02
2.665659663172833689e+02
4.643979875202567769e+02
4.583303931576276113e+02
2.581210355167385160e+02
4.378140189969276435e+02
4.533142625595039590e+02
2.528692352606454676e+02
4.124689062137796327e+02
4.477774320252655116e+02
2.503193839052486851e+02
3.878223472961145717e+02
4.413460007625265007e+02
2.499674358074753968e+02
3.641839182232182566e+02
4.343405644591790065e+02
2.515270046620552762e+02
3.413806939928768429e+02
4.264593844624792496e+02
2.542349514677308946e+02
3.196193221862599785e+02
4.180698708501993224e+02
2.581455921494278982e+02
2.989671342492746930e+02
4.089601171026268958e+02
2.624900472831986917e+02
2.793876991400000520e+02
3.992188695628793766e+02
2.670976904795368796e+02
2.610687706367141914e+02
3.890114680956941697e+02
2.719217723889366880e+02
2.440919464821781730e+02
3.781941093940182554e+02
2.765172640776194157e+02
2.285010094466365729e+02
3.668361869920659615e+02
2.808640351814964333e+02
2.147158905263217150e+02
3.550615386366505390e+02
2.846175963104700486e+02
2.025890268327011938e+02
3.430666598290145544e+02
2.880162626244154467e+02
1.921709692849657074e+02
3.306264685727749679e+02
2.908152757933167436e+02
1.837547369062788789e+02
3.179474494533320694e+02
2.929903289059803910e+02
1.772978555527270714e+02
3.050349710510172372e+02
2.944543438441963872e+02
1.727600365992009017e+02
2.919891848374337542e+02
2.952314588361668939e+02
1.700807209702340685e+02
2.788760930312417941e+02
2.953155794826770943e+02
1.691469396302349537e+02
2.658100751976626270e+02
2.947398650396195308e+02
1.696927899711735677e+02
2.527036280624451194e+02
2.933608023397349029e+02
1.714808296674499388e+02
2.397610107373337769e+02
2.912405755709489199e+02
1.741434390617563679e+02
2.270079246807738684e+02
2.884960558754358999e+02
1.777415895576041862e+02
2.146418609382008924e+02
2.850364259391363930e+02
1.816588841058732839e+02
2.024372203361324409e+02
2.807365501502911229e+02
1.859207710812030427e+02
1.914777357022414890e+02
2.766307541097031617e+02
1.908478110961923164e+02
1.805635186079948085e+02
2.713004720845081010e+02
1.953347686025416863e+02
1.704966694216838334e+02
2.655630684578605383e+02
1.997328819163330138e+02
1.612112644367376788e+02
2.592925146944620565e+02
2.039440804348157030e+02
1.529853883650456510e+02
2.525535166703789400e+02
2.077689227109218848e+02
1.457718152330706403e+02
2.454023178223916091e+02
2.112901994671387911e+02
1.398388473343035230e+02
2.378468628909779170e+02
2.142952352558902476e+02
1.350829582227571279e+02
2.299215195658473476e+02
2.168096196905638067e+02
1.317093889686704813e+02
2.217964488301105632e+02
2.188785082354159783e+02
1.296278538312218132e+02
2.133849032435310846e+02
2.203832165135827381e+02
1.288187582418251793e+02
2.047784791466308434e+02
2.212751838684471579e+02
1.291170835394005962e+02
1.961077953428836622e+02
2.216590935007803864e+02
1.304281981197344464e+02
1.873615164913603905e+02
2.214728721366734021e+02
1.325789725288405805e+02
1.786067329459905864e+02
2.207133438717115155e+02
1.354182266623309090e+02
1.699470496178479664e+02
2.193962894784491482e+02
1.387558425348537412e+02
1.614570998276061573e+02
2.175519162464995020e+02
1.424579691918227695e+02
1.532118494714482324e+02
2.151821160922260674e+02
1.463714816554142999e+02
1.452848166016812854e+02
2.122850040498422857e+02
1.503601008160433707e+02
1.377993680153128366e+02
2.089062732302205063e+02
1.543189483237632942e+02
1.308346583959537668e+02
2.050629883576035866e+02
1.581628828017025228e+02
1.245022883351992533e+02
2.007820670768531102e+02
1.618088159965829504e+02
1.188969083624142939e+02
1.960929271181567231e+02
1.651981724487974361e+02
1.141244008419541700e+02
1.910335109736799950e+02
1.682776829478777074e+02
1.102515413188427686e+02
1.856298155782857293e+02
1.710036552494698299e+02
1.073438689750701087e+02
1.799177731722254237e+02
1.733309439709040589e+02
1.054249210767677738e+02
1.739607370196421812e+02
1.752588979508276736e+02
1.044644419777251585e+02
1.677617159264004556e+02
1.767513150038033984e+02
1.044595824621837323e+02
1.613961541152240500e+02
1.777910327513304765e+02
1.052950057290012893e+02
1.549052269056109878e+02
1.783735296040361220e+02
1.068722935884150758e+02
1.483485376064392369e+02
1.785004477703429586e+02
1.090699150616588327e+02
1.417773717032574154e+02
1.781648981694533802e+02
1.117520441059109402e+02
1.352524496227180464e+02
1.773728814319246112e+02
1.147976654664711447e+02
1.288435508677128780e+02
1.761327766267473010e+02
1.180876573150506914e+02
1.226205152747921829e+02
1.744543201673709518e+02
1.215157890591222412e+02
1.166608527627762300e+02
1.723500188128594743e+02
1.249851908316295095e+02
1.110445453159795903e+02
1.698364110935576718e+02
1.284165798942712229e+02
1.058577398125144668e+02
1.669290177148112093e+02
1.317352050335290414e+02
1.011887263532220800e+02
1.636524510967337847e+02
1.348834902405297953e+02
9.711975392156779208e+01
1.600278152705373884e+02
1.378093104581620310e+02
9.372971100920565846e+01
1.560852781263852762e+02
1.404736607021070256e+02
9.107749697490903884e+01
1.518508576073856773e+02
1.428419655079402730e+02
8.920440401671478980e+01
1.473557107842130165e+02
1.448879902646977484e+02
8.812537345510821751e+01
1.426310211164351927e+02
1.465881303640845204e+02
8.782875672387361021e+01
1.377163364459503327e+02
1.479241336229838737e+02
8.826286625081937132e+01
1.326500256329940726e+02
1.488835003343932613e+02
8.935608202580992554e+01
1.274781111136422425e+02
1.494610278331230688e+02
9.101680363589612455e+01
1.222465068942559014e+02
1.496548428477570667e+02
9.314470979675722617e+01
1.170019424856021857e+02
1.494648997161685600e+02
9.564062906638395134e+01
1.117954077377581825e+02
1.488894166747825807e+02
9.840222923866578242e+01
1.066859420343487272e+02
1.479380255605481977e+02
1.013468472002743965e+02
1.017376802217262934e+02
1.466132390661693137e+02
1.043877326795279856e+02
9.701298329873263526e+01
1.449018323852538970e+02
1.074130131919222322e+02
9.259924981451125348e+01
1.428639061907043981e+02
1.104075850872209372e+02
8.856632045282860588e+01
1.404903724428623093e+02
1.132898996690354494e+02
8.497987558030172295e+01
1.378022158308898781e+02
1.160189426652498099e+02
8.191230847534575332e+01
1.348168268367254541e+02
1.185520183433255852e+02
7.942669290530415083e+01
1.315584719522532282e+02
1.208573439516994625e+02
7.756985556536119475e+01
1.280487397337136883e+02
1.229047659415538050e+02
7.637121696978140051e+01
1.243160239242304357e+02
1.246716243746896140e+02
7.583444650387509967e+01
1.203908004777435394e+02
1.261402327937817489e+02
7.593592256025179665e+01
1.163050126054940563e+02
1.272978405887064355e+02
7.662965900704701028e+01
1.120921797576405794e+02
1.281346945804503434e+02
7.785225079969916351e+01
1.077888056265737049e+02
1.286427968092239382e+02
7.952684064287099375e+01
1.034364796911379329e+02
1.288173571801505375e+02
8.156745740139373879e+01
9.908038858108778868e+01
1.286579559720139514e+02
8.388833147202669238e+01
9.476916088404414040e+01
1.281667423988059795e+02
8.640700185273570355e+01
9.055539194078015441e+01
1.273493165268104548e+02
8.904864851541280757e+01
8.649419720451835758e+01
1.262113043799969745e+02
9.174496087689681190e+01
8.264623863823746319e+01
1.247613374931347892e+02
9.443497953122293609e+01
7.907442814915749807e+01
1.230097035398486014e+02
9.706526283532105026e+01
7.584482339977481047e+01
1.209704943876624839e+02
9.959014285015717860e+01
7.302095984356891734e+01
1.186591760944403546e+02
1.019702883557385746e+02
7.066099687260764028e+01
1.160933652071753386e+02
1.041733262522207184e+02
6.881425778897455814e+01
1.132918917384073012e+02
1.061715559565011944e+02
6.751682784220253097e+01
1.102760301642607317e+02
1.079415458021554741e+02
6.678587715255986268e+01
1.070694353993464318e+02
1.094640426953546353e+02
6.661717413453362724e+01
1.036985539643610110e+02
1.107237864390710342e+02
6.698404360926735990e+01
1.001921539814813400e+02
1.117095205560925280e+02
6.784117268440884629e+01
9.658142716734394639e+01
1.124132352885278152e+02
6.912908685052012459e+01
9.289968637823437803e+01
1.128288140758769771e+02
7.077916830298441653e+01
8.918418551057864363e+01
1.129532258215882052e+02
7.271891095725533205e+01
8.547524246162602424e+01
1.127853274368172691e+02
7.487564116629103239e+01
8.181732968861848576e+01
1.123270713919748687e+02
7.718045172016967115e+01
7.825804189699275071e+01
1.115823908702496254e+02
7.956993710316329782e+01
7.484851814078157872e+01
1.105576121069952364e+02
8.198774517367500891e+01
7.164271290614799170e+01
1.092602550020557288e+02
8.438364810932122850e+01
6.869740251049005053e+01
1.077001727558207307e+02
8.671384635982855116e+01
6.606974872409129773e+01
1.058888454790296265e+02
8.893999575409593206e+01
6.381494190700537672e+01
1.038403152307539443e+02
9.102972485132683289e+01
6.198215343042355840e+01
1.015701787574245145e+02
9.295542054231060547e+01
6.061069547633442767e+01
9.909603339677622102e+01
9.469405572256748371e+01
5.972594007421818674e+01
9.643727525102129050e+01
9.622640172713229845e+01
5.933612960849241347e+01
9.361542134262398918e+01
9.753657070073559510e+01
5.943041910330163091e+01
9.065437029306731631e+01
9.861208773007778916e+01
5.997962774394009244e+01
8.758008310457982759e+01
9.944333152671845255e+01
6.093942301305416009e+01
8.442103162335848765e+01
1.000235600841387793e+02
6.225505627144497822e+01
8.120819480640331278e+01
1.003479830168336377e+02
6.386543432296015510e+01
7.797698391903139736e+01
1.004173797373501458e+02
6.570971115801492601e+01
7.474939821529117978e+01
1.002061269931604812e+02
6.770730898996004044e+01
7.159895054043477103e+01
9.975791255736929486e+01
6.982479763243766513e+01
6.854614065559364633e+01
9.905309264429855887e+01
7.199670728939210562e+01
6.564134133144121108e+01
9.810032870680242922e+01
7.417676490121077393e+01
6.293378952560554040e+01
9.690692043615410967e+01
7.632358800967881507e+01
6.047476159598156187e+01
9.548145222977805702e+01
7.840019356047338306e+01
5.831533861105484817e+01
9.383436959779130859e+01
8.037405158954636875e+01
5.650369091492811435e+01
9.197869968964906207e+01
8.221745736328841758e+01
5.508064938832433199e+01
