2.313139681277734780e+02
2.016049285277644287e+02
2.308925766935649904e+02
2.376782383475648714e+02
2.057983631239692670e+02
2.330138658363755439e+02
2.441185179109245382e+02
2.106115840468751799e+02
2.350832581141022501e+02
2.505248390157662470e+02
2.160483039464555191e+02
2.373190496405555052e+02
2.569304187992970014e+02
2.218642048461043714e+02
2.396030154308411397e+02
2.635014097808285669e+02
2.283538487272023474e+02
2.419011239149758694e+02
2.699040529320784572e+02
2.352947332687052437e+02
2.444157205442205054e+02
2.764432944802172187e+02
2.428551940127506441e+02
2.469728173602217112e+02
2.827764310362123865e+02
2.509230186998015313e+02
2.498855988537923736e+02
2.892141348644609593e+02
2.597114401300174222e+02
2.532337449258766355e+02
2.956367586929068807e+02
2.691041564881014096e+02
2.570901917091082964e+02
3.019673937461597575e+02
2.787988562590340962e+02
2.613130292397888752e+02
3.084093866010252327e+02
2.892645508249520958e+02
2.662817903400734281e+02
3.148242502961148830e+02
2.999855816559027062e+02
2.715685122411708790e+02
3.212650654673454369e+02
3.115312631372736405e+02
2.778615605917001403e+02
3.277509136883475094e+02
3.234657395496798244e+02
2.848404558159201656e+02
3.342980724789180158e+02
3.360478776511068304e+02
2.929325984519732629e+02
3.411124274863396408e+02
3.493080084949675097e+02
3.020684935712550327e+02
3.478280693649892328e+02
3.628116147751797484e+02
3.125633391789893949e+02
3.555173155130931377e+02
3.773397101966435798e+02
3.239423489269386209e+02
3.629480503086449517e+02
3.924029249077700570e+02
3.374212679707039797e+02
3.718654132221120108e+02
4.086767327633622813e+02
3.516919900699167556e+02
3.795962370562955925e+02
4.241014006676365398e+02
3.672095632700128931e+02
3.893324411050672325e+02
4.418421534061862985e+02
3.849257064662722314e+02
3.989197462584650680e+02
4.595615111510024349e+02
4.047691344788191259e+02
4.106364987126930828e+02
4.789569339272033517e+02
4.270199378908804988e+02
4.240321951045151536e+02
4.995221053373655309e+02
4.507474716913581574e+02
4.380652132507115084e+02
5.212639328155643170e+02
4.770989919942966822e+02
4.535979892417759629e+02
5.443948846037981184e+02
5.070332060273231036e+02
4.722224784169625877e+02
5.689257362573099499e+02
5.392051647120098323e+02
4.941525782359593109e+02
5.978976165516946821e+02
5.770401127117979740e+02
5.181236676682300413e+02
6.264642535844036502e+02
6.181068747964592376e+02
5.492051616021459495e+02
6.611490864160243746e+02
6.643920524161992489e+02
5.835657129589767464e+02
6.994550717175026193e+02
7.171784606158020097e+02
6.235036793574925014e+02
7.421709956788781710e+02
7.783754110019420978e+02
6.725356947019696463e+02
7.897379380954494081e+02
8.451896380381231211e+02
7.297610269963245173e+02
8.502626568736386616e+02
9.310611184291316249e+02
8.034784542973143289e+02
9.190889585014318754e+02
1.028739783857944303e+03
8.934841266380992693e+02
1.005252036655148572e+03
1.148016491923373223e+03
1.003387063685497651e+03
1.108261137946260988e+03
1.292750984041030051e+03
1.143484429519926380e+03
1.246435369325375632e+03
1.487297598675742393e+03
1.333206929638414749e+03
1.426838854238169915e+03
1.745764956933729763e+03
1.599249211476347682e+03
1.679266370015357325e+03
2.098355648599745109e+03
1.968825378680838639e+03
2.054171819064466490e+03
2.654111986565142615e+03
2.586482823357245707e+03
2.696821445913972639e+03
3.617372676163045526e+03
3.715201535841269106e+03
3.963116694429100335e+03
5.708998273910850003e+03
6.511944683915470705e+03
7.638290375399311415e+03
1.307857454626491017e+04
1.905560866802945384e+04
2.086371287293237765e+04
1.720410764669252603e+04
1.069962505854973824e+04
6.657184551637768891e+03
6.252306283127991264e+03
4.945643482377613509e+03
3.518853509400324583e+03
3.638710000446424601e+03
3.171363794100896030e+03
2.368527575021195844e+03
2.546953482551623893e+03
2.349016096391679639e+03
1.782624028646172746e+03
1.930998752971054046e+03
1.853428908604406843e+03
1.415887358788575284e+03
1.527869470983795964e+03
1.512070977426910076e+03
1.164430867558307000e+03
1.268841169707483687e+03
1.300191188835711273e+03
1.000321103988052982e+03
1.066199750231440021e+03
1.128303309228623675e+03
8.750380036845532459e+02
9.079589995206481490e+02
9.875821727574339093e+02
7.760896228345181953e+02
7.855970174290033583e+02
8.752583904493371847e+02
7.016370264764788089e+02
6.967303087979910288e+02
7.884025477683275085e+02
6.380659084969648802e+02
6.164719460356022864e+02
7.112580488728893897e+02
5.833848788522564064e+02
5.473953483977154519e+02
6.441564615298466379e+02
5.395206657444972507e+02
4.931497336193506840e+02
5.868285084093254227e+02
5.010411823736534416e+02
4.487443406912984187e+02
5.391502788574221086e+02
4.678750569239082893e+02
4.087899067989559967e+02
4.958614609094459524e+02
4.374449008281081888e+02
3.718680649955311424e+02
4.555765741836353868e+02
4.086165834074768100e+02
3.368076507801674779e+02
4.193704094868631955e+02
3.874432397211347734e+02
3.124231434934830531e+02
3.883769481201157987e+02
3.674852675495967560e+02
2.893930673791039112e+02
3.590962297449440257e+02
3.493254324011894028e+02
2.679993092108649080e+02
3.271075542805586451e+02
3.266507423869913964e+02
2.492268970592358528e+02
3.046300510330909219e+02
3.137384212186502737e+02
2.369111151873526637e+02
2.791283525342894336e+02
2.924176050193855190e+02
2.193325863804247149e+02
2.594927558435338710e+02
2.801924651499141419e+02
2.075633858822253899e+02
2.381343610338256553e+02
2.672536483458477505e+02
2.023953537160427629e+02
2.203440007442082731e+02
2.471390074122637657e+02
1.832686058250203587e+02
2.008063742727622412e+02
2.367197903827725725e+02
1.815747747493647068e+02
1.914970380625015025e+02
2.256607055688944001e+02
1.703571325313620832e+02
1.738589122023861364e+02
2.129652612521696824e+02
1.635214715338786959e+02
1.621839581050073775e+02
2.035359694490067568e+02
1.572745321226589965e+02
1.477359588015970644e+02
1.929439027583285622e+02
1.556541128214651621e+02
1.380368498223931226e+02
1.771082595603417644e+02
1.431488055344925669e+02
1.308586197816195522e+02
1.742722921575453370e+02
1.414758189843603020e+02
1.182377731426113741e+02
1.623568628426294538e+02
1.362501588298810873e+02
1.100189631859626331e+02
1.520878514250436240e+02
1.290236414906313769e+02
1.021639989416709540e+02
1.466987853629017877e+02
1.280220619694208892e+02
9.606701205178343628e+01
1.389642851384653852e+02
1.252685018998157318e+02
9.162550161772584545e+01
1.326237380606153238e+02
1.229935909247265897e+02
8.697633850847429926e+01
1.244756179674068619e+02
1.173084553443301274e+02
7.944260475650203546e+01
1.172226215316452169e+02
1.143396505468703737e+02
7.396551384895084880e+01
1.087340110662174482e+02
1.114209847308244861e+02
7.594074941339822260e+01
1.047482686409356631e+02
1.056191246537533601e+02
7.035600840152078206e+01
1.013308682948848372e+02
1.017084013736093340e+02
6.087353226873759837e+01
1.004922606706219597e+02
1.116631366177104496e+02
6.784000231644377266e+01
8.725027311746256942e+01
1.009564543987088001e+02
6.504951575474393621e+01
8.532577455219806950e+01
9.913542991075624400e+01
6.525726524248123894e+01
8.558819543206867309e+01
1.010942528058313172e+02
6.405963686862385487e+01
7.541022094125439423e+01
9.480000087969483502e+01
6.483792848113205309e+01
7.508065332990948093e+01
9.360446730231093682e+01
6.541621406254256499e+01
7.202240203546983821e+01
8.892395937101510128e+01
6.100486993618743981e+01
6.850553245602823438e+01
8.665382677415655621e+01
6.068198357080748195e+01
6.920629293558260997e+01
8.713771263647782916e+01
6.049371600509828539e+01
7.015262478863321860e+01
9.133650083206855186e+01
6.561880072130881558e+01
7.033290179730308012e+01
9.328621491336330962e+01
6.842034876999765913e+01
6.234711807140644169e+01
8.281531616315545818e+01
6.025646325094393063e+01
6.387809120877247437e+01
9.044504910643598805e+01
6.980843960085448430e+01
6.117598848275501666e+01
8.400062183475259303e+01
6.756491684509265383e+01
6.411809402902485999e+01
8.618961710014563948e+01
7.008599875700518567e+01
6.731279920116877236e+01
8.774758693337010129e+01
6.771243583057909632e+01
6.386003487119228339e+01
8.975849511738677222e+01
7.055107358409046014e+01
6.134830972178424702e+01
9.167389750775004131e+01
7.869445156781418405e+01
6.459665546829140226e+01
9.041151637468924207e+01
7.956644914145972791e+01
6.324768184020467032e+01
8.625449235200744624e+01
7.853961943001232271e+01
7.043933965014642240e+01
9.385360388321909397e+01
8.190444858015624163e+01
6.844839206196229497e+01
9.576231854613250505e+01
8.787959836468030517e+01
7.273426459775720332e+01
9.968778741460738502e+01
9.361578788847236865e+01
7.291692939878097945e+01
9.871015851895536741e+01
9.907961902163845025e+01
8.028572817328472411e+01
9.983740654814302218e+01
1.007208120911608944e+02
8.529126673194194552e+01
1.034338571735246433e+02
1.027302179417312828e+02
8.824938700861189034e+01
1.093117393373184001e+02
1.102985256308833186e+02
9.488897420458278020e+01
1.151023529399709702e+02
1.165468712704264220e+02
9.802641106432963625e+01
1.169225957246747782e+02
1.222622579750730409e+02
1.087806403134087105e+02
1.300132320003826578e+02
1.363351216672222108e+02
1.185803942186200572e+02
1.337638378244049591e+02
1.403848059620167703e+02
1.257197520946626383e+02
1.461955861609069700e+02
1.561865113161140926e+02
1.349998264171029234e+02
1.468353169411897454e+02
1.618445639064503041e+02
1.484734411896573647e+02
1.581209399388586405e+02
1.689907933498003274e+02
1.551420114823577876e+02
1.674990228630367426e+02
1.827007721956549915e+02
1.729967956725016904e+02
1.859037813869912839e+02
1.992720545177456017e+02
1.880731291504373530e+02
2.055387891759346246e+02
2.259050043243519781e+02
2.121690452664107625e+02
2.206751768930233482e+02
2.450562043303451105e+02
2.406814824441196947e+02
2.471477854455332022e+02
2.636192272544028015e+02
2.565326116038811506e+02
2.679901891904551121e+02
2.924975271588343730e+02
2.895410799561712452e+02
3.000613986945879788e+02
3.252425594319008724e+02
3.256028807421529336e+02
3.409058178166854987e+02
3.716365113116367525e+02
3.740030328271484450e+02
3.893651082791801628e+02
4.256029565983803877e+02
4.321741511452156601e+02
4.456435028256811393e+02
4.859062175564834547e+02
5.038665087389985615e+02
5.283986890675131463e+02
5.771510720576749236e+02
5.985701703195502432e+02
6.286957474487105628e+02
7.038388672789045586e+02
7.550051687917354002e+02
7.846881175702991413e+02
8.506149811589582441e+02
9.246969157984988215e+02
9.951637932644682678e+02
1.094600080044794367e+03
1.204195152461261614e+03
1.321109704129460169e+03
1.470349413998103273e+03
1.634346498155027348e+03
1.825140059667187870e+03
2.082809885191809826e+03
2.384943136227536797e+03
2.722376298009537550e+03
3.118293963114612779e+03
3.501362289142627105e+03
3.739253608229995734e+03
3.763519246767922141e+03
3.575441499397945336e+03
3.227732565941988469e+03
2.841693294757437798e+03
2.519901654541825337e+03
2.241974805904212189e+03
1.983071625765960107e+03
1.786869559757435354e+03
1.634813390343823357e+03
1.485965332975819365e+03
1.373610607110383171e+03
1.284821213549442746e+03
1.178625591786091263e+03
1.101278062446284821e+03
1.055266318339549116e+03
9.822134759561671444e+02
9.194111483337401296e+02
8.937982096521309359e+02
8.482572737066426498e+02
7.995315340047120571e+02
7.796095500655248998e+02
7.437148979965156741e+02
7.043928114370278308e+02
6.944486388558601675e+02
6.698340453218950188e+02
6.358687068816116152e+02
6.277875833948463651e+02
6.070580274709977857e+02
5.760924837614495573e+02
5.728604092254520310e+02
5.601442635154347727e+02
5.332627917245293929e+02
5.305140382393358323e+02
5.190603765570905352e+02
4.915559218623577635e+02
4.894212565308624789e+02
4.826803225945183726e+02
4.585068181446931135e+02
4.592546366754605742e+02
4.567565021036835446e+02
4.313152839227417417e+02
4.284880074889187540e+02
4.297122805249614999e+02
4.092870786722544381e+02
4.069199589583345755e+02
4.080026734860458077e+02
3.864811922160283757e+02
3.836799938505846512e+02
3.889727495891105491e+02
3.697364378287272757e+02
3.645644102481368805e+02
3.709542782651890320e+02
3.547968278837320213e+02
3.496010288993086306e+02
3.557207906469340628e+02
3.386585032271765954e+02
3.319335952646890746e+02
3.409105453210983114e+02
3.266205622495554053e+02
3.180220293692353835e+02
3.270886656813094078e+02
3.150319223040801830e+02
3.059431950252595698e+02
3.152189539590142999e+02
3.044499863605121277e+02
2.944484545681096961e+02
3.041948724940486954e+02
2.948508488051311360e+02
2.837086210572273899e+02
2.941180094059959060e+02
2.869211267075497744e+02
2.743567039906934610e+02
2.840441611006413041e+02
2.785185449425333672e+02
2.650636380018244154e+02
2.743757013303745111e+02
2.707308640843962735e+02
2.565898649504129025e+02
2.657375991233385548e+02
2.648880734613983350e+02
2.506362351901861416e+02
2.579980197073824115e+02
2.581151747120567279e+02
2.436937190836714819e+02
2.502228570768700422e+02
2.518074221863606397e+02
2.374994760280746107e+02
2.434484412239374933e+02
2.464506452762019535e+02
2.314411980646065956e+02
2.358204115909697123e+02
2.406142049768803588e+02
2.260987566981497991e+02
2.291861416308822754e+02
2.355781714112955285e+02
2.215518210097447138e+02
2.225192504320626199e+02
2.297427390200793411e+02
2.170762836671423486e+02
2.173524300516182279e+02
2.252014378575417481e+02
2.125303188326095096e+02
2.112435872328606195e+02
2.204639270189221065e+02
2.090324522484554279e+02
2.060606594623754120e+02
2.157533726728297268e+02
2.055827566110728810e+02
2.013401839436941430e+02
2.112855935755418102e+02
2.020005507110294616e+02
1.962094509329828611e+02
2.064899130160769118e+02
1.988876659238863738e+02
1.922990239793362832e+02
2.025376262054959966e+02
1.958120628016897626e+02
1.878072735361280365e+02
1.980441030243452474e+02
1.928967898873810327e+02
1.840536389270095867e+02
1.940815746410719385e+02
1.902671497792483706e+02
1.803457211780507521e+02
1.897703827468175746e+02
1.873740000269256143e+02
1.769004405135078457e+02
1.859123061684167340e+02
1.849425889266615002e+02
1.738465110176132384e+02
1.821351885458895765e+02
1.825421262778844778e+02
1.709640194156168320e+02
1.784293530834104899e+02
1.802723154650926745e+02
1.683717549288113275e+02
1.747432504088669987e+02
1.778906002922393554e+02
1.658136092540298137e+02
1.709272607198898868e+02
1.753667382126232042e+02
1.635649199292472815e+02
1.675157693948235647e+02
1.730187560773854329e+02
1.614283602145352461e+02
1.640434672612790052e+02
1.705280867806015408e+02
1.594206186648671348e+02
1.607916711464148989e+02
1.681562623544927249e+02
1.576222483811369841e+02
1.576593229527239828e+02
1.657197350642585150e+02
1.559189807692409886e+02
1.547887646109174682e+02
1.635153636606948737e+02
1.544605045409730053e+02
1.519238872467809642e+02
1.610729878266681681e+02
1.529755490014107693e+02
1.492346049995153976e+02
1.586925996448982801e+02
1.515831456003751327e+02
1.466171129654276513e+02
1.562295415361382140e+02
1.502617747658268570e+02
1.442076063573756528e+02
1.537782829923966119e+02
1.489721943098164161e+02
1.419606517776095700e+02
1.513640823464565131e+02
1.477124687780894590e+02
1.397940916593134659e+02
1.489261439940986236e+02
1.465345279180621958e+02
1.378221297370767786e+02
1.464771408774581971e+02
1.453784027504568428e+02
1.360548801625381543e+02
1.440286651320145950e+02
1.441185732590420798e+02
1.343388471294265116e+02
1.416132655687091244e+02
1.429269651774914962e+02
1.328137189300784655e+02
1.392112672867631034e+02
1.416934855470650234e+02
1.314296399654247978e+02
1.368572430254996277e+02
1.404128155542894660e+02
1.301170288350713520e+02
1.345055923703043561e+02
1.390980180951057434e+02
1.289562581417833087e+02
1.322620942886606201e+02
1.377952729601340707e+02
1.278953788726977905e+02
1.299993467250764070e+02
1.363856237089951549e+02
1.269651334792272905e+02
1.279021961434968659e+02
1.349596240020538858e+02
1.260477136312630932e+02
1.258177702504995921e+02
1.334974721942736551e+02
1.252277304008801053e+02
1.237976622851143418e+02
1.319563534458685012e+02
1.244696400253568527e+02
1.219210602489878283e+02
1.304357219513481141e+02
1.237866718280531160e+02
1.201048520992105750e+02
1.288227469483248910e+02
1.231212310344589014e+02
1.184053982352779002e+02
1.271968849555818508e+02
1.225110223952815431e+02
1.168163504102352732e+02
1.254843835556376490e+02
1.218439458981664671e+02
1.153255980787435533e+02
1.237931010558490215e+02
1.212358026092358898e+02
1.139805036826004425e+02
1.220939042067513469e+02
1.206006637091867049e+02
1.126745136796692464e+02
1.203221448357049042e+02
1.199751843224877632e+02
1.115558075970764094e+02
1.185609458314603728e+02
1.192799954757728358e+02
1.105047430477335695e+02
1.168081261922651919e+02
1.185789197809513240e+02
1.095643864727523891e+02
1.150514143799132967e+02
1.178297745240947592e+02
1.087161490433441173e+02
1.133049265196960533e+02
1.170405553946915376e+02
1.079833894813149016e+02
1.116150357629201011e+02
1.162123365704326119e+02
1.073027337538026273e+02
1.099257754198006296e+02
1.153413521756467333e+02
1.067219655718299691e+02
1.082721352991467398e+02
1.144006968569981098e+02
1.062139895321169547e+02
1.066853553868295279e+02
1.134049165850263705e+02
1.057488189410382091e+02
1.051501178389715818e+02
1.123530912498348471e+02
1.053230354270544922e+02
1.036840728689535638e+02
1.112743049073648081e+02
1.049600290162914007e+02
1.022926974082893707e+02
1.101366859955177091e+02
1.046149699304640990e+02
1.009648732380945262e+02
1.089366023815220217e+02
1.042807096621377525e+02
9.972394775930860078e+01
1.077035663292196119e+02
1.039700835738975684e+02
9.857816931796330095e+01
1.064202651124387984e+02
1.036382942586011353e+02
9.751194949199940254e+01
1.051055019892822884e+02
1.033055961676149792e+02
9.654982640629984303e+01
1.037701418087756622e+02
1.029525112534755777e+02
9.567259913951582462e+01
1.024101141432324340e+02
1.025736005009837584e+02
9.488674215279139901e+01
1.010377809207708992e+02
1.021641274788150611e+02
9.418460197744815332e+01
9.964890449309285714e+01
1.017125842974842556e+02
9.357566626357748873e+01
9.827266683221625954e+01
1.012205727157658970e+02
9.303826547809715919e+01
9.689887343040400935e+01
1.006851412902689589e+02
9.258165570436824510e+01
9.554094550214244919e+01
1.000955930777778917e+02
9.219289302164692401e+01
9.420841870400812468e+01
9.944841368988328156e+01
9.185893942943479829e+01
9.291205460278594330e+01
9.875372341288867517e+01
9.157829070153761108e+01
9.165296803730291231e+01
9.800302654290769055e+01
9.134389084631801836e+01
9.044749788150721770e+01
9.720192813226110218e+01
9.114269854517146996e+01
8.929075373688839079e+01
9.634326887425076791e+01
9.097166733131699345e+01
8.820811436983642295e+01
9.543810770573627167e+01
9.080546445959845414e+01
8.717676124408978922e+01
9.448087530986106231e+01
9.065141131261991347e+01
8.622133556626049256e+01
9.348086658487881095e+01
9.049958481889898110e+01
8.534777398292061434e+01
9.244471687694984041e+01
9.033730047338802649e+01
8.455109744226486157e+01
9.137609984003078978e+01
9.016093529151642372e+01
8.383660548170334437e+01
9.027992247443344809e+01
8.995716696244265620e+01
8.319604589642214876e+01
8.915981190059962103e+01
8.972394797214084861e+01
8.263597997757906910e+01
8.802842778231979537e+01
8.945753982216326960e+01
8.215019903168260385e+01
8.688705679634288970e+01
8.915088935790933533e+01
8.173676589724773578e+01
8.574341522743196720e+01
8.879887870685533358e+01
8.139246512170137748e+01
8.460824791695520730e+01
8.839894751721105592e+01
8.110900493033184944e+01
8.348619168288735182e+01
8.794785875236816253e+01
8.088261101227224970e+01
8.238951654563992122e+01
8.744609239277670554e+01
8.070303309140453507e+01
8.132120474052675263e+01
8.689250315189461560e+01
8.056579509971142272e+01
8.029061570793072633e+01
8.628718088659179841e+01
8.046191855317749742e+01
7.930259690313674525e+01
8.562905227805035224e+01
8.038325570178422197e+01
7.836591738527758366e+01
8.492226946651972241e+01
8.032226310577671313e+01
7.748462663478561296e+01
8.416725950557533054e+01
8.026989636122685567e+01
7.666392361148811574e+01
8.336777411682736272e+01
8.021864763126941966e+01
7.590801546099686448e+01
8.252813080812278201e+01
8.016180316596442879e+01
7.522046628225849929e+01
8.165241194780553258e+01
8.009081249661792867e+01
7.460137601956026288e+01
8.074534446620792494e+01
8.000096609584099383e+01
7.405379396754207733e+01
7.981207550471967238e+01
7.988377069971083699e+01
7.357555740994705218e+01
7.885909224220392844e+01
7.973552211878440232e+01
7.316650315274439720e+01
7.789267692520756725e+01
7.955056520798029851e+01
7.282328305091422749e+01
7.691958541881186306e+01
7.932559814469753690e+01
7.254307109938147846e+01
7.594690407636396401e+01
7.905713590690704962e+01
7.232090766553470473e+01
7.498092344410831345e+01
7.874200260864766676e+01
7.215129579079807343e+01
7.402868627214307651e+01
7.837850161331822108e+01
7.202903376491903487e+01
7.309841686276526218e+01
7.796627167199542896e+01
7.194729663300738309e+01
7.219576681421108333e+01
7.750374502564687873e+01
7.189870173777327977e+01
7.132783090355805200e+01
7.699205636604087033e+01
7.187677065033204826e+01
7.050131071967300045e+01
7.643211849093623300e+01
7.187318002913305293e+01
6.972098292557510035e+01
7.582565106261776577e+01
7.188095023462973643e+01
6.899190761755789936e+01
7.517472478413617409e+01
7.189274803443464634e+01
6.831915964263281182e+01
7.448329763286730554e+01
7.190146442640582336e+01
6.770512962253673095e+01
7.375432561606577053e+01
7.190043497405146411e+01
6.715277164448653480e+01
7.299231430167287726e+01
7.188331550298438799e+01
6.666344970557274507e+01
7.220204275931055804e+01
7.184441465914294156e+01
6.623763725595682672e+01
7.138844302370860362e+01
7.177812589879640370e+01
6.587485809764285705e+01
7.055745225853030433e+01
7.167978156748154106e+01
6.557339583371303604e+01
6.971506828137405876e+01
7.154519616651293745e+01
6.533034005918997877e+01
6.886746728578637544e+01
7.137122326461741295e+01
6.514247606850199190e+01
6.802099188939213548e+01
7.115482219774399653e+01
6.500548492528402278e+01
6.718245707982538306e+01
7.089390860913752590e+01
6.491401101375078042e+01
6.635819229771165340e+01
7.058697814645741175e+01
6.486247458689911127e+01
6.555498201105632461e+01
7.023349023490335696e+01
6.484445542990343370e+01
6.477845167628764500e+01
6.983279161046971240e+01
6.485303806481108779e+01
6.403425283383258204e+01
6.938557535234735951e+01
6.488265859406148195e+01
6.332969968294845131e+01
6.889397727791323689e+01
6.492632575215000656e+01
6.266925479563755630e+01
6.835932091576069070e+01
6.497675430523156592e+01
6.205722245288265526e+01
6.778423727818557154e+01
6.502715888773123254e+01
6.149704492857762261e+01
6.717204465073875497e+01
6.507134555099916895e+01
6.099128220471496320e+01
6.652662349766454497e+01
6.510396326600145755e+01
6.054060906591623592e+01
6.584855174984325288e+01
6.511673894520595240e+01
6.014767517397955743e+01
6.514729304395508791e+01
6.510925926338151726e+01
5.981361519554697281e+01
6.442487070163450369e+01
6.507356395286973338e+01
5.953672954805131212e+01
6.368708635687230668e+01
6.500542967568779318e+01
5.931524830341118104e+01
6.294026419729342336e+01
6.490140562229775867e+01
5.914585808025648106e+01
6.219031379850692076e+01
6.475894695888108288e+01
5.902489373721228816e+01
6.144306500457955167e+01
6.457593363619382387e+01
5.894814057469491075e+01
6.070434439410616534e+01
6.435069351821606176e+01
5.891100882347682699e+01
5.998015595618663554e+01
6.408184969388157981e+01
5.890813615397483005e+01
5.927669263646419040e+01
6.376881435461575620e+01
5.893355151046385743e+01
5.860001170932705605e+01
6.341197294937967399e+01
5.898096759794200494e+01
5.795540601081543741e+01
6.301215905463382683e+01
5.904404230721073787e+01
5.734775252313286842e+01
6.257096273707923473e+01
5.911680282090348015e+01
5.678138893407609089e+01
6.209004390570409271e+01
5.919308138785657292e+01
5.626028033198014811e+01
6.157172441085099024e+01
5.926677181597862898e+01
5.578781835316042503e+01
6.101907719374756311e+01
5.933195502382929476e+01
5.536644831195105354e+01
6.043573386248365864e+01
5.938304841925996413e+01
5.499758356368107570e+01
5.982580907279470495e+01
5.941504856590497496e+01
5.468165840318992821e+01
5.919364174187922600e+01
5.942353227491207690e+01
5.441842922202446431e+01
5.854380191952557055e+01
5.940442216070379544e+01
5.420695660600682686e+01
5.788125191393272928e+01
5.935391438894072991e+01
5.404534210045371623e+01
5.721142279024066113e+01
5.926876746943121788e+01
5.393066297688937993e+01
5.654000123357950969e+01
5.914652022825860200e+01
5.385924240714630429e+01
5.587272019447327409e+01
5.898538413155128524e+01
5.382671049064394708e+01
5.521504961950887491e+01
5.878410646459216338e+01
5.382847642315209669e+01
5.457252279944808038e+01
5.854185911579779145e+01
5.385952326973708892e+01
5.395064721597893964e+01
5.825823499694276109e+01
5.391433233382208101e+01
5.335487100484301948e+01
5.793352134424819155e+01
5.398700118254554781e+01
5.279027943320005534e+01
5.756881309864104423e+01
5.407159860951704644e+01
5.226129620388705632e+01
5.716571834501505123e+01
5.416236422802153072e+01
5.177174890325617440e+01
