1.253313386864920318e+02
4.027072779194573116e+01
1.197068437312627935e+02
1.298711697116705750e+02
4.286879577974997346e+01
1.159667599366821520e+02
1.340389765911669713e+02
4.692357720699752832e+01
1.117923805520314033e+02
1.377782580541325217e+02
5.210179645406135762e+01
1.072595025103902771e+02
1.411233961884437065e+02
5.812920414368475974e+01
1.023363994421741410e+02
1.439895365768324780e+02
6.471026710871770149e+01
9.711167531058940483e+01
1.463997012726551930e+02
7.166261740739732033e+01
9.160447632059438661e+01
1.483257525564093271e+02
7.884912416475894759e+01
8.588150110584643926e+01
1.497408029182929567e+02
8.611978787269899271e+01
8.004394866466009262e+01
1.506869242689546979e+02
9.344915242608972505e+01
7.414661252585028706e+01
1.511061419200872820e+02
1.007262271060510557e+02
6.832963084397397324e+01
1.510011450295236841e+02
1.079013284486108546e+02
6.278285940120323971e+01
1.503682792019482406e+02
1.149130824519490517e+02
5.771546358152183132e+01
1.491803723897549787e+02
1.216745034743052969e+02
5.344238749863799853e+01
1.475019489914884900e+02
1.282218339358934429e+02
5.032642962759415184e+01
1.452883616659679262e+02
1.344546317285843031e+02
4.867335474165532361e+01
1.425613442156530937e+02
1.403724276766691617e+02
4.881582036032242655e+01
1.393128553221763184e+02
1.458861051232230750e+02
5.075815529594391506e+01
1.356257989679780849e+02
1.510725757267526603e+02
5.444071254237257307e+01
1.314286028294319522e+02
1.558176735501459973e+02
5.958978094074327458e+01
1.267955383000411445e+02
1.601115088805832443e+02
6.584144274272156849e+01
1.217435671652820304e+02
1.639450291098669652e+02
7.295524561876398195e+01
1.162439888921409619e+02
1.671641623887510377e+02
8.052002781300907941e+01
1.105183844467558600e+02
1.700047549512358103e+02
8.865799279194466465e+01
1.044532852117899751e+02
1.721783403594470769e+02
9.692379627596284308e+01
9.827268529005944231e+01
1.738227170858635020e+02
1.052885236541041110e+02
9.209365186462791542e+01
1.750027579346791242e+02
1.137500840375668076e+02
8.593716578602004574e+01
1.756604688123328799e+02
1.222934325205504251e+02
7.990520980156260578e+01
1.755896637727291534e+02
1.306528485152834662e+02
7.451929824887450593e+01
1.750304037454675097e+02
1.388671193237902344e+02
6.963943394706899426e+01
1.737430836341388840e+02
1.468354077445952441e+02
6.599924813137239710e+01
1.718541862011019532e+02
1.544989336068283592e+02
6.398823916527140909e+01
1.693995209064952974e+02
1.616977844373550113e+02
6.356540568864280516e+01
1.665915318814097930e+02
1.688105430688407296e+02
6.502029187732131277e+01
1.629972981080155705e+02
1.753250886585670685e+02
6.822994008864850457e+01
1.589605671161555165e+02
1.815902453533110759e+02
7.361222706045150233e+01
1.545425156575099379e+02
1.873936717990237355e+02
8.023018841568062953e+01
1.495975704775898123e+02
1.927352659175552390e+02
8.812416753690958160e+01
1.442026363544738956e+02
1.974108247576092765e+02
9.652984952791908313e+01
1.383502309326561317e+02
2.015857826721330355e+02
1.057949944972733789e+02
1.324163957794061730e+02
2.054086458832236701e+02
1.157951994930735253e+02
1.260625488559281422e+02
2.082865706924390281e+02
1.257664753785048504e+02
1.198116090596083865e+02
2.107328686698230058e+02
1.360619106378365757e+02
1.137822890213923870e+02
2.127455114660518802e+02
1.466542758515204525e+02
1.075897699359845063e+02
2.135545452194488405e+02
1.567526765036659810e+02
1.026243134884646082e+02
2.145238676663872752e+02
1.674034785339329972e+02
9.804981925037853330e+01
2.145131508207807371e+02
1.778777102927656983e+02
9.488698013513466378e+01
2.138775674461335825e+02
1.880479039488180035e+02
9.279420511157513829e+01
2.123960464547995741e+02
1.979511709114636631e+02
9.313971980880501178e+01
2.106672008000229823e+02
2.076178309191245717e+02
9.499905438872980312e+01
2.084713686728549362e+02
2.174042384494721034e+02
9.919468395975339092e+01
2.054072254993578213e+02
2.265640746023839824e+02
1.053041198877317726e+02
2.019187825846796898e+02
2.355723900457512059e+02
1.141519989097935337e+02
1.983809160418026067e+02
2.439477719606085770e+02
1.233195590946302360e+02
1.942216839368549302e+02
2.522913712181979804e+02
1.346588531379623817e+02
1.895147594747691357e+02
2.595859230669635735e+02
1.468943699892330983e+02
1.855379451732188443e+02
2.668981539244022656e+02
1.597789425593126680e+02
1.817631903845003762e+02
2.745989523425516836e+02
1.743237546710327877e+02
1.773308830386149850e+02
2.808731299003864592e+02
1.890645555741579358e+02
1.750547255233436204e+02
2.888197368496851709e+02
2.059627890663592495e+02
1.713541525651610016e+02
2.945900866457931784e+02
2.233196476956589436e+02
1.704490891507126094e+02
3.005796474233898152e+02
2.413241087971057652e+02
1.708420479412478699e+02
3.059664036795062430e+02
2.596766026928336260e+02
1.732524121139717295e+02
3.112745658288341133e+02
2.792077249289005749e+02
1.796643695409412658e+02
3.172695720687656831e+02
2.996174695772293717e+02
1.890653953761473076e+02
3.243710281224886103e+02
3.223502038939132603e+02
2.021236582682997494e+02
3.302241232764125130e+02
3.436176723221860811e+02
2.177895810714432798e+02
3.400981723856970689e+02
3.700616429041737092e+02
2.375116885934721154e+02
3.496713272021894454e+02
3.997877939733414223e+02
2.662646780089226581e+02
3.625391551439585669e+02
4.324016692133866400e+02
2.997624023757169880e+02
3.759627995380097332e+02
4.668908729523465126e+02
3.407616247802527596e+02
3.956494213411240821e+02
5.079997535539777687e+02
3.919265313013295327e+02
4.209894326858658360e+02
5.556195264936737885e+02
4.567314408599525564e+02
4.518887704299363577e+02
5.990608965516355511e+02
5.192268305348983404e+02
4.902047491106158077e+02
6.577955782745251554e+02
6.063142345816721672e+02
5.337219120269844552e+02
6.996298207220268068e+02
6.848128901054990365e+02
5.775759167552811277e+02
7.216459859357327105e+02
7.409665791330720594e+02
6.014450892514377074e+02
7.007783815584406284e+02
7.493102298773169423e+02
5.873698314174505413e+02
6.299728766622101830e+02
7.092589826331933409e+02
5.534023588208178808e+02
5.459536691116503562e+02
6.478847426738499280e+02
5.037571300095779065e+02
4.468917715779475657e+02
5.758422148526004776e+02
4.620503522014948885e+02
3.519835413065875400e+02
4.903274376240361789e+02
4.145626980885035096e+02
2.812870358191615310e+02
4.223583016063202535e+02
3.768537849909835700e+02
2.286047721288383912e+02
3.670110598605089649e+02
3.464055940744704571e+02
1.923549125772969433e+02
3.236122559085194439e+02
3.179338373003684524e+02
1.498191651610334532e+02
2.851107643539134529e+02
3.014907890485141593e+02
1.309321799209132280e+02
2.520155203027250366e+02
2.825011405475846686e+02
1.106583059673492784e+02
2.269415233463057291e+02
2.731259049389363440e+02
1.031004957018750474e+02
1.966703283687420765e+02
2.548138741431496612e+02
9.204511604967049720e+01
1.784389206628102613e+02
2.466594405402214534e+02
9.377861750144697339e+01
1.635138115606798408e+02
2.398938918543153420e+02
9.379414390344506103e+01
1.460162234442595661e+02
2.334934399095164963e+02
1.005775429832878984e+02
1.292693653615474432e+02
2.236417234066481114e+02
1.022786149179034538e+02
1.176363921669229882e+02
2.175318753550690758e+02
1.060900050472666152e+02
1.058111489366420273e+02
2.110100174762388008e+02
1.091029533021636837e+02
9.843705618928370882e+01
2.094154977092362913e+02
1.184029101121556948e+02
8.355056981368005609e+01
1.974032953802449981e+02
1.149470703394343047e+02
8.262672402855895371e+01
1.979922144564950202e+02
1.210372198563216415e+02
7.744361741484117090e+01
1.976838937199076724e+02
1.291224149227534213e+02
7.017626515987281266e+01
1.940336579995752402e+02
1.339649317014863072e+02
6.342114622056058693e+01
1.905576887186502688e+02
1.391159326804365151e+02
6.235756991196446819e+01
1.895509089813931496e+02
1.456416826456894569e+02
5.587183374264049007e+01
1.835102860395099640e+02
1.466735029364419063e+02
5.366705470835852054e+01
1.827390241864223697e+02
1.524450726242910719e+02
4.997480680817454157e+01
1.785822734984495810e+02
1.555346466057549435e+02
5.292288658540398671e+01
1.780183948155502662e+02
1.598872567193094767e+02
5.040652389597475036e+01
1.763771493066021776e+02
1.654269520808660729e+02
5.296253576263843854e+01
1.747370800443407575e+02
1.706145487544851846e+02
5.592490624003466593e+01
1.716737220173657477e+02
1.724756806463030898e+02
5.267523366553667330e+01
1.707748822913109166e+02
1.792229393213629294e+02
5.828459092742784975e+01
1.683124293243973852e+02
1.833113158447797275e+02
6.006660941866660153e+01
1.653492840012552278e+02
1.877132880030918329e+02
6.544349791809172245e+01
1.626874702639196073e+02
1.908361021015109031e+02
6.852474449546299695e+01
1.617184420499399948e+02
1.959439642525050829e+02
7.108794897078681174e+01
1.590458149162430743e+02
2.012327653458395957e+02
7.690299464671559804e+01
1.569758568626957640e+02
2.070706520375425725e+02
8.453487294646853911e+01
1.551785898598186293e+02
2.127361833205396238e+02
9.020013529755935622e+01
1.526243527414019638e+02
2.198971369856619447e+02
9.902323020033526291e+01
1.474500312322440720e+02
2.251305550708497947e+02
1.086193108473237743e+02
1.421157016068868018e+02
2.289359850115151005e+02
1.170638446334232015e+02
1.385235459937528617e+02
2.340021872255421442e+02
1.247077116910214869e+02
1.319844273146870535e+02
2.392272443186728026e+02
1.357693127128392803e+02
1.239320837900359322e+02
2.411572514798884299e+02
1.439267157161523585e+02
1.197257206516192554e+02
2.468052508577684705e+02
1.548726206222156918e+02
1.122649028589379867e+02
2.508715145282795618e+02
1.660734965131936463e+02
1.069150879105411178e+02
2.569953594123230118e+02
1.797247270478106032e+02
9.652400930759866071e+01
2.595422876835777402e+02
1.919653059479821309e+02
8.960937222686158066e+01
2.649821006019256515e+02
2.080570365532610708e+02
7.912228920240522712e+01
2.662901172787777568e+02
2.218540745644717447e+02
6.747288509035328730e+01
2.659858388555919646e+02
2.348185590000661023e+02
6.261793048688721086e+01
2.684594659343741796e+02
2.501586961920410488e+02
5.304170874334570129e+01
2.677128767069194737e+02
2.649756226780345969e+02
4.892851464250639992e+01
2.662857114841478392e+02
2.801969101871399630e+02
5.169753756726844074e+01
2.634186770566608971e+02
2.948999741805263852e+02
6.124223377160077320e+01
2.601212906238674805e+02
3.093323988857534914e+02
7.242482010080321686e+01
2.580461660180881154e+02
3.282901803234261706e+02
9.270329714357716000e+01
2.469307985605537112e+02
3.390032547769311009e+02
1.093264570246867180e+02
2.411260069772689576e+02
3.551969393674216349e+02
1.328838830117695693e+02
2.292811642481438525e+02
3.665948408796620015e+02
1.540759785781774269e+02
2.190045185336943518e+02
3.802516588192246445e+02
1.792463246948094877e+02
2.045697624364090927e+02
3.908885829608062181e+02
2.038878520276753363e+02
1.892598222323189532e+02
4.008481048651045739e+02
2.296569545575055713e+02
1.719095842943780212e+02
4.082855243279836372e+02
2.533729165203572506e+02
1.559890795820864753e+02
4.187332436241628102e+02
2.822423283043290212e+02
1.349951892306634420e+02
4.248494452076269567e+02
3.092874334971812686e+02
1.134935094148087273e+02
4.306661075987125287e+02
3.378108654688481920e+02
8.949055987185225547e+01
4.339406684174965108e+02
3.656485930161678084e+02
6.497598664439080096e+01
4.364928507661419985e+02
3.946198626881081282e+02
3.873173119202927950e+01
4.362536571619776282e+02
4.227055170051002619e+02
1.947040354625037395e+01
4.349531970576810522e+02
4.513304168509615124e+02
3.267816423460428155e+01
4.322061760778918256e+02
4.810827994753969392e+02
6.451923101003846739e+01
4.252728761011699135e+02
5.085472705530550570e+02
9.852226120696087719e+01
4.175822602998192110e+02
5.368450546878884779e+02
1.359132724638445495e+02
4.067776040067960253e+02
5.640559853315111241e+02
1.749368150519374296e+02
3.939076875242269011e+02
5.909639762185781819e+02
2.161044894756433905e+02
3.784631235330629124e+02
6.172550256548264542e+02
2.592229950781743355e+02
3.605946059711885709e+02
6.434082383839111117e+02
3.052864828424949337e+02
3.389348979704215026e+02
6.679758971684576636e+02
3.531767900324824723e+02
3.139425400774724153e+02
6.907460517614387072e+02
4.020804581398418236e+02
2.869190216001138651e+02
7.134152413723501240e+02
4.538624060640416928e+02
2.562454073759943753e+02
7.350445863536369870e+02
5.085261328796618159e+02
2.210804342575303565e+02
7.543678524199176536e+02
5.648158078066835515e+02
1.825313695215242262e+02
7.723160877973849665e+02
6.236431651212933502e+02
1.397473942501240174e+02
7.880779289238400906e+02
6.842785009947644994e+02
9.359936930128365873e+01
8.028432625211236200e+02
7.482863840459016274e+02
4.387233515088203006e+01
8.159059934592797845e+02
8.159961876050301726e+02
2.373443491161058105e+01
8.258820754132020738e+02
8.862912442262689865e+02
8.160730485869814288e+01
8.340248378741694069e+02
9.610563855528382646e+02
1.512478682229535423e+02
8.382356809029543001e+02
1.038698332919259201e+03
2.274931607510455365e+02
8.404043075784819621e+02
1.121886795748686382e+03
3.128604544044849831e+02
8.382809367597867549e+02
1.209535304649695036e+03
4.067094772623456151e+02
8.331665016976141942e+02
1.304346051387766238e+03
5.125096598352866977e+02
8.227298157240801402e+02
1.405453324329181214e+03
6.297176909171823809e+02
8.086866708864948805e+02
1.517203780233945508e+03
7.641713791006499150e+02
7.863483764065191508e+02
1.636939668576309941e+03
9.135675395000207573e+02
7.614024252753595192e+02
1.774810852486943759e+03
1.089876945760594026e+03
7.242482410199877449e+02
1.927034895648933571e+03
1.292307052090437537e+03
6.811507269260749808e+02
2.106538371451335934e+03
1.536575021475267931e+03
6.212969904909782599e+02
2.314754677980304677e+03
1.830551804062145493e+03
5.456592721051181343e+02
2.567408981482745730e+03
2.197569122335542033e+03
4.475502104806304828e+02
2.880740511044346022e+03
2.667015239600342738e+03
3.277746295327060579e+02
3.287235823605064979e+03
3.289683240624710834e+03
2.216239290885517050e+02
3.871082861623313420e+03
4.208260811523525263e+03
3.343870121431647249e+02
4.706099778394999703e+03
5.598476150466814033e+03
7.612104613977932104e+02
6.174130492580917235e+03
8.170535961973589110e+03
1.772741310384011740e+03
9.177468756445481631e+03
1.416824396846868694e+04
4.442319646583265239e+03
2.016992953903709713e+04
4.834788420098995994e+04
6.480374680260694004e+04
5.991338379675654869e+04
3.655444454490447970e+04
8.163681421212821078e+03
1.088578594891632747e+04
1.352380832917641601e+04
4.552624381817521680e+03
5.521588040343462126e+03
8.300061337259276115e+03
3.377350593015651611e+03
3.509196486665968678e+03
6.018921368135107514e+03
2.824902056323855504e+03
2.403815972909557331e+03
4.693145625326953450e+03
2.470241934437944565e+03
1.733507230713600165e+03
3.848304755546693741e+03
2.248274679950371137e+03
1.254165634881630922e+03
3.231898874857450210e+03
2.072008000140066088e+03
9.110325239968321966e+02
2.769997476462980103e+03
1.933001404730493277e+03
6.519855108724763113e+02
2.409343892345184940e+03
1.821505865423889873e+03
4.463756814859378323e+02
2.113450412619671624e+03
1.724263002299682739e+03
2.867326951793873491e+02
1.868974502187628786e+03
1.642455313941736222e+03
1.704963958711177554e+02
1.657223667470951341e+03
1.565824448328607787e+03
1.222478859718679018e+02
1.475573579321310945e+03
1.498518835474339312e+03
1.607341751458210410e+02
1.311431857163253653e+03
1.431350248729212126e+03
2.245148493321460990e+02
1.168486983812480503e+03
1.370791584600521219e+03
2.903198909244634365e+02
1.038616260146075319e+03
1.312277227722117232e+03
3.495697958118147426e+02
9.211670639101294000e+02
1.256685788306880113e+03
4.030772829030637467e+02
8.126346158646647382e+02
1.201494534147860122e+03
4.486962178674808683e+02
7.140378654798242906e+02
1.148759462549702448e+03
4.890287335686751931e+02
6.227503378015554745e+02
1.097304552370729198e+03
5.243342505834518761e+02
5.377073989203724977e+02
1.046309704830182454e+03
5.541727922995274866e+02
4.591232409374147210e+02
9.966161805430768936e+02
5.799635621292250107e+02
3.855600749224581705e+02
9.472931662314556434e+02
6.014505833686673668e+02
3.171205981998936636e+02
8.984123027585521868e+02
6.188000881188526137e+02
2.538266586347482985e+02
8.503068874503603638e+02
6.326950423746008028e+02
1.953955999476174838e+02
8.026135357471823681e+02
6.430033338181644922e+02
1.431210110695141680e+02
7.561353617240914673e+02
6.509266825594062311e+02
9.782205250871119517e+01
7.096468586452491536e+02
6.556209055380618338e+02
6.777719699194520331e+01
6.637347577758680472e+02
6.575351894565285420e+02
6.688435914599631360e+01
6.184615606993515939e+02
6.569045305208303489e+02
9.109297964906743061e+01
5.739388786107458600e+02
6.540574250238224749e+02
1.237331071666391580e+02
5.299426833772695318e+02
6.489176814936290612e+02
1.575919027358088726e+02
4.866225366680068873e+02
6.416030501852757197e+02
1.902132046611180840e+02
4.441570743768534157e+02
6.324329815275580131e+02
2.210720148133922009e+02
4.024458046400109197e+02
6.214148582986921383e+02
2.498289225748918341e+02
3.616317073793423447e+02
6.087191369840790003e+02
2.763655450302146050e+02
3.216908021942786604e+02
5.944005611815631482e+02
3.006150743504452976e+02
2.827929739300093956e+02
5.786700170728494186e+02
3.226859039742015511e+02
2.449374219055856656e+02
5.615513735754392428e+02
3.425193253494861096e+02
2.082734956230797820e+02
5.431937544847451136e+02
3.601871638904083852e+02
1.729341301963532089e+02
5.236838504892042465e+02
3.757113503750283030e+02
1.391952990632132696e+02
5.031645762849904600e+02
3.891822534006349770e+02
1.074404286073133790e+02
4.816755141436498775e+02
4.005909578715152293e+02
7.876821483541203861e+01
4.593822800242334097e+02
4.100479884809010400e+02
5.587699529930956999e+01
4.363478008537124424e+02
4.175745879077211384e+02
4.545155844485577745e+01
4.127035828066771614e+02
4.232707945707713861e+02
5.291111252740243032e+01
3.884810549700580395e+02
4.271523582240161545e+02
7.151044525858617362e+01
3.637754729528790563e+02
4.292197862449057197e+02
9.359927680274786610e+01
3.388038592979116856e+02
4.296745636775867752e+02
1.163243454992962285e+02
3.135395676700340459e+02
4.285169817157856755e+02
1.386829322186563900e+02
2.880987708213475571e+02
4.258130485872924851e+02
1.602098770718585854e+02
2.623030473293826503e+02
4.211334521261362056e+02
1.799607873741984179e+02
2.374953358691520862e+02
4.160615167222334776e+02
1.993692164493219252e+02
2.119703495979404124e+02
4.090967804268769328e+02
2.172352202339507130e+02
1.867480238805569286e+02
4.007941215246931392e+02
2.336531478509887165e+02
1.618961934310070205e+02
3.912736983316269743e+02
2.486446363181711092e+02
1.375834299433708452e+02
3.806749648558239301e+02
2.622789540465701066e+02
1.139293243333875978e+02
3.690326872762677226e+02
2.745501745863507495e+02
9.118052975298557783e+01
3.563512621892490984e+02
2.853785764792498867e+02
6.994659960948926880e+01
3.427688579813914771e+02
2.948256858322329208e+02
5.143348422471702719e+01
3.283081835085397984e+02
3.028413026394199505e+02
3.879308639262866620e+01
3.131227497166281069e+02
3.095124126053982536e+02
3.715624189096951824e+01
2.972378606903582750e+02
3.148284397853158794e+02
4.674779052698269766e+01
2.807304069282558885e+02
3.188019184964842339e+02
6.182372396317366281e+01
2.636951517437064467e+02
3.214800222971005041e+02
7.869552911048084809e+01
2.461835423446163986e+02
3.228693375132999108e+02
9.588996852992828224e+01
2.282870935356698681e+02
3.230046983119745505e+02
1.127850568883577012e+02
2.100883347086808897e+02
3.219294826465122696e+02
1.291014194495131164e+02
1.916659314668781633e+02
3.196831384493134465e+02
1.446806987836511098e+02
1.730859908716500115e+02
3.162889029771453124e+02
1.594102071749745164e+02
1.544604472530987778e+02
3.118083228696286824e+02
1.732326163688929626e+02
1.358702931238599092e+02
3.062801966705501968e+02
1.860992728833656713e+02
1.174255656012492324e+02
2.997492800814008547e+02
1.979703190797550008e+02
9.926420900683750403e+01
2.922667196227943123e+02
2.088212118537718140e+02
8.158371904080330239e+01
2.838853426619904212e+02
2.186343800947152829e+02
6.471028085312681810e+01
2.746584745069870905e+02
2.273981375803222136e+02
4.929246290793893337e+01
2.646369817235270716e+02
2.351007235043428807e+02
3.684085299684687698e+01
2.538821238495958141e+02
2.417457606536007972e+02
3.058684643118851554e+01
2.424355768964525737e+02
2.473144703853936335e+02
3.353073836907807959e+01
2.303792842661821965e+02
2.518332767466834241e+02
4.332004444396662990e+01
2.177587558350770678e+02
2.552992409475019997e+02
5.603370067747749772e+01
2.046404476141380826e+02
2.577295229521534452e+02
6.969918407709405983e+01
1.910826504481122186e+02
2.591365336501951333e+02
8.349711376877874613e+01
1.771479254458196806e+02
2.595349705106867759e+02
9.704699119451561273e+01
1.629068624039830979e+02
2.589507558426843161e+02
1.101527260832198181e+02
1.484261776973200142e+02
2.574098085587491482e+02
1.226981454197588306e+02
1.337730739047933355e+02
2.549360975687627615e+02
1.346020137929794487e+02
1.190260667955891307e+02
2.515609581961972481e+02
1.458093050773126720e+02
1.042678760178217345e+02
2.473119134255244376e+02
1.562720725233386929e+02
8.960689605026969673e+01
2.422257613853790872e+02
1.659568546090662835e+02
7.518218114556340481e+01
2.363395222044534592e+02
1.748362532709118398e+02
6.120550045994835386e+01
2.296932470662024741e+02
1.828895257936361816e+02
4.805369595086292378e+01
2.223306805179551020e+02
1.901055459581691025e+02
3.651511706643181299e+01
2.142903304468945294e+02
1.964714974729831454e+02
2.838072566046803402e+01
2.056130539869444078e+02
2.019755002079070891e+02
2.657980811019234224e+01
1.963433547140322446e+02
2.066087038902865913e+02
3.181187286534494163e+01
1.865341413497088752e+02
2.103720610173692762e+02
4.113718649330595412e+01
1.762389038974590392e+02
2.132719477100653194e+02
5.208891629354220498e+01
1.655113632727446884e+02
2.153224423417579771e+02
6.355338056286896631e+01
1.543986153227076557e+02
2.165349938053556116e+02
7.504586895716843742e+01
1.429398972339389786e+02
2.169075272746375731e+02
8.631207293079400245e+01
1.312006304071750549e+02
2.164635302160596098e+02
9.722263800827252567e+01
1.192276860749656748e+02
2.152066976024067060e+02
1.076774234851975223e+02
1.070846189974737683e+02
2.131424946898921746e+02
1.175816180468270744e+02
9.486937841426883722e+01
2.103278860534601336e+02
1.269207545875676573e+02
8.264717296384728229e+01
2.067741738573587043e+02
1.356455883354801131e+02
7.052267690064363137e+01
2.025141106099465276e+02
1.437328245015730204e+02
5.863530899831616239e+01
1.975736094125716420e+02
1.511582310625844343e+02
4.721963009416532486e+01
1.919798291878011298e+02
1.578986294306438367e+02
3.673048106762595921e+01
1.857648686281959272e+02
1.639353715723768801e+02
2.814980197095245629e+01
1.789643358192924723e+02
1.692542788306452053e+02
2.346932485166427540e+01
1.716193034807992035e+02
1.738501852555432095e+02
2.471959054511163600e+01
1.637672628793775687e+02
1.777186946167364852e+02
3.092692581450756606e+01
1.554462690450188234e+02
1.808567591671101411e+02
3.958609618512917194e+01
1.466958403889557303e+02
1.832629255016039167e+02
4.919026896397539161e+01
1.375584263536379126e+02
1.849386373626896329e+02
5.906207366832688166e+01
1.280796487181859504e+02
1.858893312395186683e+02
6.888123164516214558e+01
1.183079332731410176e+02
1.861252854416703428e+02
7.847782604584057253e+01
1.082919258599207240e+02
1.856585151023492699e+02
8.774966102180459870e+01
9.808232216993170027e+01
1.845019060188175786e+02
9.662709102617674262e+01
8.773476793815984820e+01
1.826694489183742860e+02
1.050572318103904763e+02
7.731511416945046733e+01
1.801786069791280624e+02
1.129984852807813809e+02
6.690344480510395897e+01
1.770499234952520169e+02
1.204177048807455037e+02
5.660566506141491061e+01
1.733067498669382189e+02
1.272888446112079777e+02
4.657938145478407677e+01
1.689737210795873352e+02
1.335907148190052567e+02
3.709900624631485044e+01
1.640761372126491153e+02
1.393050262744691850e+02
2.871932495167528288e+01
1.586408349872484678e+02
1.444159825104995605e+02
2.262991025298719805e+01
1.526970493785633209e+02
1.489107519073656078e+02
2.078264330880369215e+01
1.462767673786625835e+02
1.527805359763820547e+02
2.397092692188793350e+01
1.394137068343083001e+02
1.560201258791422276e+02
3.045643040253445477e+01
1.321419306761417261e+02
1.586265347189955150e+02
3.841595438800632678e+01
1.244968867613589509e+02
1.605989969074786927e+02
4.692285289220823330e+01
1.165151432639432159e+02
1.619383148731159565e+02
5.555155234594406011e+01
1.082359798779380640e+02
1.626480396331841121e+02
6.408679391619391197e+01
9.970138945275300557e+01
1.627349599918750869e+02
7.240541239092959813e+01
9.095572605837566016e+01
1.622084580661287418e+02
8.042857114903431182e+01
8.204629612683233120e+01
1.610797093538412810e+02
8.810068961075796778e+01
7.302571225887061246e+01
1.593612990618540550e+02
9.537893880630724652e+01
6.395644658850209652e+01
1.570678723762715094e+02
1.022287712495400029e+02
5.491816273893304867e+01
1.542162487723955451e+02
1.086214778058303807e+02
4.602310785779998525e+01
