1.160193803419001028e+02
1.276042130524616596e+02
1.313709196176173180e+02
1.176040778107261531e+02
1.279697808691557270e+02
1.334327868566609823e+02
1.193367180925783515e+02
1.283672622854712415e+02
1.354827806652322693e+02
1.212310093261621802e+02
1.287413958745300135e+02
1.374746350425962760e+02
1.233240336531782333e+02
1.291441266696708965e+02
1.393574848199190228e+02
1.255219625434352508e+02
1.295679508699211056e+02
1.411702137477279564e+02
1.278918315377220836e+02
1.300841275661091743e+02
1.429066100510134731e+02
1.303646940056090102e+02
1.306620737232568956e+02
1.445817746621103197e+02
1.329851470705742997e+02
1.313143273974797864e+02
1.461105823043993439e+02
1.356730467997000176e+02
1.321205567872779341e+02
1.476030233112356029e+02
1.384479699271033439e+02
1.330478381131846106e+02
1.490600139891642471e+02
1.413572812053225221e+02
1.341146936470551623e+02
1.504068362120584368e+02
1.443372659406042828e+02
1.353575653543321380e+02
1.516372190461673597e+02
1.473327757737787636e+02
1.368389010593405430e+02
1.528327191239806666e+02
1.502387786493806061e+02
1.383392078142015862e+02
1.540104582988649611e+02
1.533807347434686790e+02
1.401949464219453318e+02
1.551053794390908251e+02
1.564588927147874244e+02
1.422545798667507881e+02
1.561383572143292042e+02
1.594407628118706270e+02
1.444701633289946869e+02
1.571559783261774612e+02
1.623815479162875590e+02
1.468866781054436217e+02
1.582980393624408464e+02
1.655173188430286757e+02
1.496781605102450783e+02
1.594740968928749680e+02
1.686352565472013509e+02
1.527469171556883225e+02
1.606566704590130996e+02
1.715962943036121260e+02
1.559715533373368430e+02
1.619024334663106401e+02
1.744697111469316724e+02
1.594204491574108999e+02
1.633783699630282911e+02
1.773288661643385353e+02
1.628428264526779685e+02
1.646752537714736491e+02
1.800588273900891068e+02
1.667026840775017149e+02
1.665635560821927470e+02
1.829694087744879880e+02
1.704884112544067989e+02
1.681587688287855258e+02
1.857621374561953189e+02
1.748069582862547406e+02
1.703156119635110883e+02
1.885463474106544197e+02
1.789936652316760330e+02
1.722739675933496244e+02
1.911863580483892804e+02
1.837541985620323999e+02
1.750435492643019018e+02
1.937027514870718505e+02
1.880456715883457264e+02
1.780173453555791525e+02
1.969058128902024691e+02
1.928935182381531206e+02
1.807662637846941038e+02
1.994694719421110563e+02
1.977367016745834860e+02
1.841857466403375554e+02
2.025700554207875257e+02
2.030640992322352929e+02
1.876086866609962840e+02
2.048464405977942704e+02
2.080457365129871050e+02
1.918361232565062267e+02
2.077251833950651303e+02
2.132717539684987287e+02
1.966318482472446760e+02
2.109793893473252240e+02
2.182940901747988676e+02
2.010905323702142198e+02
2.145201064344492181e+02
2.244646518544075491e+02
2.066781753400757395e+02
2.178082940776575356e+02
2.299540204765903297e+02
2.123582501117574282e+02
2.216478376221451754e+02
2.360133980475813189e+02
2.183472946226208364e+02
2.248888245438272691e+02
2.417378728478990126e+02
2.256543918294468369e+02
2.295413754697282229e+02
2.471363239594116976e+02
2.318307393521323263e+02
2.342517191368027341e+02
2.540763321506030081e+02
2.397993393827041473e+02
2.391267474842580327e+02
2.602954800222194081e+02
2.479973700346339172e+02
2.448828390983352108e+02
2.667064400104308675e+02
2.562808682372975113e+02
2.516132083887519002e+02
2.746892769774794942e+02
2.657487144274083448e+02
2.578676960183990445e+02
2.818542938110643945e+02
2.764287972844547312e+02
2.662883343377216647e+02
2.888082280676443361e+02
2.855130013223238734e+02
2.746491044888063584e+02
2.967628133749404924e+02
2.947526590009930487e+02
2.831031330682200178e+02
3.066421369987956496e+02
3.066211128825455035e+02
2.925170893681269604e+02
3.173150184658983335e+02
3.217109537783894666e+02
3.053800585206602136e+02
3.283714759450092515e+02
3.364326231606495412e+02
3.191597562726512933e+02
3.400997960929250326e+02
3.512431996785119850e+02
3.335929335933518018e+02
3.534966462971097485e+02
3.693280341841880272e+02
3.519469160860912211e+02
3.671938434115211862e+02
3.843090010995668990e+02
3.691149573981351750e+02
3.850190893058393158e+02
4.055178983818726124e+02
3.909026817081619924e+02
4.046664157524714369e+02
4.280894012685534449e+02
4.155835053266328032e+02
4.278193325782228840e+02
4.534344201391710385e+02
4.441040923328744157e+02
4.581594970903751118e+02
4.868200365614105181e+02
4.767101381732793470e+02
4.882628301221465676e+02
5.212706478729519404e+02
5.136374260025081639e+02
5.232963898434804833e+02
5.618490891636794231e+02
5.613339550772350321e+02
5.721642164427598800e+02
6.148977587353687113e+02
6.208318302204539805e+02
6.342854091748664587e+02
6.810090816913910885e+02
6.913509302948310733e+02
7.097522766039297721e+02
7.696115069022138186e+02
7.908482880272647435e+02
8.099963204608574188e+02
8.776572148280326928e+02
9.156895207678662700e+02
9.512175947933052385e+02
1.040736695145745443e+03
1.099714318613272098e+03
1.146606098552419098e+03
1.260751891714212661e+03
1.360956037015739639e+03
1.449585297992075311e+03
1.626282424163900941e+03
1.811397976667254170e+03
1.968129482306461568e+03
2.211618050833365487e+03
2.488880877171527118e+03
2.686779313384893157e+03
2.871781908827060306e+03
3.038560316990682168e+03
3.012366379542997038e+03
2.774284247783163664e+03
2.501407203435550400e+03
2.256846161175423731e+03
1.986652907155694720e+03
1.747343997962193043e+03
1.574549391644600746e+03
1.400297030701706944e+03
1.249063680278634365e+03
1.151301489703873813e+03
1.041208054722866109e+03
9.381854983150577709e+02
8.818165727699116587e+02
8.166808892552836596e+02
7.566609166313390915e+02
7.278166087651799216e+02
6.718673577703456203e+02
6.162433827693738522e+02
6.022100376513891433e+02
5.608628765514330325e+02
5.114265151503530547e+02
5.101397799356382166e+02
4.855412337640399869e+02
4.393840610975024106e+02
4.342048735795604557e+02
4.124576058447895548e+02
3.728050136569643769e+02
3.785557416859603563e+02
3.677978588284331067e+02
3.295338053649925314e+02
3.317097162796212615e+02
3.231050418669373130e+02
2.882542826488382843e+02
2.939269665444395514e+02
2.908412850986847502e+02
2.623232717601670743e+02
2.736344263757184763e+02
2.718406153771951494e+02
2.365158250299945450e+02
2.424480557204390152e+02
2.422961362314847236e+02
2.063672963463860697e+02
2.143277462315741673e+02
2.203402335408571844e+02
1.877838603013090335e+02
2.006763382651226664e+02
2.130750477759717967e+02
1.761977705649630650e+02
1.784072286247823911e+02
1.946825151583082629e+02
1.616163237011298861e+02
1.558059911003734328e+02
1.713178557477804418e+02
1.476767034890602304e+02
1.487429891604827503e+02
1.611282168352569499e+02
1.367231925156041541e+02
1.439796768039604160e+02
1.551595755392603735e+02
1.199522525347535975e+02
1.331237994101015545e+02
1.617295956906427534e+02
1.263982484857579180e+02
1.125101274514271381e+02
1.394135833031908192e+02
1.165421482664519033e+02
1.111338156139342885e+02
1.356569762035427118e+02
1.086856922984730289e+02
1.003579092039207410e+02
1.306339814466468852e+02
1.072351413959398343e+02
9.142387325186466285e+01
1.210582235318405822e+02
1.049775282846742073e+02
9.363073869050947451e+01
1.174243214627944525e+02
9.555510834699606448e+01
8.556387140471994712e+01
1.169363737804006576e+02
9.500039832972943543e+01
7.524957397181619001e+01
1.100952870067683875e+02
9.490688125311118029e+01
7.393801212164763115e+01
1.053989349707923395e+02
9.153899987166649055e+01
7.150972593618654116e+01
1.023379520581378870e+02
8.722579364621631726e+01
6.829037241481496778e+01
1.047441911181145571e+02
8.974907107703560882e+01
5.745642143517090972e+01
9.456021330911501366e+01
8.504849793585474060e+01
5.709017506128272146e+01
9.725461421885175639e+01
9.103120708281556972e+01
5.711557506406512630e+01
8.981217789503405413e+01
8.485336242217191227e+01
5.888663731348719921e+01
9.676961735195595793e+01
9.095348262533455852e+01
5.250163338402020230e+01
8.756366120640711870e+01
8.671749547386305323e+01
5.754945871014411551e+01
9.424478696829159219e+01
8.965487447939715082e+01
4.781389827845129048e+01
8.948254202879152785e+01
9.221949320133035144e+01
5.305127658509604771e+01
9.069152034103424853e+01
9.293773054239136400e+01
4.811661827773430389e+01
8.996273380710636047e+01
9.655337146011635241e+01
4.423697469670324267e+01
8.613997893443600162e+01
1.025877752381326928e+02
5.860251746392959404e+01
8.569647473144644323e+01
9.930748490828497665e+01
5.381787994738655811e+01
8.569559837093576959e+01
1.028288670080382303e+02
5.645949541151321682e+01
8.623535492189812146e+01
1.063946093459400259e+02
5.814360504042492295e+01
8.522111484601585119e+01
1.102031064279333350e+02
5.982733355380041473e+01
7.805074778943230740e+01
1.088215876817805849e+02
6.508122007525705044e+01
8.143254566165927599e+01
1.129308010925294781e+02
6.974198107214725439e+01
7.838171977194785711e+01
1.104479475633406906e+02
7.006752858621172209e+01
8.330990618513494894e+01
1.162480040046090437e+02
7.528877388799305947e+01
8.974600172086236682e+01
1.256805326329396024e+02
7.995973147388333757e+01
8.360269304355287545e+01
1.269091302765039302e+02
8.624493240974770458e+01
8.442660756275694212e+01
1.280601313281432851e+02
8.695750531860444710e+01
8.558115531651650087e+01
1.357943884081259682e+02
9.817494014055125717e+01
8.984341189580484865e+01
1.402758193890543055e+02
1.025235467112863859e+02
9.181643259538330426e+01
1.482289553097531609e+02
1.116141977480842939e+02
9.223051473735350214e+01
1.544683209454799453e+02
1.209707342060175392e+02
9.043950356601639839e+01
1.590249387125700480e+02
1.346600936158539525e+02
9.775425718835562350e+01
1.610696153274238327e+02
1.375749920771817472e+02
9.855174551012433426e+01
1.692466957427128307e+02
1.509658722112630755e+02
1.047072065865561683e+02
1.756082050121274278e+02
1.622009080678333817e+02
1.102876750377791524e+02
1.821223541760714113e+02
1.736884270402551351e+02
1.154544574365529428e+02
1.885205121607644401e+02
1.865574477436832694e+02
1.225245912049610695e+02
1.938440286222108853e+02
1.968614219141788340e+02
1.271999415571466869e+02
2.021768670280617073e+02
2.150588346712812893e+02
1.423247936738759734e+02
2.118580626511845821e+02
2.312733677649291906e+02
1.520814479222400166e+02
2.180025295212682011e+02
2.487367129793515517e+02
1.705698304799102800e+02
2.277294041379984719e+02
2.625130749749201300e+02
1.796885951266385746e+02
2.383567060320718554e+02
2.847558002379549293e+02
1.944661364909885890e+02
2.415341665198834278e+02
3.024617064107212627e+02
2.154308050876354912e+02
2.521668291795401160e+02
3.235901233537962298e+02
2.382706747791287114e+02
2.633423986233606229e+02
3.455434715915919810e+02
2.616579580304206161e+02
2.708430711233676220e+02
3.637091467084098326e+02
2.855395537190333357e+02
2.833868107678617889e+02
3.841050553394297822e+02
3.080007882467015179e+02
2.976032401729034405e+02
4.133170731682979522e+02
3.416924954451036456e+02
3.108446141274851016e+02
4.374613868055911894e+02
3.742437636345417786e+02
3.265275812438771936e+02
4.628859232446557712e+02
4.090480190776394807e+02
3.487341166634007550e+02
4.974543854463927346e+02
4.529263528530173062e+02
3.689454519000775576e+02
5.266996996830350781e+02
4.976616807120598764e+02
3.965699539846738162e+02
5.608236505881292260e+02
5.463324998205847578e+02
4.281915365832587099e+02
6.012812667610265862e+02
6.050794765078084083e+02
4.694112191906042995e+02
6.485862473156677197e+02
6.723482115940051926e+02
5.179224828172120851e+02
7.043844698673763105e+02
7.523153614457776257e+02
5.721786148708808923e+02
7.624232086442960963e+02
8.454228667001239046e+02
6.424263825008697495e+02
8.237449239787998749e+02
9.434933608887796481e+02
7.258836449435661962e+02
9.095658467853010052e+02
1.075966466437708732e+03
8.425490896881050276e+02
1.018726573334615182e+03
1.237272824815523563e+03
9.847993069104123833e+02
1.156899022754544148e+03
1.448844371979610969e+03
1.178491602601110117e+03
1.339608634409913293e+03
1.730691983791623670e+03
1.450007001746821970e+03
1.605462058915760736e+03
2.140577538970668684e+03
1.850082412483209055e+03
1.982202701077322899e+03
2.746492425321625888e+03
2.487749360973334660e+03
2.636409957763550665e+03
3.835512621519759705e+03
3.721761266041153249e+03
3.966646365882540977e+03
6.172946306955604996e+03
6.696434601394035781e+03
7.867155510158019752e+03
1.508704095491536282e+04
2.246758601707758498e+04
2.437404805235678941e+04
1.949426523657964208e+04
1.124948304243551502e+04
6.641881469187807852e+03
6.794688729950273228e+03
5.208146301375044459e+03
3.553189675955474286e+03
4.012461274635171321e+03
3.407338965116248801e+03
2.430089048950036158e+03
2.843734363499940173e+03
2.562417692698622432e+03
1.847346008099491200e+03
2.189902464831099678e+03
2.075215719148193330e+03
1.510865929588233485e+03
1.774325683789202913e+03
1.745801261935000866e+03
1.281375958701778245e+03
1.488509117709932070e+03
1.513052001188179247e+03
1.113684510181524047e+03
1.274040438457436039e+03
1.340721881460108989e+03
9.961446567603244375e+02
1.110330141875971549e+03
1.202886602875598555e+03
9.019800259985258890e+02
9.785477760543576551e+02
1.093872091237019504e+03
8.347348326191298611e+02
8.701211623084785742e+02
9.922310888430205296e+02
7.695359260396477339e+02
7.857062637197456070e+02
9.174675792112327599e+02
7.222876951432090209e+02
7.110353732865368102e+02
8.493492844367057160e+02
6.840939333405159459e+02
6.505456334589815697e+02
7.892469701380138076e+02
6.494408769909230159e+02
5.986697341109676245e+02
7.376818631373347444e+02
6.217989864210809401e+02
5.544836775730191221e+02
6.899552659037666444e+02
5.961305084633571596e+02
5.163939540336127720e+02
6.468008706728485322e+02
5.733162620625848831e+02
4.854468528908674898e+02
6.100889328474661397e+02
5.536245935117061663e+02
4.551713750649815324e+02
5.721978376601947502e+02
5.341877682959885760e+02
4.323051220393358562e+02
5.409740778314838963e+02
5.179008525383634378e+02
4.111973465855879795e+02
5.100432362680049891e+02
5.021592614762901690e+02
3.942305157260285569e+02
4.814646301047444581e+02
4.861592441392464821e+02
3.787968812929375986e+02
4.553176982136002948e+02
4.719020667316768254e+02
3.667012552596789874e+02
4.316311616186097808e+02
4.583213819524322616e+02
3.557861265543771196e+02
4.089593525480784706e+02
4.452090415719526391e+02
3.467311064232115996e+02
3.874223404239792217e+02
4.320770108060141865e+02
3.397149726345164140e+02
3.684585158996506493e+02
4.195031073471791387e+02
3.331991306595309084e+02
3.503074596842358233e+02
4.068450024634093438e+02
3.272903184434670152e+02
3.334320874323869930e+02
3.945911878655284681e+02
3.223374814590098936e+02
3.177864624746966911e+02
3.824027356226976622e+02
3.180700887251421136e+02
3.039093849402582350e+02
3.710785375756946110e+02
3.148415443819821462e+02
2.907717066972001021e+02
3.587661331963279849e+02
3.111501723229374647e+02
2.792823575565948317e+02
3.471656848080771169e+02
3.078049030794351779e+02
2.689297258055678412e+02
3.358695140112604918e+02
3.047167332657226098e+02
2.595149143401469587e+02
3.244101512983583575e+02
3.015150933884587516e+02
2.514763079638048566e+02
3.135155635492685633e+02
2.984895087012670274e+02
2.442449254772126608e+02
3.024363448762927646e+02
2.951860230855961618e+02
2.381563507051538409e+02
2.917852044644047851e+02
2.918539012041622982e+02
2.329593762130074310e+02
2.813076559272423651e+02
2.882919269886691040e+02
2.285717882475481701e+02
2.711641068426400807e+02
2.846509194399641274e+02
2.249793119616737442e+02
2.612730107015629528e+02
2.808220807384089994e+02
2.221424659659125496e+02
2.517133387359363326e+02
2.767661482932842887e+02
2.199680785767751843e+02
2.425618210039623932e+02
2.723943553900356278e+02
2.180841112103016712e+02
2.337216139109246171e+02
2.678729171698251434e+02
2.167562305644449339e+02
2.253948276501342036e+02
2.631983042176348135e+02
2.158293926951471917e+02
2.174964552550626706e+02
2.581944817310869098e+02
2.150630708626994476e+02
2.101708753173777495e+02
2.531108092400468479e+02
2.144973047297148696e+02
2.032549095032068749e+02
2.477592990163139461e+02
2.140558724574166831e+02
1.970116415017492670e+02
2.423653234701181702e+02
2.137034961584457164e+02
1.911977917148150823e+02
2.366586331322286014e+02
2.132814295984371711e+02
1.861026330746383053e+02
2.309850015711453750e+02
2.128885433077086020e+02
1.817223772662118790e+02
2.254842907402041021e+02
2.125370777722175433e+02
1.772755882456538643e+02
2.189399923938140091e+02
2.115274879211831660e+02
1.738909101172122291e+02
2.130589435555307034e+02
2.107229654813451134e+02
1.710190795732564766e+02
2.070290564239361117e+02
2.096295236752621918e+02
1.686466526831829640e+02
2.011133216670592390e+02
2.084479086361952795e+02
1.667912008021145311e+02
1.952318984501712578e+02
2.070810861926630935e+02
1.654100625541537113e+02
1.893556115982278243e+02
2.053767281834948335e+02
1.643816438154331081e+02
1.836484828418506936e+02
2.035189478758666155e+02
1.637947340910278911e+02
1.781508261954797661e+02
2.014297155782344078e+02
1.634511974536344781e+02
1.727666637460124548e+02
1.990360746679528177e+02
1.633107994230456654e+02
1.676667498199640534e+02
1.965037814299561774e+02
1.633859789684320276e+02
1.627594846249776879e+02
1.937158604760610956e+02
1.636421785011650059e+02
1.582115254531003927e+02
1.907343609142218384e+02
1.639529878673293979e+02
1.539365148090213893e+02
1.875304832109632400e+02
1.642955681470633351e+02
1.500079573785594391e+02
1.841546197778577891e+02
1.646604583129748391e+02
1.464705393204528434e+02
1.806186733484654496e+02
1.649723684830891557e+02
1.432907679906431895e+02
1.769254029539227986e+02
1.652195276593317601e+02
1.405219141769311193e+02
1.731101234701497447e+02
1.653577005979858825e+02
1.381531171712932462e+02
1.692101197626084854e+02
1.653835825776201318e+02
1.361719959927913806e+02
1.652156461803884326e+02
1.652484933904990498e+02
1.345648583860615304e+02
1.611592158412624087e+02
1.649451335604231303e+02
1.333413120558069807e+02
1.570942520143023273e+02
1.644641708570961498e+02
1.324562910768235326e+02
1.530344677408947973e+02
1.637924773074122697e+02
1.318761222080755715e+02
1.490028910903488963e+02
1.629293775037544378e+02
1.315893622120083535e+02
1.450392524063161943e+02
1.618601376319235499e+02
1.315310433467902840e+02
1.411507961072209696e+02
1.605832129402920714e+02
1.316931921226698989e+02
1.373894817017214791e+02
1.590815709294361397e+02
1.320034172341600538e+02
1.338148046437838161e+02
1.574223652339718740e+02
1.324419498197209464e+02
1.303831705089546915e+02
1.555477549643446764e+02
1.329760767454797588e+02
1.271774075285837853e+02
1.534887838436006575e+02
1.335521894828640939e+02
1.242005218898758301e+02
1.512543666069419999e+02
1.341480814344936334e+02
1.214851838078994462e+02
1.488557266029437756e+02
1.347245118950331744e+02
1.190455388421982548e+02
1.463071868521161321e+02
1.352530446514332709e+02
1.168952055946707844e+02
1.436244467280160961e+02
1.357088978124120331e+02
1.150463656473386607e+02
1.408274168140280551e+02
1.360699606587448613e+02
1.135025360824743501e+02
1.379348006366730885e+02
1.363132813571720874e+02
1.122541242235685388e+02
1.349635241897035485e+02
1.364249433678462538e+02
1.112986376705521678e+02
1.319359175386397567e+02
1.363910858098629149e+02
1.106285342445674473e+02
1.288808366734378410e+02
1.361992140956344315e+02
1.102151077205265040e+02
1.258134319361653013e+02
1.358376838347390390e+02
1.100408260925970012e+02
1.227680961547800678e+02
1.353055411689636855e+02
1.100757860750071870e+02
1.197653899207765278e+02
1.345981443191160167e+02
1.102914064639151945e+02
1.168306053489210683e+02
1.337154759835432003e+02
1.106612127451859919e+02
1.139896293469438149e+02
1.326529083308135739e+02
1.111494433967002919e+02
1.112716378067022873e+02
1.314158765977384746e+02
1.117204625666271767e+02
1.086979438613013826e+02
1.300141569800934462e+02
1.123537820629599366e+02
1.062960022620263061e+02
1.284495079189406681e+02
1.130110936774901660e+02
1.040849056853219139e+02
1.267340190102797806e+02
1.136662454129582329e+02
1.020803066617279597e+02
1.248780773322721558e+02
1.142968446561045823e+02
1.002964981152450576e+02
1.228893774565848389e+02
1.148790322695399482e+02
9.875038933620058401e+01
1.207854149446956598e+02
1.153942092428116695e+02
9.745088261017298237e+01
1.185804228987745716e+02
1.158212026927084111e+02
9.639449322656329855e+01
1.162784709663673368e+02
1.161291042979107004e+02
9.558026609432741338e+01
1.139200282276032397e+02
1.163281851198632353e+02
9.500632371277256993e+01
1.115132740758750600e+02
1.163960185290719096e+02
9.465465475021694886e+01
1.090766395997699618e+02
1.163236256742108310e+02
9.451155763259822606e+01
1.066341835598769734e+02
1.161048873090308717e+02
9.455353917452352164e+01
1.042036850394484446e+02
1.157357380001640621e+02
9.476338029459384416e+01
1.018099242143841821e+02
1.152117212388574643e+02
9.511380086533472422e+01
9.947538574439342085e+01
1.145328852247461100e+02
9.557966600112577282e+01
9.722333134455004711e+01
1.137005649796179938e+02
9.613364845860616015e+01
9.507493012177646108e+01
1.127181665573611440e+02
9.675060433351073641e+01
9.305084590757240903e+01
1.115890057044266683e+02
9.740439671224039841e+01
9.117110824308710448e+01
1.103197058044552961e+02
9.807174457985230731e+01
8.945462719328398293e+01
1.089174923362158154e+02
9.872866493433123480e+01
8.791708254329337535e+01
1.073924027971099662e+02
9.935436804377521014e+01
8.657057211977789279e+01
1.057543460504777784e+02
9.992889684006766515e+01
8.542412877368852264e+01
1.040157834465611586e+02
1.004353264477423409e+02
8.448296985990712926e+01
1.021900477338046187e+02
1.008585980143835883e+02
8.374817534917072237e+01
1.002913832430267149e+02
1.011856313774636646e+02
8.321756018062332316e+01
9.833577983557596269e+01
1.014044528070843114e+02
8.288258302998082172e+01
9.633928274177492312e+01
1.015058416780876485e+02
8.273328959925291315e+01
9.432067742955344158e+01
1.014822575470208363e+02
8.275371515051423899e+01
9.229784087659319880e+01
1.013286103469299206e+02
8.292716390924034897e+01
9.029003166532602620e+01
1.010409186049876809e+02
8.323363656596239935e+01
8.831654617662847784e+01
1.006170586974430989e+02
8.365230219617164664e+01
8.639772936264159853e+01
1.000568036106417225e+02
8.416094523941450234e+01
8.455322462394994432e+01
9.936095385158925808e+01
8.473636445012775198e+01
8.280216026540101382e+01
9.853256602602671421e+01
8.535648541512263421e+01
8.116303283617779130e+01
9.757611733171111723e+01
8.599981502100551722e+01
7.965266929645046901e+01
9.649713490230789148e+01
8.664593790864311984e+01
7.828648382826141017e+01
9.530243886035930245e+01
8.727531570463794708e+01
7.707762202171289800e+01
9.400052091086175210e+01
8.787010065754445520e+01
7.603649478810358175e+01
9.260116563305787452e+01
8.841382339948928859e+01
7.516970452648916989e+01
9.111503716286331667e+01
8.889185058675990092e+01
7.448085233350164458e+01
8.955438823550301208e+01
8.929151363223417093e+01
7.396957032207913585e+01
8.793200943906896327e+01
8.960170361106084158e+01
7.363232041630902813e+01
8.626206895615635517e+01
8.981290982716024018e+01
7.346176638748798382e+01
8.455960106459119174e+01
8.991705782656158874e+01
7.344694883407170494e+01
8.284074047390510032e+01
8.990836117499591751e+01
7.357445055419427149e+01
8.112218572665659622e+01
8.978239973019658748e+01
7.382829242874873898e+01
7.942095688787865981e+01
8.953615206925258008e+01
7.419074058386114245e+01
7.775464807232053488e+01
8.916843238100774727e+01
7.464311870982734831e+01
7.614078083223817828e+01
8.867918066637936647e+01
7.516605983605786889e+01
7.459703041355302844e+01
8.806990162952953938e+01
7.573977834789789654e+01
7.314016111704052037e+01
8.734348054484972579e+01
7.634522820931509557e+01
7.178632022797242485e+01
8.650395895775464794e+01
7.696370906283357272e+01
7.055025204906165470e+01
8.555681515071715637e+01
7.757792365974908932e+01
6.944574184937049210e+01
8.450972122956686405e+01
7.817185005363313621e+01
6.847767016485772729e+01
8.335711932157967397e+01
7.871784873335452914e+01
6.766272367431413670e+01
8.213245730354864804e+01
7.922272960849163326e+01
6.700386666143276670e+01
8.083121355303654809e+01
7.966280586542673348e+01
6.650069705601829639e+01
7.946605282177414153e+01
8.002857044204546355e+01
6.615232247896064166e+01
7.804883128922561752e+01
8.031084171860331367e+01
6.595473332601170569e+01
7.659235447772725536e+01
8.050148407885212976e+01
6.590062818470633488e+01
7.511054950149808462e+01
8.059387060542630365e+01
6.597965722683727563e+01
7.361815173614296270e+01
8.058286109820623722e+01
6.617873135732959611e+01
7.213049426658182028e+01
8.046518979364310553e+01
6.648315098146352398e+01
7.066326517385603267e+01
8.023912489234309930e+01
6.687703978183986919e+01
6.923192785011377737e+01
7.990374691362546855e+01
6.734372905200078208e+01
6.785216679372645388e+01
7.945915826748952782e+01
6.786586705070594405e+01
6.653964588042164507e+01
7.890683191254760231e+01
6.842597882061242842e+01
6.530960935562605130e+01
7.824969346074765042e+01
6.900679030067892938e+01
6.417601411497287245e+01
7.749189004766306255e+01
6.959185195945497071e+01
6.315136515742718615e+01
7.663871469382141299e+01
7.016586862585751305e+01
6.224644424423860301e+01
7.569632515701474063e+01
