2.306242536313945948e+02
2.082130537968214696e+02
2.052503620192630365e+02
2.347346045043466063e+02
2.142462834368279516e+02
2.072231522057207371e+02
2.385619313988715930e+02
2.205477505935755573e+02
2.096604028034593625e+02
2.424143291841431278e+02
2.270487869710429720e+02
2.123112859632922493e+02
2.463106455285650611e+02
2.340887528032312446e+02
2.153729390710231826e+02
2.499051327665891051e+02
2.412084586253698717e+02
2.188925067610624069e+02
2.534581756344866221e+02
2.484701101214907624e+02
2.227889511923605994e+02
2.570340629502703109e+02
2.561930504867291916e+02
2.275082358492014407e+02
2.606999534718721065e+02
2.640184100898921997e+02
2.325255584910788400e+02
2.641556385389901607e+02
2.719557631644992739e+02
2.381968207744405106e+02
2.677395430207382674e+02
2.801518033760092408e+02
2.445387834794587434e+02
2.714009056355376401e+02
2.885575149825896801e+02
2.515771649935211656e+02
2.751007053446263058e+02
2.970080477156922143e+02
2.591810202270860941e+02
2.788809896809115116e+02
3.057301227189113320e+02
2.678329110748117614e+02
2.830096698513278852e+02
3.144738466060675250e+02
2.771054920690179983e+02
2.874130484014971216e+02
3.232539955824864819e+02
2.869126798273454142e+02
2.922590685277055513e+02
3.327575110068588629e+02
2.983329282784450243e+02
2.979178379850234251e+02
3.420620646335562469e+02
3.096048816220410345e+02
3.033742372526494364e+02
3.516630976763296417e+02
3.223280604487253527e+02
3.098254186066845364e+02
3.614829304156376111e+02
3.358637702136844041e+02
3.170124630904671221e+02
3.716197169079710534e+02
3.503690653516941893e+02
3.250143102349004494e+02
3.822097175133587257e+02
3.663441182675396135e+02
3.340764925083677213e+02
3.922089453900910598e+02
3.822846300475586077e+02
3.445708899345787017e+02
4.039286710207648525e+02
4.003858853378368394e+02
3.563418357672651382e+02
4.154879872648612604e+02
4.194214536708276455e+02
3.702400378535134564e+02
4.279302952971780201e+02
4.390990848338242358e+02
3.855061071815666764e+02
4.419971356543659908e+02
4.606006826229465219e+02
4.014929790015013964e+02
4.563715781344439506e+02
4.848524104416706564e+02
4.210178868344156058e+02
4.716796726227861996e+02
5.111570289694448661e+02
4.449118976055301573e+02
4.885576513243734667e+02
5.364565919926013748e+02
4.675420714497012682e+02
5.068266729790613567e+02
5.671071034162105207e+02
4.968460625459557036e+02
5.275034812391702417e+02
5.995490650115004883e+02
5.305667617636534032e+02
5.529780159108952375e+02
6.362452828102420881e+02
5.672261860144988077e+02
5.788877635821360172e+02
6.758081545027022230e+02
6.108318380592600079e+02
6.107923879558072713e+02
7.196975572985762710e+02
6.589803367195813735e+02
6.473665006360777170e+02
7.700400795315857749e+02
7.142804487810494720e+02
6.897792818298926250e+02
8.310383043994957006e+02
7.853127513922268008e+02
7.415865437604629733e+02
8.961761925831589224e+02
8.627416486071919053e+02
8.035223837610565170e+02
9.770606548897934545e+02
9.607240618989181939e+02
8.823418169654104304e+02
1.073443728542265944e+03
1.079446106625088760e+03
9.862535849524554123e+02
1.201689539704890649e+03
1.234520876838755612e+03
1.116010625489804852e+03
1.354147292246057532e+03
1.422731173669010332e+03
1.278848047778135879e+03
1.554737238232851041e+03
1.684684264508856813e+03
1.523748240137134189e+03
1.847309234722669089e+03
2.054950671520799915e+03
1.867045179307764329e+03
2.280511676705965328e+03
2.647593349345068418e+03
2.462365578959917002e+03
3.037812023127048178e+03
3.717926629300395234e+03
3.602545370917720902e+03
4.535642415596812498e+03
6.014603110422729515e+03
6.432679784577745522e+03
9.236898879979546109e+03
1.524775568757767360e+04
1.958716357699825676e+04
1.904807458214371582e+04
1.401976312578424586e+04
8.300070190108735915e+03
6.291672063258772141e+03
5.713785956995378001e+03
4.087403417261388768e+03
3.461148753836851029e+03
3.498239823468372833e+03
2.691840876352586747e+03
2.319436087620951639e+03
2.474127384098186212e+03
2.002589154782889182e+03
1.745368448441158762e+03
1.923124023810486051e+03
1.605798988137298238e+03
1.380630430614544366e+03
1.554381386252332959e+03
1.336340035333910009e+03
1.131948455654370946e+03
1.295653905848163731e+03
1.147721302100422918e+03
9.556064560438720719e+02
1.097902076096761675e+03
9.968175604586158443e+02
8.204094508408808224e+02
9.502074911891122611e+02
8.871565665947011894e+02
7.204947129608077603e+02
8.281070767658966361e+02
7.897328080400467343e+02
6.366077246600948456e+02
7.333754034603650780e+02
7.177625530498722810e+02
5.757361256597667989e+02
6.574730067886370080e+02
6.582112671446177501e+02
5.246877965064873024e+02
5.893556876835483536e+02
6.008633008234575072e+02
4.754059892220798247e+02
5.297089296645006016e+02
5.536937023316569366e+02
4.367860161812359365e+02
4.784325091403683246e+02
5.111315254358399898e+02
4.006597441791412280e+02
4.300799834821004310e+02
4.736409548963132465e+02
3.755522436812175897e+02
3.919180027854299055e+02
4.398428225692176738e+02
3.544161014545856574e+02
3.634817060268679256e+02
4.118471226078025325e+02
3.287306647589732052e+02
3.258690240535210023e+02
3.806157777543238581e+02
3.093063608986699933e+02
3.005035456141066561e+02
3.581794639790440442e+02
2.947732697614515018e+02
2.750224266003963294e+02
3.332660774162486632e+02
2.805337186939540288e+02
2.563684441972406489e+02
3.125116879553627314e+02
2.632107466513478471e+02
2.315621345310179606e+02
2.921843650830439856e+02
2.520220352084637625e+02
2.085294579132298338e+02
2.670279557257795773e+02
2.409536299017725582e+02
2.005626195292597913e+02
2.522895557902110397e+02
2.285321981996760599e+02
1.862295380799609461e+02
2.384739818395577799e+02
2.194337295255274682e+02
1.694416969506152384e+02
2.199117641878275720e+02
2.099215706231081811e+02
1.588849478818325167e+02
2.056560835483772962e+02
2.027261920773827057e+02
1.494606378423462161e+02
1.883509793249085078e+02
1.909900216632895820e+02
1.416195185401348624e+02
1.779368655967226402e+02
1.840577976896090036e+02
1.316419228660799945e+02
1.607282627488329467e+02
1.726657317924703818e+02
1.264340138108788807e+02
1.524775412019293981e+02
1.665000779985250006e+02
1.219660037975635447e+02
1.424419362152546285e+02
1.577140805117816740e+02
1.159782180799122671e+02
1.353314772398069010e+02
1.522643561592558399e+02
1.094859893436502745e+02
1.244091017874531531e+02
1.454366866838558963e+02
1.067996137646637180e+02
1.177275146606642835e+02
1.390510700878184878e+02
1.007401904913912745e+02
1.071609702471199768e+02
1.301249499868199564e+02
9.413888911441054574e+01
1.010547894161434357e+02
1.291640434335447480e+02
9.904632569225695704e+01
9.722469139074596001e+01
1.195867749052652869e+02
9.081364692065338318e+01
9.380070280317164588e+01
1.178287125255293688e+02
8.769840154508376884e+01
8.971107453656620123e+01
1.180225962603796006e+02
8.779207982489523943e+01
7.957410900956256228e+01
1.115493957311610984e+02
9.019128478088505574e+01
8.077276057482932003e+01
1.073578249562227569e+02
8.472595325965264124e+01
7.309809760644793641e+01
1.020464499762582307e+02
8.267265344499595869e+01
7.085527515899353546e+01
9.951731719933491149e+01
8.042924007899722483e+01
6.655093543705794445e+01
9.836614179696424287e+01
8.277001405975266835e+01
6.258986633746101802e+01
9.228889880999251716e+01
8.141584495491882478e+01
6.246423722854981975e+01
8.830433631433160713e+01
7.768106331101104445e+01
5.969877168840120873e+01
8.489322052609522018e+01
7.489848444843782715e+01
6.194099248556513970e+01
8.861368875122713007e+01
7.544446062913893059e+01
5.853677300268952877e+01
9.157151884431914368e+01
8.255317103432186343e+01
5.693050602337815747e+01
8.715503298902139306e+01
8.301815482306919591e+01
5.583510288706287383e+01
8.268174436457501031e+01
8.104492075433869047e+01
5.385678612461153136e+01
8.090759868592228088e+01
8.379885664922215938e+01
5.709869409885106251e+01
7.691317965746303287e+01
8.119493949482333051e+01
5.957241040595827997e+01
7.705233539697722733e+01
7.856072537083375096e+01
5.796175695803238170e+01
7.980201433112823395e+01
8.388019238451289539e+01
6.386595138362686441e+01
8.086440884271465279e+01
8.011347430452154583e+01
5.468603426639867138e+01
7.955038938592625186e+01
8.483111181039686244e+01
5.507840205227727637e+01
7.595452739853350010e+01
8.826214983777181544e+01
6.701080066933832313e+01
8.287108207420718031e+01
9.083121139352292062e+01
6.303707896610217887e+01
7.575627029710697968e+01
8.806585086947707453e+01
6.539531354463899504e+01
8.140193560944366880e+01
9.622344271370913305e+01
7.428508310832037864e+01
8.638830407187874982e+01
1.029133423965371463e+02
8.002814008058861361e+01
8.240211017000008553e+01
9.860988733650374627e+01
7.947341904829676196e+01
8.301721501584583507e+01
1.004246680031289998e+02
8.501894523217076483e+01
9.128833807879590267e+01
1.102397565647621747e+02
9.299136131375657044e+01
8.563338500770586847e+01
9.936006577948705853e+01
9.013860365343127512e+01
9.773148509980785548e+01
1.141734099900972126e+02
1.024952675823680295e+02
1.082751876638556752e+02
1.250619184455429149e+02
1.089504626654634478e+02
1.054020112186861127e+02
1.234253803978599535e+02
1.137516976101544373e+02
1.129852646629071131e+02
1.310490969075536043e+02
1.253028666997703340e+02
1.268833509973476623e+02
1.395222730516850618e+02
1.265727288341215200e+02
1.301778085161657259e+02
1.524737106796018224e+02
1.430373768325526385e+02
1.398058105666096083e+02
1.572482694440317914e+02
1.461524597773661185e+02
1.465340869153936580e+02
1.754027744362745977e+02
1.709790276011112269e+02
1.603269599984320450e+02
1.779728367784367435e+02
1.750673143564741849e+02
1.718087832978453378e+02
1.952138774510792416e+02
1.947057012164233072e+02
1.906734559389910828e+02
2.157538854283686192e+02
2.182524158195059840e+02
2.097625466376406962e+02
2.306063638754222609e+02
2.384278609931027688e+02
2.359804020487313210e+02
2.547051900293593008e+02
2.586043916134216829e+02
2.574665429580156228e+02
2.846471619798988399e+02
2.960836362092035188e+02
2.938099388091245032e+02
3.156204482183410960e+02
3.256763150821773820e+02
3.249840063180780021e+02
3.524625114989074746e+02
3.698212769843456158e+02
3.724653709626475120e+02
4.009313474123741798e+02
4.197512914571056513e+02
4.235136011979287787e+02
4.620389530784185013e+02
4.978520605568780297e+02
5.049552004063049253e+02
5.332838618307960132e+02
5.725502664920360303e+02
5.964791477688685291e+02
6.379055013007269963e+02
6.871534527785038335e+02
7.230691413284899909e+02
7.708288135278615982e+02
8.217229337724172638e+02
8.733122173141119902e+02
9.622025294755563891e+02
1.057441461720301277e+03
1.134995832375275995e+03
1.253324189119582343e+03
1.408237147683038302e+03
1.552181128269864075e+03
1.726328815664055583e+03
1.965449400292998234e+03
2.243684507298858989e+03
2.573675202706304844e+03
2.976464327878774384e+03
3.421640865453094648e+03
3.842435779634221944e+03
4.112105096399141985e+03
4.090405604865441546e+03
3.776737364461669586e+03
3.336872494359317898e+03
2.923198565887735640e+03
2.566553226397497383e+03
2.273778469076911279e+03
2.039577196409309408e+03
1.820895954066015747e+03
1.635866211841287850e+03
1.513822049915697789e+03
1.399087522632217087e+03
1.282845529937245146e+03
1.206523140441284113e+03
1.133267830584169587e+03
1.050992937461422798e+03
1.003212153203251887e+03
9.552872249926194854e+02
8.881693881958409520e+02
8.544380328907166131e+02
8.289729387278085824e+02
7.794937218496633022e+02
7.540249365403401498e+02
7.383667973434936584e+02
6.969375417949469238e+02
6.741077695628422362e+02
6.636541099627646645e+02
6.276364115304618281e+02
6.078220317482538348e+02
6.040112768975163817e+02
5.732868193708998206e+02
5.534194226734362019e+02
5.543700928224100153e+02
5.324416560315498828e+02
5.162451632366768308e+02
5.176669829765064605e+02
4.951425170237127418e+02
4.769210179433624148e+02
4.818366056483394573e+02
4.657568891766097749e+02
4.484581130356395988e+02
4.525321220114105358e+02
4.383358311029451784e+02
4.231405808203735432e+02
4.298651182498961703e+02
4.163740769855863846e+02
3.979837475890696510e+02
4.060996347024470765e+02
3.977358782209742003e+02
3.788045726751528264e+02
3.849782434441337955e+02
3.787316793730923337e+02
3.602584714441834421e+02
3.663596633322411549e+02
3.626236610577450961e+02
3.445836409192222618e+02
3.504498884024914673e+02
3.486518668660239655e+02
3.301093200430711363e+02
3.355923001125889868e+02
3.371934092585500480e+02
3.189776804945992694e+02
3.218083737469929133e+02
3.247737647910658438e+02
3.078835902354709901e+02
3.095580322315198600e+02
3.131410487516300236e+02
2.963685821417361694e+02
2.975927006811157298e+02
3.040387448441363745e+02
2.888600081188683930e+02
2.876933209105387164e+02
2.933981322774170621e+02
2.784664069439223226e+02
2.775072363598783909e+02
2.856815050108237983e+02
2.713645541260930258e+02
2.680480995540368667e+02
2.772089701379580333e+02
2.641941298902057156e+02
2.590504337789099623e+02
2.692007502146725528e+02
2.582573207981271821e+02
2.512341999369158145e+02
2.607045671831384084e+02
2.513574895885870149e+02
2.442186313608004298e+02
2.542697223470747474e+02
2.459133963439081185e+02
2.370112109696427183e+02
2.469276461652752914e+02
2.404915854321737356e+02
2.311078427093397067e+02
2.408574039020826945e+02
2.357021840476901673e+02
2.253094429807794938e+02
2.345413539098981914e+02
2.306866140993791419e+02
2.196726177196363778e+02
2.287470657314570701e+02
2.263278413003195340e+02
2.143049416879057674e+02
2.227158853930249620e+02
2.220841988077309281e+02
2.096547630891986103e+02
2.171272710055905009e+02
2.179707664309078154e+02
2.052284809188280690e+02
2.116496419942433249e+02
2.140378076338348592e+02
2.015091555107532315e+02
2.069214498385192087e+02
2.103997594406027360e+02
1.976435698108230099e+02
2.017165677015440508e+02
2.064244996388715094e+02
1.939617459866630611e+02
1.968141720960759358e+02
2.027005479579228790e+02
1.908338565746249742e+02
1.924691349284384216e+02
1.991347878616105902e+02
1.876792719858964347e+02
1.881912698240571729e+02
1.958977944465406438e+02
1.850587444034262603e+02
1.840325150123103697e+02
1.923181655945312514e+02
1.822572578594822517e+02
1.800359188299567563e+02
1.890833192933777696e+02
1.799998456364492654e+02
1.763000885571333072e+02
1.856345304083021688e+02
1.776663866173693123e+02
1.727541122438957757e+02
1.822185734532233425e+02
1.753912369834079072e+02
1.694580771684029514e+02
1.789916811860514372e+02
1.732760094756809224e+02
1.662713808358720371e+02
1.757545803274110199e+02
1.713506570385158057e+02
1.634705265228486439e+02
1.726425631508631682e+02
1.693516823137630354e+02
1.605402160490069718e+02
1.693868265359710392e+02
1.675188026606230380e+02
1.580449873599271484e+02
1.662831103090836677e+02
1.657002333907770719e+02
1.556487172478260277e+02
1.631265579550283462e+02
1.639219326475087257e+02
1.536799596609491800e+02
1.602534532117082051e+02
1.620758823733360146e+02
1.515972756502787888e+02
1.573190194383500113e+02
1.602585444227757421e+02
1.496265715411499286e+02
1.543332923918776771e+02
1.584128469832562871e+02
1.479147433190916558e+02
1.515544117308643308e+02
1.566231589693208548e+02
1.463158189311015178e+02
1.487704162060850024e+02
1.547633309094192953e+02
1.448698565830980840e+02
1.460943151541163729e+02
1.528107612535077919e+02
1.434445992634233278e+02
1.435083631592158895e+02
1.508704888296918512e+02
1.421486172988933845e+02
1.410904849160309027e+02
1.489997784823159463e+02
1.409703919593810610e+02
1.387121669729214375e+02
1.470458894172085706e+02
1.398809199384530473e+02
1.364547457590972215e+02
1.449933116939496074e+02
1.387849914859479270e+02
1.343716469903155541e+02
1.430009873508688543e+02
1.377029528762728319e+02
1.322977102777399523e+02
1.409764263198412380e+02
1.367686301777320068e+02
1.304494553853901664e+02
1.389302829422371701e+02
1.358069642952525840e+02
1.286968091878365783e+02
1.368533977584696117e+02
1.348418899792478101e+02
1.270868509446380301e+02
1.347984231023929738e+02
1.338814233131541584e+02
1.256060397960422534e+02
1.327751395636604173e+02
1.329164069684012475e+02
1.241790334954697670e+02
1.306949629577256928e+02
1.319433510111425392e+02
1.229152083809374716e+02
1.286313678801217009e+02
1.309257989831509121e+02
1.217831076579347922e+02
1.266198828110313599e+02
1.298445517710136698e+02
1.206818489436326587e+02
1.246242053724568422e+02
1.287748993051292246e+02
1.197180702229172766e+02
1.226676558555677303e+02
1.276595139752506753e+02
1.188416844006052884e+02
1.207534803249523918e+02
1.265116910331782805e+02
1.180809522174676971e+02
1.189171722778199154e+02
1.253027202064790373e+02
1.173558775043368456e+02
1.171238269951191171e+02
1.240429547777120547e+02
1.166918465299143719e+02
1.154101120286584745e+02
1.227526156734898422e+02
1.160874490429793724e+02
1.137661086835707209e+02
1.213936194564713134e+02
1.154953473249624381e+02
1.122050973990771894e+02
1.200228470247184447e+02
1.149644107709943484e+02
1.107329857592555555e+02
1.185848890569006358e+02
1.144207844615090579e+02
1.093413771623221180e+02
1.171197384140244111e+02
1.139079011676999187e+02
1.080766595103290797e+02
1.156385998271786661e+02
1.133743649665404973e+02
1.068832967562355378e+02
1.141470481895078706e+02
1.128697957631246567e+02
1.057983800113898241e+02
1.126056472156755888e+02
1.123100233912594916e+02
1.047989837647856461e+02
1.110619552558411272e+02
1.117288333913979272e+02
1.038872473269282750e+02
1.095145261246840533e+02
1.111289701566290375e+02
1.030795177455041198e+02
1.079710649734280423e+02
1.104833943913211840e+02
1.023520501189513254e+02
1.064457075958312942e+02
1.098064729782352487e+02
1.017042816873948539e+02
1.049318247901998689e+02
1.090860829401405567e+02
1.011427504472817844e+02
1.034487723870276170e+02
1.083023450917401647e+02
1.006270447097991081e+02
1.020023266795246855e+02
1.074889403760811319e+02
1.001833203773350789e+02
1.005894855943995481e+02
1.066059077024667801e+02
9.977936049786308104e+01
9.923743146429407602e+01
1.056887616933940137e+02
9.942047698239770170e+01
9.793802585523611981e+01
1.047242066553230444e+02
9.909831149368571346e+01
9.669958721683447322e+01
1.037041852328339786e+02
9.878985019459723560e+01
9.552690415965055593e+01
1.026459795807241875e+02
9.850419836495488823e+01
9.443108672967780137e+01
1.015473041916037005e+02
9.822415700069032596e+01
9.340925927796106976e+01
1.004060559749518546e+02
9.793773707177035703e+01
9.246953899727600401e+01
9.923567469875163738e+01
9.763724814355828130e+01
9.160670434788568173e+01
9.804445175764570308e+01
9.732960207355351656e+01
9.082895515889150317e+01
9.682700552560346807e+01
9.699018179884976121e+01
9.013100269339541626e+01
9.560069078710304780e+01
9.662178315085378699e+01
8.950696597949318800e+01
9.436591203785756932e+01
9.622009568413341185e+01
8.895629920889784614e+01
9.312503357922676628e+01
9.577486616891866333e+01
8.847829409187782801e+01
9.189439089724193366e+01
9.528497506084922009e+01
8.806216036062274100e+01
9.067898258428637348e+01
9.475446326990532953e+01
8.771274167549147194e+01
8.948908549981646843e+01
9.417298976436681812e+01
8.740983239412057060e+01
8.832635154981178971e+01
9.354497033455514554e+01
8.715544264040569544e+01
8.719979833446811313e+01
9.286532984309582162e+01
8.693887013816869569e+01
8.612003106351833992e+01
9.213848397453377004e+01
8.674943269066199036e+01
8.508783685408654662e+01
9.136587967041869263e+01
8.658322538752945263e+01
8.411008762468523514e+01
9.054764199778857403e+01
8.643042087799906881e+01
8.319108840559486850e+01
8.968712998842610773e+01
8.628477829891565420e+01
8.233551780842185508e+01
8.878602413690508399e+01
8.613650534661306324e+01
8.154684753433055278e+01
8.785100771153747701e+01
8.598092834045137067e+01
8.082786841685214085e+01
8.688563918636728545e+01
8.580969787521210890e+01
8.017859209516950614e+01
8.589439533222488876e+01
8.561612711089348693e+01
7.960057040803891937e+01
8.488632592594962034e+01
8.539595758044441709e+01
7.908948619983523542e+01
8.386380314080479081e+01
8.514398059444204137e+01
7.864546287550922443e+01
8.283460292506651967e+01
8.485597001512397242e+01
7.826439856381617233e+01
8.180365441955879646e+01
8.452772892014479567e+01
7.794445263739550001e+01
8.078055660563362039e+01
8.415677423240936150e+01
7.767913736916517564e+01
7.977097379318036019e+01
8.373989872830881609e+01
7.746102761690853811e+01
7.878150919715564271e+01
8.327837407119260149e+01
7.728659487524483040e+01
7.781800331149231909e+01
8.276929354372734338e+01
7.714851081889538875e+01
7.688784182069223050e+01
8.221346186704309389e+01
7.703990773740785869e+01
7.599713389356102766e+01
8.161176344615778078e+01
7.695332904268215657e+01
7.515087255408042211e+01
8.096533111905034730e+01
7.688128324503865940e+01
7.435391194688715188e+01
8.027714899474918298e+01
7.681853053200794079e+01
7.361183111379354216e+01
7.954879143005811670e+01
7.675489102089163396e+01
7.292628120229102251e+01
7.878531955621467375e+01
7.668655366536226836e+01
7.230062695378991577e+01
7.798935023620813922e+01
7.660575400740216878e+01
7.173613470644876600e+01
7.716588414259518913e+01
7.650751127012566144e+01
7.123392166392561364e+01
7.631907701848314218e+01
7.638515262401710970e+01
7.079353493229481842e+01
7.545560014094685641e+01
7.623508998467595177e+01
7.041367683302610203e+01
7.458046316392540120e+01
7.605266542213435343e+01
7.009189496040285405e+01
7.369930206270636575e+01
7.583409512443621736e+01
6.982532330672475496e+01
7.281858068251078464e+01
7.557646406890238211e+01
6.961008297441766501e+01
7.194482589896425395e+01
7.527752977898030906e+01
6.944110945580040095e+01
7.108388741713709180e+01
7.493559112903031405e+01
6.931335654065766505e+01
7.024222913554821446e+01
7.454985162718172376e+01
6.922115185637971990e+01
6.942592488393066219e+01
7.411998049484830631e+01
6.915819405650789520e+01
6.864051015391665089e+01
7.364629787299432451e+01
6.911836659385247117e+01
6.789165551130302845e+01
7.312973659684705297e+01
6.909480885791953142e+01
6.718405097590661512e+01
7.257204807330782614e+01
6.908134038368362440e+01
6.652231073960513186e+01
7.197543376823497852e+01
6.907112242219822917e+01
6.590961932803199375e+01
7.134280025218559729e+01
6.905861567990530148e+01
6.534931318265351763e+01
7.067708293978765255e+01
6.903725012525954696e+01
6.484349748636661559e+01
6.998259856147160463e+01
6.900168563357537721e+01
6.439318980720004504e+01
6.926334657910261683e+01
6.894655798925936097e+01
6.399862303623469728e+01
6.852400863610877479e+01
6.886698147462752218e+01
6.365850977335666983e+01
6.776872992449071376e+01
6.875836014424614007e+01
6.337199408479447271e+01
6.700430004095804293e+01
6.861867936180186689e+01
6.313772554911577117e+01
6.623603173428314506e+01
6.844406441690445320e+01
6.295216346994954648e+01
6.546967248414382823e+01
6.823169555944059539e+01
6.281077566859445938e+01
6.471084798432509899e+01
6.797980088801141108e+01
6.270888177579503520e+01
6.396539480299143321e+01
6.768773667977016828e+01
6.264183944368668477e+01
6.323888248106279519e+01
6.735507995971170203e+01
6.260406008777116682e+01
6.253457412952597849e+01
6.697878378526853282e+01
6.258889888807595980e+01
6.186063485771851589e+01
6.656420144467828948e+01
6.259395991407516391e+01
6.122114418468967756e+01
6.610925691288699113e+01
6.261111568549366524e+01
6.062068078115159153e+01
6.561597134419744748e+01
6.263398938536405325e+01
6.006302013196094691e+01
6.508699984664303884e+01
6.265668274195899556e+01
5.955103985947835099e+01
6.452534409351601141e+01
6.267383114194690563e+01
5.908701411340513943e+01
6.393422174025471350e+01
6.268023584865087372e+01
5.867247909394963301e+01
6.331726772753017229e+01
6.267119596401723669e+01
5.830835598540037523e+01
6.267819494213267717e+01
6.264192945921355005e+01
5.799494380901852253e+01
6.202162444517330897e+01
6.258812034394900081e+01
5.773130831253120476e+01
6.135241373496272388e+01
6.250605424628687246e+01
5.751568359100074446e+01
6.067580652682195819e+01
6.239283973006561013e+01
5.734542700074842259e+01
5.999672957325880418e+01
6.224600774590631858e+01
5.721758897653005960e+01
5.932038860925931090e+01
6.206346612037817323e+01
5.712851816459018295e+01
5.865208208870858186e+01
6.184362815839088512e+01
5.707403543367777843e+01
5.799722366430697207e+01
6.158544040896806138e+01
5.704935796116561164e+01
5.736120356325059788e+01
6.128853820961664667e+01
5.704913630452394813e+01
5.674897683686550209e+01
6.095333611202318025e+01
5.706810300387164148e+01
5.616510209149714683e+01
6.058064504169281861e+01
5.710095907547719918e+01
5.561374065172243064e+01
6.017158311682342031e+01
5.714236368971408098e+01
5.509880682119239736e+01
5.972773820044392323e+01
5.718682513730994543e+01
5.462375444767012311e+01
5.925139170918306064e+01
5.722896248741624703e+01
5.419132792403190990e+01
5.874536533010653017e+01
5.726357203066355339e+01
5.380335643828728820e+01
5.821294191683286812e+01
5.728599293533040537e+01
5.346094641083642784e+01
5.765761543733908923e+01
5.729192923194436560e+01
5.316457054900706680e+01
5.708313441567849367e+01
5.727739920737099766e+01
5.291412205061721608e+01
5.649359110700119402e+01
5.723856652344908014e+01
5.270861147375120481e+01
5.589358113085332747e+01
5.717220190159521565e+01
5.254623493188906735e+01
5.528793026231380026e+01
5.707563145897840684e+01
5.242437604072434709e+01
