1.576655656979958451e+02
1.595548054711951806e+02
1.613345689008428678e+02
1.599059266004536539e+02
1.616548114605335513e+02
1.636987587297248012e+02
1.622013119304505722e+02
1.637103122422071806e+02
1.660650682908479325e+02
1.646691748432891131e+02
1.659346435245046507e+02
1.684550910116003308e+02
1.671261721469643931e+02
1.682496322922867762e+02
1.710428563551733703e+02
1.697644869405336010e+02
1.706229177192677184e+02
1.737062280698470147e+02
1.726002915401226971e+02
1.730726295541330728e+02
1.762019528037714338e+02
1.753244553519850513e+02
1.756633094852260513e+02
1.788494450070475921e+02
1.779785151741863842e+02
1.781296904436370312e+02
1.816506562809720151e+02
1.810017025061938511e+02
1.807846017600230368e+02
1.844049662119884943e+02
1.840583116696180639e+02
1.836702983670753326e+02
1.874583162179932287e+02
1.873727697883738585e+02
1.866671538108429900e+02
1.904855909258639599e+02
1.906677437248548017e+02
1.897227722896170405e+02
1.937001699553568415e+02
1.943072945397269962e+02
1.930805161272797079e+02
1.970122185300647573e+02
1.979730133437557527e+02
1.964570330775125626e+02
2.003255127286139725e+02
2.017954424937299223e+02
2.001884793124158080e+02
2.039402874830350072e+02
2.057193144743416156e+02
2.038066633689470564e+02
2.073001647871325304e+02
2.095411670696388740e+02
2.077342243712739673e+02
2.112292280725236822e+02
2.138126617651910237e+02
2.117713748464730941e+02
2.151074780714425856e+02
2.182499456332817260e+02
2.161977457856962701e+02
2.192641561892339723e+02
2.227414715029595982e+02
2.206018366852028123e+02
2.235881591126898513e+02
2.277577093700644753e+02
2.255186469278234824e+02
2.278824116349556164e+02
2.325362044495349778e+02
2.306185978453825385e+02
2.326320203609325574e+02
2.376197088517887437e+02
2.359855411399450986e+02
2.378024089069061517e+02
2.430720933057790205e+02
2.414183984145109889e+02
2.429652224894081769e+02
2.489822446637121800e+02
2.476728574023812541e+02
2.484475289254702375e+02
2.544368731249834923e+02
2.535053568458372126e+02
2.543128373349577771e+02
2.608060884617316333e+02
2.599559793121979965e+02
2.602643862301857780e+02
2.674298202799782302e+02
2.671700868844361025e+02
2.668666584945277123e+02
2.742393375562835445e+02
2.746034678093564025e+02
2.741731034669048768e+02
2.821231819653953039e+02
2.829230337073470309e+02
2.816290120047362961e+02
2.898177276650231420e+02
2.914371393115675914e+02
2.894121346695404782e+02
2.975881585619823682e+02
3.003750955448900299e+02
2.983820233078610045e+02
3.066669820072867196e+02
3.101468225193131616e+02
3.078397983217308251e+02
3.164649643808416499e+02
3.209330259274337891e+02
3.176102765992870900e+02
3.252882113813915907e+02
3.307510123024798077e+02
3.282062307244486874e+02
3.369881471741321093e+02
3.441066513526374706e+02
3.412975675815312115e+02
3.493422613932035574e+02
3.567565134948389982e+02
3.529268743937313388e+02
3.606651857809310400e+02
3.706065576461813293e+02
3.681685958888841697e+02
3.752672565658391477e+02
3.851849493036044123e+02
3.826144555897810733e+02
3.900077929271733979e+02
4.011990207116667762e+02
3.985201542882203967e+02
4.062919756547974544e+02
4.198742892900649508e+02
4.176377576041431325e+02
4.252663076882196833e+02
4.411570403025772293e+02
4.389380241146670869e+02
4.442712249899840344e+02
4.608588015861107010e+02
4.597343170815431108e+02
4.660018208754808029e+02
4.862011077466834763e+02
4.864851545301723377e+02
4.911440102270628927e+02
5.133120463790469330e+02
5.163341107115916202e+02
5.209056544189442093e+02
5.439196257839878399e+02
5.480923082652385574e+02
5.545013966804241363e+02
5.820543190537160854e+02
5.863404461013150240e+02
5.897355938585418471e+02
6.228320791562972545e+02
6.338917719728200382e+02
6.365668945694309286e+02
6.709019280144216282e+02
6.857997807379656479e+02
6.895175519021270247e+02
7.291439293783166704e+02
7.515359274458500067e+02
7.595141816781844000e+02
8.063316884776851339e+02
8.334981471780331503e+02
8.389117586838681291e+02
8.919484981283269462e+02
9.311178241245469280e+02
9.420752197124411396e+02
1.007283070176842330e+03
1.062093330855359227e+03
1.078332589675065037e+03
1.157583409515141284e+03
1.236868457412525231e+03
1.270413502456601918e+03
1.377866980057953469e+03
1.493472527019437621e+03
1.551126766008137793e+03
1.708276953382438478e+03
1.900106835059908462e+03
2.012242502325647592e+03
2.245981380490827632e+03
2.572885394507677120e+03
2.840420305802686926e+03
3.329161832938543284e+03
4.050796678941562732e+03
4.793473278586541710e+03
6.104554660376812535e+03
8.129927270360930379e+03
9.653595139264371028e+03
9.539204186328654032e+03
7.832840902115474819e+03
5.744294702296452670e+03
4.482641978996409307e+03
3.779179465006645387e+03
3.062206360609477997e+03
2.597922162662282517e+03
2.347109514434263474e+03
2.009398346223551243e+03
1.776282541591151585e+03
1.670217645253145747e+03
1.471123279426420368e+03
1.322219470584433338e+03
1.279918539597161498e+03
1.161664520793665588e+03
1.059891522868579841e+03
1.039790099900493260e+03
9.565563417835642213e+02
8.742695824116108270e+02
8.597103656880901781e+02
7.939272844258629220e+02
7.287486854954568116e+02
7.301020021914811196e+02
6.817207187925627068e+02
6.186416643758190048e+02
6.220906606061395223e+02
5.926358531309948603e+02
5.424778663652202795e+02
5.457792193673212751e+02
5.211613032178274807e+02
4.761684406497833493e+02
4.852809119034308196e+02
4.736694173112329054e+02
4.331243433930794708e+02
4.315646721787462639e+02
4.160119037958061199e+02
3.840784341749970281e+02
3.949480308804017454e+02
3.830345256904906819e+02
3.418486879632339992e+02
3.502923050017894866e+02
3.509704088115452691e+02
3.149484847589123433e+02
3.143023663204558602e+02
3.122563768640283115e+02
2.793986412467612581e+02
2.839456712445028757e+02
2.903177517178318681e+02
2.631670981857401443e+02
2.668035958172817459e+02
2.719724149984381256e+02
2.379776106588317930e+02
2.345077656705313132e+02
2.485306963933238080e+02
2.241887542646216787e+02
2.142975069062367481e+02
2.245770111335716024e+02
2.068163102521037047e+02
1.981486605850886633e+02
2.045575685458367730e+02
1.919660395397491186e+02
1.944158961249517859e+02
2.009723238021335590e+02
1.761447200437734750e+02
1.706611711054752902e+02
1.873257843477567803e+02
1.723054198305275975e+02
1.596914423773482667e+02
1.687249418777000756e+02
1.586461846624704322e+02
1.527939736896686611e+02
1.591052607171603768e+02
1.443891328786317274e+02
1.414138395844155127e+02
1.538903393450883073e+02
1.384655906599024888e+02
1.296720019766291330e+02
1.431526285891601162e+02
1.312083052678584068e+02
1.230568756592463302e+02
1.378286744852367462e+02
1.249587846060475300e+02
1.087114899905298842e+02
1.238725073469420863e+02
1.220896552077085744e+02
1.150438213458188557e+02
1.252185084857197950e+02
1.149145793498438479e+02
1.029094358008690051e+02
1.165338567671266503e+02
1.093234666109888593e+02
9.565731835115035153e+01
1.092225364881308138e+02
1.042328109952214845e+02
9.241243540383848654e+01
1.083090688037225675e+02
1.022482985726548748e+02
8.057588415975749285e+01
9.695291796344186253e+01
1.033707308736435095e+02
8.954813459726364044e+01
9.502857374802619006e+01
9.296300012770466026e+01
8.036167819812003188e+01
9.392444242636852891e+01
9.478156688687158749e+01
7.712065153926486971e+01
8.740808809934904389e+01
9.248694665551855110e+01
7.766867634983194080e+01
8.460617879451599777e+01
8.827852172058636882e+01
7.357468556824223072e+01
8.184408414767533202e+01
8.898124276965673118e+01
7.634472910306237736e+01
8.062667579885682301e+01
8.527878658095742992e+01
7.179163329831408191e+01
7.473939850710860355e+01
8.031797803267960489e+01
7.147563935525867862e+01
7.855576076341034764e+01
8.446930661403156648e+01
7.499321221745412913e+01
7.923342949166726612e+01
8.150791658807582962e+01
6.946978725822421552e+01
7.631161031741562795e+01
8.182351199152752486e+01
7.020776446020197170e+01
7.536090440066489293e+01
7.898345231488822549e+01
6.644600540457285831e+01
7.721409969667162443e+01
8.470128242434699928e+01
6.616680147080539598e+01
7.012964344369085268e+01
8.299187879261877754e+01
6.931985080279686429e+01
6.886132803116448997e+01
8.044091545806027455e+01
7.104840571379064329e+01
7.340220679126331049e+01
8.368920443258696196e+01
7.202234574020364732e+01
7.216908933772540991e+01
8.447774789370824067e+01
7.591653424468364619e+01
7.479856730505161977e+01
8.485823437482547149e+01
7.678760799624686229e+01
7.696763425086810173e+01
8.758214176022143249e+01
7.926007386883927097e+01
7.576522226230314061e+01
8.291801848135057185e+01
7.676948223360740542e+01
8.219218760623900266e+01
9.203398546591373020e+01
8.047729412610479471e+01
8.148218630333593637e+01
9.319880497357162596e+01
8.022936488704579006e+01
7.787219183625767016e+01
9.405867115823761537e+01
8.780476124156025719e+01
8.727771519195853500e+01
1.012382167756101836e+02
9.302561744259146792e+01
8.855489732821551740e+01
9.991414182795979571e+01
9.138721905874012919e+01
9.135116517763553645e+01
1.074259370238397366e+02
9.845041239422479862e+01
9.526255134020844650e+01
1.119359999814278694e+02
1.023439810189073995e+02
9.729776652138123438e+01
1.169330917035011623e+02
1.070317894974753017e+02
9.669672749206149831e+01
1.221026610752264361e+02
1.214490192372611403e+02
1.081542164227037119e+02
1.249906810640021178e+02
1.251619446998909950e+02
1.139439888109160677e+02
1.287192104159098278e+02
1.285187874563810908e+02
1.214403076363835368e+02
1.400917418720977992e+02
1.386116367497488682e+02
1.282555172200861193e+02
1.500469099170942116e+02
1.511005595252278795e+02
1.329930496851335420e+02
1.493471655618144212e+02
1.561414160131222957e+02
1.465175620520768121e+02
1.644341520902856075e+02
1.668420728315520307e+02
1.515439609186734913e+02
1.735658412601710268e+02
1.838844566838465369e+02
1.681992569725572650e+02
1.849644792045287716e+02
1.958281522760146913e+02
1.791219807472942023e+02
1.934469738718824487e+02
2.094704869091758894e+02
2.027272144366666566e+02
2.187739385163798431e+02
2.253934436158633616e+02
2.089271884057550608e+02
2.319258762001588821e+02
2.497626413726858061e+02
2.308921132954221207e+02
2.467128967380070605e+02
2.673029594474328405e+02
2.518735047236355342e+02
2.710146070567741958e+02
2.957891617923958734e+02
2.761322174395542106e+02
2.899466232036992892e+02
3.215654538635403128e+02
3.062529850144038051e+02
3.163361670449415328e+02
3.490600115188132122e+02
3.349800713352872208e+02
3.448949652719535948e+02
3.846656063801206642e+02
3.772800823230132892e+02
3.888666530260693435e+02
4.322998331021798322e+02
4.248219889472324553e+02
4.293353018504377587e+02
4.718180783202942621e+02
4.656827237135468636e+02
4.741746307640562463e+02
5.273931338586216953e+02
5.230074715373657455e+02
5.260581790901441082e+02
5.891773050171919976e+02
5.956789883033636670e+02
5.991899565506289491e+02
6.695996388229795002e+02
6.835702895708213873e+02
6.857740610501648462e+02
7.646779869576129158e+02
7.887616793424468824e+02
7.939807460943561637e+02
8.876356948808974039e+02
9.256804050403151223e+02
9.392791558889961152e+02
1.061573989005695012e+03
1.120188654149949571e+03
1.132156078564029031e+03
1.289790808018397001e+03
1.402874950166758936e+03
1.451392743606278827e+03
1.672648798469447456e+03
1.854820532166074599e+03
1.941877916687746392e+03
2.273532542538500820e+03
2.618331325074663710e+03
2.845051927478181824e+03
3.485168651860750288e+03
4.340149959412899079e+03
5.167926971546606183e+03
6.928720546460303922e+03
9.516565436410237453e+03
1.116990793388116072e+04
1.066687848731456688e+04
8.388738791609686814e+03
6.034628632628419837e+03
4.859042927743273140e+03
4.118438081017992772e+03
3.316275575036051123e+03
2.917090528959632593e+03
2.666012772398657944e+03
2.267364481915636134e+03
2.062129264886130841e+03
1.954189424900452877e+03
1.709831367919190370e+03
1.584040551283937248e+03
1.548008831083035602e+03
1.393914783114759075e+03
1.307747448057315978e+03
1.302239722553221554e+03
1.197330808723975679e+03
1.122081483296520219e+03
1.116019165001046758e+03
1.036840210185741626e+03
9.795101766858573455e+02
9.827648312028454711e+02
9.206644808984216297e+02
8.692476260217237041e+02
8.754703643765765264e+02
8.259914365382555843e+02
7.795737309877620191e+02
7.892502332343682383e+02
7.516567032465086413e+02
7.104957159561751041e+02
7.232332258795510143e+02
6.950379314223057463e+02
6.550518457486110719e+02
6.655305957737510880e+02
6.427470153234869485e+02
6.043928861851284182e+02
6.165806678724578660e+02
6.032417135416138763e+02
5.669108034329082102e+02
5.745213200877784629e+02
5.649665395519497224e+02
5.313226967300597607e+02
5.366336875061767842e+02
5.309383951638542385e+02
5.024143497710995234e+02
5.086241822308194855e+02
5.044409031460750725e+02
4.748058016092307412e+02
4.794064282865231235e+02
4.797477780157365714e+02
4.524099592377514796e+02
4.548103009644846679e+02
4.577064242525274835e+02
4.321785910246059643e+02
4.315765510415557742e+02
4.358338524497325466e+02
4.134699645021219681e+02
4.126709060229960073e+02
4.183641386981527717e+02
3.967820606966872106e+02
3.935412277492635553e+02
4.005264107516701415e+02
3.811723719656800426e+02
3.766650051235987462e+02
3.852591346328909481e+02
3.686750960406320132e+02
3.624189507569313378e+02
3.704459882440265801e+02
3.552071125793713122e+02
3.479689665853223914e+02
3.568431262661604819e+02
3.437673810561690289e+02
3.353939622360980479e+02
3.444469237084792894e+02
3.335368426330244347e+02
3.241663333647940135e+02
3.325481480660754983e+02
3.230268627538300166e+02
3.130837451744637292e+02
3.218474067323450072e+02
3.145111030744517961e+02
3.036844247734311466e+02
3.114404753922371469e+02
3.056704994995561151e+02
2.946428344684400713e+02
3.018685896167680198e+02
2.974830443938928397e+02
2.859914402087158578e+02
2.925288668183221148e+02
2.897824440429918127e+02
2.783166308670004696e+02
2.839783701888392216e+02
2.824027870378782268e+02
2.710135168227261033e+02
2.760737957048795010e+02
2.757862144640095039e+02
2.643630036350566570e+02
2.683254152893181299e+02
2.690392557001022169e+02
2.578903485600561112e+02
2.610201325961490966e+02
2.626987198303417017e+02
2.518833556806283127e+02
2.542822681180298048e+02
2.570405593543783311e+02
2.466649257346023489e+02
2.480471138748583826e+02
2.515007782494690787e+02
2.413924871356552728e+02
2.414956305340369340e+02
2.456348836497072057e+02
2.364939599286642533e+02
2.358055296619867534e+02
2.402309522199479375e+02
2.316603497896263661e+02
2.302781147237549249e+02
2.351963246281469537e+02
2.272728912412750049e+02
2.251075934322030037e+02
2.304777694606236764e+02
2.232700686445472797e+02
2.200742506359117669e+02
2.255877141703036273e+02
2.193297992419289528e+02
2.153866495675715100e+02
2.208346245098606744e+02
2.154523662127564592e+02
2.110058384926364852e+02
2.164434318180334174e+02
2.118494107235248975e+02
2.067960930431976010e+02
2.121183306317928725e+02
2.083769324077508713e+02
2.027334525937943681e+02
2.077427327137213240e+02
2.049405253512743741e+02
1.990755212441949311e+02
2.038048573794414438e+02
2.017480967080632013e+02
1.955201606825309284e+02
1.998410338722389668e+02
1.985305568313555966e+02
1.920295709307256402e+02
1.959309303085957481e+02
1.955183420526847442e+02
1.890561815282954399e+02
1.924470180565646160e+02
1.925407986039129185e+02
1.858770822697298399e+02
1.888021956986312659e+02
1.896654518001713541e+02
1.830023826391640682e+02
1.853115046264401826e+02
1.868583571651216459e+02
1.803973106090851957e+02
1.821118032924805163e+02
1.841607420015322418e+02
1.777970126907183612e+02
1.787649724880948838e+02
1.812233389001719672e+02
1.751770051223171549e+02
1.756925160229351661e+02
1.786751491948698174e+02
1.728993986742007394e+02
1.726608830012143017e+02
1.759712320296980863e+02
1.707106250482218854e+02
1.699494949008089009e+02
1.734235757903592230e+02
1.684774901357237695e+02
1.671653936329191481e+02
1.708814663780391072e+02
1.663552499253509893e+02
1.644603866220019199e+02
1.683658152278980822e+02
1.644000871877218231e+02
1.619575694318705814e+02
1.658509390198564404e+02
1.623984038814237181e+02
1.595181608194917260e+02
1.634365196420702659e+02
1.605439947779790941e+02
1.572048886676218444e+02
1.610064876331578319e+02
1.586897656660277391e+02
1.549923941721552012e+02
1.586217241413567649e+02
1.568797121529517824e+02
1.529166901942482184e+02
1.563383284092747658e+02
1.551387506488119925e+02
1.509387624487081325e+02
1.540841085110067183e+02
1.533782671909034434e+02
1.489761684085802358e+02
1.518450593443513696e+02
1.516697540202983703e+02
1.471129305172827060e+02
1.496401320533826436e+02
1.500172954633483471e+02
1.454144997244560216e+02
1.475165363006112216e+02
1.483421370249204472e+02
1.437498063169407203e+02
1.454318935062035223e+02
1.466681008437334697e+02
1.421333491901400805e+02
1.433943514436183193e+02
1.450225602194381622e+02
1.406060000913967372e+02
1.414379416860530796e+02
1.434128337390340846e+02
1.391337907874134601e+02
1.394925026445617675e+02
1.417782742892221108e+02
1.377332619700536043e+02
1.376466717924272132e+02
1.401776462561948904e+02
1.363792819015944531e+02
1.358357180528855679e+02
1.385680983733147116e+02
1.350768275594285797e+02
1.340905158559137647e+02
1.369451823340443184e+02
1.337856182229846240e+02
1.324117725754316268e+02
1.353751998563829488e+02
1.325749466984481728e+02
1.308010307958120393e+02
1.337908980144446787e+02
1.313787135420401455e+02
1.292600345053438957e+02
1.322303857769757656e+02
1.302072110068858137e+02
1.277646992409237185e+02
1.306622323307956890e+02
1.290378526034750735e+02
1.263178147083343958e+02
1.291160311065483768e+02
1.279102707900779023e+02
1.249441812641701546e+02
1.275736539542535724e+02
1.267748473451286770e+02
1.236228654142022094e+02
1.260700068896291555e+02
1.256780282412044443e+02
1.223581978991476831e+02
1.245557309132012591e+02
1.245652795422729042e+02
1.211580004355729727e+02
1.230895086937365335e+02
1.234691678015756366e+02
1.200026211081340222e+02
1.216367808095597240e+02
1.223678009902814807e+02
1.188893288105658712e+02
1.202095705933190857e+02
1.212794593253233444e+02
1.178423200073009980e+02
1.188201038191203764e+02
1.201786138836638003e+02
1.168171951673543418e+02
1.174519759322895851e+02
1.190821056174109884e+02
1.158403943405550365e+02
1.161142889850797388e+02
1.179727877626298920e+02
1.148970133724454143e+02
1.148221058480945516e+02
1.168718740777716505e+02
1.139862964006112236e+02
1.135562908875596833e+02
1.157584870770787262e+02
1.131056140103210623e+02
1.123389161899997077e+02
1.146500260751707003e+02
1.122493869361075127e+02
1.111543447659066288e+02
1.135303114596267307e+02
1.114067069448716722e+02
1.100095942324546883e+02
1.124169927292102926e+02
1.105911061782687881e+02
1.089086421921710297e+02
1.112987560532568381e+02
1.097845017322255217e+02
1.078508700833920102e+02
1.101884214460440035e+02
1.089906832600032800e+02
1.068281396982624756e+02
1.090742943027539695e+02
1.082034004683442419e+02
1.058491395814483411e+02
1.079684246572400781e+02
1.074239124589149554e+02
1.049120498038618052e+02
1.068693994217210559e+02
1.066449841327836339e+02
1.040115434711663198e+02
1.057777057640550851e+02
1.058654401039320305e+02
1.031491824503881958e+02
1.046991547800826510e+02
1.050851398550637867e+02
1.023208567911715505e+02
1.036318741726062882e+02
1.043023885640719186e+02
1.015294049736140494e+02
1.025824695990106079e+02
1.035170353313346254e+02
1.007720169664455625e+02
1.015527364212849335e+02
1.027294536300144756e+02
1.000469958058397992e+02
1.005353150121190851e+02
1.019165887442750886e+02
9.933347506127879001e+01
9.954141803661028121e+01
1.011106131145779869e+02
9.865663237112629247e+01
9.857545337947766484e+01
1.002978980577218380e+02
9.800110305466841965e+01
9.763250803912114861e+01
9.947426163159836676e+01
9.736154220901387646e+01
9.671643275528009553e+01
9.864696999483977891e+01
9.674173051889593467e+01
9.582994033510470899e+01
9.781262372137109651e+01
9.613263520413256913e+01
9.497050746029314894e+01
9.697382521859890403e+01
9.553626201602077117e+01
9.414237729663949494e+01
9.613205709341441718e+01
9.494801120226131275e+01
9.334315143197646591e+01
9.528669356823596104e+01
9.436553332224096380e+01
9.257459799198382200e+01
9.444059710462408930e+01
9.378742894449250400e+01
9.183705775545580252e+01
9.359390051699462276e+01
9.320819735196226929e+01
9.112829863887749582e+01
9.275011322294061245e+01
9.262899246910122031e+01
9.044927874101072973e+01
9.191095695744799343e+01
9.204761888100573231e+01
8.979900260838553550e+01
9.107796217292575136e+01
9.146100094941411385e+01
8.917409637706077774e+01
9.025235208685299426e+01
9.087003341569665338e+01
8.857683438144934485e+01
8.943741026059406352e+01
9.027124813229542610e+01
8.800230656487903502e+01
8.863472844470844336e+01
8.966634998832940084e+01
8.745084570454562822e+01
8.784557225170711092e+01
8.905260393970166888e+01
8.691911088995361467e+01
8.707203836876699654e+01
8.843077642345544120e+01
8.640582438631827245e+01
8.631611149517696902e+01
8.780093968843790719e+01
8.590867367727992132e+01
8.557871029825244591e+01
8.716264962348553524e+01
8.542521113726439808e+01
8.486117021033442143e+01
8.651624562134986718e+01
8.495327549305309844e+01
8.416517109825173293e+01
8.586313540163091318e+01
8.449117417277832942e+01
8.349153015163733471e+01
8.520343859527798713e+01
8.403591722166608236e+01
8.284044859376615477e+01
8.453790428315762995e+01
8.358554450308965045e+01
8.221340384294590820e+01
8.386904493354104773e+01
8.313849457120991815e+01
8.160965735917866937e+01
8.319664213745936365e+01
8.269208432836605027e+01
8.102971556916774887e+01
8.252313695526954973e+01
8.224510417060656664e+01
8.047328363167133602e+01
8.184974026503157063e+01
8.179565584078369511e+01
7.993975307708944911e+01
8.117801192945707101e+01
8.134248219086023823e+01
7.942905443365584972e+01
8.051010353852761625e+01
8.088403690485183972e+01
7.893966930157488093e+01
7.984755955929993831e+01
8.041938179127603803e+01
7.847031266985925413e+01
7.919157332621954026e+01
7.994739840833884159e+01
7.802008150029767819e+01
7.854435802798749933e+01
7.946740735570058689e+01
7.758703549245441877e+01
7.790729509520888030e+01
7.897941891172904150e+01
7.717050982760417810e+01
7.728237000728570649e+01
7.848261617552419978e+01
7.676789054080336427e+01
7.667072335483656786e+01
7.797724750585825859e+01
7.637781356157643131e+01
7.607393074447097092e+01
7.746339873122397535e+01
7.599810207528631167e+01
7.549286743999122962e+01
7.694131009291578494e+01
7.562697118018998310e+01
7.492881402606515451e+01
7.641181569149041763e+01
7.526275564450484978e+01
7.438266718341409955e+01
7.587549580536705207e+01
7.490345236891587888e+01
7.385515424612280810e+01
7.533346161674961650e+01
7.454744925072337480e+01
7.334675793559506474e+01
7.478661163622278707e+01
7.419297141681045105e+01
7.285794760041103757e+01
7.423628630716957844e+01
7.383822986935648203e+01
7.238845448972969621e+01
7.368365915020758905e+01
7.348194307941696479e+01
7.193849831824739738e+01
7.313027335452071043e+01
7.312267907766413089e+01
7.150771809003693136e+01
7.257767908021760661e+01
7.275898410822445328e+01
7.109388353398718152e+01
7.202336845073919847e+01
7.238536406916777821e+01
7.069625175857291310e+01
7.147562769921015047e+01
7.200985009301025741e+01
7.031816183983015378e+01
7.093353320882255275e+01
7.162674600101175315e+01
6.995522203332720323e+01
7.039766418512213875e+01
7.123552442319322608e+01
6.960636821303108945e+01
6.986963018611412224e+01
7.083594740877774143e+01
6.927044896513795891e+01
6.935097033139844314e+01
7.042774073111503697e+01
6.894590306537114088e+01
6.884309407574535555e+01
7.001106852717900608e+01
6.863130520115757349e+01
6.834721293859247737e+01
6.958599162799231408e+01
6.832499326871810297e+01
6.786456232317696902e+01
6.915313531342800957e+01
6.802552253103169733e+01
6.739604187998914142e+01
6.871287726641705262e+01
6.773125367380437467e+01
6.694250789895407650e+01
6.826565968803782880e+01
6.743978491785469487e+01
6.650352651546015181e+01
6.781189736876171992e+01
6.715053457014171556e+01
6.608157617289261054e+01
6.735413331156036065e+01
6.686209992913363465e+01
6.567582693551321427e+01
6.689237629164826160e+01
6.657263994154455133e+01
6.528628601204192705e+01
6.642775422722728251e+01
6.628090664480581040e+01
6.491297719799568711e+01
6.596147077131381309e+01
6.598555535909406444e+01
6.455556537496434544e+01
6.549482770553555611e+01
6.568550705307379189e+01
6.421366981288764464e+01
6.502923501034095466e+01
6.537974503318952202e+01
6.388658996210634911e+01
6.456608787832594487e+01
6.506747189603343884e+01
6.357352752709336841e+01
6.410682396477287170e+01
6.474806358129109185e+01
6.327345019208632948e+01
6.365273758249016822e+01
6.442112368486657203e+01
6.298544287287595012e+01
6.320518811217776545e+01
6.408626443672447692e+01
6.270828534926283027e+01
6.276542067633427990e+01
6.374330806097602675e+01
6.244077132239365824e+01
6.233471371162193009e+01
6.339223666478073937e+01
6.218150726835194320e+01
6.191417653202118032e+01
6.303321082581133794e+01
6.192908287849193272e+01
6.150484256600986299e+01
6.266658659497973360e+01
6.168200662353936536e+01
6.110747544434632061e+01
6.229284206247005073e+01
6.143892440776179598e+01
6.072278582278597980e+01
6.191252852944451490e+01
6.119845984117463900e+01
6.035136954303273882e+01
