2.944757396617570180e+02
2.245359315470353749e+02
2.651118965085593686e+02
3.034245346732237181e+02
2.327197298420721836e+02
2.657747123313575344e+02
3.123721415575562901e+02
2.420132940163956619e+02
2.665051124431055314e+02
3.212298954304160361e+02
2.522426814149067695e+02
2.671812407852187334e+02
3.298450410413680629e+02
2.635140995861828515e+02
2.682844744494901761e+02
3.384367891988013639e+02
2.757053035918010551e+02
2.695525445807625147e+02
3.467347509716526588e+02
2.887610593587373842e+02
2.712925303737598028e+02
3.548610446660369462e+02
3.027012586703270927e+02
2.736408146462628110e+02
3.628094317071209503e+02
3.174901719262833808e+02
2.768040130972348152e+02
3.707843468535298257e+02
3.333736347485765350e+02
2.807374563412141697e+02
3.781459590805991979e+02
3.497726974653429579e+02
2.859628539082276575e+02
3.856559496376586367e+02
3.672144543829025451e+02
2.924853114390294309e+02
3.927956034338923814e+02
3.851457547940343602e+02
3.002980292967953915e+02
3.998633054308135115e+02
4.040558204817430692e+02
3.101819853901118904e+02
4.072069147986284747e+02
4.239014284832433646e+02
3.216649195333588978e+02
4.142536554637118797e+02
4.445214703753209733e+02
3.354405262892283304e+02
4.215499351633986862e+02
4.660070812259073705e+02
3.512250919286399267e+02
4.287394862282098984e+02
4.884440360931187115e+02
3.702549826879433681e+02
4.368232605004926654e+02
5.115137041591955835e+02
3.911949397237677886e+02
4.458720572199506478e+02
5.364977399983796431e+02
4.153470575755670211e+02
4.556653987689154519e+02
5.628840344623773717e+02
4.424746814260298606e+02
4.658795303828272267e+02
5.905865950306136938e+02
4.735872067727048034e+02
4.773489858900172180e+02
6.187994896505606448e+02
5.072292612110464916e+02
4.913244773203475688e+02
6.506038011128542848e+02
5.462101193721656500e+02
5.067236629611986700e+02
6.838140397331400209e+02
5.902977854897748102e+02
5.259313101238343506e+02
7.194086038341505400e+02
6.390449356609977940e+02
5.494301943862606095e+02
7.595730490551517278e+02
6.952376459809506741e+02
5.776221236871284646e+02
8.028963590109682400e+02
7.583374713315149620e+02
6.128007892861293158e+02
8.519398607965692918e+02
8.296695168042599562e+02
6.541420440323635148e+02
9.076704345652184429e+02
9.135173090178969915e+02
7.072597924490673904e+02
9.730050367409598948e+02
1.011418704099057891e+03
7.709303750144903233e+02
1.048846725796657893e+03
1.130120393765840845e+03
8.564258453213203666e+02
1.142259828621892893e+03
1.274143239530985511e+03
9.642687306448385698e+02
1.257150392681985977e+03
1.454532884617735135e+03
1.103700464304031811e+03
1.394837458738883470e+03
1.678489273001100855e+03
1.295591598454372388e+03
1.589760135439957594e+03
1.984005661756948484e+03
1.561438381106777570e+03
1.859506060300792569e+03
2.416205893587857190e+03
1.960610247376544066e+03
2.286005259634954200e+03
3.105590244430697112e+03
2.622816695449176223e+03
2.999150233187157028e+03
4.307516898686811146e+03
3.849232317643503393e+03
4.409588951899830136e+03
6.965983079353155517e+03
6.992568701569826771e+03
8.788559111066715559e+03
1.780246693959170079e+04
2.589822146420364516e+04
2.714323535400370019e+04
2.072408168521725747e+04
1.114927247170675946e+04
6.855988458842160071e+03
7.303177932241082090e+03
5.202281658731013522e+03
3.588519020621376058e+03
4.300241438678280247e+03
3.400475814586683100e+03
2.376498820723075823e+03
3.002998445954854105e+03
2.546970661081543312e+03
1.772267453870896361e+03
2.285039645172631026e+03
2.045520853756283714e+03
1.403493777547763557e+03
1.813308637786989948e+03
1.703585511775079112e+03
1.169643962958022485e+03
1.499274081640784971e+03
1.462837702209975077e+03
9.986498035111316085e+02
1.267591703320425722e+03
1.285615599392110425e+03
8.750655769934367072e+02
1.086379090776376415e+03
1.139716010822576209e+03
7.680323716644411434e+02
9.376358808654468930e+02
1.028669880862258651e+03
7.011095602892620491e+02
8.224053207011613722e+02
9.339454100544402309e+02
6.412191992535031204e+02
7.219856376045631805e+02
8.536366960349297415e+02
6.006992460792263273e+02
6.431650903951297096e+02
7.807074423298493002e+02
5.562425395456349406e+02
5.718208289383917418e+02
7.205183154829919658e+02
5.263677634562960748e+02
5.135419462269543374e+02
6.655315806579385480e+02
4.956550795802717744e+02
4.583662694802194437e+02
6.176184091046056892e+02
4.779064150521085139e+02
4.178135765513443971e+02
5.722667565508847929e+02
4.540247628028756708e+02
3.746073873443262983e+02
5.280727836915077660e+02
4.337467546917068262e+02
3.432944550027741570e+02
4.927102509134288653e+02
4.170415486259304316e+02
3.110545888958086493e+02
4.559268936827446623e+02
4.011791011221958456e+02
2.848331952838665870e+02
4.209619354403131979e+02
3.857083296915211577e+02
2.672077221025142535e+02
3.931007244655515933e+02
3.723475899267175464e+02
2.472459722385680152e+02
3.611976161268099190e+02
3.545910116412975981e+02
2.289130040862931708e+02
3.360017245944402475e+02
3.457562791552580848e+02
2.226711512947763651e+02
3.121467938791431607e+02
3.312811772471679319e+02
2.079621562760905249e+02
2.851634671497993168e+02
3.170349342598117914e+02
2.004988075314417415e+02
2.627318359621273771e+02
3.013883222584217947e+02
1.887255380692296853e+02
2.418765569530580706e+02
2.909493673344742888e+02
1.853282148431500787e+02
2.224891719702636976e+02
2.782209189919192909e+02
1.802957604794353017e+02
2.024408415310329872e+02
2.623908513276221584e+02
1.729659680906520975e+02
1.893406039743163376e+02
2.549785965762084459e+02
1.720073266058342369e+02
1.734403320226005007e+02
2.429909389698169662e+02
1.680270807639338955e+02
1.591969497063249719e+02
2.331589262916836560e+02
1.650865146957374350e+02
1.391316511046057656e+02
2.169782548207577975e+02
1.615231271653795773e+02
1.321471875838201413e+02
2.098091013343299664e+02
1.602291116988131989e+02
1.148550077818352833e+02
1.939775376516836616e+02
1.569626743900494148e+02
1.101586458537626783e+02
1.839596156295381206e+02
1.507520461000550540e+02
9.686786757650533275e+01
1.740427440120456311e+02
1.524277241422335862e+02
9.706059088419395664e+01
1.626925811281059282e+02
1.425055570873506099e+02
8.795515446372786528e+01
1.581934549885752688e+02
1.426020231450448534e+02
7.791862567793027949e+01
1.470929619150671499e+02
1.401214066162475262e+02
7.495177408591919743e+01
1.382797154265196582e+02
1.360303692348013271e+02
7.060062627312113648e+01
1.316004203682954881e+02
1.349019536320631687e+02
6.899083023534900860e+01
1.221079855106782475e+02
1.277780921696174516e+02
6.261497937457478002e+01
1.193927708381593504e+02
1.305028211924546042e+02
5.903213110630495208e+01
1.048902524059514576e+02
1.231574844190949136e+02
6.205002077881869837e+01
1.033058744217829599e+02
1.208388081589452696e+02
5.781195453105198112e+01
9.803037068790736441e+01
1.205752084437488776e+02
6.106748333083590552e+01
9.349875690972561415e+01
1.169283494236006931e+02
5.553664552755621031e+01
8.850852865777835632e+01
1.183910921458028866e+02
5.855084000432660929e+01
7.860313140065866833e+01
1.134407455176011865e+02
6.118405777603624074e+01
7.583584275099987337e+01
1.107701154154330823e+02
6.020497015710224531e+01
7.088542223626089367e+01
1.096068792985772546e+02
6.416479586034071758e+01
6.605947052128023245e+01
1.048335514109779893e+02
6.420792601414120782e+01
6.597621175497063462e+01
1.037156918191088550e+02
6.364722454400067164e+01
6.294168550405213836e+01
1.024653473512698412e+02
6.386719917531792134e+01
6.058015121351746757e+01
1.024887055743627116e+02
6.486851611060444611e+01
5.559955112078578310e+01
1.029432239407533700e+02
7.136926455085105658e+01
4.917038880927908906e+01
9.475278756595125174e+01
6.999986594588463618e+01
5.587927414192856190e+01
9.550127718300954882e+01
6.568404968551020318e+01
5.072416855354215670e+01
9.816475814048145310e+01
7.148973163480995652e+01
4.876264348920157232e+01
9.858052210067278054e+01
7.715703147120265726e+01
4.492996255598011146e+01
9.073412077515821750e+01
7.157476482642462656e+01
4.754435451930520173e+01
9.710942622764110865e+01
7.939060676485111401e+01
4.484202769755606255e+01
9.342326987348191381e+01
8.057424420200243276e+01
5.056720331533571056e+01
9.741129537100373170e+01
8.503950730344871545e+01
5.140446852535409761e+01
1.015221570059730425e+02
9.444409995720833706e+01
4.677973519338589625e+01
8.840015497211416573e+01
8.810497997620221611e+01
5.347355290444323828e+01
9.423533062453606135e+01
9.338436081584211479e+01
5.732473662955092664e+01
9.399060259050610000e+01
9.315419843938282440e+01
5.829074441531858497e+01
9.882650529900301706e+01
1.009714908227581702e+02
6.322425844478151902e+01
9.989989820612268545e+01
1.056717662068682273e+02
6.715095976005726186e+01
9.727631601350933011e+01
1.043126927386546612e+02
7.168253289411882179e+01
1.050888767403951647e+02
1.114530919353256877e+02
7.398601173210614945e+01
1.076480805328996553e+02
1.192645479400360671e+02
8.392661837530775415e+01
1.142568957218397117e+02
1.273883954164921306e+02
8.988185117558367665e+01
1.166318944297203331e+02
1.328573504651469079e+02
9.377108312022517111e+01
1.175819430587826275e+02
1.408938206292374389e+02
1.092183416503407472e+02
1.243259270065875342e+02
1.406827955546224302e+02
1.104603263396683843e+02
1.402935719401991435e+02
1.636769650408888594e+02
1.252660284787889111e+02
1.422624327701598190e+02
1.711883809768887090e+02
1.357095295749956847e+02
1.502093767705264042e+02
1.869397508146881819e+02
1.556116587689343476e+02
1.560179379154749313e+02
1.928758101212573877e+02
1.741289980064705958e+02
1.770773010828215490e+02
2.051049264965186296e+02
1.832098752304678726e+02
1.977527758142441883e+02
2.395591700545631682e+02
2.168901832808925860e+02
2.101699655868962680e+02
2.473524633890042423e+02
2.358802127527831374e+02
2.399936505423887922e+02
2.794677547793929193e+02
2.674574600065641334e+02
2.697259117739543512e+02
3.133009364245397137e+02
3.056075352235563969e+02
3.047491108881786772e+02
3.469707669123225742e+02
3.406479473911908826e+02
3.437960301931289564e+02
3.995614301029982585e+02
4.055317275246479767e+02
4.070318412060640298e+02
4.583086308589358850e+02
4.634692545785412108e+02
4.702729095581574370e+02
5.464822730545716922e+02
5.756159200969842686e+02
5.803198806042133810e+02
6.521049363943011485e+02
6.919088790078178590e+02
7.062088587559475172e+02
8.081888189820797379e+02
9.017600120042203571e+02
9.466215347459236682e+02
1.057064564341528012e+03
1.191043738182167317e+03
1.286780698777460429e+03
1.435185008212114326e+03
1.639794840733794217e+03
1.838810545253391183e+03
2.068221061841853043e+03
2.317900814218534379e+03
2.515075213837065348e+03
2.649298545890868809e+03
2.693454360597769210e+03
2.586665182607553106e+03
2.387352259414657510e+03
2.208002341979887206e+03
2.023124065994437842e+03
1.810669493545344039e+03
1.657860799975276905e+03
1.541463903140536331e+03
1.390678229082497182e+03
1.278205809737894015e+03
1.210997517409845159e+03
1.105251586006413845e+03
1.019772290133054298e+03
9.881012228568696401e+02
9.243916566851427206e+02
8.645721244340918474e+02
8.486874928250492758e+02
7.979150103626989221e+02
7.413296181552773305e+02
7.315810786262040892e+02
6.944466695907683516e+02
6.484905839407125541e+02
6.499380355498965400e+02
6.239517037899846628e+02
5.797856286278699827e+02
5.836453226396444052e+02
5.666633184025597529e+02
5.265093822198560929e+02
5.320799349429228187e+02
5.196802577611962306e+02
4.798471215532189262e+02
4.888891557171136810e+02
4.862942509220378611e+02
4.474523908904162681e+02
4.519082441951288160e+02
4.535423999749734776e+02
4.184552302403673707e+02
4.225896603860748542e+02
4.270389282631018659e+02
3.909376575666728968e+02
3.924338594057924183e+02
4.034342366583652506e+02
3.725344506265769269e+02
3.717328575913574582e+02
3.843385902551668210e+02
3.547820225245121719e+02
3.500730689156111453e+02
3.642692279485400491e+02
3.383794913497834500e+02
3.327466610288282141e+02
3.481171046842518422e+02
3.235246660753300034e+02
3.156566750095256566e+02
3.333070017221947410e+02
3.119724269397384546e+02
3.021843152366320169e+02
3.205423190857671329e+02
3.012175344667670061e+02
2.888050887962410229e+02
3.077679346343054476e+02
2.917274895388557070e+02
2.786478144922970728e+02
2.978098291991322526e+02
2.824365335179228964e+02
2.665376591206847934e+02
2.876206291258409919e+02
2.757157048199146061e+02
2.561717379697643082e+02
2.765049679753533383e+02
2.690074178744198434e+02
2.483602259696229737e+02
2.667886250607127749e+02
2.617376395142208594e+02
2.402472162762778964e+02
2.577377974474233611e+02
2.553312650878378633e+02
2.332105443757986905e+02
2.499997743943513626e+02
2.502242165772426858e+02
2.265410798113172746e+02
2.412948992354480993e+02
2.443421972869401202e+02
2.202961863585677804e+02
2.332369430311308065e+02
2.391153817999518481e+02
2.154701012096972192e+02
2.266186376889860981e+02
2.344342868436853564e+02
2.100416726896901025e+02
2.189289588540964644e+02
2.297124804753003389e+02
2.059663430974307516e+02
2.122579089237830772e+02
2.254509509185867557e+02
2.028161806026620866e+02
2.064712172670626842e+02
2.215432600951356221e+02
1.995811546514325698e+02
1.993871550905184051e+02
2.159146867391271485e+02
1.963960904686057063e+02
1.943665920418724795e+02
2.117966775771210450e+02
1.932151634970481382e+02
1.884260043196594268e+02
2.075210762333571495e+02
1.914031262006847953e+02
1.836877222052859508e+02
2.026723034488867938e+02
1.885119400918370900e+02
1.791303226352962952e+02
1.989454346081909364e+02
1.867328658697458934e+02
1.745781377852923697e+02
1.944696577747771755e+02
1.848510600307112952e+02
1.707019054478634530e+02
1.902868394167030885e+02
1.831181652216887130e+02
1.670016799974260664e+02
1.858346009494225655e+02
1.811746398151628057e+02
1.635110783642339527e+02
1.814295412014028841e+02
1.793992903565827817e+02
1.605553937338161177e+02
1.771586181800634847e+02
1.776342340605152685e+02
1.579252431841258897e+02
1.728620873165374121e+02
1.755932277365966456e+02
1.553506526733589226e+02
1.687846749597336782e+02
1.740091659986541686e+02
1.535678062637023515e+02
1.648253246217408332e+02
1.719540794890104962e+02
1.515295548174120768e+02
1.609234061763178829e+02
1.700937061497392904e+02
1.498226217497655171e+02
1.570263499065177655e+02
1.682324361286836165e+02
1.485658071014153734e+02
1.532599525203572455e+02
1.660493891950997920e+02
1.472417631417789892e+02
1.496205249054085300e+02
1.639505560289718176e+02
1.462712626337882682e+02
1.462238145855704659e+02
1.617861138331220161e+02
1.453669767070113892e+02
1.428152477876081150e+02
1.594192932627273933e+02
1.445875674815742968e+02
1.395856225116327778e+02
1.569078234055598102e+02
1.439953362299775108e+02
1.369029863269107636e+02
1.545286534281611353e+02
1.433169655331349190e+02
1.341302870990768952e+02
1.520448965288147747e+02
1.428691930748004495e+02
1.317089121995728362e+02
1.494505328848785268e+02
1.423072405834787730e+02
1.293718731545000935e+02
1.467216873174643581e+02
1.417335708014601323e+02
1.273213418979003819e+02
1.440265829632273551e+02
1.411898038622606748e+02
1.254679815415338737e+02
1.412351480490714266e+02
1.406034421462587147e+02
1.239103780477980195e+02
1.384608836986380425e+02
1.399282915163951202e+02
1.225158427479212122e+02
1.356870021341114807e+02
1.392270580264336957e+02
1.213457105320342606e+02
1.329171613734353343e+02
1.384597196753979063e+02
1.203535100358491405e+02
1.300868509838018952e+02
1.375501820027030249e+02
1.196095684182312198e+02
1.274166337793015913e+02
1.365856017619847762e+02
1.189264166700815650e+02
1.246607625361592397e+02
1.355001405344643217e+02
1.185032532793321138e+02
1.220533074284529818e+02
1.342749947278014133e+02
1.181297185505291907e+02
1.195120701470368232e+02
1.329602539857730505e+02
1.178598144672510557e+02
1.170310322933216440e+02
1.315132054693761745e+02
1.177121591621730943e+02
1.147438074668453254e+02
1.300056121830766358e+02
1.176333173796273712e+02
1.125684045966625746e+02
1.283781513096539584e+02
1.175985936022965745e+02
1.105496633432292271e+02
1.266436698136871399e+02
1.175635559165842636e+02
1.086924312772011803e+02
1.248511664196632154e+02
1.175532602058601270e+02
1.069748003582186442e+02
1.229377846111981825e+02
1.175138905880491649e+02
1.054306382537342017e+02
1.209526977298265962e+02
1.174741075712129827e+02
1.041223933223458857e+02
1.189235742302520862e+02
1.173632675270528409e+02
1.029510536856520133e+02
1.168109934071676435e+02
1.171802613583548691e+02
1.019794920073406672e+02
1.146912142527601048e+02
1.169387491020487175e+02
1.011678463912360115e+02
1.125251529243273012e+02
1.166080455755944882e+02
1.005410380211424268e+02
1.103775117973072639e+02
1.162085078198982444e+02
1.000741693586436867e+02
1.082156640371064640e+02
1.156897417751023909e+02
9.974889635001345312e+01
1.060892303210029297e+02
1.150756473350904088e+02
9.954947028845032264e+01
1.039996379274095659e+02
1.143616093806519416e+02
9.946531105553262364e+01
1.019548318863158300e+02
1.135339974686181392e+02
9.947933745926832216e+01
9.997608891887928451e+01
1.125916344064839762e+02
9.957973898760745612e+01
9.809859141967372409e+01
1.115415163384945600e+02
9.972748661304406426e+01
9.631257389672478553e+01
1.103811623478729445e+02
9.991596319066715637e+01
9.465119772036803170e+01
1.091259238347924878e+02
1.001161749284951981e+02
9.309625584207695681e+01
1.077752105692154601e+02
1.003505410243361524e+02
9.170924304597510002e+01
1.063331970183072741e+02
1.005520848730564438e+02
9.045408660164925152e+01
1.048106736548304525e+02
1.007343699414570892e+02
8.935922753288602394e+01
1.032194748588456150e+02
1.008812666440799859e+02
8.842687363250684029e+01
1.015587536331490668e+02
1.009588115561219581e+02
8.764724867316225243e+01
9.985301316516139991e+01
1.009732957213288813e+02
8.702361006289582690e+01
9.811161452742503286e+01
1.009102309511034434e+02
8.654211598614540435e+01
9.634489334724196397e+01
1.007738621789611528e+02
8.621262770891657112e+01
9.456036791253403351e+01
1.005356407572251101e+02
8.601375006744312657e+01
9.278331135644450001e+01
1.002029434704438984e+02
8.593656785448725088e+01
9.102607815157153937e+01
9.977105186411765203e+01
8.596847198627858688e+01
8.930378007257792206e+01
9.923357712033106282e+01
8.608644030670173208e+01
8.762714632992332042e+01
9.859239444357683624e+01
8.628222678557220604e+01
8.601587545473515206e+01
9.784805128901346905e+01
8.653951932129571389e+01
8.448791327051793587e+01
9.700452200819924542e+01
8.683803771288380347e+01
8.304756068783990486e+01
9.605820304591237857e+01
8.716361067068505974e+01
8.171676932730017029e+01
9.501560126802040429e+01
8.749154173317593575e+01
8.049766759605307698e+01
9.388424472609594318e+01
8.781570636835992616e+01
7.940567906135001408e+01
9.266913367706489169e+01
8.811746658140496891e+01
7.844824880691589897e+01
9.138140603127671113e+01
8.838290317299693299e+01
7.762334590551917302e+01
9.002794873248366514e+01
8.860825545716527074e+01
7.694469168521519009e+01
8.861789332918688444e+01
8.877343220673620294e+01
7.640522260946303845e+01
8.716285546415404895e+01
8.887105416971712657e+01
7.600207623647038702e+01
8.567490843945476797e+01
8.889615416346069310e+01
7.573330178621331754e+01
8.416376030404343567e+01
8.883490330200797302e+01
7.558669470858437478e+01
8.264602866578691476e+01
8.868749201453250919e+01
7.555304894614165789e+01
8.112983087832412821e+01
8.844582870850166501e+01
7.562305362407704479e+01
7.963386029591742954e+01
8.810855338405748682e+01
7.578253652968555798e+01
7.817217556700458658e+01
8.767438949676322579e+01
7.601595753553142742e+01
7.675708432780665191e+01
8.714304087881014027e+01
7.630970838500610398e+01
7.540274520149930026e+01
8.651488374427705708e+01
7.664791316269453603e+01
7.412159606288004454e+01
8.579173596886354858e+01
7.701740339825360593e+01
7.292990346728414863e+01
8.497758069116889601e+01
7.739860042554954589e+01
7.183261100796363507e+01
8.407597193265789315e+01
7.778195714559488749e+01
7.084450246673051765e+01
8.309235153161338872e+01
7.815071779933185780e+01
6.997123878691624554e+01
8.203339842775345403e+01
7.849385112223536964e+01
6.922068072431292762e+01
8.090687599055880241e+01
7.879843773684461894e+01
6.859486636540570714e+01
7.972050447288330588e+01
7.905455330895213706e+01
6.809721340299064707e+01
7.848480776278164228e+01
7.925211878603545301e+01
6.772481905936952273e+01
7.720913860465049083e+01
7.938307844692390347e+01
6.747434919687260901e+01
7.590422421700397138e+01
7.944084194148415179e+01
6.734126534114403739e+01
7.458169467765097238e+01
7.941802508466729194e+01
6.731621857284477528e+01
7.325471577450061034e+01
7.931208819771383389e+01
6.739034129106663329e+01
7.193463804764834890e+01
7.911821899865000773e+01
6.755224704183012818e+01
7.063520680784756678e+01
7.883442675075487216e+01
6.778896857307549340e+01
6.936938921307658745e+01
7.846006120463403022e+01
6.808717005125832600e+01
6.814937956180065726e+01
7.799488280598667700e+01
6.843380050157888661e+01
6.698867298291190764e+01
7.743978068061062459e+01
6.881387833617817762e+01
6.589943589140301583e+01
7.679815558743628401e+01
6.921418600637319685e+01
6.489196041169026330e+01
7.607223120534823124e+01
6.962082597057246858e+01
6.397665667712324478e+01
7.526679832063123854e+01
7.002121569997321160e+01
6.316237143349718508e+01
7.438722905530315188e+01
7.040282106946487772e+01
6.245543351836364110e+01
7.343970732767270704e+01
7.075457762002315576e+01
6.186089518575989388e+01
7.243128391391272203e+01
7.106596907422225229e+01
6.138160979094241299e+01
7.137028641684078423e+01
7.132787750720009967e+01
6.101802293286242218e+01
7.026529708789942674e+01
7.153169063782772241e+01
6.076817376693441730e+01
6.912612052106247518e+01
7.167053325191308488e+01
6.062823058265036025e+01
6.796314529575884933e+01
7.173838432900488726e+01
6.059211113991143094e+01
6.678733131089023800e+01
7.173009048540401977e+01
6.065132861238092232e+01
6.561023938232675334e+01
7.164251935988211528e+01
6.079651269042076223e+01
6.444308354176999387e+01
7.147265292979581375e+01
6.101710000961912073e+01
6.329819017069493725e+01
7.121893350530645250e+01
6.130127010674891608e+01
6.218734732576171353e+01
7.088024939202405506e+01
6.163655871952656184e+01
6.112324758253831902e+01
7.045698614382173730e+01
6.200898363698185989e+01
6.011706365607008706e+01
6.995115161869628650e+01
6.240588988849433605e+01
5.917999797650875138e+01
6.936639769741766770e+01
6.281544495106158621e+01
5.832149229802998747e+01
6.870636373050642476e+01
6.322628117291218786e+01
5.754799710026156845e+01
6.797033569124788244e+01
6.362328256757573541e+01
5.686986064504638705e+01
6.717037900918646187e+01
6.400180022721541206e+01
5.629285049437267929e+01
6.630762587188735324e+01
6.434749857474039914e+01
5.582100882250296081e+01
6.539021830028210047e+01
6.465090246626463966e+01
5.545580830376196957e+01
6.442654821780723751e+01
6.490386042685231871e+01
5.519632970098527380e+01
6.342556125498624908e+01
6.509974816128273289e+01
5.503953677826541480e+01
6.239618890069613855e+01
6.523301012146954747e+01
5.498098253037872496e+01
6.134764946458360413e+01
6.529874578500071891e+01
5.501494192121996463e+01
6.028985109624180438e+01
6.529232284336393377e+01
5.513371232484472273e+01
5.923379541470915655e+01
6.521034877116979089e+01
5.532785253295605798e+01
5.819102456323273742e+01
6.505075065497719322e+01
5.558634630875386762e+01
5.717278478073856007e+01
6.481282556652909932e+01
5.589782178746097685e+01
5.618982935147612778e+01
6.449650140687185740e+01
5.625080012688373188e+01
5.525296588555158905e+01
6.410256180881283683e+01
5.663369350147897308e+01
5.437264867612076102e+01
6.363234805033728492e+01
5.703469670313544526e+01
5.355908753499561925e+01
6.308831803314645015e+01
5.744186120682764596e+01
5.282140318309529192e+01
6.247430614261179471e+01
5.784399860031422946e+01
5.216709201861310419e+01
6.179478636680147474e+01
5.823070962272588247e+01
5.160217179073133309e+01
6.105495256762246470e+01
5.859261387563898182e+01
5.113126009504473046e+01
6.026046353571933878e+01
5.892086150262243649e+01
5.075741035238032595e+01
5.941778672216886292e+01
5.920717960013941195e+01
5.048177583353118081e+01
5.853441844759127832e+01
5.944416051915716537e+01
5.030328422871806282e+01
5.761873274031236036e+01
5.962553183126147616e+01
5.021861081006700545e+01
5.667957029261343394e+01
5.974621671479235374e+01
5.022261594646049332e+01
5.572596935089327275e+01
5.980210961356034005e+01
5.030891304898950978e+01
5.476734227986896997e+01
5.978975848398460613e+01
5.046986689131783521e+01
5.381366073936510475e+01
5.970631273226053537e+01
5.069635714716441299e+01
5.287545463413468383e+01
5.955003231943302211e+01
5.097814198747354908e+01
5.196341344297044174e+01
5.932041290205295070e+01
5.130434258530941349e+01
5.108784152753362662e+01
5.901793356462616913e+01
5.166397210022195452e+01
5.025847102021485568e+01
5.864376758701755676e+01
5.204634636853776186e+01
4.948469737934804158e+01
5.819958703085595886e+01
5.244084786522541464e+01
4.877559420176368832e+01
5.768783582847368763e+01
5.283681436403156084e+01
4.813942399877918632e+01
5.711202341539492977e+01
5.322384132862453754e+01
4.758300593175820126e+01
5.647676873277842446e+01
5.359238247573657787e+01
4.711135376413540854e+01
5.578733899850706734e+01
5.393397494079832910e+01
4.672791644215565299e+01
