2.997059171750266842e+02
2.356609265889439371e+02
2.480410509699028694e+02
3.070395689477911674e+02
2.457726958751434836e+02
2.486407725168592435e+02
3.143645819834198960e+02
2.566624446491330787e+02
2.493584700538034440e+02
3.213998565169630410e+02
2.683594488838816119e+02
2.504452072999904431e+02
3.280535265731248273e+02
2.806923572118437278e+02
2.522106367760638932e+02
3.346067747583191476e+02
2.937046377602968619e+02
2.544578763525492491e+02
3.408150820419419915e+02
3.074243303303533139e+02
2.576323558516222079e+02
3.468009789082521479e+02
3.217471163721857579e+02
2.616728033135009923e+02
3.524523954697995691e+02
3.367428467776861112e+02
2.671260355039175352e+02
3.579581654321099222e+02
3.522139048396690555e+02
2.737613630286037392e+02
3.631881052653432675e+02
3.680889414437072560e+02
2.817934353144266311e+02
3.685764145056728012e+02
3.849894082101503159e+02
2.916042973549639328e+02
3.734595365422967461e+02
4.019740989933164315e+02
3.031038118774614532e+02
3.785380534985647500e+02
4.195533384454586212e+02
3.163715705958258582e+02
3.839006253296600448e+02
4.382121066776552425e+02
3.319560427157226741e+02
3.886691219395961525e+02
4.561786082927915231e+02
3.486530731942428929e+02
3.940957873004117005e+02
4.755245606349467380e+02
3.682085146483522635e+02
4.002070944858768939e+02
4.957404135492629962e+02
3.904018779250910711e+02
4.070804792361967088e+02
5.166644130026120365e+02
4.149757469057698813e+02
4.143986644153744123e+02
5.378348206049386135e+02
4.420312269544205037e+02
4.235567161083529868e+02
5.604560147744572305e+02
4.721144633493874494e+02
4.342223823073191511e+02
5.840178847583468951e+02
5.049952966007332975e+02
4.468425179418172775e+02
6.093868892223717921e+02
5.421561197280169608e+02
4.622969042463128631e+02
6.357281011905957939e+02
5.819993645173975665e+02
4.800006487370546324e+02
6.642686758804138663e+02
6.272898266042971045e+02
5.025471694889480432e+02
6.953493847310858200e+02
6.779369479476351898e+02
5.302996772019630498e+02
7.287358380035688015e+02
7.332058874121067902e+02
5.632475462144919902e+02
7.664066573538079865e+02
7.963334233189526685e+02
6.035815390774771458e+02
8.084590018368060100e+02
8.679761739230125386e+02
6.531664381446964853e+02
8.570836496215166562e+02
9.508720061993916488e+02
7.134759306457397088e+02
9.123235407958485439e+02
1.047130329951590056e+03
7.900834891010475758e+02
9.811448552742491529e+02
1.164257129339541279e+03
8.864282068350777308e+02
1.061079492659076777e+03
1.302236043757694461e+03
1.006599926557773642e+03
1.160388317944684331e+03
1.474206503914896075e+03
1.166991602562077333e+03
1.291786898181022480e+03
1.691261683527990726e+03
1.375435724320184363e+03
1.474444308772328895e+03
1.988745602360942030e+03
1.659608462499799089e+03
1.716921200853259506e+03
2.403022587175516946e+03
2.077413394209144371e+03
2.084484945128122490e+03
3.043960161176234578e+03
2.765000419334426624e+03
2.718724457082760637e+03
4.167742778998203903e+03
4.066773665879230066e+03
4.046749148147539927e+03
6.650062074029127871e+03
7.256207750101466445e+03
7.807736066355952971e+03
1.591253956619077144e+04
2.476446067927717377e+04
2.752445771883518319e+04
2.232889705196295108e+04
1.273461191500284622e+04
6.838393606791040838e+03
7.334256454393427703e+03
5.730031324124021921e+03
3.528566505103972759e+03
4.193518800334770276e+03
3.700549383567275527e+03
2.413073911092566505e+03
2.903261970882063451e+03
2.711591148398335008e+03
1.785348172347023365e+03
2.188280256001047746e+03
2.159755005971354421e+03
1.434681286852821131e+03
1.738887768720107488e+03
1.793967559007335012e+03
1.192491676166256184e+03
1.417863708675528869e+03
1.533674142987385721e+03
1.033605749508314148e+03
1.188051054774258773e+03
1.338610172482447297e+03
9.183152996724660397e+02
1.012686769708786301e+03
1.182860206478161672e+03
8.245377911032866223e+02
8.687336695801744781e+02
1.053358654697827205e+03
7.535132578871752003e+02
7.634810995733579375e+02
9.554523122413531837e+02
6.999159992958319663e+02
6.691104982943141977e+02
8.618171680411849138e+02
6.453553989905833532e+02
5.891659331998488369e+02
7.876492992741021908e+02
6.110663871435546071e+02
5.278357294930991657e+02
7.206466038851471012e+02
5.767718046003110430e+02
4.725232374525029400e+02
6.601996538960391945e+02
5.479064146000548590e+02
4.275618600339365685e+02
6.045703052218229914e+02
5.189360579121988621e+02
3.904973865270333135e+02
5.576247507658246150e+02
4.928721766404157734e+02
3.538572792142142021e+02
5.143007114054423710e+02
4.741309990305497877e+02
3.279429623770366788e+02
4.720670778778829799e+02
4.518052786827089449e+02
3.048156416083176055e+02
4.346155091500418166e+02
4.314465378296846438e+02
2.851016418865831952e+02
3.996675076490681704e+02
4.109225850287420485e+02
2.662175007510344926e+02
3.672643757846776680e+02
3.931457942133267807e+02
2.532867440195942947e+02
3.387224220279385918e+02
3.771515744889655366e+02
2.438837266621623030e+02
3.119827102765613631e+02
3.597815797967477351e+02
2.316216569675456753e+02
2.836358887504621293e+02
3.420314855850950266e+02
2.240488235189124566e+02
2.608627038114499896e+02
3.262590271368512731e+02
2.172866625895757693e+02
2.389440729487676833e+02
3.098426751788817342e+02
2.091431033838636040e+02
2.182019865695703231e+02
2.965263233967530709e+02
2.072545233371816380e+02
2.006143709639780468e+02
2.816626159307683679e+02
2.028057250403750800e+02
1.820371110710299263e+02
2.640355226114079414e+02
1.947704631114626750e+02
1.661787140773025726e+02
2.507530871594338748e+02
1.914847010991699392e+02
1.546528989566541270e+02
2.384036097949950204e+02
1.857202973222878768e+02
1.399141237350856102e+02
2.273620228477710157e+02
1.854899369117227366e+02
1.299304226585441029e+02
2.140936170240124170e+02
1.802599262485703946e+02
1.168891416968133399e+02
2.001044401081122714e+02
1.744400884719835290e+02
1.059417419398540119e+02
1.898130116186701741e+02
1.740664421602623975e+02
1.002611411321679356e+02
1.778901101608335011e+02
1.706971714755108849e+02
9.336502766540689890e+01
1.637666077737470118e+02
1.642193475218398362e+02
8.823376483639704304e+01
1.519626538452882585e+02
1.568473071003688517e+02
8.148529978272570418e+01
1.433804418954130711e+02
1.541004748604269992e+02
8.098332418019424495e+01
1.373386781262904890e+02
1.528741831034508323e+02
7.906752986679092032e+01
1.270809223662782159e+02
1.480507269883334232e+02
7.519986068092183018e+01
1.149810204123301389e+02
1.407417624222732400e+02
7.389425229680134066e+01
1.108193139757340475e+02
1.390690368580254699e+02
7.232254171698230039e+01
1.010096748869021184e+02
1.338393135553698130e+02
7.264124702296302871e+01
9.662699452090825503e+01
1.311672938066155325e+02
7.120903320260578084e+01
9.056916963406600019e+01
1.308077067671326006e+02
7.644424636452947652e+01
8.182666816133044563e+01
1.223267654120012367e+02
7.156081334510874115e+01
7.537120757672042259e+01
1.181005847088308940e+02
7.066840328811457539e+01
7.348092162104073566e+01
1.193481926667168693e+02
7.603370713476630272e+01
6.797156151121419043e+01
1.149897004971403476e+02
7.779151318682012572e+01
6.581280801510602885e+01
1.106351751733863580e+02
7.269916270269885672e+01
5.339027156858409739e+01
1.042854141904693535e+02
7.264973700413882796e+01
5.425515701381620914e+01
1.051371292303330165e+02
7.793452413274098944e+01
5.112308772875148577e+01
9.752149501030054068e+01
7.263297766122315124e+01
5.241278293683924971e+01
1.001828865653797607e+02
7.590834458639788807e+01
4.971193789059774559e+01
9.841946396144430764e+01
7.688810312039232997e+01
4.783597118954232030e+01
9.828134960813953569e+01
7.988020096094673761e+01
4.000178414632986090e+01
9.010804325842784124e+01
7.712638805075043535e+01
4.488315000904133001e+01
9.212049077008869347e+01
7.755892260504045055e+01
3.788114076690628451e+01
9.136025526386065110e+01
8.510202945466591018e+01
4.868017970520977400e+01
8.952364622913941616e+01
8.164758331936440072e+01
4.482836289679286779e+01
8.995504248943019832e+01
8.510191203699324092e+01
4.647386984060050708e+01
8.836278356163674630e+01
8.555608649434506674e+01
4.946853557616793040e+01
9.064362234063190726e+01
8.740750683902983553e+01
4.494568944162642765e+01
8.908619107225501921e+01
9.070096552781568278e+01
4.567635341178252872e+01
8.602507642038608537e+01
9.127340687888569448e+01
4.780034612272150696e+01
8.523295997565809046e+01
9.251165037939453839e+01
5.193652110805599875e+01
8.837562615616845108e+01
9.721374070637354237e+01
5.684300157436636169e+01
9.074827878020595051e+01
1.027013401050471089e+02
6.414246636411213842e+01
9.055743210011226552e+01
9.974909628962765851e+01
5.956155100048349738e+01
9.528449431537571002e+01
1.101830638735559660e+02
7.081303276170801553e+01
1.024007461791948828e+02
1.197832473676108123e+02
7.370906480645953707e+01
9.599816616640507050e+01
1.201706316226599398e+02
7.903112328768034445e+01
9.919514210013970512e+01
1.277301495640462008e+02
8.873985779494974224e+01
9.848268884246859045e+01
1.299833119550171716e+02
9.913501798601157589e+01
1.042224928980217840e+02
1.311607273716110456e+02
1.029401473630775712e+02
1.133350681683624543e+02
1.406360096439954930e+02
1.093469703704632394e+02
1.171434885634843823e+02
1.486744265855185461e+02
1.208202168177253100e+02
1.286001018559580871e+02
1.623755722721458881e+02
1.333601704290817906e+02
1.332586252106063398e+02
1.711764401082045026e+02
1.499318055166219210e+02
1.476350615370276103e+02
1.810386681897889503e+02
1.577871441733662152e+02
1.559703151185947547e+02
1.958238390070336834e+02
1.755766368971571012e+02
1.681474969302056479e+02
2.092161612312771126e+02
1.934505280118570454e+02
1.859433463168436731e+02
2.312885415447214541e+02
2.214982019236830979e+02
2.086674216737727363e+02
2.506870714467699486e+02
2.454766781605240737e+02
2.321690541001996735e+02
2.725504412009732391e+02
2.698509504718974199e+02
2.569111609589092495e+02
3.014787988666967635e+02
3.087299728030403685e+02
3.011113705246449399e+02
3.437406956206595510e+02
3.510219160090371702e+02
3.470455183656733311e+02
3.995921433588897003e+02
4.131728710893285665e+02
4.027040536550204024e+02
4.564040194574926090e+02
4.842184602533832845e+02
4.823896998283757966e+02
5.446407894199436441e+02
5.888447132918661282e+02
5.884660284734728748e+02
6.417103538708895485e+02
6.994502733294672225e+02
7.280695719193748801e+02
8.079639676589885084e+02
8.895403235460101996e+02
9.388425564066604920e+02
1.044145117503333950e+03
1.167880131209076126e+03
1.266235684101663310e+03
1.428779709658129377e+03
1.625256633915191969e+03
1.789671033259606929e+03
2.023629695991636254e+03
2.330975079211848879e+03
2.554523685717265835e+03
2.661439372529315733e+03
2.702565106582516819e+03
2.636648638499640583e+03
2.449487824696173902e+03
2.239451823883358884e+03
2.045336755702370965e+03
1.842231283398913092e+03
1.676041231869526882e+03
1.545380144330966687e+03
1.395395145348079268e+03
1.281237221152130132e+03
1.216404124002457820e+03
1.116191108162299088e+03
1.026619799839693997e+03
9.953102808874795073e+02
9.321043865412107152e+02
8.598188942621139859e+02
8.454639256324375083e+02
8.058772725007858071e+02
7.403581475611624683e+02
7.252676136286695510e+02
6.980539311970397875e+02
6.478263130327329691e+02
6.448656821730862703e+02
6.275543283858791028e+02
5.789232381607430398e+02
5.778312589567856321e+02
5.705487021165112083e+02
5.271934110983270330e+02
5.269730582196978048e+02
5.265960263612902281e+02
4.874940985459207923e+02
4.863517988918989658e+02
4.885934109504370326e+02
4.493895346656949528e+02
4.467755232489783452e+02
4.559957816590134030e+02
4.229039326967595684e+02
4.202142802743204584e+02
4.317574897272068029e+02
3.981724022519166510e+02
3.902064733716765659e+02
4.040694884142338879e+02
3.744344803499275827e+02
3.667050581263471827e+02
3.856392645149541067e+02
3.602545332862709984e+02
3.482341651976868775e+02
3.657918417283071904e+02
3.418792154595981287e+02
3.285394823156885309e+02
3.492320986224099784e+02
3.287072095443933222e+02
3.123950980415173717e+02
3.342692671781395575e+02
3.169216474366391481e+02
2.966513178384648199e+02
3.188321282342129734e+02
3.071217223425210250e+02
2.863204441797815321e+02
3.077973789712341954e+02
2.991852395751184304e+02
2.753766173523385419e+02
2.938558813384661903e+02
2.883404851742022288e+02
2.651997568795738971e+02
2.836718447713963656e+02
2.806916920658258050e+02
2.557217947884331295e+02
2.730408940403079328e+02
2.741202285284486493e+02
2.489486626042163095e+02
2.633288109074721319e+02
2.658962121137207077e+02
2.400838860479463506e+02
2.535156614458341551e+02
2.594505411892133111e+02
2.336270209634019466e+02
2.451657513373729387e+02
2.541812631543872669e+02
2.286220275693230235e+02
2.372995722940545988e+02
2.485440727039891726e+02
2.232991053568190125e+02
2.289452267303292103e+02
2.423448146837206991e+02
2.182020562015642327e+02
2.213913024271454333e+02
2.369928438942091589e+02
2.142668770754490879e+02
2.148045010784983333e+02
2.322162742694418966e+02
2.107924701086704715e+02
2.078362261875035699e+02
2.265560690529660519e+02
2.073076663965657644e+02
2.014418013531646920e+02
2.207667271906867370e+02
2.036704160109069619e+02
1.957336960711133997e+02
2.158744395775844680e+02
2.008477011935281098e+02
1.905901813288636220e+02
2.112981738524459274e+02
1.983628503221866026e+02
1.854484095994162374e+02
2.065569013178127022e+02
1.964563313634129429e+02
1.810068900499577467e+02
2.013547544574089727e+02
1.939636074181825336e+02
1.769029359724393657e+02
1.965971631127935382e+02
1.917980278685860185e+02
1.730926263520827320e+02
1.916784626527812918e+02
1.894285501789469208e+02
1.694592754886807597e+02
1.869709892389939228e+02
1.875465939171859588e+02
1.664920359124698734e+02
1.820164178757078162e+02
1.851479784559302004e+02
1.639409968960156050e+02
1.778002050152488778e+02
1.830759270022059866e+02
1.613875241394783870e+02
1.734110505618236289e+02
1.811125821818969541e+02
1.592224314464595523e+02
1.687924136847904606e+02
1.787731417711565030e+02
1.573803869059964882e+02
1.644940589598398901e+02
1.764101859648243931e+02
1.557986897546594776e+02
1.604684000284364345e+02
1.740396654254113855e+02
1.543617137052413000e+02
1.566136333155321267e+02
1.717126855720411243e+02
1.531340877330379442e+02
1.528471705663955333e+02
1.693524629063959992e+02
1.522109887370204717e+02
1.492056027565138265e+02
1.666539754773031063e+02
1.512484918153217563e+02
1.459338646381202409e+02
1.641511853561504211e+02
1.504596823007063904e+02
1.426399073416813508e+02
1.613986289751166225e+02
1.498648002755545292e+02
1.398530154774610992e+02
1.587009497904182069e+02
1.492916356224793901e+02
1.371808643716490224e+02
1.557714950066044537e+02
1.485799087731705015e+02
1.346545386791891303e+02
1.527053141476606015e+02
1.477954781438741065e+02
1.324226676381836967e+02
1.496763840975776532e+02
1.469286825610938649e+02
1.303051330688720952e+02
1.467029768073429068e+02
1.462755818573657223e+02
1.286073087947173406e+02
1.437450381994408133e+02
1.456250132709402010e+02
1.272131619353739183e+02
1.406873512788744733e+02
1.447126199539613651e+02
1.259925555379096807e+02
1.377856764758586792e+02
1.438012142835218015e+02
1.248514427848036519e+02
1.347365608776542842e+02
1.427584715082253126e+02
1.239992591054438833e+02
1.318091923116583644e+02
1.416128774583869756e+02
1.233077177144695185e+02
1.290004685065244416e+02
1.404256887334595092e+02
1.227512013002770743e+02
1.261880890339593861e+02
1.390852170713298790e+02
1.223445630819354193e+02
1.235122457218667336e+02
1.376505676035714600e+02
1.220189424318175782e+02
1.209055911566703827e+02
1.361212882819810375e+02
1.218592086367260094e+02
1.184717542292473382e+02
1.344540948442958097e+02
1.217178050411547474e+02
1.161803566988412513e+02
1.327096045932097184e+02
1.216375151124023262e+02
1.140361724911706887e+02
1.308620397408313636e+02
1.216144598964184809e+02
1.121116441951856331e+02
1.289172994563747636e+02
1.215281788028534322e+02
1.103035545834136428e+02
1.268941335746620496e+02
1.214673599280716161e+02
1.086976550121857485e+02
1.247742830193217998e+02
1.213483928318864713e+02
1.072886457929449477e+02
1.226320715548739742e+02
1.212358955063649262e+02
1.061027993545693136e+02
1.204097992958674723e+02
1.209886309199225849e+02
1.050408049872103788e+02
1.181512213599881562e+02
1.207076886385657133e+02
1.041891634070809403e+02
1.158573637129353102e+02
1.203448912520337046e+02
1.035668784544366048e+02
1.135892965466740492e+02
1.198521740770565458e+02
1.030319011947574097e+02
1.113061237845423932e+02
1.193022374255233586e+02
1.027183423954603256e+02
1.090573506286502123e+02
1.186013331920151046e+02
1.025098403418151491e+02
1.068799280103408336e+02
1.178160933013034111e+02
1.023928664049856678e+02
1.047098952381458616e+02
1.169001102765296878e+02
1.024041201665947511e+02
1.026588489490198839e+02
1.158876512134014263e+02
1.024866748158234202e+02
1.006920591478362752e+02
1.147670232522992109e+02
1.026297947047472121e+02
9.881675754683928403e+01
1.135257958184872109e+02
1.028313829654908034e+02
9.709670922611027777e+01
1.121774972381881241e+02
1.030181244416936579e+02
9.549275276685881408e+01
1.107508073565497426e+02
1.032377395655230430e+02
9.403782119898437486e+01
1.092154902535746572e+02
1.034352233253790416e+02
9.275358878089808456e+01
1.076097652146198413e+02
1.035947935292054609e+02
9.161340018668063578e+01
1.059323756313589371e+02
1.037266674418902426e+02
9.064770454353262608e+01
1.041817080253915719e+02
1.037836121313701057e+02
8.983737958312507033e+01
1.023797250891566932e+02
1.037795415560569694e+02
8.921205790989012030e+01
1.005504662855077385e+02
1.036809249829610025e+02
8.872315997046391089e+01
9.869831095510718910e+01
1.034997789476670675e+02
8.838373308928748884e+01
9.684323797139110468e+01
1.032306266704763260e+02
8.817555032341698507e+01
9.498043097055914075e+01
1.028589812038216706e+02
8.810897499042019376e+01
9.315704330483796980e+01
1.023837639711161529e+02
8.813685051486315558e+01
9.135973033043791247e+01
1.018035056609375175e+02
8.826650673425749005e+01
8.961614320701742997e+01
1.011094461647956706e+02
8.847097589467975354e+01
8.794811174827684397e+01
1.003131267295490545e+02
8.873681828913204583e+01
8.636759883465545329e+01
9.941191098770890733e+01
8.903711280513331872e+01
8.487723213972169845e+01
9.840774255368134504e+01
8.936650944662950735e+01
8.350437084477484007e+01
9.730795624185267911e+01
8.969867268058820287e+01
8.224667237074105230e+01
9.611457298161766971e+01
9.002577640279935167e+01
8.112656613486417712e+01
9.484004122041227447e+01
9.033004960082232060e+01
8.014196213562351545e+01
9.348299858276735108e+01
9.059286331459813368e+01
7.930358553400019161e+01
9.206286493028264317e+01
9.080764088128832157e+01
7.861198106102811778e+01
9.058605052277900427e+01
9.096062993893472992e+01
7.806661551114760300e+01
8.906523193361491053e+01
9.104220273145264741e+01
7.766299150324009304e+01
8.751287682289694203e+01
9.104481743994409726e+01
7.739459497011608846e+01
8.594245376910167522e+01
9.096403041797783828e+01
7.725253279883204982e+01
8.436107360772315644e+01
9.078912427494267945e+01
7.723027600052576247e+01
8.279385636911399615e+01
9.052366523700159462e+01
7.731220627396534439e+01
8.124222148340480487e+01
9.015434429555263307e+01
7.748505909451142770e+01
7.972940592424765782e+01
8.968375758579041701e+01
7.773109250227643940e+01
7.826845384323731025e+01
8.911551260196853264e+01
7.803898623674763257e+01
7.687087555401666350e+01
8.844409568069337979e+01
7.838854998673959074e+01
7.555373157834429776e+01
8.767840155857582829e+01
7.876804244400602784e+01
7.432731668777479683e+01
8.681761876250155296e+01
7.915991071714432792e+01
7.320490666419861725e+01
8.586875652900054945e+01
7.954980253014808511e+01
7.219445586421014127e+01
8.483585386372635639e+01
7.992373673594596539e+01
7.130596025821235173e+01
8.372714064281854007e+01
8.026819882948653628e+01
7.054328587867495060e+01
8.254933586147156177e+01
8.057158919795355700e+01
6.991126460792469288e+01
8.131227114398502920e+01
8.082403242886086048e+01
6.941153773633246260e+01
8.002481403913894553e+01
8.101420502828139547e+01
6.904201932032670186e+01
7.869856192495565494e+01
8.113433609671594127e+01
6.879809593640229082e+01
7.734482475108555377e+01
8.117810405533941776e+01
6.867346027802385322e+01
7.597467961089169819e+01
8.113935139302725474e+01
6.866032613650273220e+01
7.460089387323003507e+01
8.101286335671073857e+01
6.874831036920035388e+01
7.323788276421294086e+01
8.079622946768058966e+01
6.892460163948720719e+01
7.189726104257167094e+01
8.048669999388577878e+01
6.917705993982610835e+01
7.059347175673316599e+01
8.008276377157359605e+01
6.949003489627762065e+01
6.933965795360710160e+01
7.958638164569937601e+01
6.985112992549294120e+01
6.814900608426927420e+01
7.899808623721605727e+01
7.024491265936077866e+01
6.703344728080126913e+01
7.832036806972409693e+01
7.065721007638074980e+01
6.600453747916891700e+01
7.755667690032066730e+01
7.107352730070365965e+01
6.507205029475298375e+01
7.671228958946680621e+01
7.148185631391247341e+01
6.424523632164265052e+01
7.579250165049204213e+01
7.186898319305575455e+01
6.353038201066732427e+01
7.480396155656264057e+01
7.222358583358443695e+01
6.293228691269481345e+01
7.375426992705506279e+01
7.253536687747089218e+01
6.245359391851035014e+01
7.265155306644155075e+01
7.279426254011247011e+01
6.209407310857632467e+01
7.150542477464962587e+01
7.299252580828478187e+01
6.185168586227956666e+01
7.032574049281284090e+01
7.312279592614547141e+01
6.172175597073227493e+01
6.912321652866205568e+01
7.317918647626051154e+01
6.169770279142850455e+01
6.790918056445077866e+01
7.315697358880333923e+01
6.177112086734420870e+01
6.669520378328283527e+01
7.305198853687348048e+01
6.193172940983961183e+01
6.549391965201762389e+01
7.286201993059357562e+01
6.216812031482516687e+01
6.431764670584882992e+01
7.258536663340549921e+01
6.246743590064831864e+01
6.317890230514659322e+01
7.222244990593677016e+01
6.281725081217764739e+01
6.208921273381427142e+01
7.177308164096440635e+01
6.320417014270235967e+01
6.106077226999267538e+01
7.123923307247986259e+01
6.361528420397826267e+01
6.010497039015717036e+01
7.062337454117701441e+01
6.403720260143875009e+01
5.923189298464659913e+01
6.992887963634345283e+01
6.445671666295945101e+01
5.845049691919651735e+01
6.916104925647503876e+01
6.486205262259755955e+01
5.776803703089836262e+01
6.832648632455249071e+01
6.524322150873021542e+01
5.718959847320792278e+01
6.743147738502780442e+01
6.559092020565159942e+01
5.671727041743355358e+01
6.647853470045257041e+01
6.589196986293181624e+01
5.635436092452812318e+01
6.548203880144015443e+01
6.614452055731049995e+01
5.610158498780746328e+01
6.444649568938926620e+01
6.633683582053446059e+01
5.595533467669398675e+01
6.338246811383934443e+01
6.646263086572378143e+01
5.591045577718612236e+01
6.230103822789200763e+01
6.651702492998464322e+01
5.595905660994763764e+01
6.121288615236970543e+01
6.649667239113922790e+01
5.609241380359927120e+01
6.012876943504037541e+01
6.639911727583266554e+01
5.630094818906140830e+01
5.905950686580130338e+01
6.622240445801845965e+01
5.657434808747373722e+01
5.801641396501872805e+01
6.596506159146655079e+01
5.690111984029467607e+01
5.701126342159660254e+01
6.562674476706212090e+01
5.726888626506011803e+01
5.605584784745661153e+01
6.520870880929933833e+01
5.766491210661624933e+01
5.516066508049499362e+01
6.471317655083673515e+01
5.807713728415423304e+01
5.433542706149457757e+01
6.414308445721482599e+01
5.849407972390908128e+01
5.358897036064168873e+01
6.350189143803072511e+01
5.890455691711689923e+01
5.292912771164657926e+01
6.279394545030076102e+01
5.929791796241802615e+01
5.236249493035411717e+01
6.202457800138538602e+01
5.966385525919446309e+01
5.189362681843780933e+01
6.120037915447418442e+01
5.999332349660045338e+01
5.152483654648841593e+01
6.032843807579824613e+01
6.027831122843272027e+01
5.125643429490889247e+01
5.941646283332840284e+01
6.051202349111062517e+01
5.108700726848850593e+01
5.847246704980435084e+01
6.068824002555621178e+01
5.101345925992884389e+01
5.750530523131418903e+01
6.080138889025126048e+01
5.103062687165173372e+01
5.652473645584473161e+01
6.084700153206389217e+01
5.113138918793434584e+01
5.554107431008688422e+01
6.082187032424486972e+01
5.130705778347359569e+01
5.456466538908769337e+01
6.072375899577649960e+01
5.154787051462499647e+01
5.360591922459193626e+01
6.055148954991926757e+01
5.184365692686704818e+01
5.267520928242864642e+01
6.030436753027905183e+01
5.218369581835100490e+01
5.178309583719222786e+01
5.998240510887264065e+01
5.255668730909999908e+01
5.094017949629895980e+01
5.958675138447028985e+01
5.295098933788024453e+01
5.015635958883374457e+01
5.911974377623839416e+01
5.335533201634763856e+01
4.944049678740454112e+01
5.858458828196615542e+01
5.375907548989842866e+01
4.880018453875218398e+01
5.798500612831483636e+01
5.415232781286582053e+01
4.824202836887825185e+01
5.732527519236120384e+01
5.452569622848817943e+01
4.777148107534666366e+01
5.661044746142523820e+01
5.487017517364797925e+01
4.739239455206389096e+01
5.584663341590828622e+01
5.517740187220154269e+01
4.710640607844110406e+01
5.504089807804271572e+01
5.544022431739190182e+01
4.691299516128592728e+01
5.420078223045942423e+01
5.565267631904297474e+01
4.680985455511356719e+01
