1.330064495260718900e+02
8.726659020470650319e+01
5.217842921252567123e+01
1.325427058051169809e+02
9.380111182304726469e+01
4.608003963290327221e+01
1.316041639551597200e+02
1.001357002117866983e+02
4.028013086986701552e+01
1.301574727674648955e+02
1.062082310190970418e+02
3.513131270236244319e+01
1.282270200064404264e+02
1.120136985214269743e+02
3.113311619325391533e+01
1.257832923897856148e+02
1.174849232904362708e+02
2.896146585226997416e+01
1.228606666788199817e+02
1.226101471438958015e+02
2.915897268857312596e+01
1.194796879899010520e+02
1.273817734715000256e+02
3.174793546338125338e+01
1.156092932155370079e+02
1.317369581462835413e+02
3.628327792340132163e+01
1.113088902480306501e+02
1.356935470102489489e+02
4.217735221364129927e+01
1.065709565288828173e+02
1.392185399327171922e+02
4.894924252449461477e+01
1.013826389851132035e+02
1.422366574129751200e+02
5.621362611590934222e+01
9.584800449735587335e+01
1.448074639990852290e+02
6.381374514483741223e+01
8.993862642889141057e+01
1.468526941901754412e+02
7.155226471589975290e+01
8.375909948037836728e+01
1.484067502141719501e+02
7.933563788850821652e+01
7.732439494481964459e+01
1.494541064562689030e+02
8.711455442425517504e+01
7.068713932468671146e+01
1.499500582434604894e+02
9.479888327302451501e+01
6.398433427560995312e+01
1.498952920658080359e+02
1.023083669938056488e+02
5.736054958536708170e+01
1.493282850971823734e+02
1.096538173350946863e+02
5.095248293239313853e+01
1.481818877541576285e+02
1.167539641926358058e+02
4.513833066918087411e+01
1.464825345779572956e+02
1.235697262288264966e+02
4.034876253824567982e+01
1.442244643229550434e+02
1.300406145738822090e+02
3.714132278369217488e+01
1.414665628873181618e+02
1.362281280168992907e+02
3.619211580081072555e+01
1.381340804125566422e+02
1.419849268337190722e+02
3.766372832238779722e+01
1.342900862926202308e+02
1.473796480282046559e+02
4.156914313511614978e+01
1.298764521101517460e+02
1.522538046235953573e+02
4.722904178432952449e+01
1.250032521601712574e+02
1.566643072659646521e+02
5.414462606299397152e+01
1.197340031539870182e+02
1.606563988189155339e+02
6.190284216875338785e+01
1.139994991145229051e+02
1.641832514143380024e+02
7.031536975997487104e+01
1.077581202496899664e+02
1.670642589790931822e+02
7.899016124248019821e+01
1.011805201102961860e+02
1.693759197406316446e+02
8.783330600923237341e+01
9.434845878064483315e+01
1.711066941895552702e+02
9.669940991854718959e+01
8.744158909328024265e+01
1.723845145031857840e+02
1.055870406826084320e+02
8.025075692310282705e+01
1.730392719998257292e+02
1.145038385245708525e+02
7.316049961564661430e+01
1.730058770660873790e+02
1.231384715050114522e+02
6.646454464537875140e+01
1.725637463491341634e+02
1.317693282347887020e+02
6.001391000123044961e+01
1.712271196947194483e+02
1.399356750850746209e+02
5.471870897415663393e+01
1.694802273185589740e+02
1.479960654599846919e+02
5.084111393772743526e+01
1.669940857710487876e+02
1.556503161107021640e+02
4.906790110648224612e+01
1.638768472971769938e+02
1.628845585050629552e+02
4.977610144806775594e+01
1.601574342177293033e+02
1.696425978828349344e+02
5.282245428020465994e+01
1.558733592869621134e+02
1.760008438652146481e+02
5.822406889323232093e+01
1.510876679796266444e+02
1.819093308055853413e+02
6.531652996211875006e+01
1.457471687581671915e+02
1.872997400100834398e+02
7.363122524047744832e+01
1.398515781045214510e+02
1.921219184322484637e+02
8.294688276737718979e+01
1.336170812729828015e+02
1.963982158976523920e+02
9.281226697935538539e+01
1.271270377738933917e+02
2.002762564152411642e+02
1.032185362560947794e+02
1.200278479133685465e+02
2.032503351326585062e+02
1.136576468880035833e+02
1.132266675049019113e+02
2.061746644643743025e+02
1.247000922426458089e+02
1.057009379654751910e+02
2.080325667098690303e+02
1.358276476112102102e+02
9.848474521689450967e+01
2.088485262610279563e+02
1.461766727260496452e+02
9.226396696642625272e+01
2.100010757306704932e+02
1.572436688936958546e+02
8.580675590135670916e+01
2.099412057557617857e+02
1.681403048298436715e+02
8.119826442039321535e+01
2.095148023839367966e+02
1.790094294753150450e+02
7.744256313701835381e+01
2.076809651936949592e+02
1.890276387629783983e+02
7.662999925624649222e+01
2.059990489368655062e+02
1.991281990382584581e+02
7.748590974606521797e+01
2.036260136710372421e+02
2.092405944355413681e+02
8.083398164690454735e+01
1.999722287225119999e+02
2.185107430476985826e+02
8.762310497405849219e+01
1.966415275696335812e+02
2.277004039332175864e+02
9.581610501216187004e+01
1.927134541146084246e+02
2.366840068536491799e+02
1.061125081321889638e+02
1.887306848013157605e+02
2.457763372995410407e+02
1.182760352325060325e+02
1.844443628820379786e+02
2.548971987207336269e+02
1.322974772116388351e+02
1.791223579085704216e+02
2.627645414626589968e+02
1.468916398374981611e+02
1.734088321890118038e+02
2.694328992508295073e+02
1.618056410906407336e+02
1.699927604270520476e+02
2.779165594945359885e+02
1.792646329955909152e+02
1.667621817764935201e+02
2.858834156281270111e+02
1.972975225181545227e+02
1.633742491855063008e+02
2.932283730983863279e+02
2.168391457007336953e+02
1.619703475356095623e+02
2.998548155625060758e+02
2.362142914607603643e+02
1.624548763160359783e+02
3.075179332246427180e+02
2.582633631754632688e+02
1.657351951037866797e+02
3.146565299116874144e+02
2.815467964950709074e+02
1.736142443276465599e+02
3.229819935686179520e+02
3.072450001852985224e+02
1.842871327757988809e+02
3.289560323292323574e+02
3.322222277123671574e+02
2.006354276350201928e+02
3.392592756757049983e+02
3.638388772197275216e+02
2.236247671643022557e+02
3.453201897348771467e+02
3.925647679123594003e+02
2.522041260655832104e+02
3.564403655932616743e+02
4.272342451322875831e+02
2.873238428718862565e+02
3.635362684951331289e+02
4.594117016640372526e+02
3.289384824429523633e+02
3.737349515480308355e+02
4.913988879397270466e+02
3.718413992187005874e+02
3.807842260247984427e+02
5.222709462695453340e+02
4.208166407888423350e+02
3.774518096532088407e+02
5.330170131756559613e+02
4.601008306816981985e+02
3.652778273949361960e+02
5.178093138599767826e+02
4.769967503182297719e+02
3.463023208212138684e+02
4.879130923371880613e+02
4.799188929984264291e+02
3.216678861290266696e+02
4.427334983532904289e+02
4.693731118335176689e+02
2.959968836402588863e+02
3.842906060241917885e+02
4.439361766685027533e+02
2.728925317665367061e+02
3.249416226405098769e+02
4.122784593454685478e+02
2.541937662964527078e+02
2.683497411202387752e+02
3.754919493092893390e+02
2.337859829852126836e+02
2.210686822520247574e+02
3.475885565261260695e+02
2.243334124203749127e+02
1.758844626044018753e+02
3.172982196095571226e+02
2.162601203936644367e+02
1.423678650166282296e+02
2.923574476345363564e+02
2.091279308112768263e+02
1.105428415942276530e+02
2.708343291499528505e+02
2.065731708788300978e+02
8.435157664776725994e+01
2.495851274255219039e+02
2.023561018300576677e+02
6.357646192056392209e+01
2.310203460945018321e+02
1.968053422396628207e+02
4.317999928374290874e+01
2.183432441981418322e+02
1.977257623707081393e+02
2.689535600526105696e+01
2.024057654009406519e+02
1.939072932121395070e+02
1.637370665628150235e+01
1.918064406653261642e+02
1.933610616420039037e+02
1.197818077247732482e+01
1.816458793552691873e+02
1.936184146130413239e+02
1.938727275977978692e+01
1.699643242791696309e+02
1.913246316110217435e+02
2.891016984637100506e+01
1.613959162639970657e+02
1.903783562772671871e+02
3.756519493272656973e+01
1.533804389857418471e+02
1.893582425849291440e+02
4.499180963473141048e+01
1.473457079497987365e+02
1.906528051605590974e+02
5.514216242210871854e+01
1.392406160825451025e+02
1.892370164204656362e+02
6.210184586463298473e+01
1.337838295722913813e+02
1.899163834638984270e+02
7.033929140435864724e+01
1.266132391803897974e+02
1.882141344834538472e+02
7.582324601783656703e+01
1.231796184066849094e+02
1.901833408094336733e+02
8.411109138787558948e+01
1.166120332842258591e+02
1.892371159076241156e+02
9.073612002251758213e+01
1.129833337131992721e+02
1.895892084939561357e+02
9.654217670341506619e+01
1.092930560413520311e+02
1.911274922038025466e+02
1.039141078134116327e+02
1.031693782743248704e+02
1.897883612708824614e+02
1.088282750149796954e+02
9.988476560749893451e+01
1.906893187017870730e+02
1.151797161201916140e+02
9.608457103876561689e+01
1.912050098916373884e+02
1.212572267837134632e+02
9.259615732221477913e+01
1.924133294724564394e+02
1.286519596352806616e+02
8.756006265176328895e+01
1.905169660971621397e+02
1.321409715603238624e+02
8.476426951105221974e+01
1.923394523646610423e+02
1.393620316554723786e+02
8.069744456459741855e+01
1.920859987412837881e+02
1.449245137917322381e+02
7.747689936361670959e+01
1.933261943163988974e+02
1.524040891001223201e+02
7.350251607634052675e+01
1.930630782472681801e+02
1.592676115175011944e+02
6.988751157987056217e+01
1.919119887768295882e+02
1.652432478810172825e+02
6.780427926993641563e+01
1.915491804092903863e+02
1.717740336387913374e+02
6.636136068117122022e+01
1.908521043030883959e+02
1.775942810553169977e+02
6.345049825843250346e+01
1.902605656892311856e+02
1.842960963654839190e+02
6.296423726282755950e+01
1.910882093163829154e+02
1.934269851586344373e+02
6.431288398568362652e+01
1.898281657637209889e+02
2.010174103040478144e+02
6.396770165267999886e+01
1.878359264329566827e+02
2.098293324753181537e+02
6.935965496151140997e+01
1.845395090099304980e+02
2.165037321927884193e+02
7.145456749348764447e+01
1.798358450665814985e+02
2.232921383937762414e+02
7.892391781459129163e+01
1.764476803292902787e+02
2.305631344023936720e+02
8.710845336559957275e+01
1.727964963505343405e+02
2.381754664916470290e+02
9.554463778713127908e+01
1.670047983616535134e+02
2.449133861785842896e+02
1.054425482604533784e+02
1.613567206200754924e+02
2.520018707376183329e+02
1.164254268005504542e+02
1.544227935495139832e+02
2.589064955694604464e+02
1.292971032098226658e+02
1.469537256643231444e+02
2.654712913282932050e+02
1.429842513616290205e+02
1.381827523430536644e+02
2.713835617224841599e+02
1.574949386066673753e+02
1.275574664922730079e+02
2.756489047179597947e+02
1.716592826223646568e+02
1.166935056364200420e+02
2.798558912732972885e+02
1.871337634442997739e+02
1.057206705508314144e+02
2.832373036918714320e+02
2.023857275619677694e+02
9.270276862814030494e+01
2.856755967588652538e+02
2.184847020707154286e+02
7.991374274582686610e+01
2.869659887522037138e+02
2.343488112075982599e+02
6.699391508802139583e+01
2.877028480076182291e+02
2.510942737282713892e+02
5.439427907330519929e+01
2.861602536752962465e+02
2.666764805125878297e+02
4.607206699858971177e+01
2.846521300209313381e+02
2.833117196283298540e+02
4.270494377719796830e+01
2.800879715295033634e+02
2.980805152064925778e+02
4.901680989927159970e+01
2.754002018744561155e+02
3.131468896934052850e+02
6.216900520919568152e+01
2.694903065132018014e+02
3.281329732185908483e+02
7.952619416133755692e+01
2.612125780446563681e+02
3.417340128248112592e+02
9.940154383284777850e+01
2.521509541188759727e+02
3.551008424052151895e+02
1.210777181314594202e+02
2.409036030692086285e+02
3.670411662449317305e+02
1.435817879086336575e+02
2.285416901145796089e+02
3.782322873095583873e+02
1.669443861386887988e+02
2.148840822462203448e+02
3.888095607467732293e+02
1.915722365151740405e+02
1.995699468698672661e+02
3.982781262137688145e+02
2.168706444066535255e+02
1.818981752339709885e+02
4.059337108834239416e+02
2.425160622086923183e+02
1.631295379692920164e+02
4.118118962149827667e+02
2.672672456666925314e+02
1.438274651224343756e+02
4.177194365174339623e+02
2.936625310135597715e+02
1.222157579806180934e+02
4.214971354832763950e+02
3.198204717189667008e+02
9.919075285482750814e+01
4.236634529492175147e+02
3.459916372550897563e+02
7.522380055438786428e+01
4.241788143294436395e+02
3.720680434894269979e+02
5.079749948026717021e+01
4.229651878227821271e+02
3.981375805191921131e+02
3.030118007691463333e+01
4.194873026059673293e+02
4.233945395079468881e+02
3.045352691041016513e+01
4.144698877764370195e+02
4.485261003296967601e+02
5.324526327876464649e+01
4.071455512521552578e+02
4.729081447925674979e+02
8.351165784057607766e+01
3.976510124796843115e+02
4.963052694460648127e+02
1.161032096319878093e+02
3.866147899384285438e+02
5.195542866040381114e+02
1.511347597314585585e+02
3.730016208885056130e+02
5.418190505346107102e+02
1.879898816978406444e+02
3.567466299736310020e+02
5.625763862035001921e+02
2.257224695651988782e+02
3.384573085235440999e+02
5.823118318678125434e+02
2.645994198511849618e+02
3.183165844999588785e+02
6.016017566907528362e+02
3.055778233272889111e+02
2.949224056908545890e+02
6.190106701350005096e+02
3.474237931935592201e+02
2.691555285111306262e+02
6.352867120398512952e+02
3.910090667709084187e+02
2.399390954897255313e+02
6.490671155191607795e+02
4.348879678804059949e+02
2.086256620032627609e+02
6.614444203643115543e+02
4.798272599072955131e+02
1.747361620023245052e+02
6.725030042306262885e+02
5.265111344485563905e+02
1.372126598403708044e+02
6.809717110560961828e+02
5.738520358224672009e+02
9.678653773556970918e+01
6.871883803858257806e+02
6.219587347627573308e+02
5.421241379403147675e+01
6.916448203872737395e+02
6.717541314485033581e+02
1.481993146454946420e+01
6.927960576482579427e+02
7.218937480732137146e+02
4.851432961897133112e+01
6.915796999016998825e+02
7.734938752502117723e+02
1.031558024224878949e+02
6.858202214084417392e+02
8.236580048576323634e+02
1.593937242410221415e+02
6.803356741725533539e+02
8.783117620088929698e+02
2.234140546158627387e+02
6.688142201921471042e+02
9.320564039646238825e+02
2.908898100358698571e+02
6.544365105356123422e+02
9.875027516697615511e+02
3.639767174129072487e+02
6.354202470102484313e+02
1.043587651844509310e+03
4.422202728369077818e+02
6.121749634524578596e+02
1.101011154932967202e+03
5.265247432615684602e+02
5.840300377890125674e+02
1.159914801772951932e+03
6.177440316792688009e+02
5.501766666611999881e+02
1.220138901318043054e+03
7.163195794388932427e+02
5.102969185825711520e+02
1.282303130605620709e+03
8.237639268490117956e+02
4.628661759184183211e+02
1.345663648469064810e+03
9.399537177519598572e+02
4.084824474487411408e+02
1.412156236458242574e+03
1.067669016022367714e+03
3.452622298117880746e+02
1.482286792684301417e+03
1.209463690427237680e+03
2.706887457743100640e+02
1.555317916451642532e+03
1.365761092083250105e+03
1.862431787464121840e+02
1.637693085751597891e+03
1.548066059032093563e+03
7.902880052123636290e+01
1.717764525207177940e+03
1.746850761643852366e+03
4.440318023436162065e+01
1.809297240049769471e+03
1.976884681361783350e+03
1.849135073992878802e+02
1.916541850129504155e+03
2.253578639529090196e+03
3.644210953661973349e+02
2.032310063877022912e+03
2.579220424176616234e+03
5.817683416668147629e+02
2.172286698837802305e+03
2.983388774266672954e+03
8.606540393713353296e+02
2.339713394072819938e+03
3.495457273031225668e+03
1.226064689865685523e+03
2.548375938750383284e+03
4.166288634578949313e+03
1.711997827904232963e+03
2.848557955186357958e+03
5.132879814969041036e+03
2.443538130483701480e+03
3.259389878715638133e+03
6.579721192540368065e+03
3.566657851088471944e+03
4.004008129112244205e+03
9.204298319968960641e+03
5.770949491492872767e+03
5.427891470211411615e+03
1.507978858394263261e+04
1.153184818554823869e+04
9.884661153468787234e+03
4.145858252414930757e+04
6.681730175466397486e+04
7.142146303829524550e+04
5.255753730204271415e+04
2.122703990109548613e+04
5.489476468447722254e+03
1.571642915236261615e+04
9.770970626636004454e+03
2.255471705827318601e+03
9.115587124207931993e+03
6.595070993792814988e+03
1.092104946820701571e+03
6.342753016705858499e+03
5.115318751808358684e+03
4.559724843228472082e+02
4.760467506878441782e+03
4.205863880697385866e+03
1.208384803713326932e+02
3.765838197509257498e+03
3.615160530709565592e+03
2.066582358958677048e+02
3.055064975129525010e+03
3.175549869623400355e+03
3.719468180930672929e+02
2.532263070604639779e+03
2.842975587126608389e+03
5.028132774934346685e+02
2.124588666630269927e+03
2.577637507538773662e+03
6.061697117453142027e+02
1.794016970812987438e+03
2.355305023565696501e+03
6.839520024738052371e+02
1.524620431047226248e+03
2.171265620887392288e+03
7.514743463790395026e+02
1.291396209734299646e+03
2.006304343909070212e+03
8.024761743112615022e+02
1.091856915787498110e+03
1.858637649823007905e+03
8.394988828332897128e+02
9.231444721810694318e+02
1.731650442297818017e+03
8.741337832563672237e+02
7.694565746826955319e+02
1.612009626898136275e+03
8.989604534485019940e+02
6.339257363351364347e+02
1.501989114334872738e+03
9.174233540670792308e+02
5.128853891747249918e+02
1.400082237166683854e+03
9.311330244355769992e+02
4.028622802363933033e+02
1.303266612780105561e+03
9.386131092769915085e+02
3.050461917859243499e+02
1.213265948712474255e+03
9.428531100559852121e+02
2.158420499668912669e+02
1.127574630183373756e+03
9.430981831259391583e+02
1.356216361303524423e+02
1.046126656279073586e+03
9.400903153711252571e+02
6.599718076121658328e+01
9.681004436901311010e+02
9.337742578146883261e+02
3.714063317205540216e+01
8.934214411434244312e+02
9.246293391674020086e+02
8.293263987547712190e+01
8.217968780779879125e+02
9.129842620712440748e+02
1.371692907482966746e+02
7.527639751703809452e+02
8.987215236381179011e+02
1.880009841289328278e+02
6.870173485695059981e+02
8.834695036749563997e+02
2.365999394281656976e+02
6.215284130873891399e+02
8.638464995661963712e+02
2.789133879580670623e+02
5.600445924531301216e+02
8.435286276775952956e+02
3.179992031685225129e+02
5.005394786625137158e+02
8.214676084519081769e+02
3.533698528200679903e+02
4.431363390169642003e+02
7.978640553383637553e+02
3.852699111484722607e+02
3.877187543393444571e+02
7.727126215155561795e+02
4.136727808544654863e+02
3.344549386990066182e+02
7.463402542274562848e+02
4.389021754669752227e+02
2.831505027172125892e+02
7.187363048024642467e+02
4.610014727033681083e+02
2.339011059929188718e+02
6.900939266345673104e+02
4.801652933009513617e+02
1.866733099460815595e+02
6.604758050627322064e+02
4.964751130416978526e+02
1.415825261932505725e+02
6.300025031467437202e+02
5.100312146785773280e+02
9.889004624879662231e+01
5.988288766402591818e+02
5.209943532791862708e+02
5.943094794310491835e+01
5.670296548992201906e+02
5.294431772475156777e+02
2.870033453209049767e+01
5.347345478709132749e+02
5.355052894003479196e+02
3.454712150254798786e+01
5.020325441968851123e+02
5.392692074752153530e+02
6.481979982479006708e+01
4.690329800127386193e+02
5.408427053029848821e+02
9.712769106525711038e+01
4.358329506079878115e+02
5.403244886505157183e+02
1.284444107521959211e+02
4.025202543821311565e+02
5.378017434425624970e+02
1.581956933977222661e+02
3.691912682211864194e+02
5.333505752093533374e+02
1.861442714856203793e+02
3.359836620715850017e+02
5.271331523060231348e+02
2.123181806262200269e+02
3.029179053149429137e+02
5.191613436810130224e+02
2.365939872569139482e+02
2.701660503401890878e+02
5.096128431622369135e+02
2.590409545766710266e+02
2.377482884147146933e+02
4.985226116572718524e+02
2.796113266757830047e+02
2.058144043394734410e+02
4.860474136693212017e+02
2.983874155651381557e+02
1.743436635617851209e+02
4.721447249591973900e+02
3.152220082503436061e+02
1.436301107457251192e+02
4.571168671288811538e+02
3.303556853107011193e+02
1.136132146453456926e+02
4.408525751711143243e+02
3.436038711778074912e+02
8.444438874073206591e+01
4.235103769697785197e+02
3.550734078804734395e+02
5.687181078933257083e+01
4.052579538026366777e+02
3.648155799969438249e+02
3.223249996547536256e+01
3.861163394107770728e+02
3.728245117064910801e+02
2.032306931245149428e+01
3.662153307587297490e+02
3.791679584274632475e+02
3.473065884578188189e+01
3.456375136738824381e+02
3.838992122787173003e+02
5.718130029076717591e+01
3.244070089489381417e+02
3.869753859267971166e+02
8.022824390970544073e+01
3.026938573392873195e+02
3.885112310485398552e+02
1.027307927457359114e+02
2.805430974267692932e+02
3.885153439234524626e+02
1.243121073155711542e+02
2.580705572622064778e+02
3.870623371172786733e+02
1.448507098057536382e+02
2.353439068974781208e+02
3.841844968907051339e+02
1.642424693143083232e+02
2.124778016235750044e+02
3.799759527264158123e+02
1.824878738858064651e+02
1.895063418449653625e+02
3.744393497421805819e+02
1.994999712036619712e+02
1.665492603281571178e+02
3.676571663974660282e+02
2.152676287899106171e+02
1.436956044537216712e+02
3.596916293456408766e+02
2.297717890460016577e+02
1.210238724224374067e+02
3.505930073552501085e+02
2.429874346956599425e+02
9.865704616601107091e+01
3.404377854838139683e+02
2.549161931484912316e+02
7.672714391638577069e+01
3.292809349875725502e+02
2.655427693776000524e+02
5.549643650972736708e+01
3.172031732161448190e+02
2.748818589657445273e+02
3.559210515613958137e+01
3.042551822070389562e+02
2.829240030889127411e+02
1.993386997329091415e+01
2.905102717431620931e+02
2.896772184917545019e+02
2.024239582469702015e+01
2.760388633481602483e+02
2.951529653158900146e+02
3.513179921722060328e+01
2.609125757019380103e+02
2.993674001453917981e+02
5.285975111856379982e+01
2.452028565252252577e+02
3.023415394406119958e+02
7.076721094586831384e+01
2.289776914444651368e+02
3.040962007598498644e+02
8.826288556512355399e+01
2.123040912801510558e+02
3.046511187728298751e+02
1.051278763154681855e+02
1.952562656514223818e+02
3.040325421512889079e+02
1.212431571578452463e+02
1.779174876214075027e+02
3.022889647531829951e+02
1.365603361763470502e+02
1.603417477640976756e+02
2.994372367858105690e+02
1.510126199768476454e+02
1.426118332785693781e+02
2.955223544046515940e+02
1.645664095451266462e+02
1.247991327274285567e+02
2.905821787500912023e+02
1.771892633939363009e+02
1.069806513283177765e+02
2.846566024750218276e+02
1.888528018616700308e+02
8.924502497158557901e+01
2.777903671982343212e+02
1.995353632781219346e+02
7.169980999780308650e+01
2.700291339633848224e+02
2.092176051543612516e+02
5.450777344326082385e+01
2.614254728601666784e+02
2.178906110958777163e+02
3.799257266082435791e+01
2.520287612610585768e+02
2.255466839003647692e+02
2.319921594467865589e+01
2.418887060832590521e+02
2.321798629231690541e+02
1.511404929282105769e+01
2.310565954186191675e+02
2.377865456682805245e+02
2.191593919689920611e+01
2.195869286844260841e+02
2.423672789439972917e+02
3.540487912998819553e+01
2.075367629500973976e+02
2.459271954355976391e+02
5.001993434178227460e+01
1.949670821241174963e+02
2.484800812483223922e+02
6.461951031363751952e+01
1.819336167388246395e+02
2.500391598591160687e+02
7.887481237548283275e+01
1.684918011883752058e+02
2.506188595806968920e+02
9.264347274392601150e+01
1.546966724085004330e+02
2.502324123720670741e+02
1.058376006916768119e+02
1.406093835185970420e+02
2.488984027455273633e+02
1.183930634970265174e+02
1.262959822064603941e+02
2.466430308155969158e+02
1.302619745783619010e+02
1.118247482604310790e+02
2.434993838160566781e+02
1.414099484890755321e+02
9.726304057463853781e+01
2.395050046135881701e+02
1.518164081188324701e+02
8.267328984184042895e+01
2.346913246259849757e+02
1.614642067618092369e+02
6.812311478359762873e+01
2.290747223495268656e+02
1.703157304270240218e+02
5.373696345396857765e+01
2.227024199996951666e+02
1.783649317628033657e+02
3.969306128844088022e+01
2.155966701102707361e+02
1.855843071778190847e+02
2.646935623039404106e+01
2.077860636558183387e+02
1.919334543087803411e+02
1.588674284567288630e+01
1.993569617117475730e+02
1.974483742684278980e+02
1.457705155528148921e+01
1.903288139065973894e+02
2.021076438471736196e+02
2.363231275220109495e+01
1.807547476344130644e+02
2.059183361933959304e+02
3.555030148533324308e+01
1.706753763030657183e+02
2.088803193239709515e+02
4.793968248587376024e+01
1.601345298432782727e+02
2.109948196640771414e+02
6.022924319693575512e+01
1.491797156869653236e+02
2.122666164229676724e+02
7.221112136026570738e+01
1.378624854292513362e+02
2.127059614676198009e+02
8.377870538171795545e+01
1.262367507661390249e+02
2.123297538529598398e+02
9.486793333107814874e+01
1.143537076370535743e+02
2.111560054784237082e+02
1.054333678123176554e+02
1.022631652193970808e+02
2.092017196721341747e+02
1.154365403000478096e+02
9.001822651785218454e+01
2.064852320678791386e+02
1.248427671825675418e+02
7.767869995234599401e+01
2.030288396232118373e+02
1.336219017491207239e+02
6.531309827278791147e+01
1.988588790533495398e+02
1.417490230052782749e+02
5.300605119105882324e+01
1.940050001659244288e+02
1.492047948403636894e+02
4.088078614294754942e+01
1.884976283162709194e+02
1.559732753723241103e+02
2.918207362882693445e+01
1.823675454450134339e+02
1.620405378769449101e+02
1.863570459218743380e+01
1.756460882540427235e+02
1.673933656375950250e+02
1.227403353792187524e+01
1.683682662982617728e+02
1.720223767143262137e+02
1.580191837844103731e+01
1.605712324537209099e+02
1.759216570956676264e+02
2.506934969493637055e+01
1.522943672800885224e+02
1.790897242815643153e+02
3.560233986443569165e+01
1.435768543417299270e+02
1.815272629095030368e+02
4.630803767686271044e+01
1.344580974996436282e+02
1.832366104520860404e+02
5.686952396262094567e+01
1.249784564969833980e+02
1.842217229243136671e+02
6.715073633540376363e+01
