1.674889976642040210e+02
1.777647474568314578e+02
1.736933113300941329e+02
1.696484544042030791e+02
1.801194798496354679e+02
1.769796357783119163e+02
1.718482098704653538e+02
1.824503297246844511e+02
1.804325884192577405e+02
1.742866889283051819e+02
1.848624492500343024e+02
1.841444564263308052e+02
1.770716267241419075e+02
1.870737752453849225e+02
1.871830799473248419e+02
1.792401666913796987e+02
1.892771589584080516e+02
1.910283868594648311e+02
1.824257316280309169e+02
1.917934348201885939e+02
1.947954928656875211e+02
1.856077947558775918e+02
1.943232401572010133e+02
1.987434738658136268e+02
1.892061328078884799e+02
1.970758638946701353e+02
2.026891013430275450e+02
1.926895152410877472e+02
1.996123992966506364e+02
2.066921077873022909e+02
1.965931827644493808e+02
2.023470776793562038e+02
2.106608212766024053e+02
2.005238152413645878e+02
2.050891027250131344e+02
2.148163303309112848e+02
2.049926090581013796e+02
2.081836232117746874e+02
2.190324592443788561e+02
2.095747658662757829e+02
2.113725479045199620e+02
2.233847378649391260e+02
2.144853672588271536e+02
2.146758345478338015e+02
2.276899955779587401e+02
2.197076008498193289e+02
2.184410756107170926e+02
2.322365548080207986e+02
2.250677167044326552e+02
2.221344421324707525e+02
2.366846222723175970e+02
2.307407501085463366e+02
2.262062958085516868e+02
2.412134520214320901e+02
2.366474999419093024e+02
2.306791714675378273e+02
2.459099465537054527e+02
2.426574973228782142e+02
2.353552399328770264e+02
2.509789032923908110e+02
2.493217229759204656e+02
2.404664507604977075e+02
2.559955839958816171e+02
2.561192613763590202e+02
2.460352152619218487e+02
2.613632035469050265e+02
2.633366211719600756e+02
2.519900414251962104e+02
2.666781054424554327e+02
2.704684616687158609e+02
2.582304709562469043e+02
2.725896410263163716e+02
2.783817637758411365e+02
2.647397330947501928e+02
2.780230495599504934e+02
2.864538666337654718e+02
2.726346487970091630e+02
2.846930105075578012e+02
2.950116883030789268e+02
2.806079610048457766e+02
2.913499625248230700e+02
3.038624116559680033e+02
2.890340111526036253e+02
2.981726195274777638e+02
3.132093496284714433e+02
2.985959870240049554e+02
3.059497800774869347e+02
3.233300888971789391e+02
3.088034960099841442e+02
3.134865591439516379e+02
3.332252125408423353e+02
3.202420945707683586e+02
3.230301622119629315e+02
3.447052671970863571e+02
3.328427254619669498e+02
3.327307493143295574e+02
3.553393414082492541e+02
3.449087631566994787e+02
3.431984615797521201e+02
3.674235123443549469e+02
3.583637012430212394e+02
3.550786918822932989e+02
3.816992854717858563e+02
3.745385965757901090e+02
3.686945571449214185e+02
3.964170782263960859e+02
3.899903429570273943e+02
3.804862893738796856e+02
4.112107426102923000e+02
4.094793473176920884e+02
3.970003882861389570e+02
4.274901404782710301e+02
4.289939602249532982e+02
4.142630837625536060e+02
4.451297233687753874e+02
4.504273966918337919e+02
4.340824465772874419e+02
4.652818404801840302e+02
4.738962903712833281e+02
4.553859422498792924e+02
4.878425069998448862e+02
5.017659447809745643e+02
4.806769920823214761e+02
5.114856470044306889e+02
5.302541476304893422e+02
5.090213528430007841e+02
5.403533080365489241e+02
5.636791440330529213e+02
5.397758432525799890e+02
5.704981285316858930e+02
6.003738000881480730e+02
5.753092820305568011e+02
6.062066394491860137e+02
6.450675047242510800e+02
6.191983119638837252e+02
6.464624314214663627e+02
6.934364769827386681e+02
6.692925229170206194e+02
6.939701540683190615e+02
7.480807352789738616e+02
7.262514152339534803e+02
7.550250200186152369e+02
8.241229476050781386e+02
8.023264747123000689e+02
8.236620832598340485e+02
9.071344667764027463e+02
8.959383513058057815e+02
9.193219493097999475e+02
1.018599692073251845e+03
1.012043637179564939e+03
1.028127025740903264e+03
1.143090740446760947e+03
1.147867604167396166e+03
1.174471611946552684e+03
1.334087427822847076e+03
1.366055708913758281e+03
1.390907594783072909e+03
1.587648729814374065e+03
1.656913274420573316e+03
1.701308198929352329e+03
1.977320389469260135e+03
2.128087455868119832e+03
2.231083689317383687e+03
2.653384433484010515e+03
2.955182640696067665e+03
3.204436576014419643e+03
4.049431481133774923e+03
4.918922959282873308e+03
5.822868430211321538e+03
8.189444608474298548e+03
1.127459565909637786e+04
1.276477778588106230e+04
1.153335553471037019e+04
8.474416454627593339e+03
5.870348056924078264e+03
4.849964553132385845e+03
4.023142960654565286e+03
3.105312196593703447e+03
2.788745109926767327e+03
2.517460015756538269e+03
2.054365955308093817e+03
1.916202332934557717e+03
1.816113860359005230e+03
1.531620285222196799e+03
1.449592199050251565e+03
1.413465591546537780e+03
1.216884788002965024e+03
1.155710900060582617e+03
1.145711060534408716e+03
9.980181223309607503e+02
9.507271819467089244e+02
9.621913997987438734e+02
8.487297761072072717e+02
7.991244699107807037e+02
8.159843077355659489e+02
7.338227943678147085e+02
6.951414300987951265e+02
7.123753690231411611e+02
6.403872856941260352e+02
6.043267763296113344e+02
6.297635965257719590e+02
5.723782794198826878e+02
5.343086114616787654e+02
5.604795393056965622e+02
5.132549421747869474e+02
4.694483411513684814e+02
4.924119127424401654e+02
4.575628219530267415e+02
4.181382398032859555e+02
4.414809073507345261e+02
4.168421347688658898e+02
3.793548992782268670e+02
3.967631013178828994e+02
3.767556269897677907e+02
3.472571956768644554e+02
3.683931749052412101e+02
3.498036872774168273e+02
3.135050434357670497e+02
3.317870372356663893e+02
3.227013681899883295e+02
2.931185102561956342e+02
3.084791231603970800e+02
2.967867287156105931e+02
2.624756900545014560e+02
2.771980628521027370e+02
2.709059093071239772e+02
2.374824380549695206e+02
2.533366646654189083e+02
2.551271476144929693e+02
2.240711940406368115e+02
2.340324718162952990e+02
2.380549414737902225e+02
2.122416170668604707e+02
2.217343765746823010e+02
2.250592643557615986e+02
1.954923574054406572e+02
2.000177973532881879e+02
2.068777561263169389e+02
1.818274356396474332e+02
1.860440275257402050e+02
1.957645993991782802e+02
1.740488167494499692e+02
1.732946291212135748e+02
1.783989883829566736e+02
1.577072067854451234e+02
1.637457017957148082e+02
1.754069094763399903e+02
1.537829999916989436e+02
1.510068170202125657e+02
1.615534192577686099e+02
1.438327178077938413e+02
1.423199491203984337e+02
1.536408410258513868e+02
1.357775635007969299e+02
1.301058078041676254e+02
1.416232457285413489e+02
1.281301065972114088e+02
1.238978085429080522e+02
1.340722955274950152e+02
1.204089845775659597e+02
1.167131159294267775e+02
1.275106715431167714e+02
1.127543200226119353e+02
1.081274203184360232e+02
1.234635129462028118e+02
1.140992207358940789e+02
1.085334925248736937e+02
1.192568339867150939e+02
1.047659839216991458e+02
9.498075084335371798e+01
1.108446330104466711e+02
1.023859007332735160e+02
9.130617199718612653e+01
1.055300417231517685e+02
9.901074105705761497e+01
8.597056132411755414e+01
9.870761100194170012e+01
9.609018062182974518e+01
8.561329804029672630e+01
9.557064065344417259e+01
9.208557031815392691e+01
8.450709732294482990e+01
9.799051817176211898e+01
9.409446477333904113e+01
7.872267911339116608e+01
8.864741001378371266e+01
8.964719355237137677e+01
7.944118177752179122e+01
8.949648627149876745e+01
8.897610673716459928e+01
7.379569392642342507e+01
8.227900627870940298e+01
8.666997903783006052e+01
7.262597000037203543e+01
7.606988457233508427e+01
8.222611112050772419e+01
7.263731852169776460e+01
7.379829346110219035e+01
8.012283332226162713e+01
7.854401300719369772e+01
8.366611076908138500e+01
8.519315237228190085e+01
7.601323210794566876e+01
7.501155296058925614e+01
7.729103145504480210e+01
7.530883959633058566e+01
7.832331583853070356e+01
7.568121305211325023e+01
6.972892986411278571e+01
7.766846183257634095e+01
7.904975416058617554e+01
6.876600509481741597e+01
7.083405826320792187e+01
7.332799039703499488e+01
6.916063046983516927e+01
7.716584954340449087e+01
7.935868910662063058e+01
6.835093299863018501e+01
7.263591801564946593e+01
7.930360609627159363e+01
7.176076154648531258e+01
7.382587813998004833e+01
7.939417526122771562e+01
7.084704440678930837e+01
6.993691278719194315e+01
7.731649223653829495e+01
7.503880144528983465e+01
7.782980126985869163e+01
8.400283244926541215e+01
7.758368988302770219e+01
7.217208180350095859e+01
7.484312809407873601e+01
7.427878061558293155e+01
7.900723508789465654e+01
8.528833014273939739e+01
8.064018766370391234e+01
7.655023644431474850e+01
7.907852234598541941e+01
8.026706028127243542e+01
8.504557653459241351e+01
8.800481539813141296e+01
8.304765647566321718e+01
8.327384948239907203e+01
8.556001909404696448e+01
8.322301767984301080e+01
9.193035405069868204e+01
9.978035195692180537e+01
8.982118720988447080e+01
8.539165167380990340e+01
9.606773298238150005e+01
9.642877037913237359e+01
9.268511844022627599e+01
9.537817219669393864e+01
9.387332918298557161e+01
9.787004311970778758e+01
1.088950682396030487e+02
1.075216541436654296e+02
1.035428497542350215e+02
1.086503955440254003e+02
1.040033758473383756e+02
9.733493742953918115e+01
1.096366688551285336e+02
1.168405460041161064e+02
1.109568607574587418e+02
1.145634401892065029e+02
1.236971081454332477e+02
1.252207179754092863e+02
1.259172704002780421e+02
1.257136261033350308e+02
1.231297188686766333e+02
1.274604121049643339e+02
1.346197824221831638e+02
1.379871706343338076e+02
1.426978599366309481e+02
1.452513026270888190e+02
1.417580966280205530e+02
1.431584896855675026e+02
1.518066224959160309e+02
1.579138734256022474e+02
1.600204707766976071e+02
1.598707769680103752e+02
1.600359732377910973e+02
1.658799441045096614e+02
1.731050146020174907e+02
1.757579189303122575e+02
1.794077652926335134e+02
1.861481283377978855e+02
1.904979830869179125e+02
1.932971636030427192e+02
1.974520636187247078e+02
2.040703187514189096e+02
2.143974592567260231e+02
2.219011203673151158e+02
2.225895741619026182e+02
2.264189005021905245e+02
2.350407518461620100e+02
2.411174417109349122e+02
2.522108618924206667e+02
2.676321990701902678e+02
2.709206249415795469e+02
2.703406821925855184e+02
2.833292500917626171e+02
2.956600707069539453e+02
2.999408897833283731e+02
3.085739728785460443e+02
3.165530633953035817e+02
3.248048779728527506e+02
3.473880138466788594e+02
3.664865994346397997e+02
3.719863656627453565e+02
3.880219576911894137e+02
4.069737780759554653e+02
4.115208959944534968e+02
4.291245818395422020e+02
4.595889494550137897e+02
4.733487818542269565e+02
4.898956038923062692e+02
5.189094962413552139e+02
5.344706046171131675e+02
5.570886427080880594e+02
5.980099177108868389e+02
6.191017635306802731e+02
6.364388516763633561e+02
6.770513112587357227e+02
7.056474237522711519e+02
7.343934077832362846e+02
7.934050462999485944e+02
8.365048856968260225e+02
8.703131014701848471e+02
9.425673741212419827e+02
1.006460055485331395e+03
1.057829097616923491e+03
1.155850469049639059e+03
1.251674968924670111e+03
1.334048327802142239e+03
1.482160375272881083e+03
1.639719080769697712e+03
1.779104282846738897e+03
2.017784029023491485e+03
2.306428434382181877e+03
2.595054121722585023e+03
3.067394666184065954e+03
3.713172747911397437e+03
4.478825535407897405e+03
5.698194655590125876e+03
7.283342019659664402e+03
8.344396377419789133e+03
8.137299667977433273e+03
6.790826381667687201e+03
5.230795612296386025e+03
4.249550237756020579e+03
3.633632687473114402e+03
3.050017408413270459e+03
2.648708463692268651e+03
2.378990631348886382e+03
2.085420013601534265e+03
1.890470200408436540e+03
1.778567511335748577e+03
1.614589739825559718e+03
1.484539095670772440e+03
1.413078970261875156e+03
1.301571983095518817e+03
1.210156116049243337e+03
1.170867825419079281e+03
1.100719411803212097e+03
1.038047288098942090e+03
1.012935639698065188e+03
9.582967853616246430e+02
9.077806937564437249e+02
8.936908829259011782e+02
8.526968113098315598e+02
8.091930518971175843e+02
8.002270220274450594e+02
7.687589992869933440e+02
7.294931666770131642e+02
7.217638170062638210e+02
6.970657050931393997e+02
6.657400111446106621e+02
6.659564275021548383e+02
6.478581404049967887e+02
6.141840701553470581e+02
6.110463373991376557e+02
5.982022018186795549e+02
5.697490343394040337e+02
5.695353311871596134e+02
5.610094934699876603e+02
5.314536032417179285e+02
5.286735492219672778e+02
5.272662530339927116e+02
5.052927649971660458e+02
5.012319794229584318e+02
4.978695741060916475e+02
4.754921907003461570e+02
4.703822094782828458e+02
4.689477947073772270e+02
4.499502437417011720e+02
4.469197326469808900e+02
4.477383617853782880e+02
4.290112603183320630e+02
4.244946678907800788e+02
4.269871292283677917e+02
4.098632650509819086e+02
4.046130108398647849e+02
4.087439766677867965e+02
3.929285655172757856e+02
3.859218351867850743e+02
3.913568315837815703e+02
3.783106114082407885e+02
3.701094737287109524e+02
3.748731319378261446e+02
3.633714661809137851e+02
3.554614093127004821e+02
3.612323966644173083e+02
3.509957086091423548e+02
3.413517270352829769e+02
3.464181014775004996e+02
3.379830430493521476e+02
3.289845922858417566e+02
3.346781852315069727e+02
3.271911374254677298e+02
3.173759350450294505e+02
3.239346898609593381e+02
3.188502717134156228e+02
3.078704721265045237e+02
3.126646765368703313e+02
3.087362349418563099e+02
2.980094888570026797e+02
3.024328778114118563e+02
2.995570750933185309e+02
2.886573634253102227e+02
2.928272974575414196e+02
2.915937631814102815e+02
2.809369999430839471e+02
2.842310909459366144e+02
2.834811513966803318e+02
2.725364159187029145e+02
2.757189076467003019e+02
2.767419213556553927e+02
2.657646805445907034e+02
2.676992980075570472e+02
2.700967738693759088e+02
2.599173657816022001e+02
2.605617246516584373e+02
2.631068066516257318e+02
2.530079938925397016e+02
2.527104440789337900e+02
2.563632344879051743e+02
2.477002857497003276e+02
2.470207061716063492e+02
2.506726953550483756e+02
2.418596002364479602e+02
2.403706272716300418e+02
2.449324167112937403e+02
2.369266901543393828e+02
2.345603905462219814e+02
2.394315186156489972e+02
2.320363536922465073e+02
2.289165245814310765e+02
2.342842946852990167e+02
2.276602662547317095e+02
2.235100591357043811e+02
2.290218680393319346e+02
2.234495231841991369e+02
2.186145290142209490e+02
2.240359739746101866e+02
2.193436089302976768e+02
2.139451192700069839e+02
2.193471386769203946e+02
2.156636005767018673e+02
2.096908596820174751e+02
2.146345105594811855e+02
2.117339530954746749e+02
2.055124342057856381e+02
2.102715658390758051e+02
2.080648148481083695e+02
2.013500966410607873e+02
2.058573221698389375e+02
2.046188094265263544e+02
1.976385836566162197e+02
2.017891571350617141e+02
2.015578688196067674e+02
1.943979594055239772e+02
1.977793010663944244e+02
1.981887237094934164e+02
1.910745540130351969e+02
1.940107673922359766e+02
1.950138539681662166e+02
1.877118522667165337e+02
1.901480465334923338e+02
1.920827285837464729e+02
1.848886171665780296e+02
1.865332605112798205e+02
1.890929008720057425e+02
1.821150586036900734e+02
1.830132623192751566e+02
1.861071597107147682e+02
1.794414759550822112e+02
1.796616208187423354e+02
1.832678734712069399e+02
1.770029991126035611e+02
1.765204270123606136e+02
1.805011281933588236e+02
1.746340468849457181e+02
1.733759609874592797e+02
1.775403722268420950e+02
1.720185778850467102e+02
1.700209058476786765e+02
1.745190427964107300e+02
1.697467641538017347e+02
1.672674012440569982e+02
1.719427065451949090e+02
1.677320132741395184e+02
1.645853190600397795e+02
1.692535358576897124e+02
1.656694033425465307e+02
1.620251777804748770e+02
1.666986367406644547e+02
1.637614763347817473e+02
1.596198258185413579e+02
1.642074702308962344e+02
1.619332456496732675e+02
1.572677821631628206e+02
1.615935185310468398e+02
1.600328414192885873e+02
1.550658691589959801e+02
1.591216356825503908e+02
1.581962180184370652e+02
1.529154407488712764e+02
1.566710456049659399e+02
1.564788116094460122e+02
1.509932077660486982e+02
1.542791205581424947e+02
1.546862645970207382e+02
1.490743198629297694e+02
1.519254235303737914e+02
1.529550467054853584e+02
1.472627266285358587e+02
1.495651645192530452e+02
1.511790365959404596e+02
1.455780815344070618e+02
1.473773968778745314e+02
1.494925493512716344e+02
1.439540174079647556e+02
1.451814742045320941e+02
1.477837572945270210e+02
1.423982524493789015e+02
1.430092869528382948e+02
1.460518561186395914e+02
1.409586503468339060e+02
1.409841306156534131e+02
1.443510570298675759e+02
1.395315046967619708e+02
1.389555134924596018e+02
1.426427152501086084e+02
1.382165925137518627e+02
1.370370569656194562e+02
1.409284156331811744e+02
1.369548965914922292e+02
1.352275469541829125e+02
1.392231388787300830e+02
1.356837966612305024e+02
1.334340679138288408e+02
1.375109454785336425e+02
1.344711314938269311e+02
1.317374018573123067e+02
1.358226098917284901e+02
1.333023369186368541e+02
1.301072493086305712e+02
1.341245168214329340e+02
1.321608946696068756e+02
1.285644264589555235e+02
1.324335605609424249e+02
1.310317608115170742e+02
1.270983583328122961e+02
1.307502680736280070e+02
1.298849629319398389e+02
1.256602339950674860e+02
1.290768241892205594e+02
1.287999639141735599e+02
1.243436017764429806e+02
1.274121471030373698e+02
1.276959065698684839e+02
1.231138052820579816e+02
1.257956581824223292e+02
1.265789885583477030e+02
1.219137875189690590e+02
1.241892059545464519e+02
1.254645119946162168e+02
1.207797382828964317e+02
1.226095915928444100e+02
1.243446819765625833e+02
1.197037228834836213e+02
1.210605723140274677e+02
1.232231353418298312e+02
1.186933975828966226e+02
1.195512173558074807e+02
1.220876495518800766e+02
1.177216991935550254e+02
1.180647426895963861e+02
1.209335566872192800e+02
1.168011272620119598e+02
1.166252466815631692e+02
1.197655111129882499e+02
1.159221600280027786e+02
1.152369385796360746e+02
1.185871570278953584e+02
1.150760444717947593e+02
1.138964713233913244e+02
1.174006697118642109e+02
1.142641374049230194e+02
1.126053754308407946e+02
1.161950501046962358e+02
1.134684030440553073e+02
1.113652980216927091e+02
1.149819390827987462e+02
1.126918535084731019e+02
1.101791099696731067e+02
1.137648739175525492e+02
1.119324259664017092e+02
1.090439038994609433e+02
1.125365734858239790e+02
1.111823133287101797e+02
1.079688926369147879e+02
1.113093832361875428e+02
1.104382171255521143e+02
1.069482810701569377e+02
1.100801813079482514e+02
1.096914288316034600e+02
1.059796494546469603e+02
1.088569053971386893e+02
1.089480255170159921e+02
1.050647805710105587e+02
1.076293753509027198e+02
1.081870370096113021e+02
1.042031561313047376e+02
1.064206020303547291e+02
1.074181875247870295e+02
1.033862596822709463e+02
1.052244826386320682e+02
1.066405650391647555e+02
1.026195217820949210e+02
1.040465334072413697e+02
1.058457328185663897e+02
1.018919421491566766e+02
1.028870380341013799e+02
1.050333990266919955e+02
1.012054642986665414e+02
1.017578877452567241e+02
1.042073933144727249e+02
1.005505913416532167e+02
1.006495782513355408e+02
1.033613858539918482e+02
9.993261680951165715e+01
9.957862464451034157e+01
1.024944952831793898e+02
9.933322301278541033e+01
9.854212178720537452e+01
1.016202290451964814e+02
9.876347092764733304e+01
9.753866004153148594e+01
1.007222414407420388e+02
9.820898416911016682e+01
9.657290890243753267e+01
9.980346445967525426e+01
9.766135551703516171e+01
9.564697465634286289e+01
9.887648442530462489e+01
9.712963143832102730e+01
9.476565415954409843e+01
9.793723115721522277e+01
9.660465244311083666e+01
9.393143357137284966e+01
9.698979337419098101e+01
9.607848887269676652e+01
9.313904057496434064e+01
9.603633581457688706e+01
9.555061415411634584e+01
9.238943000166344177e+01
9.507729633101067179e+01
9.501545909495871456e+01
9.168391814657211114e+01
9.412093376059087291e+01
9.447351918317040997e+01
9.101980584556011422e+01
9.316574183772468132e+01
9.391870979406718334e+01
9.039553391151548567e+01
9.221660519543326018e+01
9.334927022526937890e+01
8.980889604580056584e+01
9.127747364068751779e+01
9.276411277271830613e+01
8.925729876324375311e+01
9.035075510551980926e+01
9.216101101136737839e+01
8.873820029570252643e+01
8.944104781118632275e+01
9.154023417203924851e+01
8.824866212501331120e+01
8.855012066467575949e+01
9.089964407645351230e+01
8.778603015951634347e+01
8.768362730078142420e+01
9.024025939583974321e+01
8.734529798806948975e+01
8.684257664701360113e+01
8.956231913539099310e+01
8.692393578861937442e+01
8.602938892455087228e+01
8.886442690628152263e+01
8.651680883395515309e+01
8.524778835334939231e+01
8.814990843827472133e+01
8.612062308015744350e+01
8.449877938513647280e+01
8.742014514512054291e+01
8.573264049437973711e+01
8.378384067178971861e+01
8.667504951619956444e+01
8.534738259921758186e+01
8.310388181220841375e+01
8.591782558481425269e+01
8.496325489561996847e+01
8.246153808565119903e+01
8.515121972427041896e+01
8.457531617973114635e+01
8.185493199884713533e+01
8.437692364835345415e+01
8.418066164238277338e+01
8.128470995390351561e+01
8.359907045549221039e+01
8.377713887196368603e+01
8.074897621670773162e+01
8.281888514899947040e+01
8.336223110982426476e+01
8.024801542927643538e+01
8.203989547964722817e+01
8.293309016362054820e+01
7.978039034678337771e+01
8.126641105211812999e+01
8.248821759804062026e+01
7.934286160117709130e+01
8.050007333240827734e+01
8.202587325470469182e+01
7.893442641399185788e+01
7.974580855502348697e+01
8.154567428932102757e+01
7.855166172979954808e+01
7.900546105922299489e+01
8.104639053722158337e+01
7.819186892392028199e+01
7.828231282166990468e+01
8.052797229570731474e+01
7.785222144617557660e+01
7.757925060193504407e+01
7.999037853939587706e+01
7.752925794158430506e+01
7.689847136993441268e+01
7.943377588017490609e+01
7.722003187101122990e+01
7.624309306290952293e+01
7.885903877014797558e+01
7.692030430148123799e+01
7.561450844407133332e+01
7.826771537027791226e+01
7.662748061427065238e+01
7.501451371879284125e+01
7.766065531599234362e+01
7.633756387038684466e+01
7.444431576883953028e+01
7.704013320449017499e+01
7.604793698208814590e+01
7.390495699317530409e+01
7.640786319148463690e+01
7.575516341015186583e+01
7.339676430424458431e+01
7.576604987949163217e+01
7.545626983188290637e+01
7.291988338844394946e+01
7.511758583131154410e+01
7.514908924920750621e+01
7.247417031801657572e+01
7.446501439125349009e+01
7.483092208065860973e+01
7.205848671926395355e+01
7.381092307518257201e+01
7.449970194991482231e+01
7.167179155514276090e+01
7.315828201841657119e+01
7.415380023824710065e+01
7.131286265263925372e+01
7.251022974778253172e+01
7.379163459030701233e+01
7.097957553681888498e+01
7.186963723715946628e+01
7.341210636857563543e+01
7.066969115322767436e+01
7.123937148492480276e+01
7.301459223536178911e+01
7.038101110812235106e+01
7.062238592494348666e+01
7.259874173796093544e+01
7.011094599267109118e+01
7.002115959181107030e+01
7.216366247773071052e+01
6.985498500640203190e+01
6.943571352455995793e+01
7.170748955399841407e+01
6.961059530377895044e+01
6.887255258763561017e+01
7.123632220498896572e+01
6.937783228990724638e+01
6.833269264884957295e+01
7.074807911525505233e+01
6.915113450409658924e+01
6.781682494060964927e+01
7.024391762826664376e+01
6.892764230612561960e+01
6.732640436856900124e+01
6.972536714844775929e+01
6.870449863057405082e+01
6.686255010625936279e+01
6.919420114879289940e+01
6.847892237691911532e+01
6.642605308430857747e+01
6.865240171730185637e+01
6.824803224327712314e+01
6.601713307403771580e+01
6.810237551919118459e+01
6.800943288994554337e+01
6.563556221343110053e+01
6.754659939230637633e+01
6.776119384863565642e+01
6.528098021487747360e+01
6.698754237520861921e+01
6.750127003922128210e+01
6.495190116029996830e+01
6.642620126527914692e+01
6.722649408399264814e+01
6.464759216452605983e+01
6.586770963877410168e+01
6.693811693132923324e+01
6.436767281978524124e+01
6.531377512891924653e+01
6.663321928735001620e+01
6.410939642112502668e+01
6.476710541725701376e+01
6.631089688847987418e+01
6.387047114773199041e+01
6.423044339325443275e+01
6.597074238957166870e+01
6.364845551090338205e+01
6.370632741228952511e+01
6.561275768180080092e+01
6.344088719054121128e+01
6.319697842680462685e+01
6.523699678298017091e+01
6.324518180572855641e+01
6.270457460667996230e+01
6.484389171153171105e+01
6.305874045719492216e+01
6.223106035628858024e+01
6.443395497637909841e+01
6.287878059896448235e+01
6.177832193154080898e+01
6.400819284909427154e+01
6.270247775262671297e+01
6.134791232135300021e+01
6.356797188346462235e+01
6.252700180380659134e+01
6.094085972731538448e+01
6.311490284776255066e+01
6.234978017537165584e+01
6.055785587920664881e+01
6.265069633731604171e+01
6.216839467810255826e+01
6.019936097858909818e+01
6.217725227057641746e+01
6.198056135151637847e+01
5.986554480498106301e+01
6.169658886755490101e+01
6.178398888988593995e+01
5.955618135329878271e+01
6.121101579437564055e+01
6.157666381898795294e+01
5.927066291660657527e+01
6.072300399988314723e+01
6.135684233167416579e+01
5.900793936777625248e+01
6.023506560215294314e+01
6.112316993679061738e+01
5.876667856251174271e+01
5.974957010915340305e+01
6.087446493718003637e+01
5.854537877959231196e+01
5.926897401683338984e+01
6.060979175527285889e+01
5.834230800911424808e+01
5.879578582962250977e+01
6.032847881337579565e+01
