2.033836131979028892e+02
1.870887301959845388e+02
1.903529948278459187e+02
2.065528291436345398e+02
1.912702812756127457e+02
1.923880946805171277e+02
2.101589050306826039e+02
1.958006044117500153e+02
1.944856124331087415e+02
2.136535990425774116e+02
2.005313663334054581e+02
1.968269252150819000e+02
2.173040159011257515e+02
2.056537214265648004e+02
1.992277458944683701e+02
2.205710630802856258e+02
2.108089197922298865e+02
2.020849480912837350e+02
2.241558423505209419e+02
2.163604256002837189e+02
2.051285064952597565e+02
2.275405116774087730e+02
2.220193003568834911e+02
2.085012864701666047e+02
2.309147142046444401e+02
2.277805107471233157e+02
2.121057884624539156e+02
2.342707225566357465e+02
2.337922620908148588e+02
2.162200493140263404e+02
2.377583614748978675e+02
2.399737909716236572e+02
2.206235387207092913e+02
2.412043759317284923e+02
2.462994068954265856e+02
2.254840747926055258e+02
2.448090044737560902e+02
2.528869189183390915e+02
2.307952676319262935e+02
2.484374996645523197e+02
2.596526132888704410e+02
2.366642064258638243e+02
2.520985582007959636e+02
2.663801847030815679e+02
2.430629622885871299e+02
2.561946029401469787e+02
2.733794821215777802e+02
2.497423201795341754e+02
2.601286056557471511e+02
2.803754658071262611e+02
2.571745079925740356e+02
2.647699096814247355e+02
2.878219773438728453e+02
2.650565251673476723e+02
2.694530431554322831e+02
2.955019801396819616e+02
2.738853115523280053e+02
2.746390770389588738e+02
3.031204795101577929e+02
2.829530353477761651e+02
2.800050806032978699e+02
3.108480606948435252e+02
2.928671052995871946e+02
2.864608952013814474e+02
3.191237148601749141e+02
3.029397194473671107e+02
2.925637215007602094e+02
3.274025446781133155e+02
3.141629669437427310e+02
2.997754941561088344e+02
3.360725875179398372e+02
3.261734012462869146e+02
3.077926916159542543e+02
3.449471696944818291e+02
3.388279722655599926e+02
3.167765775945959490e+02
3.540886252219664811e+02
3.514809424943257454e+02
3.258393589470915686e+02
3.640762893520549142e+02
3.665608798305896130e+02
3.376912663472824079e+02
3.756187593119414032e+02
3.831562100990914246e+02
3.504404417792372897e+02
3.861021399484793619e+02
3.985744592642315638e+02
3.635208402876608034e+02
3.984772237535744352e+02
4.172549882031660786e+02
3.792408248481208943e+02
4.103151026221365214e+02
4.349115383728969277e+02
3.960504348415553295e+02
4.247050357182506559e+02
4.555405595617564245e+02
4.155050317623797582e+02
4.404503120970168766e+02
4.777581730239384683e+02
4.372043455989297058e+02
4.577871151719001546e+02
5.016657165428856615e+02
4.606053984207616168e+02
4.754193137819976300e+02
5.264904393172819255e+02
4.872585107339958768e+02
4.972806479624228473e+02
5.556173543792773444e+02
5.175306863133091611e+02
5.203129764040336340e+02
5.862682380007199754e+02
5.518229205792284802e+02
5.477934628184550547e+02
6.207267351598862888e+02
5.902808326785240070e+02
5.802625261319971059e+02
6.619565349873579407e+02
6.356116623476451650e+02
6.157165667904106385e+02
7.064343611294247012e+02
6.884939404917728325e+02
6.597388169924830663e+02
7.577200979978210853e+02
7.478875490161367452e+02
7.112268661407462105e+02
8.207124125268146599e+02
8.207373508100370145e+02
7.684175940116487027e+02
8.874271237448160718e+02
9.061959366455574809e+02
8.444951115890652318e+02
9.724541593572362217e+02
1.011556662311907417e+03
9.407914348807696570e+02
1.079729440178437699e+03
1.146175977217064883e+03
1.069649990661226184e+03
1.217680648532144687e+03
1.308469700064908693e+03
1.221857181122081784e+03
1.397331664624116911e+03
1.537934656068556251e+03
1.445518591637340705e+03
1.656212300704888776e+03
1.875831209886968509e+03
1.792364368233165806e+03
2.055465181022801062e+03
2.393255786184372482e+03
2.336933434696043605e+03
2.720119642848079820e+03
3.311595301966242914e+03
3.356697781331441092e+03
4.023663977218742275e+03
5.303752911122544901e+03
5.918336097393877935e+03
7.898157225509200543e+03
1.243617882728667064e+04
1.612821873506805787e+04
1.617854967178003244e+04
1.255889455256748079e+04
7.996607172581207124e+03
5.887694238704031704e+03
5.233302831350577435e+03
3.954690030924714392e+03
3.223835486904225036e+03
3.142827946068981873e+03
2.558629177631436960e+03
2.176387321092391630e+03
2.237736858088317604e+03
1.904570911604320372e+03
1.627623126293064388e+03
1.711439120447076448e+03
1.502957091676410300e+03
1.286331761440299942e+03
1.372993751864634078e+03
1.235580301832221949e+03
1.058578807575394194e+03
1.148651096792507815e+03
1.059216475976878883e+03
8.938555224862061550e+02
9.660397777791195040e+02
9.133197777566367677e+02
7.766218139678807120e+02
8.406687044401094226e+02
8.052245183223460572e+02
6.768093285833593882e+02
7.292587205823725753e+02
7.089637653282592282e+02
5.929689425196758066e+02
6.447507163474879235e+02
6.420949705985073024e+02
5.320364150676763302e+02
5.694874234635238963e+02
5.772377424461632245e+02
4.785826997282390494e+02
5.125582232411953783e+02
5.323233720408684349e+02
4.406290266396984521e+02
4.605652732101962670e+02
4.868717515613137721e+02
4.066752428900647942e+02
4.177670545779730560e+02
4.446393667924619990e+02
3.702213331454989316e+02
3.786945635732626556e+02
4.122816653620685656e+02
3.428336423368747319e+02
3.416570129453551772e+02
3.802839669615620437e+02
3.212513720388884053e+02
3.143162713895017077e+02
3.527781855996597073e+02
2.973490073213629330e+02
2.828527767312306764e+02
3.251463418562963739e+02
2.786960394905977978e+02
2.580710817417511862e+02
3.001563197971946124e+02
2.612663303787458631e+02
2.367767572112313417e+02
2.800966296051603877e+02
2.520872389671693270e+02
2.248515539072923843e+02
2.602537629907329233e+02
2.347663285522629906e+02
2.069427250787262267e+02
2.405511389891174758e+02
2.181424467414693993e+02
1.915860279570015621e+02
2.268232873971071228e+02
2.071968690411636089e+02
1.774346974792224216e+02
2.123133812233353126e+02
1.952162965815865050e+02
1.613340523107481772e+02
1.988755216209247294e+02
1.898875751192222197e+02
1.523759537666799417e+02
1.835475157722378015e+02
1.794350404650390374e+02
1.447597767837392553e+02
1.737815870262409419e+02
1.697929574531081016e+02
1.282084675780847363e+02
1.571117165246547813e+02
1.642607894787400085e+02
1.269698483391630077e+02
1.452092041870240564e+02
1.525746591637422966e+02
1.217303130764697272e+02
1.405465363049571010e+02
1.476825506655182494e+02
1.157107410929099132e+02
1.304134968643372758e+02
1.374962117315318437e+02
1.075183074326056385e+02
1.257286721674213084e+02
1.355348956036350785e+02
1.032310340418056427e+02
1.165274737411188823e+02
1.275344607612394299e+02
9.576800178558831078e+01
1.116405963672018800e+02
1.283097988566774461e+02
9.594637122821752939e+01
1.015912424292385623e+02
1.187144214038986263e+02
8.896627141401954475e+01
9.577118886117079910e+01
1.177986881116616331e+02
9.079340918301437569e+01
8.821462897104881051e+01
1.095161764868506822e+02
8.906291978909746376e+01
8.848316401736997250e+01
1.078694767771328742e+02
8.629678417485943953e+01
8.025415563400612484e+01
9.953694646373250521e+01
8.303952927927548444e+01
8.138688091939971514e+01
9.961801611209918406e+01
8.086482233875327097e+01
7.527780486047427644e+01
9.459063502858523975e+01
7.817773518646399111e+01
7.164942216576838518e+01
9.082069572957247772e+01
7.702418171751750720e+01
7.197747164767646666e+01
8.967292512597209964e+01
7.621511136862811497e+01
7.481626530208077952e+01
9.319432617532915231e+01
7.369009230129049115e+01
6.390282462691840948e+01
8.965100089042695686e+01
7.845911312832288331e+01
6.504354689552054936e+01
8.447111903376332975e+01
7.326385650054268694e+01
6.243115930365279098e+01
8.590292099443867357e+01
7.764742982271592098e+01
6.253381208758816712e+01
8.182162970532559143e+01
7.509756662908020530e+01
6.240067147585354945e+01
8.257935070214900009e+01
7.734691057824126403e+01
6.482501936493162020e+01
8.359551412730519360e+01
7.689440281891360485e+01
5.931852173733355471e+01
7.921085819118280824e+01
7.735908957964761612e+01
6.193530560519742778e+01
8.011616743416807651e+01
8.002815618143476684e+01
6.575598414223895816e+01
8.023129674933606736e+01
7.800860837471074660e+01
6.398561630323037264e+01
8.217817986902724670e+01
8.233181566390128125e+01
6.494120865057890057e+01
7.921561417152742024e+01
8.105051208374767668e+01
6.588798535213217633e+01
8.113506275120509770e+01
8.592653803376805399e+01
7.240837638307658608e+01
8.199326215932539696e+01
8.361286145837812001e+01
7.198347645868126676e+01
8.365258362064176367e+01
8.276224959729563579e+01
6.980035978603261526e+01
8.778276429380710510e+01
9.081183742252522961e+01
7.564756555977093910e+01
9.121141342222001924e+01
9.344567968346102305e+01
7.181085025566497393e+01
8.899375815254255428e+01
1.009901798325957714e+02
8.295666050960208793e+01
9.187673651022021204e+01
1.050287091797687680e+02
9.353839383976476540e+01
1.002505163032623585e+02
1.070391959307409593e+02
8.850314481459176363e+01
9.277712402235282241e+01
1.059122582302727551e+02
9.710470252702691596e+01
1.058238793707519960e+02
1.168778234792068389e+02
1.032426366075464017e+02
1.055411087897075504e+02
1.165105384972268894e+02
1.089783396067538348e+02
1.186836285780169931e+02
1.301571689594662189e+02
1.169553233187252914e+02
1.224227366639856172e+02
1.372141102437438178e+02
1.250748657753754429e+02
1.254844026766230058e+02
1.399392773652371886e+02
1.327866470125170792e+02
1.390523100498488702e+02
1.553138108933003991e+02
1.428435273373654297e+02
1.414690445909133985e+02
1.640114123300741085e+02
1.613856713859618708e+02
1.540770995975923654e+02
1.650741566571924466e+02
1.645258901211501836e+02
1.680448082172034105e+02
1.833790498553547081e+02
1.795713405860909120e+02
1.780642466050514656e+02
1.940913995395834775e+02
1.958897115605173553e+02
1.984414283940826920e+02
2.137050921892125643e+02
2.140014669109459078e+02
2.169245211020613340e+02
2.346604513811462027e+02
2.367948983232455191e+02
2.388347624627055552e+02
2.556888136658627388e+02
2.581387631299225518e+02
2.597397906283062525e+02
2.775144204643146963e+02
2.855942862013120589e+02
2.951680665635274181e+02
3.142837984463258749e+02
3.159357557346107228e+02
3.226585550778394236e+02
3.484087222748315185e+02
3.536299696327797619e+02
3.589821318181241736e+02
3.914571033320665947e+02
4.045009087944737871e+02
4.056235893233487104e+02
4.367498998982414946e+02
4.628669599123893477e+02
4.744674513223262124e+02
5.047869909086040821e+02
5.343173813630019140e+02
5.565646341368786807e+02
5.919416651662251070e+02
6.181404935834323169e+02
6.407664274119531456e+02
6.923770156912599987e+02
7.438747923442994079e+02
7.826119478835090604e+02
8.347719516917792362e+02
8.903935733050075214e+02
9.580347976338384797e+02
1.052494615397825100e+03
1.129238015828655080e+03
1.200699938654345033e+03
1.325928506759488982e+03
1.462002463117592924e+03
1.588796668461179024e+03
1.779584759492913236e+03
2.030715857954889771e+03
2.321763954133964035e+03
2.709929241585406999e+03
3.201296944498909397e+03
3.811053962190652328e+03
4.587903242927151950e+03
5.333903715877951981e+03
5.655953523762817895e+03
5.374521675925438103e+03
4.698736615918722237e+03
3.982467903841145016e+03
3.381479445430570195e+03
2.888093176859910272e+03
2.515782323789120255e+03
2.233140562685887289e+03
1.983238685859893167e+03
1.788577215227247962e+03
1.648973063758418448e+03
1.517767766982148714e+03
1.401210565941646792e+03
1.308314110286473579e+03
1.224992354578371533e+03
1.159189609974612949e+03
1.096140737189219408e+03
1.020986792334195229e+03
9.681771912440209462e+02
9.355103948617871765e+02
8.904015100258189932e+02
8.516227259777551808e+02
8.237828717939124772e+02
7.857844040623903084e+02
7.573404544732101158e+02
7.375726779221788547e+02
7.013018870634049335e+02
6.741446732358507461e+02
6.637933520258696944e+02
6.395870964795459486e+02
6.187189066614663489e+02
6.109103157735962668e+02
5.893224184794768234e+02
5.721583893399131284e+02
5.691546689682147644e+02
5.481438531634325955e+02
5.271882931797167657e+02
5.265900146432361453e+02
5.130758122203895937e+02
4.954017572596257537e+02
4.958775970773388053e+02
4.838620134718150325e+02
4.638041561909021198e+02
4.630121163406557798e+02
4.559965928177322780e+02
4.405092288411930213e+02
4.400950312957361916e+02
4.327777762501912093e+02
4.169507999680668604e+02
4.174316074846017841e+02
4.124959210135438070e+02
3.968470273650987110e+02
3.964065825258700784e+02
3.925321119110334394e+02
3.776147186416587260e+02
3.776649477745024228e+02
3.755931543893217963e+02
3.614998902268356460e+02
3.623120731723648191e+02
3.624206081047126986e+02
3.481412473939775509e+02
3.472164576651223342e+02
3.481376930866212547e+02
3.344284280845754438e+02
3.335944873995424018e+02
3.368934216277248197e+02
3.235463220120968799e+02
3.200405014598809430e+02
3.240841929758527726e+02
3.131482568499674244e+02
3.094247823709079057e+02
3.133802385273609161e+02
3.028030353905132301e+02
2.984141999638040943e+02
3.031959900808359976e+02
2.935466134169323595e+02
2.879870535721521492e+02
2.931725501107043783e+02
2.855209987089484684e+02
2.803073631587352565e+02
2.853765585087206205e+02
2.773970858572647558e+02
2.708866097494529299e+02
2.769098760194246438e+02
2.708218625398332620e+02
2.632860591837728634e+02
2.683962407013927987e+02
2.633371034093980256e+02
2.559171630174456027e+02
2.613046776141924283e+02
2.574432097304857052e+02
2.494800888914237191e+02
2.538880498394909182e+02
2.503618306014829500e+02
2.426047168488339594e+02
2.479559085165165300e+02
2.456644350665688989e+02
2.367507456572898832e+02
2.410520123341490546e+02
2.398656588029981833e+02
2.310883731741615179e+02
2.350652112011403290e+02
2.349675991346244643e+02
2.262107204826025963e+02
2.293538364412296175e+02
2.297267561569152008e+02
2.211020486741722095e+02
2.241703608424507763e+02
2.253868325491687870e+02
2.164714470036914804e+02
2.188165465179173736e+02
2.207666122740139656e+02
2.118029046397542174e+02
2.137281214686259148e+02
2.167860859968106979e+02
2.077353335655114677e+02
2.085808042742864359e+02
2.126715019056642006e+02
2.041274953357810205e+02
2.038476563698844473e+02
2.085283339601501211e+02
2.006266158620292401e+02
1.993879262488559334e+02
2.044523729582008684e+02
1.972509116511218679e+02
1.952519547401596753e+02
2.006024748794314689e+02
1.940203306554380163e+02
1.912663336919130472e+02
1.968766018563049158e+02
1.910483098743561072e+02
1.876979985216426599e+02
1.934516077430325822e+02
1.881154539960802481e+02
1.839350968227574299e+02
1.899267172273341657e+02
1.854798925507743093e+02
1.805343187467602775e+02
1.864071979525472784e+02
1.827788817982908540e+02
1.772235185110297948e+02
1.829781070596175425e+02
1.802683747384925255e+02
1.742836327163434476e+02
1.798853409806380341e+02
1.780323390247860686e+02
1.714449325690672481e+02
1.765495575349694946e+02
1.755487014229973965e+02
1.686685903098594679e+02
1.733650519322531807e+02
1.732093310369336621e+02
1.660807669144776639e+02
1.702663469857399718e+02
1.709311576364694929e+02
1.636477250834865629e+02
1.671920258400056127e+02
1.685335585004145571e+02
1.611728134582673420e+02
1.641729777554410532e+02
1.662901244328470511e+02
1.589598626914547879e+02
1.613453013168802386e+02
1.642226349594968156e+02
1.570143943595773521e+02
1.586459948002182898e+02
1.621512225805378478e+02
1.551432934590690422e+02
1.559728677001733672e+02
1.600288821877325915e+02
1.533625009079837866e+02
1.534438209186991742e+02
1.579874014400314195e+02
1.516976354545970764e+02
1.509207853640692747e+02
1.557951866312757261e+02
1.500289744106865157e+02
1.485915141299401228e+02
1.537902515368123204e+02
1.485277134939056793e+02
1.463084485352768240e+02
1.516815503915464660e+02
1.469935739959919943e+02
1.440672472131817869e+02
1.495677611257507635e+02
1.455402787102474633e+02
1.419684300169691653e+02
1.475035434819892544e+02
1.441759343905133903e+02
1.400100534804875849e+02
1.454761482922224616e+02
1.428468346642609959e+02
1.380906445874555857e+02
1.433784063585045487e+02
1.415369418680140541e+02
1.363378813394990914e+02
1.413142505781212321e+02
1.402011462610560102e+02
1.347067198396303240e+02
1.393892564017066036e+02
1.389184925566802633e+02
1.330289924196981701e+02
1.373493388371656465e+02
1.376737523764886362e+02
1.315582866239803650e+02
1.353731313196678343e+02
1.364044149332896154e+02
1.301543793425028070e+02
1.334071913289318729e+02
1.350953172701411802e+02
1.288115149659633971e+02
1.314994166798352637e+02
1.338282124880195170e+02
1.275840814969803034e+02
1.296392076528726420e+02
1.325430150103236713e+02
1.264050172021042897e+02
1.277810859560418635e+02
1.312177857080311014e+02
1.253061972829369495e+02
1.260040863726040072e+02
1.298980345467692530e+02
1.242698840505698286e+02
1.242679408897434996e+02
1.285515304065674513e+02
1.232913245285566148e+02
1.226014481516963031e+02
1.272000101869476367e+02
1.223687199673993433e+02
1.209913798984481303e+02
1.258140721350031299e+02
1.214766399016366591e+02
1.194527090819098731e+02
1.244063638548560107e+02
1.205809890194316836e+02
1.179490638383316394e+02
1.229966380851395940e+02
1.197509316455361130e+02
1.165488263736168051e+02
1.216064036403651158e+02
1.189647486062005441e+02
1.151958621700212007e+02
1.201473063842801849e+02
1.181574410217900351e+02
1.139239856926464540e+02
1.186972209508243168e+02
1.173667944161401664e+02
1.127405354498402801e+02
1.172611590903906773e+02
1.165776791421002940e+02
1.116068651821899920e+02
1.158029231299760369e+02
1.157808897103724775e+02
1.105546096051371165e+02
1.143539455545656978e+02
1.149709418702720569e+02
1.095698579474691172e+02
1.129185216638198028e+02
1.141505328404291646e+02
1.086526057290768108e+02
1.114990268425292754e+02
1.133094679536760481e+02
1.077899893555375570e+02
1.101021258900997424e+02
1.124654362376213470e+02
1.069983969824722294e+02
1.087236817795286328e+02
1.115843792067372533e+02
1.062475350416257101e+02
1.073666485558388359e+02
1.106783833151277889e+02
1.055520454616879817e+02
1.060534105154325601e+02
1.097542049660742975e+02
1.048983554017981277e+02
1.047679451737550380e+02
1.087959238950789569e+02
1.042863683020193690e+02
1.035373636351403377e+02
1.078169875157835520e+02
1.036969385240648194e+02
1.023396419478899446e+02
1.068096445098354934e+02
1.031395691726129513e+02
1.011977798527445174e+02
1.057796629595421365e+02
1.026002539702244718e+02
1.001076519037193293e+02
1.047306811895862637e+02
1.020792483347551070e+02
9.907267598970827294e+01
1.036600218565012028e+02
1.015676869870895587e+02
9.809592137236444387e+01
1.025676181050610865e+02
1.010503805532317898e+02
9.717326829375134878e+01
1.014639875014522232e+02
1.005334436913191638e+02
9.630891896743773373e+01
1.003494172622217491e+02
1.000095208565833076e+02
9.550446666558597997e+01
9.923137655237343324e+01
9.947715047116909659e+01
9.476086416017585634e+01
9.811131165793989339e+01
9.892171125499862683e+01
9.406446943383306802e+01
9.699429507996072175e+01
9.835300718361392569e+01
9.342547373378174314e+01
9.588537596346972691e+01
9.776167317180782845e+01
9.283594733701893631e+01
9.478541946586412337e+01
9.713863874837137757e+01
9.228697850518580026e+01
9.370247841482225226e+01
9.649019063420854536e+01
9.177940675904662271e+01
9.264363468644077670e+01
9.582171745992565093e+01
9.131704143217143610e+01
9.161243685315297114e+01
9.512192054475448799e+01
9.088396898148405967e+01
9.060890000882446316e+01
9.439182614138788097e+01
9.047896702789319079e+01
8.964115601184940374e+01
9.363391848389829875e+01
9.009693114615288323e+01
8.871244479043157583e+01
9.284799978139936627e+01
8.973089037084184838e+01
8.782714424987246105e+01
9.203965178491267807e+01
8.937711875147891760e+01
8.698373313141702567e+01
9.120620165780673005e+01
8.903019892134308577e+01
8.618735357719612011e+01
9.035190995873067266e+01
8.868429055563345287e+01
8.543721119756980897e+01
8.947834940183953734e+01
8.833608341502753092e+01
8.473789757757155883e+01
8.859115311434295847e+01
8.797978634735306969e+01
8.408564885350548934e+01
8.769157016827766427e+01
8.761282760548643012e+01
8.348334032466550525e+01
8.678438026099563274e+01
8.723008676381157045e+01
8.292881486709670469e+01
8.587368944579604602e+01
8.682810350432727375e+01
8.241968613627663842e+01
8.496338081934761988e+01
8.640445508457759161e+01
8.195464765633381887e+01
8.405861675375986408e+01
8.595705709436479935e+01
8.153071431086991083e+01
8.316346244733142612e+01
8.548390401809743366e+01
8.114480449356510405e+01
8.228233866171393629e+01
8.498296970118143179e+01
8.079217445523995877e+01
8.141914604614665052e+01
8.445404244193809973e+01
8.047007635921670499e+01
8.057910304297033122e+01
8.389708677856704355e+01
8.017368076888128314e+01
7.976492468863902729e+01
8.331095484344348279e+01
7.989811123240848190e+01
7.898142110064394217e+01
8.269787455888234717e+01
7.963925019656811344e+01
7.823073688489826338e+01
8.205736223700901633e+01
7.939195986931882487e+01
7.751686545497227598e+01
8.139208468109174532e+01
7.915147530855654168e+01
7.684125278313457841e+01
8.070329944083334794e+01
7.891332356856075592e+01
7.620706747587814789e+01
7.999492916748828009e+01
7.867314836559407354e+01
7.561379596923175939e+01
7.926818846585248934e+01
7.842702134644639500e+01
7.506350989607992119e+01
7.852680071606545198e+01
7.817075270970578060e+01
7.455592777696396922e+01
7.777396606443892324e+01
7.790074240094328673e+01
7.409085939148239675e+01
7.701361728379744420e+01
7.761360744040842974e+01
7.366670924687242916e+01
7.624931608359020174e+01
7.730682230369330910e+01
7.328247601151767299e+01
7.548532012559417126e+01
7.697773341641408251e+01
7.293557279528489801e+01
7.472543373691397051e+01
7.662432749776927210e+01
7.262347918223107968e+01
7.397385273307536124e+01
7.624513025057800064e+01
7.234327950039833866e+01
7.323478002824685973e+01
7.583893307201381617e+01
7.209131086378022246e+01
7.251230226597013484e+01
7.540536083344620977e+01
7.186379582582378589e+01
7.181017484499058412e+01
7.494446931043913196e+01
7.165678518151405285e+01
7.113144146644069110e+01
7.445602710609175290e+01
7.146628661875999455e+01
7.048005114607401822e+01
7.394105855097741653e+01
7.128775802706292097e+01
6.985869513107105888e+01
7.340093256633342378e+01
7.111723512881184206e+01
6.926985523786065357e+01
7.283687941197092641e+01
7.095033693467615876e+01
6.871602872970278497e+01
7.225140422907983861e+01
7.078301435318259394e+01
6.819847487272632236e+01
7.164664206896070198e+01
7.061133406763201492e+01
6.771825482839774679e+01
7.102523004611830970e+01
7.043174836155715468e+01
6.727616315342719133e+01
7.039003262652303761e+01
7.024045634692380702e+01
6.687213434324708317e+01
6.974447809734712678e+01
7.003418767367385556e+01
6.650484920621397578e+01
6.909080826104259643e+01
6.980889177207221508e+01
6.617282083829039152e+01
6.843400577671114604e+01
6.956475750830699667e+01
6.587681244534765312e+01
6.777855336716152124e+01
6.929908834480659152e+01
6.561333694817027151e+01
6.712687648732438106e+01
6.900951772665489159e+01
6.537992098056903956e+01
6.648295791720214254e+01
6.869469886194887920e+01
6.517364904993087293e+01
6.585088652095849682e+01
6.835394503270894973e+01
6.499097048590108727e+01
6.523409103294548572e+01
6.798693748465814224e+01
6.482844552761287105e+01
6.463623358383159712e+01
6.759414868107236884e+01
6.468253680584449228e+01
6.406032573068333136e+01
6.717610720590874962e+01
6.454937480928052196e+01
6.350773086277879997e+01
6.673118789033533460e+01
6.442409301009074341e+01
6.298319956508491657e+01
6.626449178745231450e+01
6.430591584970456154e+01
6.248894149650583785e+01
6.577507587692953450e+01
6.418876670544767649e+01
6.202654801519393146e+01
6.526531153067432456e+01
6.406880712139771106e+01
6.159733135118098346e+01
6.473777254875368214e+01
6.394243869246579948e+01
6.120197199122642218e+01
6.419536561391524288e+01
6.380657497135695877e+01
6.084040506581477814e+01
6.364064255751488730e+01
6.365840959910562447e+01
6.051263856800018459e+01
6.307652083853187008e+01
6.349523974022977768e+01
6.021820386486010790e+01
6.250605913460592689e+01
6.331434759414281643e+01
5.995603947581999194e+01
6.193276466370336664e+01
6.311353252468820330e+01
5.972455744375705677e+01
6.136032021254207081e+01
6.289102424300170213e+01
5.952148069982411016e+01
6.079225379893216541e+01
6.264563540039629430e+01
5.934438060668627912e+01
6.023197082771730493e+01
6.237639518062264443e+01
5.919045296083796615e+01
5.968275323649466202e+01
6.208274843455762948e+01
5.905689397734934687e+01
5.914793180780923620e+01
6.176430859933198292e+01
5.894045176405679598e+01
5.863075961733873243e+01
6.142112623912171898e+01
5.883755514479462079e+01
5.813428185180796248e+01
6.105385056131568433e+01
5.874452846029227260e+01
5.766104148381650418e+01
6.066352148449848158e+01
5.865789291670655814e+01
5.721330223442462426e+01
6.025142564942976975e+01
5.857414244713946516e+01
5.679286971475288226e+01
5.981903878595403512e+01
5.848992390833861066e+01
5.640142066566364321e+01
5.936818434038975312e+01
5.840182394711074210e+01
5.604018461713958743e+01
5.890107671496902242e+01
5.830651371594311883e+01
5.570980427059369333e+01
5.842028532511459105e+01
5.820097461515975823e+01
5.541036120786267105e+01
5.792860550485303150e+01
5.808260790922539485e+01
5.514147279610848074e+01
5.742882091507922127e+01
5.794904424552736089e+01
5.490242593553630002e+01
