1.295509099013087564e+02
1.091093967518343106e+02
8.410850583263392366e+01
1.293016259803776222e+02
1.132292390358975069e+02
8.325590820279137461e+01
1.288158987031364973e+02
1.173359274068026963e+02
8.284095383228667231e+01
1.279771148787619381e+02
1.212869851639356966e+02
8.295928664096396687e+01
1.268921671923669692e+02
1.250983647020235026e+02
8.363675601943873517e+01
1.256193807778591776e+02
1.288195773189725912e+02
8.487099316074076683e+01
1.240274928503901037e+02
1.322758647192399337e+02
8.665790528103572399e+01
1.222548668002717989e+02
1.355432518881222848e+02
8.902549647463879978e+01
1.203255553324900688e+02
1.385931903647857553e+02
9.194167386457880298e+01
1.182645058527074156e+02
1.413506235146595031e+02
9.521360798795834057e+01
1.160446158812191015e+02
1.438728997294438727e+02
9.901998124988269012e+01
1.137835865414444783e+02
1.460383999727162916e+02
1.031168687913727098e+02
1.115819622806548637e+02
1.479893545467242859e+02
1.075566159556803569e+02
1.093714339834301654e+02
1.495475344339413653e+02
1.121864524861393164e+02
1.073306999963091357e+02
1.508392644411772210e+02
1.170287287132846927e+02
1.054719311619870155e+02
1.517745455153233252e+02
1.219624173983981876e+02
1.039059886061559723e+02
1.524300073247250111e+02
1.270061727261448397e+02
1.026541067456156213e+02
1.526844988916161299e+02
1.319764016254188732e+02
1.017484715608509305e+02
1.525942074379969142e+02
1.369672135352961106e+02
1.015266053637656114e+02
1.523062007811218450e+02
1.418546432333986047e+02
1.016456038058331046e+02
1.516250260175067979e+02
1.466643346723646744e+02
1.025293366181366252e+02
1.507737732169968297e+02
1.513442285346799281e+02
1.039393199405609352e+02
1.496861284708269011e+02
1.559947029800050018e+02
1.060448913390122101e+02
1.481547231274759042e+02
1.602223433366588097e+02
1.088169287126451223e+02
1.466262876388378515e+02
1.643012957275885810e+02
1.120032186987062346e+02
1.447808658877990524e+02
1.681758011555002668e+02
1.159658839326835675e+02
1.428946413605896453e+02
1.718385604513445628e+02
1.206212775933863242e+02
1.410190389973916751e+02
1.751802487877455974e+02
1.257209341691084035e+02
1.391237803314195105e+02
1.781023357152143944e+02
1.310850558748169590e+02
1.373498895484545699e+02
1.807233877050858268e+02
1.365753086949770818e+02
1.355984632458740862e+02
1.832976615345513380e+02
1.428113349542262256e+02
1.338281272200886178e+02
1.849485045550514712e+02
1.490095835137472307e+02
1.331190249919873452e+02
1.869150220299886769e+02
1.554826529611717092e+02
1.323243288828313950e+02
1.881679739816903236e+02
1.617236971745567757e+02
1.319751805370246984e+02
1.895663534737832094e+02
1.687402422299886666e+02
1.324168939114437649e+02
1.904187595993773243e+02
1.754577938239320645e+02
1.328968965787379943e+02
1.904444448876502065e+02
1.821735800831747838e+02
1.350691466491076369e+02
1.906580418693903027e+02
1.886063910937023138e+02
1.374552528026442531e+02
1.903268275327842503e+02
1.946217440301161616e+02
1.408197702300873289e+02
1.908008497991390300e+02
2.014134051909211678e+02
1.448123065141332404e+02
1.905685216178237340e+02
2.078602059669001676e+02
1.492177754641761283e+02
1.894281796579728052e+02
2.136650322236852730e+02
1.548780708654903719e+02
1.889987699640463177e+02
2.198211950925364135e+02
1.618410043097596542e+02
1.887727427626647057e+02
2.253446980507818864e+02
1.686132061483789641e+02
1.884686721437336416e+02
2.308113513060158652e+02
1.758055615634212927e+02
1.880093900056013467e+02
2.364634834278133724e+02
1.846994784990858705e+02
1.878860472029027733e+02
2.408340237529726267e+02
1.930516313138932674e+02
1.889573528114271710e+02
2.465344744414306604e+02
2.031383895293910484e+02
1.903969216648393399e+02
2.511971224768452089e+02
2.124897693301740560e+02
1.922576764969876422e+02
2.568199984145034023e+02
2.234019128212851513e+02
1.935992052637171810e+02
2.605879999505651767e+02
2.347799241052848060e+02
1.983688070001155097e+02
2.657551820336186665e+02
2.464158418890859821e+02
2.029644744835696599e+02
2.703128386467923860e+02
2.582842941205246348e+02
2.083247701268934691e+02
2.744637813159047823e+02
2.710422219077099726e+02
2.173298679448343762e+02
2.802823978507168476e+02
2.837625241877954068e+02
2.256877827619747734e+02
2.855551860386726162e+02
2.972131658489865345e+02
2.362372151502567590e+02
2.914137851908670314e+02
3.106914028806734223e+02
2.475986345184562651e+02
2.980324221392062896e+02
3.256674768739416095e+02
2.627576509114837791e+02
3.086362440114907599e+02
3.435540806882156630e+02
2.777861692677601013e+02
3.169205336867693177e+02
3.624559568187757463e+02
2.978525240648774570e+02
3.276398275609399207e+02
3.831027650824878492e+02
3.224604157200211603e+02
3.400739467275332686e+02
4.016527843812985452e+02
3.469888091776222154e+02
3.587972162633469111e+02
4.290190000082362758e+02
3.800820790893253047e+02
3.781306176405850010e+02
4.520546034245473948e+02
4.143453489855794487e+02
4.102053961847554433e+02
4.868588074463727935e+02
4.527822194716777631e+02
4.423712085370350451e+02
5.279048953215771007e+02
5.032063627945187818e+02
4.837391451112245591e+02
5.762388569821268902e+02
5.660375842735468268e+02
5.378376188044569517e+02
6.319640705341909097e+02
6.407112891093279359e+02
6.158375674550269423e+02
7.159358167842914327e+02
7.439690461690089478e+02
7.167069294608843393e+02
8.147852929624480112e+02
8.653658464561025312e+02
8.477361419672440661e+02
9.516709084006462263e+02
1.027605715614760584e+03
1.016568110404741560e+03
1.125789673279271938e+03
1.238832355783655203e+03
1.223902623383901982e+03
1.277794962361362877e+03
1.379834629244446660e+03
1.345202761663523461e+03
1.311770309984190135e+03
1.351144862887813588e+03
1.273470245733137290e+03
1.164052974288669702e+03
1.171777146039869649e+03
1.088641857273234109e+03
9.148821297656975275e+02
9.000205030996420419e+02
8.777061703525922667e+02
7.352441883998942558e+02
7.180649818286265145e+02
7.246573476388980453e+02
5.933299065099761265e+02
5.632311046281978406e+02
5.952774389155043764e+02
4.900372965402637533e+02
4.652220671755153489e+02
5.169480709572916339e+02
4.203792915744353422e+02
3.731654805339941277e+02
4.381639725460540262e+02
3.692156598997073615e+02
3.208996791682980643e+02
3.812029891846336227e+02
3.181450120202007952e+02
2.760885693725507508e+02
3.490127695543762911e+02
2.869984638493943976e+02
2.214351431332625282e+02
3.076788735622518516e+02
2.687767017008575294e+02
1.970556848136417614e+02
2.740162158071951808e+02
2.417870776778109416e+02
1.698175010361383386e+02
2.513772607908372834e+02
2.254405319152288598e+02
1.447069921600051430e+02
2.300265735035350474e+02
2.135537770151424297e+02
1.238000910333605162e+02
2.080841169237127133e+02
2.000910202984711646e+02
1.055569873954684397e+02
1.929629898484754449e+02
1.952184921270027758e+02
9.561506174899807320e+01
1.757612200206738180e+02
1.872321878219642883e+02
9.065728335915282798e+01
1.615592863177699314e+02
1.750772457528750579e+02
7.457694687711880022e+01
1.518496969748759966e+02
1.731358993600258316e+02
7.154237178553684373e+01
1.406503752265406604e+02
1.676805780746811081e+02
6.911104940335445690e+01
1.363062833170324097e+02
1.688328890840531358e+02
6.671484305514721314e+01
1.214636257690199130e+02
1.617894461293198844e+02
6.335858752305620811e+01
1.130191981112442221e+02
1.593485878347261462e+02
6.398380107652334914e+01
1.022752098921613140e+02
1.554922109877022933e+02
6.932916577260274948e+01
9.395449739737159689e+01
1.476233932969533100e+02
6.362669930106522287e+01
8.929937347102843148e+01
1.462799021734996074e+02
6.647294881396666710e+01
8.593867191918747039e+01
1.440554290761377274e+02
6.563713796699691727e+01
8.542305793139200887e+01
1.470472494200562323e+02
6.891548009429538979e+01
7.939524222456861935e+01
1.484859530965014756e+02
7.582475588664642885e+01
7.300954247602737723e+01
1.471414760870310943e+02
7.905437138706700750e+01
6.765382783034095837e+01
1.485341762354909747e+02
8.778252380915864705e+01
5.731762486856414540e+01
1.411964479417231360e+02
8.587161678224005357e+01
5.525256009849051964e+01
1.406250771965765409e+02
8.714064279390038337e+01
5.382273758714563172e+01
1.440584737475540749e+02
9.474292770899629090e+01
4.654867053862223258e+01
1.409653150694252304e+02
9.584209795602852466e+01
4.524550055074487886e+01
1.439916912977939774e+02
1.027936503677047426e+02
3.922814262511397487e+01
1.437142655809679752e+02
1.085338731846244400e+02
3.194685160191610507e+01
1.394786925729687539e+02
1.074696898941881926e+02
3.428402716506330705e+01
1.476010018699040813e+02
1.208790065592027929e+02
2.252200781602727631e+01
1.409546160026660857e+02
1.208274024356664000e+02
1.964541480464486156e+01
1.420862524530021176e+02
1.257539647760048780e+02
1.548311824200287212e+01
1.437276039386079560e+02
1.327566028240292724e+02
9.379810875322293739e+00
1.437626136238123706e+02
1.397821848337764834e+02
1.499151860126313629e+00
1.399292442769954619e+02
1.415852235982139007e+02
2.411799428023299274e+00
1.423410880057253109e+02
1.488863320635227296e+02
9.466342773695581414e+00
1.431234154419238109e+02
1.561317189989052849e+02
1.496998423887446705e+01
1.446551649984573942e+02
1.663084356128240984e+02
2.633267715504864981e+01
1.414074363268441914e+02
1.731411437039127179e+02
3.731377563491498250e+01
1.362042735080186731e+02
1.754798008531643063e+02
4.154347867524684546e+01
1.372874973775365390e+02
1.835519940336423019e+02
4.965279549142662319e+01
1.376470235117478182e+02
1.940404964262533838e+02
6.227803135543732793e+01
1.327928236269035551e+02
2.005440113034175624e+02
7.373463214342177707e+01
1.291965197609316647e+02
2.065581301402578447e+02
8.280828693048516698e+01
1.271914590716643971e+02
2.152226340003332155e+02
9.510114548959894876e+01
1.243337020626023701e+02
2.239199360666137011e+02
1.073528576854557883e+02
1.211284783692504590e+02
2.351193740245332435e+02
1.251195964242442784e+02
1.123809298121108071e+02
2.406852464734095634e+02
1.386712697408434565e+02
1.074395560324073955e+02
2.497194440926429593e+02
1.560005332710794619e+02
9.830646165643618417e+01
2.552227209272752475e+02
1.715409248462105722e+02
9.247101477405621495e+01
2.623118204579321855e+02
1.879924866879384808e+02
8.442196625180851299e+01
2.690426698988364933e+02
2.058141482251139394e+02
7.833598987883037523e+01
2.765359232893874264e+02
2.255187367819954716e+02
7.125225912286035168e+01
2.831701069479298667e+02
2.470685690445048692e+02
6.336249644510282764e+01
2.850012112528682451e+02
2.651768940994756463e+02
6.614901698407662423e+01
2.918374270421786036e+02
2.886191714721101675e+02
6.751954917975236015e+01
2.915930139802736676e+02
3.073645309965276056e+02
7.615438339778096122e+01
2.957274835486428515e+02
3.317814529078782471e+02
8.991873613597564940e+01
2.935872377184186917e+02
3.535757209853675249e+02
1.118931290004131114e+02
2.899873697578066185e+02
3.720912657631167804e+02
1.300530487279919782e+02
2.871830400634351577e+02
3.931993669033121819e+02
1.544897523132987374e+02
2.844538021891261792e+02
4.155191373051747519e+02
1.823135003629859057e+02
2.809319305621876310e+02
4.385910737725807849e+02
2.121208825771798274e+02
2.728721497549811943e+02
4.587922672361266905e+02
2.420077843913693414e+02
2.660869386849608418e+02
4.815786187426390939e+02
2.767608347096343095e+02
2.565607290568483450e+02
5.026454912017997572e+02
3.131044699750596010e+02
2.480217390332768446e+02
5.245272968505761355e+02
3.520054662760261408e+02
2.393199719137732302e+02
5.477824049453670341e+02
3.961703735525408661e+02
2.278405796030758950e+02
5.658836858474179508e+02
4.375230394460740513e+02
2.192850968237322320e+02
5.877928723258281707e+02
4.858211818475717791e+02
2.114198869823437406e+02
6.070069732491631385e+02
5.364195906798863689e+02
2.095215617563711135e+02
6.246656471920787226e+02
5.884350915262646140e+02
2.169647900594451357e+02
6.445248039693291275e+02
6.452318488799179477e+02
2.307802480490432799e+02
6.636937316686944541e+02
7.065145385299402960e+02
2.567181781323795917e+02
6.845106294622773930e+02
7.738183630941585989e+02
2.879163089368850024e+02
7.006663179726858743e+02
8.446087721125047665e+02
3.339710310910261342e+02
7.198999092693480861e+02
9.245360233450671785e+02
3.945734722369974179e+02
7.386604207414262646e+02
1.011742756922674062e+03
4.678478596762092252e+02
7.571706554950604868e+02
1.106459632124855716e+03
5.502171550736292147e+02
7.775699896722721860e+02
1.218433685705874495e+03
6.594498609525593338e+02
7.962870880966953564e+02
1.337958868431870087e+03
7.814185990652887313e+02
8.271029678926742008e+02
1.487000977785263331e+03
9.359803221524132368e+02
8.556445864445842062e+02
1.656448741225149433e+03
1.119043789014968297e+03
8.960084431905939937e+02
1.872836811810942663e+03
1.364948205263824548e+03
9.456997734052866917e+02
2.130118248612125171e+03
1.667376192441860212e+03
1.031959716061598328e+03
2.485964386993385233e+03
2.092573510397003702e+03
1.155527186899939579e+03
2.963701152967233611e+03
2.677737795309225930e+03
1.363336213732917486e+03
3.732398532133103345e+03
3.671778004012237943e+03
1.773008632265897859e+03
4.998835179068086290e+03
5.415915956204011309e+03
2.547367394011652323e+03
7.673190316835707563e+03
9.613448896960146158e+03
5.008266007847421861e+03
1.792858685941547083e+04
3.532648653588420711e+04
4.372346645925152552e+04
3.797000849071583798e+04
2.158871018683960938e+04
5.939970513025550645e+03
9.145207453363484092e+03
8.740454708936627867e+03
3.144865477999168888e+03
4.945162705047301642e+03
5.506978851355045663e+03
2.220125044708019232e+03
3.288416380506494079e+03
4.054148712421931577e+03
1.813440227078682483e+03
2.419993002208469534e+03
3.229624180651474944e+03
1.572297150921301863e+03
1.854462874151842698e+03
2.675534356950556685e+03
1.411361303877998580e+03
1.472322250530172369e+03
2.283423748002735465e+03
1.299057213689667378e+03
1.195398074261349393e+03
1.988229816838434544e+03
1.216716487708489467e+03
9.894524672871506255e+02
1.756971165174570615e+03
1.149882736969318330e+03
8.220792764097554937e+02
1.564582868843782080e+03
1.094624022028916443e+03
6.960679158945923746e+02
1.406877834942296431e+03
1.049073591637178424e+03
5.934095645456020520e+02
1.269283096265426366e+03
1.007375778957127295e+03
5.158935625914871252e+02
1.152319004773711185e+03
9.721741076703435738e+02
4.557159027245919560e+02
1.046650044396943485e+03
9.377074339381778145e+02
4.122896833960383560e+02
9.528774725103033916e+02
9.053606997542233330e+02
3.835718792993224611e+02
8.699131059946273581e+02
8.761070789345531011e+02
3.654276632437573653e+02
7.920628891307655977e+02
8.454197263724992126e+02
3.559354920472695767e+02
7.235097708419893934e+02
8.188483147721647128e+02
3.562915190859121140e+02
6.592877113539002494e+02
7.912773600143777912e+02
3.602390638535933931e+02
5.998890320482586276e+02
7.638009984486786834e+02
3.670931855975096028e+02
5.452687029647404415e+02
7.367285754640122377e+02
3.753619841055345887e+02
4.942343310061001489e+02
7.095940347164308832e+02
3.847020080173368228e+02
4.477100419603776800e+02
6.831324065987873837e+02
3.946458469496225234e+02
4.045531062000133602e+02
6.563237761063478501e+02
4.038937269853291809e+02
3.649685239823893994e+02
6.292900720147628135e+02
4.119237488047604643e+02
3.292255947124877480e+02
6.026898924410601239e+02
4.194783026090748876e+02
2.981004429736141219e+02
5.767788960633090483e+02
4.261922607296935439e+02
2.699751998448082304e+02
5.502933624055831388e+02
4.312026534296028331e+02
2.457289613491638534e+02
5.239742443342612432e+02
4.352124862684005393e+02
2.262382048272210682e+02
4.978295766499688852e+02
4.378495968680816759e+02
2.110903295488215576e+02
4.718177746694137227e+02
4.392900794720356998e+02
2.009033612888990490e+02
4.460678559387334303e+02
4.393636926967122918e+02
1.951253940036141614e+02
4.207380890580324149e+02
4.383726315478708102e+02
1.934521707066926695e+02
3.955526794824826311e+02
4.359903091491287910e+02
1.953119868428950952e+02
3.710412387300302726e+02
4.326811151046715622e+02
1.998830264606207265e+02
3.467160625644314109e+02
4.280776558551617654e+02
2.065898467992012968e+02
3.230727309573250636e+02
4.224001405129424143e+02
2.145771123459066985e+02
3.001387266515828287e+02
4.157810914757075125e+02
2.234158091708006282e+02
2.779293397686330422e+02
4.081423470934249167e+02
2.325194459167370837e+02
2.566075217795832941e+02
3.996275193393306040e+02
2.416750307627447683e+02
2.363556503631529893e+02
3.902601067563016954e+02
2.505071528597678991e+02
2.173058967803420103e+02
3.801680526770322786e+02
2.589701023846046724e+02
1.996461688748505594e+02
3.692699424264741879e+02
2.666925355310135046e+02
1.835579084935672256e+02
3.577307679189994474e+02
2.737535309061572661e+02
1.694337622416352929e+02
3.456019886459091595e+02
2.799974099512469365e+02
1.574733062759085556e+02
3.329450549101658794e+02
2.853782814947422253e+02
1.479041016335299901e+02
3.197925769386017123e+02
2.898410756715601906e+02
1.409873210754773822e+02
3.062724762678716957e+02
2.934207094314999722e+02
1.367709038887056749e+02
2.923240064623708463e+02
2.959733172339006728e+02
1.353411135672649550e+02
2.782855479092860378e+02
2.976736518748900266e+02
1.362358788110722401e+02
2.640160347217871504e+02
2.984789570098650415e+02
1.394303172899353740e+02
2.498213260349187408e+02
2.984161734657329248e+02
1.435807715388110637e+02
2.347859997539248980e+02
2.970573647374683901e+02
1.496291838019394618e+02
2.206127155060651717e+02
2.951288025208847330e+02
1.563429672680581746e+02
2.065400516186668369e+02
2.924435404330457118e+02
1.636539075558055742e+02
1.926184708104919707e+02
2.887778256225070095e+02
1.710378126652841786e+02
1.792272487899355440e+02
2.844761662669559428e+02
1.785105202372532176e+02
1.662949246679082762e+02
2.793472933696114069e+02
1.857506947800182786e+02
1.541225329869626819e+02
2.735497838262659229e+02
1.926633086930163188e+02
1.427672473175551318e+02
2.670388859883179862e+02
1.991187055447370824e+02
1.325635840704622979e+02
2.599444109001451011e+02
2.050581241201933267e+02
1.236577723451587332e+02
2.522841848542074104e+02
2.104194673704568572e+02
1.162733513287431322e+02
2.440938817885378000e+02
2.151443404559523742e+02
1.106321021062457390e+02
2.354444624659514602e+02
2.192128180177378169e+02
1.068714658852843229e+02
2.263709978002817707e+02
2.225826196089095674e+02
1.050484862473481797e+02
2.169483230280048076e+02
2.252564244340322830e+02
1.051032216961029491e+02
2.072167988018746883e+02
2.271987897524469702e+02
1.068409609173137937e+02
1.972626933803215934e+02
2.284345833791574876e+02
1.100127849581013635e+02
1.871372432968508974e+02
2.289512351624117912e+02
1.143121062643525363e+02
1.769259036114378887e+02
2.287753177869252568e+02
1.194589225703735877e+02
1.666886540393782923e+02
2.278905441022237994e+02
1.251533964162904482e+02
1.565273203525972008e+02
2.263356445156443044e+02
1.311849761005755965e+02
1.465256329999660920e+02
2.241055985424594894e+02
1.373322205686770303e+02
1.368096177054196119e+02
2.212471612731790742e+02
1.434528275574646159e+02
1.274840120017571365e+02
2.177713241691109545e+02
1.494147401914415241e+02
1.186970761139827886e+02
2.137104567284874008e+02
1.551157962170258600e+02
1.106043303459941143e+02
2.090974256219760150e+02
1.604775499237030374e+02
1.033654062127879456e+02
2.039511892408394829e+02
1.654310726450188440e+02
9.719959311158012838e+01
1.983299164247492570e+02
1.699273606837947455e+02
9.224764635291589343e+01
1.922574109571569068e+02
1.739305696768941800e+02
8.867682557552537048e+01
1.857726575758709657e+02
1.774033275861990546e+02
8.658188631150771641e+01
1.789248226343961790e+02
1.803291087000984021e+02
8.597834993686639393e+01
1.717573973550803430e+02
1.826908851329108643e+02
8.679113034796334603e+01
1.643191899431347736e+02
1.844778752816743861e+02
8.886713638878946142e+01
1.566645124507253399e+02
1.856802987637042293e+02
9.198294429893991264e+01
1.488518845748876060e+02
1.863055440495667199e+02
9.591925336705669736e+01
1.409410356029785305e+02
1.863532810922376086e+02
1.004508020769073227e+02
1.330008794901711155e+02
1.858298430769261813e+02
1.053740883122520984e+02
1.251063232993856076e+02
1.847444675920676787e+02
1.105153709739460197e+02
1.173436120023043685e+02
1.831100013408835423e+02
1.157284237288179298e+02
1.098110479596470412e+02
1.809435273998059586e+02
1.208915647388054424e+02
1.026154784102700575e+02
1.782652686863285396e+02
1.259107977132820366e+02
9.587937897337748439e+01
1.750950360890963964e+02
1.307063719752017903e+02
8.973975414076272727e+01
1.714572159346780609e+02
1.352171279050572821e+02
8.434548203201291017e+01
1.673748781740569882e+02
1.393905769167340623e+02
7.985541694855118067e+01
1.628771024430751027e+02
1.431827050906768761e+02
7.641170717922119593e+01
1.579958203542109061e+02
1.465597848153417431e+02
7.412591869679143031e+01
1.527693602203113699e+02
1.494996137620225625e+02
7.304942471324882547e+01
1.472333196534221145e+02
1.519852274301887576e+02
7.316633646444572037e+01
1.414249334575871728e+02
1.540056513032786256e+02
7.439561816096005487e+01
1.353808383242798072e+02
1.555470877960257212e+02
7.659712354466329032e+01
1.291478219298737145e+02
1.566065396705240005e+02
7.960445646691530897e+01
1.227754031381552267e+02
1.571799223247118675e+02
8.323551120387507751e+01
1.163021767090537253e+02
1.572301301697873726e+02
8.726798668503799661e+01
1.098372399831700932e+02
1.568297053735969087e+02
9.159953019296824550e+01
1.034152604239010742e+02
1.559498649684715872e+02
9.606938814524902170e+01
9.711577756261239358e+01
1.546050981300046487e+02
1.005685367676871635e+02
9.102716118810114665e+01
1.528107174431061424e+02
1.050082829996080278e+02
8.524525961941401420e+01
1.505771999581234581e+02
1.093101546358345217e+02
7.988536096010354015e+01
1.479235399482664661e+02
1.134117466794078126e+02
7.506994933166096473e+01
1.448675551777432133e+02
1.172588173574215915e+02
7.093032511084066982e+01
1.414345020220860079e+02
1.208126054591510581e+02
6.759437718673926554e+01
1.376482680947840436e+02
1.240404305279568575e+02
6.517453356433654221e+01
1.335338760549754227e+02
1.269145115924013396e+02
6.374907783867995903e+01
1.291200417262988651e+02
1.294145841734385272e+02
6.334760687812998015e+01
1.244372734511453302e+02
1.315221474331358138e+02
6.393584524303566496e+01
1.195207518010200118e+02
1.332248618029425700e+02
6.542194345485070528e+01
1.144083783397670402e+02
1.345151574811041826e+02
6.767459708787296790e+01
1.091405924221303110e+02
1.353881629713116297e+02
7.054269462026822168e+01
1.037616399966078831e+02
1.358423265284508545e+02
7.387532552346125669e+01
9.832036464469372561e+01
1.358774387469917428e+02
7.753082352433108326e+01
9.287265281512053150e+01
1.354965117911220318e+02
8.138339218422348154e+01
8.748157923437169359e+01
1.347056922061173623e+02
8.532547316540845372e+01
8.221798998293431282e+01
1.335137770075771186e+02
8.926726355328065665e+01
7.716146612035174712e+01
1.319318027228607946e+02
9.313556383930642824e+01
7.240241271802153733e+01
1.299719719870261088e+02
9.686903679422395896e+01
6.804222555333868172e+01
1.276486550034998686e+02
1.004170944594480090e+02
6.419196638140643074e+01
1.249785050347929030e+02
1.037375947602728985e+02
6.096621209641902794e+01
1.219807074014362769e+02
1.067960913720993972e+02
5.847344147164739070e+01
1.186774568057486761e+02
1.095654663893827774e+02
5.680011288394175750e+01
1.150914189872018341e+02
1.120234181840442176e+02
5.599799730741848691e+01
1.112478197987363586e+02
1.141519936883593118e+02
5.607055299349686095e+01
1.071743605354571542e+02
1.159368884893511336e+02
5.696949108812146534e+01
1.029017830334779120e+02
1.173673745607580514e+02
5.860245740233985146e+01
9.846400749127826657e+01
1.184361756921424131e+02
6.084910584643377263e+01
9.389840068820259944e+01
1.191392726826835116e+02
6.357852258656807720e+01
8.924556914013051312e+01
1.194749991072074096e+02
6.666342437332066595e+01
8.455111275771270130e+01
1.194441016707007321e+02
6.998764537873830704e+01
7.986594175179877197e+01
1.190489749120897471e+02
7.344919965992609434e+01
7.524855803532773280e+01
1.182947421207978778e+02
7.696098150639360824e+01
7.076513331523273109e+01
1.171888656634619110e+02
8.045014854934221660e+01
6.649064414927632072e+01
1.157409411676709112e+02
8.385638273235898055e+01
6.250928991842782523e+01
1.139621592293306236e+02
8.712958558827573086e+01
5.891447667910551900e+01
1.118656851850587799e+02
9.022828361220844329e+01
5.580595856879074290e+01
1.094666456701500579e+02
9.311809849238430559e+01
5.328332867997239930e+01
1.067820946289670729e+02
9.577066620567769917e+01
5.143574366632515904e+01
1.038311821940327206e+02
9.816306023191964414e+01
5.032861778751328075e+01
1.006347166785865710e+02
1.002766268436428021e+02
4.999123345848323652e+01
9.721568952391773166e+01
1.020963748005327432e+02
5.040886192965640333e+01
9.360127772851556927e+01
1.036152856089243528e+02
5.152434882592354626e+01
8.979739013089881894e+01
1.047920062862243640e+02
5.323430113343351167e+01
8.588185787449900488e+01
1.056696393091160218e+02
5.544526536406282702e+01
8.185618812408340261e+01
1.062192301669029177e+02
5.803529816865151503e+01
7.776441926750671030e+01
1.064427307515522614e+02
6.089782449982797630e+01
7.364887277162672774e+01
1.063410435274251569e+02
6.393706762922585085e+01
