1.273104035690765983e+02
1.227732351705824243e+02
1.100436034749212695e+02
1.277339064967938498e+02
1.252593648145518017e+02
1.110248151863296897e+02
1.281016536507067087e+02
1.277302240680826060e+02
1.121973656982336962e+02
1.283943836472831208e+02
1.301627684311115445e+02
1.135282660664778547e+02
1.285660058003143149e+02
1.325440304546885670e+02
1.151307877939873805e+02
1.287369596646964851e+02
1.348809175751859186e+02
1.169396139307960709e+02
1.288512086772079783e+02
1.371333158385876629e+02
1.190043872862393499e+02
1.289997140096399448e+02
1.392657409791663952e+02
1.211649598016617091e+02
1.291024787232468043e+02
1.413389743092681954e+02
1.236192275733164223e+02
1.293107292060936970e+02
1.432997793775599860e+02
1.261829755001958802e+02
1.295224400338090049e+02
1.450997933897230325e+02
1.288155970784908391e+02
1.297976102082458851e+02
1.469331052729879161e+02
1.317924542403760029e+02
1.301843269323903485e+02
1.485280743060974373e+02
1.348135974679335902e+02
1.306936749968937761e+02
1.499788647744749994e+02
1.379189408013805291e+02
1.314312552356180959e+02
1.514285996972376438e+02
1.411881467838029209e+02
1.323349786118662905e+02
1.526786679900654349e+02
1.443851367534388999e+02
1.333246384262281197e+02
1.537773819723132078e+02
1.476083145193549910e+02
1.345988707566697826e+02
1.549777881162380879e+02
1.510576292044577826e+02
1.360642085511987602e+02
1.558636442326372276e+02
1.543318665701110035e+02
1.377925397488554893e+02
1.568386224009445300e+02
1.577814477653450354e+02
1.398847172084810779e+02
1.577649979678940610e+02
1.612230932581803984e+02
1.423364023346205727e+02
1.587388738395616485e+02
1.645874268990204996e+02
1.448290618696431409e+02
1.594216882195892140e+02
1.677500035458663490e+02
1.477190053395131599e+02
1.604412949571539855e+02
1.711066574111088130e+02
1.509369736558216744e+02
1.614406463618808232e+02
1.742440672642615596e+02
1.540703621152716210e+02
1.622872409593551879e+02
1.775698832919501911e+02
1.580677045490988348e+02
1.634336794017993952e+02
1.804780352698928141e+02
1.618986183195255819e+02
1.646973181706322293e+02
1.833670096640288421e+02
1.658730523605777876e+02
1.663067756438448725e+02
1.867035878792710264e+02
1.702948604668011683e+02
1.675894085564956413e+02
1.895054235956320952e+02
1.750271332686137100e+02
1.693272475654319180e+02
1.920336396238156738e+02
1.796838711047363972e+02
1.715917048349249967e+02
1.948914453756083560e+02
1.844826411539218611e+02
1.738276549755304075e+02
1.976712768690442203e+02
1.896478803047826034e+02
1.764831773508497861e+02
2.003549314029735910e+02
1.949527562729572878e+02
1.797741722565264411e+02
2.034822189902135676e+02
2.005409856838773521e+02
1.827655457224596489e+02
2.058389410882802224e+02
2.063351033478413683e+02
1.870353678379157714e+02
2.084994480569977213e+02
2.118071754518553291e+02
1.915582471968272102e+02
2.114770954060832935e+02
2.170626549826179428e+02
1.954179300983229552e+02
2.140067125446034026e+02
2.229345127480538622e+02
2.009216634283252461e+02
2.176559736444553153e+02
2.293684657758275875e+02
2.067803088715667457e+02
2.212413820339716040e+02
2.358585156221866441e+02
2.127181478605210145e+02
2.240123355416807556e+02
2.418742226068325181e+02
2.196556719820283092e+02
2.272838647053229408e+02
2.472184354089582428e+02
2.270895143539730157e+02
2.332486472936302846e+02
2.551012232222551290e+02
2.350816064694425904e+02
2.375968990392063631e+02
2.615145113216296409e+02
2.429813683694391955e+02
2.423887543461366363e+02
2.680173946023098779e+02
2.508060084585504512e+02
2.473594557617678049e+02
2.765582051639519818e+02
2.632116248052500396e+02
2.553444256225610900e+02
2.841075821680233844e+02
2.741861323591058976e+02
2.637389942352659773e+02
2.911242539471039663e+02
2.828804659764914504e+02
2.710707970962986337e+02
3.000347776488001728e+02
2.949317064829434116e+02
2.809088291865073757e+02
3.098866115012248770e+02
3.075210780927106384e+02
2.914344708136760005e+02
3.208261473026568638e+02
3.214202387841728523e+02
3.020767172551160229e+02
3.317285001123745474e+02
3.383284935878072019e+02
3.175518053961314990e+02
3.436783258502160834e+02
3.535640813943579133e+02
3.334668591514240461e+02
3.590374047905747261e+02
3.718202459207145125e+02
3.505294715495220430e+02
3.766523813671880134e+02
3.960800693577971856e+02
3.731545202470872482e+02
3.922135465054914221e+02
4.146526238583904842e+02
3.951751966473977404e+02
4.146178687737481710e+02
4.417345544949270675e+02
4.222338806549828405e+02
4.367360833463959011e+02
4.697584598844439938e+02
4.593340616167502617e+02
4.738298248820474328e+02
5.041009299076594061e+02
4.911913609585554923e+02
5.079013898600902621e+02
5.494566051525395096e+02
5.424300547917576978e+02
5.553888525224355135e+02
6.021588542677768601e+02
6.047152314667177961e+02
6.169475643536989082e+02
6.616191370228062851e+02
6.674588414293040159e+02
6.894523425891345596e+02
7.532036549288981178e+02
7.714612337753657130e+02
7.874102986984198651e+02
8.508349275209723146e+02
8.863030842875291455e+02
9.266028635823977311e+02
1.018403623228156448e+03
1.077760063829736509e+03
1.130442640141981428e+03
1.247487172632038209e+03
1.350105430644539865e+03
1.436871498860808515e+03
1.584676540787604836e+03
1.728884644518194136e+03
1.852203389857842922e+03
2.054237752148539585e+03
2.279722691385177313e+03
2.407505905641099162e+03
2.452394131239432227e+03
2.435294859336966510e+03
2.320591723386056856e+03
2.148233418713327410e+03
1.970768712513868650e+03
1.756419230916614424e+03
1.544943887466831256e+03
1.420212197871938542e+03
1.304973844050295838e+03
1.153349920437975697e+03
1.052612982987796386e+03
9.723343955346588245e+02
8.665380194394730324e+02
8.200934779424177350e+02
7.861733781786648478e+02
6.905152867838099837e+02
6.444159922741433775e+02
6.426335580749289420e+02
5.762491292484813812e+02
5.305004584005013157e+02
5.356562476886260811e+02
4.887769504755363528e+02
4.525962188377034181e+02
4.594103440700667420e+02
4.115543332867936215e+02
3.756672208321211315e+02
3.988497122107035011e+02
3.658325906864873787e+02
3.262297903147693319e+02
3.498182922698026118e+02
3.274188156251862551e+02
2.872118605643092337e+02
3.042702235994175339e+02
2.841957699994451332e+02
2.516172864156339983e+02
2.785569565788428008e+02
2.636398000969064128e+02
2.257021913917951395e+02
2.496260474780562788e+02
2.377377117710058485e+02
1.981115737576985794e+02
2.238307460390975052e+02
2.193046790431851605e+02
1.834801928345593183e+02
2.075565339639221349e+02
2.003648813983887180e+02
1.600747796539426702e+02
1.919212169708538056e+02
1.935123629370217770e+02
1.454095793966592112e+02
1.669620425442956559e+02
1.739601576002147851e+02
1.335333898294808535e+02
1.594867884388617369e+02
1.692511009472296450e+02
1.267806772604240138e+02
1.493027753376593125e+02
1.616816441112854932e+02
1.170460664849776578e+02
1.362063211285868363e+02
1.520737800745499442e+02
1.060422708021594076e+02
1.240368096262176607e+02
1.475300840339966157e+02
1.056907015779010948e+02
1.136799093610150067e+02
1.351440326394153999e+02
9.643650239086682063e+01
1.096178582528076220e+02
1.329575136229601924e+02
9.133189723365440216e+01
1.013494714650297794e+02
1.293046622161805033e+02
8.860672442457274656e+01
9.386494979994074583e+01
1.267499544936908222e+02
9.179194466579070877e+01
8.888328017372111844e+01
1.179235120216824555e+02
8.497665164393809789e+01
8.819773144848399227e+01
1.189848694528397601e+02
8.104357747506917065e+01
7.335173629733922951e+01
1.088859233093028109e+02
7.623730978947641290e+01
7.357563355152822737e+01
1.115161053437142868e+02
8.112188856465286335e+01
7.253469737516303439e+01
1.073195374029873648e+02
7.421712208339431527e+01
6.862822342806822462e+01
1.118164402178216221e+02
8.202120603998750425e+01
6.505731933833321534e+01
1.075386079450797610e+02
7.883317178001324521e+01
5.472522469294874981e+01
1.014038646109363242e+02
7.784722020678296417e+01
5.750867403253273125e+01
1.033199353035114569e+02
7.926902378306748176e+01
5.572882379329152513e+01
1.048465743619122037e+02
8.250798025978099304e+01
5.116353706175153349e+01
1.034131857971269426e+02
8.535326998917516050e+01
4.735936414742634781e+01
9.938365201493327561e+01
8.554914544549498601e+01
4.870594477112697263e+01
9.794292978167568720e+01
8.275175468540835766e+01
4.603734046055512863e+01
1.033780114891985562e+02
9.160479292390922978e+01
4.295018344170533453e+01
9.794952748034597789e+01
9.083558424084382921e+01
4.604079518213436018e+01
1.012086960584317268e+02
9.558083365077679616e+01
4.581030649366529417e+01
9.945836800636359953e+01
9.517535288423253803e+01
4.510431712342918331e+01
1.059815354728090568e+02
1.060526969853866888e+02
4.492247651588392898e+01
1.005127439570146066e+02
1.072440573067821816e+02
4.865608038968930771e+01
1.000535056283467412e+02
1.080874747436855046e+02
4.632417162338370531e+01
1.028662883239869501e+02
1.175928879480034084e+02
5.293061958421197488e+01
9.525894465920713117e+01
1.128921151756431414e+02
5.345976114008340829e+01
1.031702522303311298e+02
1.236887356039900823e+02
5.987248134808714184e+01
1.002610824424422589e+02
1.254818224263515276e+02
6.222055386299277302e+01
9.875775702437749715e+01
1.266196780850712429e+02
6.552434833142631021e+01
1.073352927171541467e+02
1.391863050632119325e+02
7.335111438439588483e+01
1.039318101392305778e+02
1.416292538535551273e+02
7.635537518760465048e+01
1.058989108043405736e+02
1.500835942420698643e+02
8.444626479271981623e+01
1.051318177141778136e+02
1.568083757377759468e+02
9.499556241448469507e+01
1.070606869378764969e+02
1.634303062028053830e+02
1.031105725335722525e+02
1.067581523174966946e+02
1.696259388343230228e+02
1.125007143228185953e+02
1.077655985647124339e+02
1.766586626672993532e+02
1.235314516478008926e+02
1.088515249337212083e+02
1.819920129848394197e+02
1.322174460646818943e+02
1.099215281568386757e+02
1.883365138635826384e+02
1.428494680415406322e+02
1.161573382617659576e+02
1.997649575331581389e+02
1.570044879209717408e+02
1.175557016429081187e+02
2.077986725807201651e+02
1.724210020663290379e+02
1.226283087590055203e+02
2.141161718356941037e+02
1.831760505378253470e+02
1.257278696350477105e+02
2.241681579470613030e+02
2.001765563242159089e+02
1.321870931826924220e+02
2.346799412122987007e+02
2.195988754479247689e+02
1.375812652248962991e+02
2.384644058490638088e+02
2.334040985533796970e+02
1.476635334793846255e+02
2.502145931178754950e+02
2.544325929184514905e+02
1.588344271464611381e+02
2.567342211977333477e+02
2.701043131407275268e+02
1.666093899164273182e+02
2.652439903011273827e+02
2.915630129291188837e+02
1.827178470615177730e+02
2.767482153070494064e+02
3.169380130298631570e+02
2.021444598847418206e+02
2.827981517552047421e+02
3.356151435167295176e+02
2.183417830127424679e+02
2.910442178310336203e+02
3.575897582611045777e+02
2.387789519082093648e+02
3.025044011339663257e+02
3.828049964739872166e+02
2.575757287210527693e+02
3.067796833531615448e+02
4.077853621846239207e+02
2.868248336386330379e+02
3.180550493020316480e+02
4.353212443340926825e+02
3.181722428370993043e+02
3.265197869323105806e+02
4.577487037692906711e+02
3.465409756067487592e+02
3.414554450752278854e+02
4.886986944458964217e+02
3.806283859248225667e+02
3.563459122418196330e+02
5.251199332712086516e+02
4.264723010954750180e+02
3.734540849692509141e+02
5.572301890471193246e+02
4.693871731343332385e+02
3.913569830948819117e+02
5.919033047457536441e+02
5.163240976874534454e+02
4.154918704618420406e+02
6.386231019672258071e+02
5.809718399406740446e+02
4.438064983069477307e+02
6.784895638479100626e+02
6.435014775768927393e+02
4.801282279305825114e+02
7.263195769780779756e+02
7.122340277660158563e+02
5.206123386954041052e+02
7.884380345048198251e+02
8.062940676254474965e+02
5.753725411639253480e+02
8.469740110086804634e+02
9.040114231346003635e+02
6.464367775378391343e+02
9.219442918945775318e+02
1.019153592603572179e+03
7.315011220364930296e+02
1.016071520167155313e+03
1.164345104180474436e+03
8.388105911618101800e+02
1.127304059762239149e+03
1.344305858108618168e+03
9.817376137316880431e+02
1.268857695379374263e+03
1.576715809855182897e+03
1.183240299552429860e+03
1.464454230026300365e+03
1.885203356662324950e+03
1.447343466316487138e+03
1.723540341907352513e+03
2.319744706895341096e+03
1.846608599293972929e+03
2.124937894309719468e+03
3.002841184812536085e+03
2.513332483096352007e+03
2.798577125123180394e+03
4.183880460715818117e+03
3.760561392953861741e+03
4.174713834169375332e+03
6.787329058814356358e+03
6.879933209986295878e+03
8.441130546084386879e+03
1.746141317855981470e+04
2.579971283057333858e+04
2.733247006849158061e+04
2.104287401099850103e+04
1.131660139716486810e+04
6.776192038984703686e+03
7.367659169759084762e+03
5.314856313689711897e+03
3.599886128002678106e+03
4.376282763140569841e+03
3.518156510206321400e+03
2.428658828525614354e+03
3.076827834600722326e+03
2.648637069999502728e+03
1.838568719787332157e+03
2.367518273935546404e+03
2.144390666973200496e+03
1.479204813229814590e+03
1.912492947530749007e+03
1.815847930782063713e+03
1.247030972747569194e+03
1.594285573228414023e+03
1.580472479960126066e+03
1.085059028675622130e+03
1.353991415647014946e+03
1.393930515247810945e+03
9.659827776768141803e+02
1.182630083651001542e+03
1.260798326124713185e+03
8.784423804102733584e+02
1.038003823028280749e+03
1.144255416701140348e+03
8.048756349186046464e+02
9.209682239444457537e+02
1.051486748491471644e+03
7.524415506241005005e+02
8.247900751681648899e+02
9.707262106214529922e+02
7.098988882928263138e+02
7.461920539215451527e+02
9.008805101671615603e+02
6.716148174713957815e+02
6.776618444002040178e+02
8.413500244559417069e+02
6.428141436067701306e+02
6.184740666829522979e+02
7.859313226141428004e+02
6.170277935226105228e+02
5.687424337519779556e+02
7.371710069740959170e+02
5.953640536838590833e+02
5.260275466924208558e+02
6.926254310237194431e+02
5.755128711970462518e+02
4.872277143962680839e+02
6.500577402793391002e+02
5.577038150531089968e+02
4.568767345703606111e+02
6.129874190335596040e+02
5.412652263906472854e+02
4.290671633242016014e+02
5.788784655873232623e+02
5.281509757470222439e+02
4.061541736319153983e+02
5.452349831749965006e+02
5.136621000943065383e+02
3.866395424137753025e+02
5.148442568004086297e+02
5.007786834176546336e+02
3.705315345474143669e+02
4.859394936602780604e+02
4.876453106113766012e+02
3.566502948638008093e+02
4.590921490375195049e+02
4.755344430555485928e+02
3.457073997703318469e+02
4.337155498855530595e+02
4.633278557445522665e+02
3.366319343048571682e+02
4.097571397840403051e+02
4.511280622544524590e+02
3.295347626343445313e+02
3.879828820586851634e+02
4.396537467719783194e+02
3.240239900695179358e+02
3.671762950322667507e+02
4.278067882108679214e+02
3.196266610456409580e+02
3.479666575771946100e+02
4.159255212209635602e+02
3.156381461371432806e+02
3.297204535931367104e+02
4.042088811355458233e+02
3.130082118726971885e+02
3.131720917134364868e+02
3.924049942694211950e+02
3.106429783649877550e+02
2.977463725380827100e+02
3.805062142069263018e+02
3.087618180207626892e+02
2.839253705351669623e+02
3.686855145137363365e+02
3.069716369669550318e+02
2.712836630288013566e+02
3.569009972367384762e+02
3.054030596976364222e+02
2.599454194827860647e+02
3.450295124522689889e+02
3.038182180058952326e+02
2.500368091637999441e+02
3.332293041958781714e+02
3.021096819750916325e+02
2.414453087528820845e+02
3.215468122117503071e+02
3.002050395190531162e+02
2.340166878870456060e+02
3.100399996201419981e+02
2.982427861827475795e+02
2.277363614001862402e+02
2.984196634930662526e+02
2.958068193726873574e+02
2.226030950918203359e+02
2.871885627999315034e+02
2.933122481388280107e+02
2.185902548270503871e+02
2.760915554813187782e+02
2.904449744140798657e+02
2.155114353406632119e+02
2.652505241441510861e+02
2.872588951575676219e+02
2.132721909877563178e+02
2.546996823689727023e+02
2.837731633480519804e+02
2.118637405820189201e+02
2.445505621887117513e+02
2.799252889386929155e+02
2.109396338348148277e+02
2.346532342684913317e+02
2.756572830987136626e+02
2.104928256005699723e+02
2.252511284510497376e+02
2.711382465066969303e+02
2.105144768368929533e+02
2.164015920985786749e+02
2.663427072466154186e+02
2.108048318543085031e+02
2.080815831385168337e+02
2.613224642108772855e+02
2.113502481501769523e+02
2.002253925461297968e+02
2.558698536298124964e+02
2.119188685212988048e+02
1.930319691531267949e+02
2.502170643541344361e+02
2.125637559707948014e+02
1.865347916467898131e+02
2.443695393124443171e+02
2.132742587926215094e+02
1.810037684907204039e+02
2.385365156299346836e+02
2.137221616801047617e+02
1.752025153769194787e+02
2.316604079089617301e+02
2.138145507717674718e+02
1.709144135087265681e+02
2.253325054441652071e+02
2.140319049892510748e+02
1.674002845027951025e+02
2.189202880804836298e+02
2.139846647733867258e+02
1.644120569830632235e+02
2.122829690333066139e+02
2.135829258643134381e+02
1.620925899058518951e+02
2.056964098236250607e+02
2.129760705758686470e+02
1.603791768717437662e+02
1.990726507339832949e+02
2.120997220350272983e+02
1.593081121593994283e+02
1.924818220190173292e+02
2.108628257111950006e+02
1.587209645815005388e+02
1.860019273094770824e+02
2.093409059074046183e+02
1.586113722625753439e+02
1.796908743591957034e+02
2.075304463564769435e+02
1.588735126498770001e+02
1.735322516763092153e+02
2.053924940491223481e+02
1.594482503376929969e+02
1.676202784159721944e+02
2.029493540307414605e+02
1.602238548310958777e+02
1.619469857220291260e+02
2.002030766377234272e+02
1.611838769134746769e+02
1.566214662637590891e+02
1.971858148377983184e+02
1.622350813722588043e+02
1.516433026795511978e+02
1.939058101511163272e+02
1.633487063670900454e+02
1.470741628611972942e+02
1.903615495018763966e+02
1.644365974433215172e+02
1.429459433999393809e+02
1.865821681440616260e+02
1.654494633698349446e+02
1.393052088365057841e+02
1.826455571846401540e+02
1.663975558709492759e+02
1.361181546691034896e+02
1.784646805423175806e+02
1.671750464878048490e+02
1.334616671827249661e+02
1.741535057015746872e+02
1.677860079662310113e+02
1.313052469324343861e+02
1.697129553063327592e+02
1.681960232366774335e+02
1.296384721290181403e+02
1.651698591278037895e+02
1.683845296307524961e+02
1.284516702462725846e+02
1.605645900867111777e+02
1.683392590979811700e+02
1.277172256117605116e+02
1.559303093616167928e+02
1.680465087985313062e+02
1.273985175891179580e+02
1.513048204115216322e+02
1.674945679263975364e+02
1.274352798618319724e+02
1.467115845815162345e+02
1.666777479759103073e+02
1.277869143169465644e+02
1.421922408510198466e+02
1.656028695287471066e+02
1.284349424697669519e+02
1.378184676052618727e+02
1.642666505982755041e+02
1.292735685472981970e+02
1.335818314303887746e+02
1.626629630666406854e+02
1.302726894184956450e+02
1.295491964572147197e+02
1.608095124071421083e+02
1.313768943493562915e+02
1.257511551417535998e+02
1.587162994534107838e+02
1.325451652316104685e+02
1.222263891980214652e+02
1.563882568109669933e+02
1.337238219207345367e+02
1.190085045170339981e+02
1.538421253859804381e+02
1.348721606296202253e+02
1.161270288685254570e+02
1.510957884689260879e+02
1.359546140538202224e+02
1.136067176883687608e+02
1.481696398284067300e+02
1.369404824487117480e+02
1.114609713915528886e+02
1.450784981989451978e+02
1.378021567997128045e+02
1.097090906756610877e+02
1.418480976992649119e+02
1.385110146969362575e+02
1.083439465739104008e+02
1.384979281326010323e+02
1.390468130954639889e+02
1.073641810611670735e+02
1.350584953478963541e+02
1.393946093805796806e+02
1.067526367560285649e+02
1.315546494361838086e+02
1.395397223105329942e+02
1.064870740451335962e+02
1.280168090813442916e+02
1.394718879348176017e+02
1.065357609811396458e+02
1.244757284360588585e+02
1.391856427729315442e+02
1.068615168896745757e+02
1.209573408010634097e+02
1.386745360309452053e+02
1.074316313716444000e+02
1.175013703716306708e+02
1.379364654445301426e+02
1.081976778946772129e+02
1.141379767450251279e+02
1.369732322978290711e+02
1.091202220221596946e+02
1.109035262442217800e+02
1.357875425900515154e+02
1.101533379385963798e+02
1.078308965320527477e+02
1.343874898930392021e+02
1.112577762513374324e+02
1.049515522732232569e+02
1.327799459190964058e+02
1.123932153709388189e+02
1.022948671876057745e+02
1.309781165579508979e+02
1.135300539773740667e+02
9.988722474287662578e+01
1.289866381030170714e+02
1.146317970785036522e+02
9.775715790592180099e+01
1.268222074816336544e+02
1.156695358877067292e+02
9.592379187495862425e+01
1.245000680737382623e+02
1.166207061911597549e+02
9.440596293679841722e+01
1.220260182567582348e+02
1.174337564312637312e+02
9.319234888585630472e+01
1.194398674785972219e+02
1.181296514792392571e+02
9.231120937313477270e+01
1.167552729794834647e+02
1.186714982723076730e+02
9.173848926747909616e+01
1.139915894433853083e+02
1.190474494321826739e+02
9.146213498861150981e+01
1.111731056117349823e+02
1.192465050661057120e+02
9.146040103570268798e+01
1.083242760499201154e+02
1.192624199578095698e+02
9.171162545032930780e+01
1.054714143326872886e+02
1.190858537396944712e+02
9.218258110322295806e+01
1.026428276326371929e+02
1.187145372741455702e+02
9.284056627395845851e+01
9.986748610049156127e+01
1.181475676536482808e+02
9.365036018768830672e+01
9.717503141540210265e+01
1.173873776967043625e+02
9.457676342463996377e+01
9.459204686022113151e+01
1.164348704903736689e+02
9.558517141446979792e+01
9.214979284938596038e+01
1.152967909730161864e+02
9.664249305388837286e+01
8.987461705164928105e+01
1.139776527243526090e+02
9.771549139073974288e+01
8.779383387244418202e+01
1.124873258722139724e+02
9.877503399080825375e+01
8.593095827289423028e+01
1.108357967459884890e+02
9.979349808882471962e+01
8.430665180974500572e+01
1.090365360902397640e+02
1.007472345323246117e+02
8.293507140090970609e+01
1.071015911951279236e+02
1.016141993440774911e+02
8.182737104370335146e+01
1.050465876591352838e+02
1.023761331702122135e+02
8.098925671536008508e+01
1.028878231283772635e+02
1.030153197895635486e+02
8.041859398635104128e+01
1.006438920845930625e+02
1.035181987467886842e+02
8.010772338195781117e+01
9.833454560116615539e+01
1.038732713703609534e+02
8.004271260970007518e+01
9.598114242374563787e+01
1.040723008957989180e+02
8.020498039552188629e+01
9.360533446901668242e+01
1.041080840240635723e+02
8.057134467907063424e+01
9.123028773341086151e+01
1.039757234373187771e+02
8.111566660466969836e+01
8.888074417157258722e+01
1.036724359675709621e+02
8.180895202646877351e+01
8.658188437159888906e+01
1.031975076935219846e+02
8.262120123452108089e+01
8.435942233661961609e+01
1.025521929913640804e+02
8.352210661746532594e+01
8.223891704038500450e+01
1.017396888813268561e+02
8.448232942237653731e+01
8.024525250019712530e+01
1.007643271827213027e+02
8.547351923832545140e+01
7.840275703165498555e+01
9.963235518751524467e+01
8.646877716449969853e+01
7.673354213072948937e+01
9.835126081950298271e+01
8.744323754486337918e+01
7.525799813592915655e+01
9.693048612606420988e+01
8.837367079484899079e+01
7.399241939176719995e+01
9.538126369900273005e+01
8.923987135414155603e+01
7.294895770813228353e+01
9.371575894549719976e+01
9.002369625665448893e+01
7.213503520280404757e+01
9.194736716024632983e+01
9.070925078278597198e+01
7.155344819568188086e+01
9.009127401982824779e+01
9.128278978662017096e+01
7.120115430918512800e+01
8.816371734455856313e+01
9.173252399278034375e+01
7.106974326981833201e+01
8.618246817690069861e+01
9.204902908977823017e+01
7.114593284760701408e+01
8.416644581756499122e+01
9.222483254365153016e+01
7.141216859778516834e+01
8.213588485264872929e+01
9.225456911498081070e+01
7.184730203992234010e+01
8.011163926061760776e+01
9.213448650904754800e+01
7.242781785789971138e+01
7.811576556764970292e+01
9.186270619182522523e+01
7.312830755311337327e+01
7.617063272431583698e+01
9.143894744513191597e+01
7.392268903851562811e+01
7.429913759472572110e+01
9.086483092899408121e+01
7.478499576243007141e+01
7.252364929444122765e+01
9.014306892052169928e+01
7.568993153669642027e+01
7.086651621549354729e+01
8.927817812315740298e+01
7.661341061215075854e+01
6.934945945068567141e+01
8.827750285038536049e+01
7.753381608263897817e+01
6.798445975946108888e+01
8.713228976257212821e+01
7.841519515451737732e+01
6.680048371281407071e+01
8.588014729708930872e+01
7.926126762012417259e+01
6.580516603484177551e+01
8.451397453468476328e+01
8.004253520606233963e+01
6.500654375259924223e+01
8.304704973785163702e+01
8.074497783510757642e+01
6.441008705881203866e+01
8.149176608074631645e+01
8.135536307986660631e+01
6.401679322299715125e+01
7.986180466537001621e+01
8.186203955061593263e+01
6.382281490781408451e+01
7.817211566803894129e+01
8.225482698602374398e+01
6.381929937693428911e+01
7.643929744362617384e+01
8.252584379522183156e+01
6.399306332535263664e+01
7.468109608144101230e+01
8.266929186684039621e+01
6.432710748363822972e+01
7.291559336209931530e+01
8.268100750655482045e+01
6.480210033002303760e+01
7.116162248400729595e+01
8.255821951533461345e+01
6.539696214156083443e+01
6.943872553749683618e+01
8.229924969062146545e+01
6.608918202447706847e+01
6.776730817466932422e+01
8.190404289967382567e+01
6.685553705237906286e+01
6.616803644043227450e+01
8.137418801892253839e+01
6.767278986136928154e+01
