7.195227382024743656e-02 2.742650017343471400e-03 -1.243270493106803043e+00 -1.240527843089459514e+00
7.195102199589931136e-02 2.864720963916579655e-03 -1.260871071839613222e+00 -1.258006350875696677e+00
7.194973995702810821e-02 2.993179642173594574e-03 -1.278452024745626803e+00 -1.275458845103453198e+00
7.194842674456949916e-02 3.128402458376314515e-03 -1.295984379268509956e+00 -1.292855976810133534e+00
7.194708136178309954e-02 3.270789967982947345e-03 -1.313436514354202389e+00 -1.310165724386219477e+00
7.194570277248857337e-02 3.420768509276118485e-03 -1.330773977646944717e+00 -1.327353209137668522e+00
7.194428989920570450e-02 3.578791949173511060e-03 -1.347959293548898208e+00 -1.344380501599724775e+00
7.194284162119267412e-02 3.745343548450424335e-03 -1.364951762174492211e+00 -1.361206418626041748e+00
7.194135677237591120e-02 3.920937954288907651e-03 -1.381707249208472987e+00 -1.377786311254184159e+00
7.193983413916510417e-02 4.106123328255458123e-03 -1.398177966894779356e+00 -1.394071843566523805e+00
7.193827245814579663e-02 4.301483618312717909e-03 -1.414312246697404518e+00 -1.410010763079091900e+00
7.193667041364174008e-02 4.507640983742225091e-03 -1.430054303902980717e+00 -1.425546662919238594e+00
7.193502663513884343e-02 4.725258382487601029e-03 -1.445343994943523613e+00 -1.440618736561036117e+00
7.193333969456151833e-02 4.955042330866732229e-03 -1.460116568330654507e+00 -1.455161525999787875e+00
7.193160810339199740e-02 5.197745845572072573e-03 -1.474302410281293163e+00 -1.469104664435721075e+00
7.192983030962216140e-02 5.454171578718649237e-03 -1.487826786548917646e+00 -1.482372614970199010e+00
7.192800469452670376e-02 5.725175157021642099e-03 -1.500609581986097840e+00 -1.494884406829076307e+00
7.192612956924598899e-02 6.011668736172709991e-03 -1.512565039971333958e+00 -1.506553371235161309e+00
7.192420317116551831e-02 6.314624782148324858e-03 -1.523601504214187718e+00 -1.517286879432039326e+00
7.192222366007830492e-02 6.635080091278519263e-03 -1.533621165683414889e+00 -1.526986085592136444e+00
7.192018911411535154e-02 6.974140061083268852e-03 -1.542519818033601942e+00 -1.535545677972518730e+00
7.191809752542829837e-02 7.332983224156810684e-03 -1.550186625475124202e+00 -1.542853642250967328e+00
7.191594679560689429e-02 7.712866057078421496e-03 -1.556503907507331919e+00 -1.548791041450253481e+00
7.191373473081288936e-02 8.115128076904834162e-03 -1.561346945617124282e+00 -1.553231817540219550e+00
7.191145903661017025e-02 8.541197237067038248e-03 -1.564583817656064246e+00 -1.556042620418997213e+00
7.190911731246987793e-02 8.992595634463380200e-03 -1.566075266481957717e+00 -1.557082670847494299e+00
7.190670704592677653e-02 9.470945539484746517e-03 -1.565674610164657032e+00 -1.556203664625172234e+00
7.190422560636192117e-02 9.977975759665747013e-03 -1.563227701612075471e+00 -1.553249725852409835e+00
7.190167023838463234e-02 1.051552834732522208e-02 -1.558572946799904324e+00 -1.548057418452579048e+00
7.189903805478373156e-02 1.108556566089011729e-02 -1.551541391206572085e+00 -1.540455825545681945e+00
7.189632602901685487e-02 1.169017778823550589e-02 -1.541956885050529635e+00 -1.530266707262294190e+00
7.189353098720269175e-02 1.233159033979388391e-02 -1.529636338762996983e+00 -1.517304748423203176e+00
7.189064959957941481e-02 1.301217261732904619e-02 -1.514390080833752483e+00 -1.501377908216423362e+00
7.188767837138823613e-02 1.373444616341368274e-02 -1.496022331058284305e+00 -1.482287884894870622e+00
7.188461363313819463e-02 1.450109369491269472e-02 -1.474331802383627377e+00 -1.459830708688714784e+00
7.188145153020479572e-02 1.531496842187521877e-02 -1.449112445352361833e+00 -1.433797476930486647e+00
7.187818801171023952e-02 1.617910375226010514e-02 -1.420154349291280038e+00 -1.403975245539019978e+00
7.187481881862886612e-02 1.709672338043355735e-02 -1.387244814097685630e+00 -1.370148090717252076e+00
7.187133947105672771e-02 1.807125175625930516e-02 -1.350169606278983414e+00 -1.332098354522724071e+00
7.186774525457854945e-02 1.910632493032420401e-02 -1.308714412212963252e+00 -1.289608087282638982e+00
7.186403120565920677e-02 2.020580176896144206e-02 -1.262666500273384784e+00 -1.242460698504423311e+00
7.186019209598044910e-02 2.137377553253523577e-02 -1.211816601575528951e+00 -1.190442826042993785e+00
7.185622241563714707e-02 2.261458581006377602e-02 -1.155961017048412698e+00 -1.133346431238348995e+00
7.185211635509793082e-02 2.393283080342516536e-02 -1.094903955332195977e+00 -1.070971124528770746e+00
7.184786778582821776e-02 2.533337995596821046e-02 -1.028460102220665640e+00 -1.003126722264697346e+00
7.184347023946277555e-02 2.682138692258379323e-02 -9.564574180497040778e-01 -9.296360311271202326e-01
7.183891688540505749e-02 2.840230288232129321e-02 -8.787401538700794212e-01 -8.503378509877581592e-01
7.183420050671922297e-02 3.008189019949681492e-02 -7.951720712499630306e-01 -7.650901810504662226e-01
7.182931347416773860e-02 3.186623644697684360e-02 -7.056398436350050929e-01 -6.737736071880282562e-01
7.182424771823324450e-02 3.376176881379130967e-02 -6.100566093924996158e-01 -5.762948405787082784e-01
7.181899469894911792e-02 3.577526893119784696e-02 -5.083656384981476428e-01 -4.725903695669497750e-01
7.181354537334447286e-02 3.791388816503807324e-02 -4.005440660015119891e-01 -3.626301778364738881e-01
7.180789016029233418e-02 4.018516343824129339e-02 -2.866066363011470775e-01 -2.464214728629057771e-01
7.180201890252778385e-02 4.259703366699392479e-02 -1.666093932700067060e-01 -1.240123596030127812e-01
7.179592082558100552e-02 4.515785691499780291e-02 -4.065324244689105110e-02 4.504614468106751812e-03
7.178958449334450764e-02 4.787642839398312256e-02 9.111269653276997393e-02 1.389891249267530826e-01
7.178299775996627163e-02 5.076199946513014483e-02 2.284880360880354178e-01 2.792500355531655765e-01
7.177614771773030422e-02 5.382429782204129626e-02 3.712184596388292124e-01 4.250427574608705017e-01
7.176902064055196151e-02 5.707354906399021710e-02 5.189935509201886177e-01 5.760670999841788209e-01
7.176160192267877491e-02 6.052049989486397302e-02 6.714452120680775016e-01 7.319657119629414677e-01
7.175387601214644473e-02 6.417644320751829390e-02 8.281467667162499824e-01 8.923232099237682347e-01
7.174582633849513336e-02 6.805324533424403355e-02 9.886128388446738802e-01 1.056666084178917941e+00
7.173743523420131329e-02 7.216337575770888357e-02 1.152300088902122877e+00 1.224463464659831802e+00
7.172868384922716223e-02 7.651993958185737688e-02 1.318608875661637647e+00 1.395128815243495080e+00
7.171955205802993394e-02 8.113671305423492131e-02 1.486885895391981904e+00 1.568022608446216770e+00
7.171001835830910498e-02 8.602818240700738084e-02 1.656427829262497209e+00 1.742456011669504701e+00
7.170005976069922238e-02 9.120958623764340023e-02 1.826486005940270330e+00 1.917695592177913744e+00
7.168965166853993876e-02 9.669696157713400519e-02 1.996272059640320062e+00 2.092969021217454095e+00
7.167876774677267582e-02 1.025071936867529565e-01 2.164964535212924979e+00 2.267471728899677963e+00
7.166737977892505274e-02 1.086580694750472614e-01 2.331716362194445669e+00 2.440374431669492861e+00
7.165545751105061034e-02 1.151683342275081345e-01 2.495663090276550644e+00 2.610831424504058695e+00
7.164296848139226070e-02 1.220577510787334424e-01 2.655931750646328915e+00 2.777989501725062205e+00
7.162987783443468259e-02 1.293471623187062991e-01 2.811650182308783386e+00 2.940997344627489518e+00
7.161614811790550927e-02 1.370585511957833902e-01 2.961956641193761008e+00 3.099015192389544371e+00
7.160173906117933695e-02 1.452151023377500627e-01 3.106009493727702520e+00 3.251224596065452666e+00
7.158660733343630289e-02 1.538412582370012327e-01 3.242996786622015737e+00 3.396838044859016748e+00
7.157070627983228017e-02 1.629627684080189320e-01 3.372145481529507549e+00 3.535108249937526370e+00
7.155398563385878541e-02 1.726067267910477987e-01 3.492730147546038832e+00 3.665336874337086659e+00
7.153639120401418527e-02 1.828015917045865968e-01 3.604080916301011683e+00 3.786882508005598336e+00
7.151786453288812295e-02 1.935771810950764060e-01 3.705590523240534839e+00 3.899167704335611440e+00
7.149834252679278246e-02 2.049646339383246474e-01 3.796720284258040756e+00 4.001684918196365182e+00
7.147775705417915015e-02 2.169963263541662135e-01 3.877004887970791902e+00 4.094001214324958227e+00
7.145603451128154648e-02 2.297057282342363782e-01 3.946055919536401113e+00 4.175761647770637630e+00
7.143309535377521946e-02 2.431271828823495518e-01 4.003564070634999972e+00 4.246691253517349551e+00
7.140885359375552521e-02 2.572955882616417833e-01 4.049300030760894842e+00 4.306595619022536958e+00
7.138321626211077686e-02 2.722459538744618768e-01 4.083114095581330538e+00 4.355360049455792470e+00
7.135608283744095115e-02 2.880128020457455307e-01 4.104934567730248673e+00 4.392947369775994204e+00
7.132734464416003173e-02 3.046293764603824061e-01 4.114765062771790660e+00 4.419394439232172900e+00
7.129688422442873041e-02 3.221266143320131170e-01 4.112680867110494631e+00 4.434807481442507360e+00
7.126457469123377575e-02 3.405318318027265034e-01 4.098824524850134488e+00 4.439356356652861102e+00
7.123027907342766030e-02 3.598670655438626076e-01 4.073400856340561482e+00 4.433267921884423757e+00
7.119384966806385773e-02 3.801470078032802569e-01 4.036671632254056341e+00 4.416818640057336154e+00
7.115512742112756195e-02 4.013764684976013908e-01 3.988950143348048094e+00 4.390326611845649651e+00
7.111394136501007768e-02 4.235472981184470465e-01 3.930595917317614596e+00 4.354143215436061531e+00
7.107010815004928539e-02 4.466347116737776624e-01 3.862009839971548342e+00 4.308644551645326004e+00
7.102343171837476044e-02 4.705929699636134944e-01 3.783629937500871510e+00 4.254222907464485282e+00
7.097370318130104272e-02 4.953504045129087929e-01 3.695928068225903029e+00 4.191278472738812155e+00
7.092070097660975458e-02 5.208038217111476964e-01 3.599407753285774447e+00 4.120211574996922366e+00
7.086419139901473097e-02 5.468123960224824387e-01 3.494603342287201819e+00 4.041415738309684258e+00
7.080392961529963225e-02 5.731912672843797463e-01 3.382080656746380587e+00 3.955271924030760111e+00
7.073966129388632729e-02 5.997051972777732720e-01 3.262439174530140207e+00 3.862144371807913590e+00
7.067112499502049838e-02 6.260628161589282259e-01 3.136315705169759216e+00 3.762378521328687331e+00
7.059805547947733961e-02 6.519121928839891611e-01 3.004389352505239419e+00 3.656301545389228469e+00
7.052018809672107313e-02 6.768386767024917594e-01 2.867387364081859680e+00 3.544226040784351550e+00
7.043726440271379230e-02 7.003661443910929041e-01 2.726091229439200347e+00 3.426457373830293029e+00
7.034903912710671614e-02 7.219628964439914753e-01 2.581342126459967634e+00 3.303305022903959109e+00
7.025528855320757604e-02 7.410534035388862684e-01 2.434044556677191107e+00 3.175097960216077375e+00
7.015582028674986759e-02 7.570368320493585657e-01 2.285166806488859503e+00 3.042203638538218069e+00
7.005048426875230827e-02 7.693127047402208429e-01 2.135736789191073015e+00 2.905049493931294080e+00
6.993918473637356081e-02 7.773131521399148092e-01 1.986831939812335079e+00 2.764145091952249889e+00
6.982189266368916958e-02 7.805400318024581230e-01 1.839562219470509907e+00 2.620102251272967919e+00
6.969865804058521241e-02 7.786038952484077846e-01 1.695045971179085731e+00 2.473649866427493293e+00
6.956962119971182856e-02 7.712606358296985043e-01 1.554379321520944934e+00 2.325639957350643439e+00
6.943502231110063039e-02 7.584409946838818195e-01 1.418600922166755707e+00 2.177041916850637637e+00
6.929520816290656027e-02 7.402682525647196199e-01 1.288654867573300500e+00 2.028923120138020231e+00
6.915063545635785625e-02 7.170605619176775303e-01 1.165355359788754042e+00 1.882415921706431572e+00
6.900187006676032631e-02 6.893163918727870376e-01 1.049356891275754711e+00 1.738673283148541859e+00
6.884958204030276752e-02 6.576840999913224906e-01 9.411332600647979163e-01 1.598817360056120407e+00
6.869453646605713781e-02 6.229191354924340507e-01 8.409676597051838343e-01 1.463886795197617996e+00
6.853758072722669625e-02 5.858342182382757501e-01 7.489546088356308084e-01 1.334788827073906559e+00
6.837962893751051152e-02 5.472486000232825720e-01 6.650129213626665425e-01 1.212261521385949115e+00
6.822164456254789511e-02 5.079420884629780586e-01 5.889075984635744332e-01 1.096849686926552492e+00
6.806462229105567086e-02 4.686181179556310750e-01 5.202776890122144948e-01 9.888958069678455143e-01
6.790957015991869183e-02 4.298782293561520529e-01 4.586669099109901282e-01 8.885451392671421811e-01
6.775749277836985718e-02 3.922083666952991821e-01 4.035540766848882410e-01 7.957624433801874231e-01
6.760937627718698051e-02 3.559758123208455749e-01 3.543810346623844643e-01 7.103568469832299836e-01
6.746617537016061372e-02 3.214345706263798119e-01 3.105765589799205362e-01 6.320111296063003481e-01
6.732880269104565829e-02 2.887366014945846882e-01 2.715754278367523145e-01 5.603120293313370581e-01
6.719812038273224875e-02 2.579463840689340537e-01 2.368326333623688718e-01 4.947790174313029254e-01
6.707493377741993723e-02 2.290566792196581936e-01 2.058331187850848398e-01 4.348897980047430334e-01
6.695998691808670300e-02 2.020039005161739787e-01 1.780974056698531871e-01 3.801013061860271658e-01
6.685395962665854896e-02 1.766820594997097482e-01 1.531841056412657498e-01 3.298661651409754980e-01
6.675746581368097177e-02 1.529547015010396527e-01 1.306902744521347970e-01 2.836449759531744497e-01
6.667105273783079100e-02 1.306646287370572257e-01 1.102497002012447352e-01 2.409143289383019471e-01
6.659520095206265811e-02 1.096414703953679237e-01 9.152988325762580202e-02 2.011713536529937119e-01
6.653032470913493313e-02 8.970728654544611602e-02 7.422863044867687721e-02 1.639359169941229932e-01
6.647677263731475994e-02 7.068047854546749553e-02 5.806944139800695320e-02 1.287499199434744557e-01
6.643482853371776575e-02 5.237832605214685910e-02 4.279764225152877383e-02 9.517596830367563987e-02
6.640471215603512001e-02 3.461839944131227947e-02 2.817695643942204689e-02 6.279535588073432983e-02
6.638657992253936546e-02 1.721916263752492834e-02 1.398294643339496358e-02 3.120210907091989366e-02
6.638052545525208181e-02 -0.000000000000000000e+00 0.000000000000000000e+00 0.000000000000000000e+00
6.638657992253936546e-02 -1.721916263752492834e-02 -1.398294643339496358e-02 -3.120210907091989366e-02
6.640471215603512001e-02 -3.461839944131227947e-02 -2.817695643942204689e-02 -6.279535588073432983e-02
6.643482853371776575e-02 -5.237832605214685910e-02 -4.279764225152877383e-02 -9.517596830367563987e-02
6.647677263731475994e-02 -7.068047854546749553e-02 -5.806944139800695320e-02 -1.287499199434744557e-01
6.653032470913493313e-02 -8.970728654544611602e-02 -7.422863044867687721e-02 -1.639359169941229932e-01
6.659520095206265811e-02 -1.096414703953673964e-01 -9.152988325762580202e-02 -2.011713536529932123e-01
6.667105273783079100e-02 -1.306646287370572257e-01 -1.102497002012447214e-01 -2.409143289383019471e-01
6.675746581368097177e-02 -1.529547015010401800e-01 -1.306902744521347970e-01 -2.836449759531749493e-01
6.685395962665854896e-02 -1.766820594997097482e-01 -1.531841056412657498e-01 -3.298661651409754980e-01
6.695998691808670300e-02 -2.020039005161734236e-01 -1.780974056698531871e-01 -3.801013061860266107e-01
6.707493377741993723e-02 -2.290566792196661872e-01 -2.058331187850969413e-01 -4.348897980047631284e-01
6.719812038273226262e-02 -2.579463840689352749e-01 -2.368326333623692881e-01 -4.947790174313045908e-01
6.732880269104565829e-02 -2.887366014945852988e-01 -2.715754278367545904e-01 -5.603120293313399447e-01
6.746617537016062760e-02 -3.214345706263893598e-01 -3.105765589799381887e-01 -6.320111296063275486e-01
6.760937627718699439e-02 -3.559758123208460190e-01 -3.543810346623689767e-01 -7.103568469832149956e-01
6.775749277836985718e-02 -3.922083666952899672e-01 -4.035540766848706440e-01 -7.957624433801606667e-01
6.790957015991869183e-02 -4.298782293561520529e-01 -4.586669099109901282e-01 -8.885451392671421811e-01
6.806462229105567086e-02 -4.686181179556409560e-01 -5.202776890122409181e-01 -9.888958069678819296e-01
6.822164456254790899e-02 -5.079420884629798350e-01 -5.889075984635752103e-01 -1.096849686926554934e+00
6.837962893751051152e-02 -5.472486000232718029e-01 -6.650129213626400082e-01 -1.212261521385911811e+00
6.853758072722669625e-02 -5.858342182382645369e-01 -7.489546088356308084e-01 -1.334788827073895234e+00
6.869453646605713781e-02 -6.229191354924440427e-01 -8.409676597052264668e-01 -1.463886795197670398e+00
6.884958204030278139e-02 -6.576840999913358132e-01 -9.411332600648449898e-01 -1.598817360056180803e+00
6.900187006676034018e-02 -6.893163918727900352e-01 -1.049356891275710302e+00 -1.738673283148500337e+00
6.915063545635785625e-02 -7.170605619176659840e-01 -1.165355359788705858e+00 -1.882415921706371842e+00
6.929520816290656027e-02 -7.402682525647196199e-01 -1.288654867573300500e+00 -2.028923120138020231e+00
6.943502231110063039e-02 -7.584409946838923666e-01 -1.418600922166757039e+00 -2.177041916850649628e+00
6.956962119971182856e-02 -7.712606358296939524e-01 -1.554379321520946045e+00 -2.325639957350639886e+00
6.969865804058521241e-02 -7.786038952484077846e-01 -1.695045971179188760e+00 -2.473649866427596322e+00
6.982189266368918346e-02 -7.805400318024527939e-01 -1.839562219470511240e+00 -2.620102251272963922e+00
6.993918473637356081e-02 -7.773131521399121446e-01 -1.986831939812360837e+00 -2.764145091952272981e+00
7.005048426875232215e-02 -7.693127047402369412e-01 -2.135736789191074347e+00 -2.905049493931311400e+00
7.015582028674986759e-02 -7.570368320493556791e-01 -2.285166806488723168e+00 -3.042203638538079069e+00
7.025528855320757604e-02 -7.410534035388862684e-01 -2.434044556677191995e+00 -3.175097960216078263e+00
7.034903912710671614e-02 -7.219628964439881447e-01 -2.581342126459750919e+00 -3.303305022903739285e+00
7.043726440271377842e-02 -7.003661443910734752e-01 -2.726091229439200792e+00 -3.426457373830274378e+00
7.052018809672107313e-02 -6.768386767024989759e-01 -2.867387364082083057e+00 -3.544226040784582032e+00
7.059805547947733961e-02 -6.519121928839891611e-01 -3.004389352505240751e+00 -3.656301545389229801e+00
7.067112499502049838e-02 -6.260628161589202323e-01 -3.136315705169425261e+00 -3.762378521328345382e+00
7.073966129388631341e-02 -5.997051972777756035e-01 -3.262439174530507913e+00 -3.862144371808283516e+00
7.080392961529964613e-02 -5.731912672843769707e-01 -3.382080656746721203e+00 -3.955271924031098063e+00
7.086419139901473097e-02 -5.468123960224778868e-01 -3.494603342286829228e+00 -4.041415738309306782e+00
7.092070097660975458e-02 -5.208038217111572443e-01 -3.599407753286265610e+00 -4.120211574997423298e+00
7.097370318130105660e-02 -4.953504045129096811e-01 -3.695928068225903917e+00 -4.191278472738813932e+00
7.102343171837476044e-02 -4.705929699636082764e-01 -3.783629937500375018e+00 -4.254222907463983461e+00
7.107010815004928539e-02 -4.466347116737830469e-01 -3.862009839971548786e+00 -4.308644551645332221e+00
7.111394136501007768e-02 -4.235472981184470465e-01 -3.930595917317615040e+00 -4.354143215436062420e+00
7.115512742112756195e-02 -4.013764684975955066e-01 -3.988950143348048538e+00 -4.390326611845644322e+00
7.119384966806385773e-02 -3.801470078032802569e-01 -4.036671632254056341e+00 -4.416818640057336154e+00
7.123027907342766030e-02 -3.598670655438689914e-01 -4.073400856340562370e+00 -4.433267921884431750e+00
7.126457469123377575e-02 -3.405318318027330537e-01 -4.098824524850135376e+00 -4.439356356652868207e+00
7.129688422442873041e-02 -3.221266143320062336e-01 -4.112680867110495520e+00 -4.434807481442502031e+00
7.132734464416003173e-02 -3.046293764603753562e-01 -4.114765062772813842e+00 -4.419394439233188976e+00
7.135608283744096503e-02 -2.880128020457501381e-01 -4.104934567731325146e+00 -4.392947369777075117e+00
7.138321626211079074e-02 -2.722459538744587682e-01 -4.083114095579161607e+00 -4.355360049453619986e+00
7.140885359375551134e-02 -2.572955882616374534e-01 -4.049300030759814817e+00 -4.306595619021452492e+00
7.143309535377521946e-02 -2.431271828823415304e-01 -4.003564070634923588e+00 -4.246691253517265174e+00
7.145603451128153261e-02 -2.297057282342324924e-01 -3.946055919537688084e+00 -4.175761647771920160e+00
7.147775705417916403e-02 -2.169963263541784260e-01 -3.877004887973332092e+00 -4.094001214327510851e+00
7.149834252679279634e-02 -2.049646339383281723e-01 -3.796720284256749345e+00 -4.001684918195077323e+00
7.151786453288812295e-02 -1.935771810950764060e-01 -3.705590523239216338e+00 -3.899167704334292939e+00
7.153639120401418527e-02 -1.828015917045865968e-01 -3.604080916302434101e+00 -3.786882508007020753e+00
7.155398563385879929e-02 -1.726067267910414982e-01 -3.492730147546038832e+00 -3.665336874337080442e+00
7.157070627983228017e-02 -1.629627684080189320e-01 -3.372145481526643174e+00 -3.535108249934661995e+00
7.158660733343628901e-02 -1.538412582370083104e-01 -3.242996786622015737e+00 -3.396838044859023853e+00
7.160173906117933695e-02 -1.452151023377500627e-01 -3.106009493729143589e+00 -3.251224596066893735e+00
7.161614811790550927e-02 -1.370585511957833902e-01 -2.961956641195216289e+00 -3.099015192390999651e+00
7.162987783443469647e-02 -1.293471623186981945e-01 -2.811650182308783386e+00 -2.940997344627481525e+00
7.164296848139226070e-02 -1.220577510787334424e-01 -2.655931750644871414e+00 -2.777989501723604704e+00
7.165545751105061034e-02 -1.151683342275290900e-01 -2.495663090276550644e+00 -2.610831424504079568e+00
7.166737977892505274e-02 -1.086580694750472614e-01 -2.331716362195789038e+00 -2.440374431670836231e+00
7.167876774677268970e-02 -1.025071936867436584e-01 -2.164964535212924979e+00 -2.267471728899668637e+00
7.168965166853993876e-02 -9.669696157712313889e-02 -1.996272059637735019e+00 -2.092969021214857950e+00
7.170005976069920850e-02 -9.120958623764224837e-02 -1.826486005939080615e+00 -1.917695592176722919e+00
7.171001835830909110e-02 -8.602818240701740060e-02 -1.656427829263739326e+00 -1.742456011670756810e+00
7.171955205802993394e-02 -8.113671305423492131e-02 -1.486885895393172508e+00 -1.568022608447407373e+00
7.172868384922716223e-02 -7.651993958185737688e-02 -1.318608875661637647e+00 -1.395128815243495080e+00
7.173743523420131329e-02 -7.216337575770888357e-02 -1.152300088902122877e+00 -1.224463464659831802e+00
7.174582633849513336e-02 -6.805324533423268152e-02 -9.886128388439481274e-01 -1.056666084178180753e+00
7.175387601214643085e-02 -6.417644320751783593e-02 -8.281467667150316236e-01 -8.923232099225494318e-01
7.176160192267874716e-02 -6.052049989487469361e-02 -6.714452120688034764e-01 -7.319657119636782117e-01
7.176902064055196151e-02 -5.707354906399021710e-02 -5.189935509217706855e-01 -5.760670999857608887e-01
7.177614771773031810e-02 -5.382429782204148361e-02 -3.712184596388292124e-01 -4.250427574608707237e-01
7.178299775996627163e-02 -5.076199946513014483e-02 -2.284880360875683192e-01 -2.792500355526984501e-01
7.178958449334449377e-02 -4.787642839398308092e-02 -9.111269653276997393e-02 -1.389891249267530549e-01
7.179592082558100552e-02 -4.515785691499780291e-02 4.065324244657950170e-02 -4.504614468418301210e-03
7.180201890252776997e-02 -4.259703366699401500e-02 1.666093932700067060e-01 1.240123596030126840e-01
7.180789016029233418e-02 -4.018516343824129339e-02 2.866066363013548557e-01 2.464214728631135554e-01
7.181354537334447286e-02 -3.791388816503807324e-02 4.005440660015119891e-01 3.626301778364738881e-01
7.181899469894911792e-02 -3.577526893119784696e-02 5.083656384981476428e-01 4.725903695669497750e-01
7.182424771823324450e-02 -3.376176881379130967e-02 6.100566093915120724e-01 5.762948405777207350e-01
7.182931347416772472e-02 -3.186623644697714891e-02 7.056398436361875914e-01 6.737736071892104217e-01
7.183420050671923685e-02 -3.008189019949646451e-02 7.951720712496250787e-01 7.650901810501286038e-01
7.183891688540504361e-02 -2.840230288232166445e-02 8.787401538688964786e-01 8.503378509865747725e-01
7.184347023946277555e-02 -2.682138692258379323e-02 9.564574180510301282e-01 9.296360311284462830e-01
7.184786778582821776e-02 -2.533337995596821046e-02 1.028460102218845318e+00 1.003126722262877024e+00
7.185211635509791694e-02 -2.393283080342559904e-02 1.094903955330206458e+00 1.070971124526780782e+00
7.185622241563713319e-02 -2.261458581006422705e-02 1.155961017050233464e+00 1.133346431240169316e+00
7.186019209598044910e-02 -2.137377553253523577e-02 1.211816601577519137e+00 1.190442826044983970e+00
7.186403120565920677e-02 -2.020580176896144206e-02 1.262666500273384784e+00 1.242460698504423311e+00
7.186774525457854945e-02 -1.910632493032420401e-02 1.308714412207681255e+00 1.289608087277356985e+00
7.187133947105669995e-02 -1.807125175626029048e-02 1.350169606273375678e+00 1.332098354517115446e+00
7.187481881862883837e-02 -1.709672338043455309e-02 1.387244814105948576e+00 1.370148090725514134e+00
7.187818801171025340e-02 -1.617910375225960207e-02 1.420154349300011942e+00 1.403975245547752326e+00
7.188145153020480960e-02 -1.531496842187471570e-02 1.449112445342783051e+00 1.433797476920908309e+00
7.188461363313816688e-02 -1.450109369491370953e-02 1.474331802377067513e+00 1.459830708682153810e+00
7.188767837138822225e-02 -1.373444616341418754e-02 1.496022331072081935e+00 1.482287884908667808e+00
7.189064959957944256e-02 -1.301217261732803832e-02 1.514390080837189068e+00 1.501377908219861057e+00
7.189353098720269175e-02 -1.233159033979388391e-02 1.529636338755797853e+00 1.517304748416004045e+00
7.189632602901685487e-02 -1.169017778823550589e-02 1.541956885050529635e+00 1.530266707262294190e+00
7.189903805478373156e-02 -1.108556566089011729e-02 1.551541391206572085e+00 1.540455825545681945e+00
7.190167023838463234e-02 -1.051552834732522208e-02 1.558572946799904324e+00 1.548057418452579048e+00
7.190422560636192117e-02 -9.977975759665747013e-03 1.563227701603194575e+00 1.553249725843528939e+00
7.190670704592674878e-02 -9.470945539485700615e-03 1.565674610173811709e+00 1.556203664634326023e+00
7.190911731246990568e-02 -8.992595634462438245e-03 1.566075266500242202e+00 1.557082670865779672e+00
7.191145903661019800e-02 -8.541197237066111905e-03 1.564583817651740372e+00 1.556042620414674227e+00
7.191373473081290324e-02 -8.115128076904377930e-03 1.561346945607720693e+00 1.553231817530816405e+00
7.191594679560689429e-02 -7.712866057078421496e-03 1.556503907507566620e+00 1.548791041450488182e+00
7.191809752542831224e-02 -7.332983224156370064e-03 1.550186625475124202e+00 1.542853642250967772e+00
7.192018911411535154e-02 -6.974140061083268852e-03 1.542519818028534884e+00 1.535545677967451672e+00
7.192222366007830492e-02 -6.635080091278519263e-03 1.533621165683414889e+00 1.526986085592136444e+00
7.192420317116551831e-02 -6.314624782148324858e-03 1.523601504214187718e+00 1.517286879432039326e+00
7.192612956924598899e-02 -6.011668736172709991e-03 1.512565039976948800e+00 1.506553371240776151e+00
7.192800469452671763e-02 -5.725175157021243112e-03 1.500609581986097840e+00 1.494884406829076529e+00
7.192983030962216140e-02 -5.454171578718649237e-03 1.487826786543302360e+00 1.482372614964583724e+00
7.193160810339199740e-02 -5.197745845572072573e-03 1.474302410275378117e+00 1.469104664429806029e+00
7.193333969456150445e-02 -4.955042330867106930e-03 1.460116568318615249e+00 1.455161525987748172e+00
7.193502663513881568e-02 -4.725258382488333950e-03 1.445343994949438882e+00 1.440618736566950497e+00
7.193667041364174008e-02 -4.507640983742225091e-03 1.430054303915020641e+00 1.425546662931278519e+00
7.193827245814579663e-02 -4.301483618312717909e-03 1.414312246697404518e+00 1.410010763079091900e+00
7.193983413916510417e-02 -4.106123328255458123e-03 1.398177966894779356e+00 1.394071843566523805e+00
7.194135677237591120e-02 -3.920937954288907651e-03 1.381707249208472987e+00 1.377786311254184159e+00
7.194284162119267412e-02 -3.745343548450424335e-03 1.364951762187588846e+00 1.361206418639138382e+00
7.194428989920573225e-02 -3.578791949172872248e-03 1.347959293542291270e+00 1.344380501593118504e+00
7.194570277248855950e-02 -3.420768509276429434e-03 1.330773977620476334e+00 1.327353209111199916e+00
7.194708136178307178e-02 -3.270789967983554064e-03 1.313436514360809770e+00 1.310165724392826192e+00
7.194842674456949916e-02 -3.128402458376314515e-03 1.295984379295527233e+00 1.292855976837150811e+00
7.194973995702813596e-02 -2.993179642173017345e-03 1.278452024745626803e+00 1.275458845103453864e+00
7.195102199589931136e-02 -2.864720963924370731e-03 1.260871071825967249e+00 1.258006350862042932e+00
7.195227382024743656e-02 -2.742650017343471400e-03 1.243270493106803265e+00 1.240527843089459736e+00
