7.195227382024743656e-02 5.485300034686942799e-03 -2.486540986213606086e+00 -2.481055686178919029e+00
7.195102199589931136e-02 5.729441927833159309e-03 -2.521742143679226444e+00 -2.516012701751393354e+00
7.194973995702810821e-02 5.986359284347189148e-03 -2.556904049491227404e+00 -2.550917690206880195e+00
7.194842674456949916e-02 6.256804916752628162e-03 -2.591968758537019912e+00 -2.585711953620267067e+00
7.194708136178309954e-02 6.541579935965894689e-03 -2.626873028708430979e+00 -2.620331448772465155e+00
7.194570277248857337e-02 6.841537018552236969e-03 -2.661547955293889434e+00 -2.654706418275337043e+00
7.194428989920570450e-02 7.157583898347022119e-03 -2.695918587097796415e+00 -2.688761003199449551e+00
7.194284162119267412e-02 7.490687096900848670e-03 -2.729903524348984423e+00 -2.722412837252083495e+00
7.194135677237591120e-02 7.841875908577815302e-03 -2.763414498416945975e+00 -2.755572622508368319e+00
7.193983413916510417e-02 8.212246656510916246e-03 -2.796355933789558712e+00 -2.788143687133047610e+00
7.193827245814579663e-02 8.602967236625435818e-03 -2.828624493394809036e+00 -2.820021526158183800e+00
7.193667041364174008e-02 9.015281967484450182e-03 -2.860108607805961434e+00 -2.851093325838477188e+00
7.193502663513884343e-02 9.450516764975202058e-03 -2.890687989887047227e+00 -2.881237473122072235e+00
7.193333969456151833e-02 9.910084661733464459e-03 -2.920233136661309015e+00 -2.910323051999575750e+00
7.193160810339199740e-02 1.039549169114414515e-02 -2.948604820562586326e+00 -2.938209328871442150e+00
7.192983030962216140e-02 1.090834315743729847e-02 -2.975653573097809090e+00 -2.964745229940371818e+00
7.192800469452670376e-02 1.145035031404328246e-02 -3.001219163972195680e+00 -2.989768813658152613e+00
7.192612956924598899e-02 1.202333747234541998e-02 -3.025130079942694117e+00 -3.013106742470348820e+00
7.192420317116551831e-02 1.262924956429664972e-02 -3.047203008428375437e+00 -3.034573758864078652e+00
7.192222366007830492e-02 1.327016018255703853e-02 -3.067242331366829777e+00 -3.053972171184272888e+00
7.192018911411535154e-02 1.394828012216653770e-02 -3.085039636067203883e+00 -3.071091355945037460e+00
7.191809752542829837e-02 1.466596644831362137e-02 -3.100373250950196002e+00 -3.085707284501882253e+00
7.191594679560689429e-02 1.542573211415683779e-02 -3.113007815014663837e+00 -3.097582082900506961e+00
7.191373473081288936e-02 1.623025615380966832e-02 -3.122693891234300523e+00 -3.106463635080491059e+00
7.191145903661017025e-02 1.708239447413407650e-02 -3.129167635312128493e+00 -3.112085240837994426e+00
7.190911731246987793e-02 1.798519126892676040e-02 -3.132150532963915435e+00 -3.114165341694988598e+00
7.190670704592677653e-02 1.894189107896949303e-02 -3.131349220329314065e+00 -3.112407329250344468e+00
7.190422560636192117e-02 1.995595151933149403e-02 -3.126455403224150942e+00 -3.106499451704819670e+00
7.190167023838463234e-02 2.103105669465044417e-02 -3.117145893599782447e+00 -3.096114836905131895e+00
7.189903805478373156e-02 2.217113132178023110e-02 -3.103082782413144169e+00 -3.080911651091363890e+00
7.189632602901685487e-02 2.338035557647101179e-02 -3.083913770101085472e+00 -3.060533414524614582e+00
7.189353098720269175e-02 2.466318067958776783e-02 -3.059272677525993966e+00 -3.034609496846406351e+00
7.189064959957941481e-02 2.602434523465809238e-02 -3.028780161667504967e+00 -3.002755816432846725e+00
7.188767837138823613e-02 2.746889232682736548e-02 -2.992044662116568610e+00 -2.964575769789741244e+00
7.188461363313819463e-02 2.900218738982538944e-02 -2.948663604767280511e+00 -2.919661417377455326e+00
7.188145153020479572e-02 3.062993684375044448e-02 -2.898224890704723666e+00 -2.867594953860973295e+00
7.187818801171023952e-02 3.235820750452021027e-02 -2.840308698582533875e+00 -2.807950491078013755e+00
7.187481881862886612e-02 3.419344676086711471e-02 -2.774489628195371260e+00 -2.740296181434504152e+00
7.187133947105672771e-02 3.614250351251861032e-02 -2.700339212557966828e+00 -2.664196709045448141e+00
7.186774525457854945e-02 3.821264986064840802e-02 -2.617428824425926503e+00 -2.579216174565277964e+00
7.186403120565920677e-02 4.041160353792288412e-02 -2.525333000546743367e+00 -2.484921397008820421e+00
7.186019209598044910e-02 4.274755106507046459e-02 -2.423633203151057902e+00 -2.380885652085987569e+00
7.185622241563714707e-02 4.522917162012755204e-02 -2.311922034096851597e+00 -2.266692862476724191e+00
7.185211635509793082e-02 4.786566160685033072e-02 -2.189807910664391954e+00 -2.141942249057541492e+00
7.184786778582821776e-02 5.066675991193642092e-02 -2.056920204441331279e+00 -2.006253444529394692e+00
7.184347023946277555e-02 5.364277384516758646e-02 -1.912914836099408156e+00 -1.859272062254240465e+00
7.183891688540505749e-02 5.680460576464258643e-02 -1.757480307740080683e+00 -1.700675701975438159e+00
7.183420050671922297e-02 6.016378039899360208e-02 -1.590344142499926061e+00 -1.530180362100932445e+00
7.182931347416773860e-02 6.373247289395368720e-02 -1.411279687270087901e+00 -1.347547214376134228e+00
7.182424771823324450e-02 6.752353762758261935e-02 -1.220113218784999232e+00 -1.152589681157416557e+00
7.181899469894911792e-02 7.155053786239569391e-02 -1.016731276996295286e+00 -9.451807391338995501e-01
7.181354537334447286e-02 7.582777633007614648e-02 -8.010881320029979991e-01 -7.252603556729217971e-01
7.180789016029233418e-02 8.037032687648257290e-02 -5.732132726022681757e-01 -4.928429457257855750e-01
7.180201890252778385e-02 8.519406733398784959e-02 -3.332187865399874327e-01 -2.480247192059995831e-01
7.179592082558100552e-02 9.031571382999557807e-02 -8.130648489380805366e-02 9.009228936187524406e-03
7.178958449334450764e-02 9.575285678796624511e-02 1.822253930654880727e-01 2.779782498534543178e-01
7.178299775996627163e-02 1.015239989302602897e-01 4.569760721760708355e-01 5.585000711063311529e-01
7.177614771773030422e-02 1.076485956440825925e-01 7.424369192776584248e-01 8.500855149217410034e-01
7.176902064055196151e-02 1.141470981279804342e-01 1.037987101840377235e+00 1.152134199968357642e+00
7.176160192267877491e-02 1.210409997897279460e-01 1.342890424136206962e+00 1.463931423925934894e+00
7.175387601214644473e-02 1.283528864150365600e-01 1.656293533432525944e+00 1.784646419847562449e+00
7.174582633849513336e-02 1.361064906684880671e-01 1.977225677689321559e+00 2.113332168357809682e+00
7.173743523420131329e-02 1.443267515154177394e-01 2.304600177804219552e+00 2.448926929319637402e+00
7.172868384922716223e-02 1.530398791637147538e-01 2.637217751323171377e+00 2.790257630486886242e+00
7.171955205802993394e-02 1.622734261084698981e-01 2.973771790783963809e+00 3.136045216892433540e+00
7.171001835830910498e-02 1.720563648140147617e-01 3.312855658525072133e+00 3.484912023339086673e+00
7.170005976069922238e-02 1.824191724752868005e-01 3.652972011880540659e+00 3.835391184355827487e+00
7.168965166853993876e-02 1.933939231542680104e-01 3.992544119280640125e+00 4.185938042434908191e+00
7.167876774677267582e-02 2.050143873735059130e-01 4.329929070425849957e+00 4.534943457799355926e+00
7.166737977892505274e-02 2.173161389500945229e-01 4.663432724388891337e+00 4.880748863338985721e+00
7.165545751105061034e-02 2.303366684550162691e-01 4.991326180553101288e+00 5.221662849008117391e+00
7.164296848139226070e-02 2.441155021574668849e-01 5.311863501292657830e+00 5.555979003450124409e+00
7.162987783443468259e-02 2.586943246374125982e-01 5.623300364617617397e+00 5.881994689255029662e+00
7.161614811790550927e-02 2.741171023915666694e-01 5.923913282387522017e+00 6.198030384779088742e+00
7.160173906117933695e-02 2.904302046755001254e-01 6.212018987455353525e+00 6.502449192130853817e+00
7.158660733343630289e-02 3.076825164740024654e-01 6.485993573244031474e+00 6.793676089718033495e+00
7.157070627983228017e-02 3.259255368160378641e-01 6.744290963059040855e+00 7.070216499875078497e+00
7.155398563385878541e-02 3.452134535820955419e-01 6.985460295092077665e+00 7.330673748674173318e+00
7.153639120401418527e-02 3.656031834091731936e-01 7.208161832601997610e+00 7.573765016011170914e+00
7.151786453288812295e-02 3.871543621901528121e-01 7.411181046481069679e+00 7.798335408671222879e+00
7.149834252679278246e-02 4.099292678766492948e-01 7.593440568516081512e+00 8.003369836392730363e+00
7.147775705417915015e-02 4.339926527083324270e-01 7.754009775941608673e+00 8.188002428649941322e+00
7.145603451128154648e-02 4.594114564684726454e-01 7.892111839072826207e+00 8.351523295541298353e+00
7.143309535377521946e-02 4.862543657646989925e-01 8.007128141269975075e+00 8.493382507034674234e+00
7.140885359375552521e-02 5.145911765232835666e-01 8.098600061521764815e+00 8.613191238045049047e+00
7.138321626211077686e-02 5.444919077489237536e-01 8.166228191162661076e+00 8.710720098911584941e+00
7.135608283744095115e-02 5.760256040914910614e-01 8.209869135460497347e+00 8.785894739551988408e+00
7.132734464416003173e-02 6.092587529207648123e-01 8.229530125543581320e+00 8.838788878464345800e+00
7.129688422442873041e-02 6.442532286640262340e-01 8.225361734220989263e+00 8.869614962885014720e+00
7.126457469123377575e-02 6.810636636054530069e-01 8.197649049700268975e+00 8.878712713305722204e+00
7.123027907342766030e-02 7.197341310877252152e-01 8.146801712681122964e+00 8.866535843768847514e+00
7.119384966806385773e-02 7.602940156065605137e-01 8.073343264508112682e+00 8.833637280114672308e+00
7.115512742112756195e-02 8.027529369952027816e-01 7.977900286696096188e+00 8.780653223691299303e+00
7.111394136501007768e-02 8.470945962368940929e-01 7.861191834635254061e+00 8.708286430872147932e+00
7.107010815004928539e-02 8.932694233475551027e-01 7.724019679943108230e+00 8.617289103290662666e+00
7.102343171837476044e-02 9.411859399272268778e-01 7.567259875001717262e+00 8.508445814928943918e+00
7.097370318130104272e-02 9.907008090258175859e-01 7.391856136451793624e+00 8.382556945477611876e+00
7.092070097660975458e-02 1.041607643422295393e+00 7.198815506571548894e+00 8.240423149993844731e+00
7.086419139901473097e-02 1.093624792044964877e+00 6.989206684574403639e+00 8.082831476619368516e+00
7.080392961529963225e-02 1.146382534568759493e+00 6.764161313492761174e+00 7.910543848061520222e+00
7.073966129388632729e-02 1.199410394555546544e+00 6.524878349060280414e+00 7.724288743615827180e+00
7.067112499502049838e-02 1.252125632317856452e+00 6.272631410339506886e+00 7.524757042657363115e+00
7.059805547947733961e-02 1.303824385767978766e+00 6.008778705010478838e+00 7.312603090778457826e+00
7.052018809672107313e-02 1.353677353404983519e+00 5.734774728163730018e+00 7.088452081568713758e+00
7.043726440271379230e-02 1.400732288782185808e+00 5.452182458878400695e+00 6.852914747660586059e+00
7.034903912710671614e-02 1.443925792887982951e+00 5.162684252919935268e+00 6.606610045807918219e+00
7.025528855320757604e-02 1.482106807077772537e+00 4.868089113354382214e+00 6.350195920432154750e+00
7.015582028674986759e-02 1.514073664098717131e+00 4.570333612977719007e+00 6.084407277076436138e+00
7.005048426875230827e-02 1.538625409480441686e+00 4.271473578382140701e+00 5.810098987862582831e+00
6.993918473637356081e-02 1.554626304279829618e+00 3.973663879624679929e+00 5.528290183904509547e+00
6.982189266368916958e-02 1.561080063604915802e+00 3.679124438941024700e+00 5.240204502545940279e+00
6.969865804058521241e-02 1.557207790496815569e+00 3.390091942358161248e+00 4.947299732854976817e+00
6.956962119971182856e-02 1.542521271659397009e+00 3.108758643041889869e+00 4.651279914701286877e+00
6.943502231110063039e-02 1.516881989367763639e+00 2.837201844333511414e+00 4.354083833701275275e+00
6.929520816290656027e-02 1.480536505129439240e+00 2.577309735146601000e+00 4.057846240276040461e+00
6.915063545635785625e-02 1.434121123835355061e+00 2.330710719577508083e+00 3.764831843412863144e+00
6.900187006676032631e-02 1.378632783745574075e+00 2.098713782551509421e+00 3.477346566297083719e+00
6.884958204030276752e-02 1.315368199982644981e+00 1.882266520129595833e+00 3.197634720112240814e+00
6.869453646605713781e-02 1.245838270984868101e+00 1.681935319410367669e+00 2.927773590395235992e+00
6.853758072722669625e-02 1.171668436476551500e+00 1.497909217671261617e+00 2.669577654147813117e+00
6.837962893751051152e-02 1.094497200046565144e+00 1.330025842725333085e+00 2.424523042771898229e+00
6.822164456254789511e-02 1.015884176925956117e+00 1.177815196927148866e+00 2.193699373853104984e+00
6.806462229105567086e-02 9.372362359112621499e-01 1.040555378024428990e+00 1.977791613935691029e+00
6.790957015991869183e-02 8.597564587123041058e-01 9.173338198219785911e-01 1.777090278534282586e+00
6.775749277836985718e-02 7.844167333905984751e-01 8.071081533697764820e-01 1.591524886760375068e+00
6.760937627718698051e-02 7.119516246416911498e-01 7.087620693247704828e-01 1.420713693966461744e+00
6.746617537016061372e-02 6.428691412527596238e-01 6.211531179598410723e-01 1.264022259212600696e+00
6.732880269104565829e-02 5.774732029891693763e-01 5.431508556735046289e-01 1.120624058662674116e+00
6.719812038273224875e-02 5.158927681378681074e-01 4.736652667247377435e-01 9.895580348626058509e-01
6.707493377741993723e-02 4.581133584393163871e-01 4.116662375701696797e-01 8.697795960094860668e-01
6.695998691808670300e-02 4.040078010323479574e-01 3.561948113397063742e-01 7.602026123720543316e-01
6.685395962665854896e-02 3.533641189994194964e-01 3.063682112825314996e-01 6.597323302819509960e-01
6.675746581368097177e-02 3.059094030020793054e-01 2.613805489042695940e-01 5.672899519063488993e-01
6.667105273783079100e-02 2.613292574741144514e-01 2.204994004024894705e-01 4.818286578766038941e-01
6.659520095206265811e-02 2.192829407907358474e-01 1.830597665152516040e-01 4.023427073059874237e-01
6.653032470913493313e-02 1.794145730908922320e-01 1.484572608973524777e-01 3.278718339882447097e-01
6.647677263731475994e-02 1.413609570909350188e-01 1.161388827960139064e-01 2.574998398869489113e-01
6.643482853371776575e-02 1.047566521042937182e-01 8.559528450305881053e-02 1.903519366073525287e-01
6.640471215603512001e-02 6.923679888262455895e-02 5.635391287884409378e-02 1.255907117614686597e-01
6.638657992253936546e-02 3.443832527504985669e-02 2.796589286678992717e-02 6.240421814183978733e-02
6.638052545525208181e-02 -0.000000000000000000e+00 0.000000000000000000e+00 0.000000000000000000e+00
6.638657992253936546e-02 -3.443832527504985669e-02 -2.796589286678992717e-02 -6.240421814183978733e-02
6.640471215603512001e-02 -6.923679888262455895e-02 -5.635391287884409378e-02 -1.255907117614686597e-01
6.643482853371776575e-02 -1.047566521042937182e-01 -8.559528450305881053e-02 -1.903519366073525287e-01
6.647677263731475994e-02 -1.413609570909350188e-01 -1.161388827960139064e-01 -2.574998398869489113e-01
6.653032470913493313e-02 -1.794145730908922320e-01 -1.484572608973524777e-01 -3.278718339882447097e-01
6.659520095206265811e-02 -2.192829407907347927e-01 -1.830597665152516040e-01 -4.023427073059864245e-01
6.667105273783079100e-02 -2.613292574741144514e-01 -2.204994004024894427e-01 -4.818286578766038941e-01
6.675746581368097177e-02 -3.059094030020803601e-01 -2.613805489042695940e-01 -5.672899519063498985e-01
6.685395962665854896e-02 -3.533641189994194964e-01 -3.063682112825314996e-01 -6.597323302819509960e-01
6.695998691808670300e-02 -4.040078010323468471e-01 -3.561948113397063742e-01 -7.602026123720532214e-01
6.707493377741993723e-02 -4.581133584393323743e-01 -4.116662375701938825e-01 -8.697795960095262569e-01
6.719812038273226262e-02 -5.158927681378705499e-01 -4.736652667247385762e-01 -9.895580348626091816e-01
6.732880269104565829e-02 -5.774732029891705976e-01 -5.431508556735091808e-01 -1.120624058662679889e+00
6.746617537016062760e-02 -6.428691412527787197e-01 -6.211531179598763774e-01 -1.264022259212655097e+00
6.760937627718699439e-02 -7.119516246416920380e-01 -7.087620693247395076e-01 -1.420713693966431546e+00
6.775749277836985718e-02 -7.844167333905800454e-01 -8.071081533697412880e-01 -1.591524886760321333e+00
6.790957015991869183e-02 -8.597564587123041058e-01 -9.173338198219785911e-01 -1.777090278534282586e+00
6.806462229105567086e-02 -9.372362359112819119e-01 -1.040555378024481836e+00 -1.977791613935763859e+00
6.822164456254790899e-02 -1.015884176925959670e+00 -1.177815196927150421e+00 -2.193699373853109869e+00
6.837962893751051152e-02 -1.094497200046543606e+00 -1.330025842725280016e+00 -2.424523042771823622e+00
6.853758072722669625e-02 -1.171668436476529074e+00 -1.497909217671261617e+00 -2.669577654147790469e+00
6.869453646605713781e-02 -1.245838270984888085e+00 -1.681935319410452934e+00 -2.927773590395340797e+00
6.884958204030278139e-02 -1.315368199982671626e+00 -1.882266520129689980e+00 -3.197634720112361606e+00
6.900187006676034018e-02 -1.378632783745580070e+00 -2.098713782551420604e+00 -3.477346566297000674e+00
6.915063545635785625e-02 -1.434121123835331968e+00 -2.330710719577411716e+00 -3.764831843412743684e+00
6.929520816290656027e-02 -1.480536505129439240e+00 -2.577309735146601000e+00 -4.057846240276040461e+00
6.943502231110063039e-02 -1.516881989367784733e+00 -2.837201844333514078e+00 -4.354083833701299255e+00
6.956962119971182856e-02 -1.542521271659387905e+00 -3.108758643041892089e+00 -4.651279914701279772e+00
6.969865804058521241e-02 -1.557207790496815569e+00 -3.390091942358372190e+00 -4.947299732855187315e+00
6.982189266368918346e-02 -1.561080063604905366e+00 -3.679124438941027364e+00 -5.240204502545932286e+00
6.993918473637356081e-02 -1.554626304279824511e+00 -3.973663879624721673e+00 -5.528290183904545962e+00
7.005048426875232215e-02 -1.538625409480473660e+00 -4.271473578382143366e+00 -5.810098987862616582e+00
7.015582028674986759e-02 -1.514073664098711358e+00 -4.570333612977450777e+00 -6.084407277076161691e+00
7.025528855320757604e-02 -1.482106807077772537e+00 -4.868089113354383990e+00 -6.350195920432156527e+00
7.034903912710671614e-02 -1.443925792887976289e+00 -5.162684252919501837e+00 -6.606610045807478571e+00
7.043726440271377842e-02 -1.400732288782146950e+00 -5.452182458878401583e+00 -6.852914747660548755e+00
7.052018809672107313e-02 -1.353677353404997952e+00 -5.734774728164177660e+00 -7.088452081569175611e+00
7.059805547947733961e-02 -1.303824385767978766e+00 -6.008778705010481502e+00 -7.312603090778460491e+00
7.067112499502049838e-02 -1.252125632317840465e+00 -6.272631410338814995e+00 -7.524757042656655237e+00
7.073966129388631341e-02 -1.199410394555550763e+00 -6.524878349061015825e+00 -7.724288743616567032e+00
7.080392961529964613e-02 -1.146382534568753941e+00 -6.764161313493467276e+00 -7.910543848062220995e+00
7.086419139901473097e-02 -1.093624792044955774e+00 -6.989206684573658457e+00 -8.082831476618613564e+00
7.092070097660975458e-02 -1.041607643422314489e+00 -7.198815506572542766e+00 -8.240423149994857255e+00
7.097370318130105660e-02 -9.907008090258195843e-01 -7.391856136451795400e+00 -8.382556945477615429e+00
7.102343171837476044e-02 -9.411859399272164417e-01 -7.567259875000712732e+00 -8.508445814927929618e+00
7.107010815004928539e-02 -8.932694233475658718e-01 -7.724019679943109118e+00 -8.617289103290675101e+00
7.111394136501007768e-02 -8.470945962368940929e-01 -7.861191834635254949e+00 -8.708286430872149708e+00
7.115512742112756195e-02 -8.027529369951910132e-01 -7.977900286696097076e+00 -8.780653223691288645e+00
7.119384966806385773e-02 -7.602940156065605137e-01 -8.073343264508112682e+00 -8.833637280114672308e+00
7.123027907342766030e-02 -7.197341310877379827e-01 -8.146801712681124741e+00 -8.866535843768863501e+00
7.126457469123377575e-02 -6.810636636054661075e-01 -8.197649049700270751e+00 -8.878712713305736415e+00
7.129688422442873041e-02 -6.442532286640124672e-01 -8.225361734220991039e+00 -8.869614962885004061e+00
7.132734464416003173e-02 -6.092587529207507124e-01 -8.229530125545627683e+00 -8.838788878466377952e+00
7.135608283744096503e-02 -5.760256040915002762e-01 -8.209869135462650291e+00 -8.785894739554150235e+00
7.138321626211079074e-02 -5.444919077489175363e-01 -8.166228191158349858e+00 -8.710720098907266618e+00
7.140885359375551134e-02 -5.145911765232750179e-01 -8.098600061519604765e+00 -8.613191238042880116e+00
7.143309535377521946e-02 -4.862543657646830053e-01 -8.007128141269822308e+00 -8.493382507034505480e+00
7.145603451128153261e-02 -4.594114564684649848e-01 -7.892111839075400148e+00 -8.351523295543865189e+00
7.147775705417916403e-02 -4.339926527083568519e-01 -7.754009775946664185e+00 -8.188002428655021703e+00
7.149834252679279634e-02 -4.099292678766563447e-01 -7.593440568513498690e+00 -8.003369836390154646e+00
7.151786453288812295e-02 -3.871543621901528121e-01 -7.411181046478432677e+00 -7.798335408668585877e+00
7.153639120401418527e-02 -3.656031834091731936e-01 -7.208161832604868202e+00 -7.573765016014041507e+00
7.155398563385879929e-02 -3.452134535820829964e-01 -6.985460295092077665e+00 -7.330673748674160883e+00
7.157070627983228017e-02 -3.259255368160378641e-01 -6.744290963053234833e+00 -7.070216499869272475e+00
7.158660733343628901e-02 -3.076825164740165652e-01 -6.485993573244031474e+00 -6.793676089718047706e+00
7.160173906117933695e-02 -2.904302046755001254e-01 -6.212018987458287178e+00 -6.502449192133787470e+00
7.161614811790550927e-02 -2.741171023915666694e-01 -5.923913282390459223e+00 -6.198030384782025948e+00
7.162987783443469647e-02 -2.586943246373964445e-01 -5.623300364617617397e+00 -5.881994689255013675e+00
7.164296848139226070e-02 -2.441155021574668849e-01 -5.311863501289716183e+00 -5.555979003447182762e+00
7.165545751105061034e-02 -2.303366684550581800e-01 -4.991326180553101288e+00 -5.221662849008159135e+00
7.166737977892505274e-02 -2.173161389500945229e-01 -4.663432724391603834e+00 -4.880748863341698218e+00
7.167876774677268970e-02 -2.050143873734873445e-01 -4.329929070425849957e+00 -4.534943457799337274e+00
7.168965166853993876e-02 -1.933939231542462778e-01 -3.992544119275444725e+00 -4.185938042429691031e+00
7.170005976069920850e-02 -1.824191724752844967e-01 -3.652972011878161229e+00 -3.835391184353445837e+00
7.171001835830909110e-02 -1.720563648140348012e-01 -3.312855658527555924e+00 -3.484912023341590892e+00
7.171955205802993394e-02 -1.622734261084698981e-01 -2.973771790786345015e+00 -3.136045216894814747e+00
7.172868384922716223e-02 -1.530398791637147538e-01 -2.637217751323171377e+00 -2.790257630486886242e+00
7.173743523420131329e-02 -1.443267515154177394e-01 -2.304600177804219552e+00 -2.448926929319637402e+00
7.174582633849513336e-02 -1.361064906684653353e-01 -1.977225677687922456e+00 -2.113332168356387708e+00
7.175387601214643085e-02 -1.283528864150356719e-01 -1.656293533430089226e+00 -1.784646419845124843e+00
7.176160192267874716e-02 -1.210409997897493872e-01 -1.342890424137606953e+00 -1.463931423927356423e+00
7.176902064055196151e-02 -1.141470981279804342e-01 -1.037987101843541371e+00 -1.152134199971521777e+00
7.177614771773031810e-02 -1.076485956440829672e-01 -7.424369192776584248e-01 -8.500855149217414475e-01
7.178299775996627163e-02 -1.015239989302602897e-01 -4.569760721751366384e-01 -5.585000711053969003e-01
7.178958449334449377e-02 -9.575285678796616184e-02 -1.822253930654880727e-01 -2.779782498534542068e-01
7.179592082558100552e-02 -9.031571382999557807e-02 8.130648489315900340e-02 -9.009228936836574664e-03
7.180201890252776997e-02 -8.519406733398803000e-02 3.332187865399874327e-01 2.480247192059993888e-01
7.180789016029233418e-02 -8.037032687648257290e-02 5.732132726027097114e-01 4.928429457262271107e-01
7.181354537334447286e-02 -7.582777633007614648e-02 8.010881320029979991e-01 7.252603556729217971e-01
7.181899469894911792e-02 -7.155053786239569391e-02 1.016731276996295286e+00 9.451807391338995501e-01
7.182424771823324450e-02 -6.752353762758261935e-02 1.220113218783024145e+00 1.152589681155441470e+00
7.182931347416772472e-02 -6.373247289395429782e-02 1.411279687272375183e+00 1.347547214378420843e+00
7.183420050671923685e-02 -6.016378039899292901e-02 1.590344142499250157e+00 1.530180362100257208e+00
7.183891688540504361e-02 -5.680460576464332889e-02 1.757480307737792957e+00 1.700675701973149545e+00
7.184347023946277555e-02 -5.364277384516758646e-02 1.912914836102060256e+00 1.859272062256892566e+00
7.184786778582821776e-02 -5.066675991193642092e-02 2.056920204437690636e+00 2.006253444525754048e+00
7.185211635509791694e-02 -4.786566160685119808e-02 2.189807910660412915e+00 2.141942249053561564e+00
7.185622241563713319e-02 -4.522917162012845410e-02 2.311922034100493129e+00 2.266692862480364834e+00
7.186019209598044910e-02 -4.274755106507046459e-02 2.423633203155038274e+00 2.380885652089967941e+00
7.186403120565920677e-02 -4.041160353792288412e-02 2.525333000546743367e+00 2.484921397008820421e+00
7.186774525457854945e-02 -3.821264986064840802e-02 2.617428824415336308e+00 2.579216174554687768e+00
7.187133947105669995e-02 -3.614250351252058097e-02 2.700339212546751355e+00 2.664196709034230892e+00
7.187481881862883837e-02 -3.419344676086910617e-02 2.774489628211923353e+00 2.740296181451054025e+00
7.187818801171025340e-02 -3.235820750451920413e-02 2.840308698600023884e+00 2.807950491095504653e+00
7.188145153020480960e-02 -3.062993684374943140e-02 2.898224890685566102e+00 2.867594953841816618e+00
7.188461363313816688e-02 -2.900218738982741906e-02 2.948663604754135026e+00 2.919661417364307621e+00
7.188767837138822225e-02 -2.746889232682837509e-02 2.992044662144138112e+00 2.964575769817309858e+00
7.189064959957944256e-02 -2.602434523465608010e-02 3.028780161674378135e+00 3.002755816439722114e+00
7.189353098720269175e-02 -2.466318067958776783e-02 3.059272677511621907e+00 3.034609496832034292e+00
7.189632602901685487e-02 -2.338035557647101179e-02 3.083913770101085472e+00 3.060533414524614582e+00
7.189903805478373156e-02 -2.217113132178023110e-02 3.103082782413144169e+00 3.080911651091363890e+00
7.190167023838463234e-02 -2.103105669465044417e-02 3.117145893599782447e+00 3.096114836905131895e+00
7.190422560636192117e-02 -1.995595151933149403e-02 3.126455403206389150e+00 3.106499451687057878e+00
7.190670704592674878e-02 -1.894189107897140123e-02 3.131349220347675377e+00 3.112407329268704004e+00
7.190911731246990568e-02 -1.798519126892487302e-02 3.132150533000484405e+00 3.114165341731559344e+00
7.191145903661019800e-02 -1.708239447413222381e-02 3.129167635303428341e+00 3.112085240829296051e+00
7.191373473081290324e-02 -1.623025615380875586e-02 3.122693891215493345e+00 3.106463635061684769e+00
7.191594679560689429e-02 -1.542573211415683779e-02 3.113007815015133239e+00 3.097582082900976364e+00
7.191809752542831224e-02 -1.466596644831274013e-02 3.100373250950196002e+00 3.085707284501883141e+00
7.192018911411535154e-02 -1.394828012216653770e-02 3.085039636057069767e+00 3.071091355934903344e+00
7.192222366007830492e-02 -1.327016018255703853e-02 3.067242331366829777e+00 3.053972171184272888e+00
7.192420317116551831e-02 -1.262924956429664972e-02 3.047203008428375437e+00 3.034573758864078652e+00
7.192612956924598899e-02 -1.202333747234541998e-02 3.025130079953897599e+00 3.013106742481552303e+00
7.192800469452671763e-02 -1.145035031404248622e-02 3.001219163972195680e+00 2.989768813658153057e+00
7.192983030962216140e-02 -1.090834315743729847e-02 2.975653573086604720e+00 2.964745229929167447e+00
7.193160810339199740e-02 -1.039549169114414515e-02 2.948604820550756234e+00 2.938209328859612057e+00
7.193333969456150445e-02 -9.910084661734213859e-03 2.920233136637230498e+00 2.910323051975496345e+00
7.193502663513881568e-02 -9.450516764976667899e-03 2.890687989898877763e+00 2.881237473133900995e+00
7.193667041364174008e-02 -9.015281967484450182e-03 2.860108607830041283e+00 2.851093325862557037e+00
7.193827245814579663e-02 -8.602967236625435818e-03 2.828624493394809036e+00 2.820021526158183800e+00
7.193983413916510417e-02 -8.212246656510916246e-03 2.796355933789558712e+00 2.788143687133047610e+00
7.194135677237591120e-02 -7.841875908577815302e-03 2.763414498416945975e+00 2.755572622508368319e+00
7.194284162119267412e-02 -7.490687096900848670e-03 2.729903524375125290e+00 2.722412837278224362e+00
7.194428989920573225e-02 -7.157583898345747098e-03 2.695918587084582541e+00 2.688761003186237009e+00
7.194570277248855950e-02 -6.841537018552858868e-03 2.661547955240978869e+00 2.654706418222426034e+00
7.194708136178307178e-02 -6.541579935967109863e-03 2.626873028721645742e+00 2.620331448785678585e+00
7.194842674456949916e-02 -6.256804916752628162e-03 2.591968758591132183e+00 2.585711953674379338e+00
7.194973995702813596e-02 -5.986359284346032088e-03 2.556904049491227404e+00 2.550917690206881527e+00
7.195102199589931136e-02 -5.729441927848741463e-03 2.521742143651882540e+00 2.516012701724033906e+00
7.195227382024743656e-02 -5.485300034686942799e-03 2.486540986213606530e+00 2.481055686178919473e+00
