0.000000000000000000e+00 1.744112899482009382e+01 1.744112899482009382e+01 1.757971291649856838e+01
2.010050251256281229e+00 1.744099058426265714e+01 1.744106000937927092e+01 1.757964349129847648e+01
4.020100502512562457e+00 1.744057965869174964e+01 1.744085604705946224e+01 1.757943652804738122e+01
6.030150753768843686e+00 1.743990898097656839e+01 1.744052460447067787e+01 1.757909729283750266e+01
8.040201005025124914e+00 1.743899599957624602e+01 1.744007527884978970e+01 1.757863363730850281e+01
1.005025125628140614e+01 1.743785992783043781e+01 1.743951831087794702e+01 1.757805453345106272e+01
1.206030150753768737e+01 1.743651988424838706e+01 1.743886369531168867e+01 1.757736910551874843e+01
1.407035175879396860e+01 1.743499391573916668e+01 1.743812073713329625e+01 1.757658609510444236e+01
1.608040201005024983e+01 1.743329857504874525e+01 1.743729788067240705e+01 1.757571361079143202e+01
1.809045226130653106e+01 1.743144880672979014e+01 1.743640268322715059e+01 1.757475904000120792e+01
2.010050251256281229e+01 1.742945799088384007e+01 1.743544186047587630e+01 1.757372904690653570e+01
2.211055276381909351e+01 1.742733805861065832e+01 1.743442136185731783e+01 1.757262961325191242e+01
2.412060301507537474e+01 1.742509963458772049e+01 1.743334645396455684e+01 1.757146609703825746e+01
2.613065326633165597e+01 1.742275218298881612e+01 1.743222180327121151e+01 1.757024329621617653e+01
2.814070351758793720e+01 1.742030414505492431e+01 1.743105155109417481e+01 1.756896551045931787e+01
3.015075376884421843e+01 1.741776306422691079e+01 1.742983938112690367e+01 1.756763659959857904e+01
3.216080402010049966e+01 1.741513569750447488e+01 1.742858857879187084e+01 1.756626003521117596e+01
3.417085427135678088e+01 1.741242811244695332e+01 1.742730208199488118e+01 1.756483894703411863e+01
3.618090452261306211e+01 1.740964577198642260e+01 1.742598252553507265e+01 1.756337616303339644e+01
3.819095477386934334e+01 1.740679360763743944e+01 1.742463227900368850e+01 1.756187424513232287e+01
4.020100502512562457e+01 1.740387608327381841e+01 1.742325347967419091e+01 1.756033552009819587e+01
4.221105527638190580e+01 1.740089724930549409e+01 1.742184806013330700e+01 1.755876210567075901e+01
4.422110552763818703e+01 1.739786079109547501e+01 1.742041777290687321e+01 1.755715593477064829e+01
4.623115577889446826e+01 1.739477006952985860e+01 1.741896421099530556e+01 1.755551877494964330e+01
4.824120603015074948e+01 1.739162815691316410e+01 1.741748882648905905e+01 1.755385224692267343e+01
5.025125628140703071e+01 1.738843786818889114e+01 1.741599294542761456e+01 1.755215783917637040e+01
5.226130653266331194e+01 1.738520178823666029e+01 1.741447778240804922e+01 1.755043692232718300e+01
5.427135678391959317e+01 1.738192229549632373e+01 1.741294445160405147e+01 1.754869076047431875e+01
5.628140703517587440e+01 1.737860158267037392e+01 1.741139397761799401e+01 1.754692052155095183e+01
5.829145728643215563e+01 1.737524167550639120e+01 1.740982730449649196e+01 1.754512728742499306e+01
6.030150753768843686e+01 1.737184444832383079e+01 1.740824530391120462e+01 1.754331206091119455e+01
6.231155778894471808e+01 1.736841163887302031e+01 1.740664878183703479e+01 1.754147577353455745e+01
6.432160804020099931e+01 1.736494486060635367e+01 1.740503848497987605e+01 1.753961929220852412e+01
6.633165829145727344e+01 1.736144561419816768e+01 1.740341510653658119e+01 1.753774342424363653e+01
6.834170854271356177e+01 1.735791529731160665e+01 1.740177929078619457e+01 1.753584892302398401e+01
7.035175879396985010e+01 1.735435521344724563e+01 1.740013163759776305e+01 1.753393649218109829e+01
7.236180904522612423e+01 1.735076657987343651e+01 1.739847270643723931e+01 1.753200678993476913e+01
7.437185929648239835e+01 1.734715053538971929e+01 1.739680301945614715e+01 1.753006043243214052e+01
7.638190954773868668e+01 1.734350814575285327e+01 1.739512306508111905e+01 1.752809799708682448e+01
7.839195979899497502e+01 1.733984041018806010e+01 1.739343330068517091e+01 1.752612002591798301e+01
8.040201005025124914e+01 1.733614826631419348e+01 1.739173415500854603e+01 1.752412702772074127e+01
8.241206030150752326e+01 1.733243259473500686e+01 1.739002603057956975e+01 1.752211948065400549e+01
8.442211055276381160e+01 1.732869422354691835e+01 1.738830930538418684e+01 1.752009783466129988e+01
8.643216080402009993e+01 1.732493393226247491e+01 1.738658433570421025e+01 1.751806251314030760e+01
8.844221105527637405e+01 1.732115245481551824e+01 1.738485145628426309e+01 1.751601391502982707e+01
9.045226130653264818e+01 1.731735048365160168e+01 1.738311098358740026e+01 1.751395241664625146e+01
9.246231155778893651e+01 1.731352867181491106e+01 1.738136321571164089e+01 1.751187837268532022e+01
9.447236180904522485e+01 1.730968763628736795e+01 1.737960843456037452e+01 1.750979211830903992e+01
9.648241206030149897e+01 1.730582796032600257e+01 1.737784690692757295e+01 1.750769396998047611e+01
9.849246231155777309e+01 1.730195019554988178e+01 1.737607888491517016e+01 1.750558422713328355e+01
1.005025125628140614e+02 1.729805486419401106e+01 1.737430460785304831e+01 1.750346317283953113e+01
1.025125628140703498e+02 1.729414246136321864e+01 1.737252430229904121e+01 1.750133107564622392e+01
1.045226130653266239e+02 1.729021345661822906e+01 1.737073818354152621e+01 1.749918818949179311e+01
1.065326633165828980e+02 1.728626829556173305e+01 1.736894645610028221e+01 1.749703475596001923e+01
1.085427135678391863e+02 1.728230740167489898e+01 1.736714931406040918e+01 1.749487100402958006e+01
1.105527638190954747e+02 1.727833117765300130e+01 1.736534694249144195e+01 1.749269715166012773e+01
1.125628140703517488e+02 1.727434000699150474e+01 1.736353951719691580e+01 1.749051340620968276e+01
1.145728643216080229e+02 1.727033425507125841e+01 1.736172720613348375e+01 1.748831996551982471e+01
1.165829145728643113e+02 1.726631427032719301e+01 1.735991016891005145e+01 1.748611701799918805e+01
1.185929648241205996e+02 1.726228038566742384e+01 1.735808855812342699e+01 1.748390474412604334e+01
1.206030150753768737e+02 1.725823291939151360e+01 1.735626251952525223e+01 1.748168331636483330e+01
1.226130653266331478e+02 1.725417217585829377e+01 1.735443219193854603e+01 1.747945290041831612e+01
1.246231155778894362e+02 1.725009844698844930e+01 1.735259770859334338e+01 1.747721365489367429e+01
1.266331658291457245e+02 1.724601201284885832e+01 1.735075919662581967e+01 1.747496573272161058e+01
1.286432160804019986e+02 1.724191314232043482e+01 1.734891677766263030e+01 1.747270928115637645e+01
1.306532663316582727e+02 1.723780209418330855e+01 1.734707056840527173e+01 1.747044444236008331e+01
1.326633165829145469e+02 1.723367911753422277e+01 1.734522068029615482e+01 1.746817135373663632e+01
1.346733668341708494e+02 1.722954445253784428e+01 1.734336722068729841e+01 1.746589014843259235e+01
1.366834170854271235e+02 1.722539833117803454e+01 1.734151029208902628e+01 1.746360095567105475e+01
1.386934673366833977e+02 1.722124097750830174e+01 1.733964999300473764e+01 1.746130390100213248e+01
1.407035175879397002e+02 1.721707260882048018e+01 1.733778641818135924e+01 1.745899910713769287e+01
1.427135678391959743e+02 1.721289343506039060e+01 1.733591965835888971e+01 1.745668669320007282e+01
1.447236180904522485e+02 1.720870366058085921e+01 1.733404980110518423e+01 1.745436677597424691e+01
1.467336683417085226e+02 1.720450348355738157e+01 1.733217693031509654e+01 1.745203946974085341e+01
1.487437185929647967e+02 1.720029309673941142e+01 1.733030112662785172e+01 1.744970488661013164e+01
1.507537688442210992e+02 1.719607268803472522e+01 1.732842246809487818e+01 1.744736313643841896e+01
1.527638190954773734e+02 1.719184244042591558e+01 1.732654102934502660e+01 1.744501432757945736e+01
1.547738693467336475e+02 1.718760253247127423e+01 1.732465688266978177e+01 1.744265856630006084e+01
1.567839195979899500e+02 1.718335313872217540e+01 1.732277009743891227e+01 1.744029595778183150e+01
1.587939698492462242e+02 1.717909442972307232e+01 1.732088074068482086e+01 1.743792660553681984e+01
1.608040201005024983e+02 1.717482657242889132e+01 1.731898887710254087e+01 1.743555061182491883e+01
1.628140703517587724e+02 1.717054973020502473e+01 1.731709456879930542e+01 1.743316807790428768e+01
1.648241206030150465e+02 1.716626406349515577e+01 1.731519787621279249e+01 1.743077910378093165e+01
1.668341708542713491e+02 1.716196972940386445e+01 1.731329885735984320e+01 1.742838378854259318e+01
1.688442211055276232e+02 1.715766688219751046e+01 1.731139756817035646e+01 1.742598223052572237e+01
1.708542713567838973e+02 1.715335567338767575e+01 1.730949406307163585e+01 1.742357452673113372e+01
1.728643216080401999e+02 1.714903625198163795e+01 1.730758839440404984e+01 1.742116077407616004e+01
1.748743718592964740e+02 1.714470876431538926e+01 1.730568061275494074e+01 1.741874106797553878e+01
1.768844221105527481e+02 1.714037335430406728e+01 1.730377076712558093e+01 1.741631550359357661e+01
1.788944723618090222e+02 1.713603016385936328e+01 1.730185890509812552e+01 1.741388417517633158e+01
1.809045226130652964e+02 1.713167933230516127e+01 1.729994507241821822e+01 1.741144717646898954e+01
1.829145728643215989e+02 1.712732099712883738e+01 1.729802931349587070e+01 1.740900460013153861e+01
1.849246231155778730e+02 1.712295529356388357e+01 1.729611167140545192e+01 1.740655653865700003e+01
1.869346733668341471e+02 1.711858235484033131e+01 1.729419218788569879e+01 1.740410308362015712e+01
1.889447236180904497e+02 1.711420231251865687e+01 1.729227090317274573e+01 1.740164432584448306e+01
1.909547738693467238e+02 1.710981529573849969e+01 1.729034785641751881e+01 1.739918035581954925e+01
1.929648241206029979e+02 1.710542143230384582e+01 1.728842308568574282e+01 1.739671126311667493e+01
1.949748743718592721e+02 1.710102084776480780e+01 1.728649662779098151e+01 1.739423713647239467e+01
1.969849246231155462e+02 1.709661366633584123e+01 1.728456851846158315e+01 1.739175806437282645e+01
1.989949748743718487e+02 1.709220000997752464e+01 1.728263879217374566e+01 1.738927413430234736e+01
2.010050251256281229e+02 1.708777999939826131e+01 1.728070748281931301e+01 1.738678543299404211e+01
2.030150753768843970e+02 1.708335375313605553e+01 1.727877462287102261e+01 1.738429204676360484e+01
2.050251256281406995e+02 1.707892138847673635e+01 1.727684024413378339e+01 1.738179406084152134e+01
2.070351758793969736e+02 1.707448302070268298e+01 1.727490437741078466e+01 1.737929155970699213e+01
2.090452261306532478e+02 1.707003876359367212e+01 1.727296705267043109e+01 1.737678462742181296e+01
2.110552763819095219e+02 1.706558872925993597e+01 1.727102829887940061e+01 1.737427334696258541e+01
2.130653266331657960e+02 1.706113302822563682e+01 1.726908814442003148e+01 1.737175780030417727e+01
2.150753768844220986e+02 1.705667176934538531e+01 1.726714661683989149e+01 1.736923806900406575e+01
2.170854271356783727e+02 1.705220505988771862e+01 1.726520374276828207e+01 1.736671423361800493e+01
2.190954773869346468e+02 1.704773300553510396e+01 1.726325954825017917e+01 1.736418637370001861e+01
2.211055276381909493e+02 1.704325571030046049e+01 1.726131405874620484e+01 1.736165456805282759e+01
2.231155778894472235e+02 1.703877327686106469e+01 1.725936729871525799e+01 1.735911889456090407e+01
2.251256281407034976e+02 1.703428580605769582e+01 1.725741929236579963e+01 1.735657943019046812e+01
2.271356783919597717e+02 1.702979339714504903e+01 1.725547006273760786e+01 1.735403625098948766e+01
2.291457286432160458e+02 1.702529614829262528e+01 1.725351963278699330e+01 1.735148943200420035e+01
2.311557788944723484e+02 1.702079415558297981e+01 1.725156802455199667e+01 1.734893904744607696e+01
2.331658291457286225e+02 1.701628751384651039e+01 1.724961525982023858e+01 1.734638517052484374e+01
2.351758793969848966e+02 1.701177631624407027e+01 1.724766135929413124e+01 1.734382787336502929e+01
2.371859296482411992e+02 1.700726065460085934e+01 1.724570634375956146e+01 1.734126722725638814e+01
2.391959798994974733e+02 1.700274061915602175e+01 1.724375023316764555e+01 1.733870330248694458e+01
2.412060301507537474e+02 1.699821629856261751e+01 1.724179304680167135e+01 1.733613616825951453e+01
2.432160804020100215e+02 1.699368778013807102e+01 1.723983480377798472e+01 1.733356589277518012e+01
2.452261306532662957e+02 1.698915514969721841e+01 1.723787552262857758e+01 1.733099254348373464e+01
2.472361809045225982e+02 1.698461849138533708e+01 1.723591522146805843e+01 1.732841618633237246e+01
2.492462311557788723e+02 1.698007788809555052e+01 1.723395391791017417e+01 1.732583688676742639e+01
2.512562814070351465e+02 1.697553342138533949e+01 1.723199162906780302e+01 1.732325470881610485e+01
2.532663316582914490e+02 1.697098517114262961e+01 1.723002837180339597e+01 1.732066971583780557e+01
2.552763819095477231e+02 1.696643321591971798e+01 1.722806416256200990e+01 1.731808196993975812e+01
2.572864321608039972e+02 1.696187763293325546e+01 1.722609901720436199e+01 1.731549153222746540e+01
2.592964824120602998e+02 1.695731849798077917e+01 1.722413295159116942e+01 1.731289846280470002e+01
2.613065326633165455e+02 1.695275588535722733e+01 1.722216598083185701e+01 1.731030282094046058e+01
2.633165829145728480e+02 1.694818986802190253e+01 1.722019811995236438e+01 1.730770466456810652e+01
2.653266331658290937e+02 1.694362051793238066e+01 1.721822938347777310e+01 1.730510405095317950e+01
2.673366834170853963e+02 1.693904790520972625e+01 1.721625978568272686e+01 1.730250103610904944e+01
2.693467336683416988e+02 1.693447209897328065e+01 1.721428934025752611e+01 1.729989567521432292e+01
2.713567839195979445e+02 1.692989316692326440e+01 1.721231806122639085e+01 1.729728802219544193e+01
2.733668341708542471e+02 1.692531117542425889e+01 1.721034596152832563e+01 1.729467813039450164e+01
2.753768844221105496e+02 1.692072618975564069e+01 1.720837305426929120e+01 1.729206605181796164e+01
2.773869346733667953e+02 1.691613827369419099e+01 1.720639935238829565e+01 1.728945183780446371e+01
2.793969849246230979e+02 1.691154749001496072e+01 1.720442486807304405e+01 1.728683553844048504e+01
2.814070351758794004e+02 1.690695390007388355e+01 1.720244961351125212e+01 1.728421720297772524e+01
2.834170854271356461e+02 1.690235756405821377e+01 1.720047360064019415e+01 1.728159687983311343e+01
2.854271356783919487e+02 1.689775854106999020e+01 1.719849684131366629e+01 1.727897461633837040e+01
2.874371859296481944e+02 1.689315688904257229e+01 1.719651934655069780e+01 1.727635045882349019e+01
2.894472361809044969e+02 1.688855266449020576e+01 1.719454112787117950e+01 1.727372445311759463e+01
2.914572864321607994e+02 1.688394592317582976e+01 1.719256219596022106e+01 1.727109664363069896e+01
2.934673366834170452e+02 1.687933671927632062e+01 1.719058256166989906e+01 1.726846707418846805e+01
2.954773869346733477e+02 1.687472510630072975e+01 1.718860223526793618e+01 1.726583578761484006e+01
2.974874371859295934e+02 1.687011113658942918e+01 1.718662122718901841e+01 1.726320282589898270e+01
2.994974874371858959e+02 1.686549486106367013e+01 1.718463954736696309e+01 1.726056823019527542e+01
3.015075376884421985e+02 1.686087632997687891e+01 1.718265720573558752e+01 1.725793204073986331e+01
3.035175879396984442e+02 1.685625559233033499e+01 1.718067421181132204e+01 1.725529429693410322e+01
3.055276381909547467e+02 1.685163269629052607e+01 1.717869057519407505e+01 1.725265503751154483e+01
3.075376884422110493e+02 1.684700768877178945e+01 1.717670630506636797e+01 1.725001430020399340e+01
3.095477386934672950e+02 1.684238061585368484e+01 1.717472141044376599e+01 1.724737212199196534e+01
3.115577889447235975e+02 1.683775152269751985e+01 1.717273590017488161e+01 1.724472853910468473e+01
3.135678391959799001e+02 1.683312045346286823e+01 1.717074978302484567e+01 1.724208358693659093e+01
3.155778894472361458e+02 1.682848745130758061e+01 1.716876306759183990e+01 1.723943730029778720e+01
3.175879396984924483e+02 1.682385255855473005e+01 1.716677576214013357e+01 1.723678971291316842e+01
3.195979899497486940e+02 1.681921581652565933e+01 1.716478787493398883e+01 1.723414085809024243e+01
3.216080402010049966e+02 1.681457726570694078e+01 1.716279941398725128e+01 1.723149076821826142e+01
3.236180904522612991e+02 1.680993694591732179e+01 1.716081038731374875e+01 1.722883947510214142e+01
3.256281407035175448e+02 1.680529489563991064e+01 1.715882080250993624e+01 1.722618700962854277e+01
3.276381909547738474e+02 1.680065115302390666e+01 1.715683066717226168e+01 1.722353340235021690e+01
3.296482412060300931e+02 1.679600575521678607e+01 1.715483998881369132e+01 1.722087868281818501e+01
3.316582914572863956e+02 1.679135873836428416e+01 1.715284877478024939e+01 1.721822287999912859e+01
3.336683417085426981e+02 1.678671013811128176e+01 1.715085703225099678e+01 1.721556602235885691e+01
3.356783919597989438e+02 1.678205998918440400e+01 1.714886476815455651e+01 1.721290813752841586e+01
3.376884422110552464e+02 1.677740832555896944e+01 1.714687198950304037e+01 1.721024925263797911e+01
3.396984924623115489e+02 1.677275518054249659e+01 1.714487870297464767e+01 1.720758939414989896e+01
3.417085427135677946e+02 1.676810058669118675e+01 1.714288491533104519e+01 1.720492858785871348e+01
3.437185929648240972e+02 1.676344457572648139e+01 1.714089063316695771e+01 1.720226685914157017e+01
3.457286432160803997e+02 1.675878717870199353e+01 1.713889586265971943e+01 1.719960423254084603e+01
3.477386934673366454e+02 1.675412842608699648e+01 1.713690061040404444e+01 1.719694073234847664e+01
3.497487437185929480e+02 1.674946834776642390e+01 1.713490488232683617e+01 1.719427638193815966e+01
3.517587939698491937e+02 1.674480697270695373e+01 1.713290868468890338e+01 1.719161120451662228e+01
3.537688442211054962e+02 1.674014432937440233e+01 1.713091202341714592e+01 1.718894522245582834e+01
3.557788944723617988e+02 1.673548044556676118e+01 1.712891490427150742e+01 1.718627845771034757e+01
3.577889447236180445e+02 1.673081534849768914e+01 1.712691733326236587e+01 1.718361093181736976e+01
3.597989949748743470e+02 1.672614906479648766e+01 1.712491931581575599e+01 1.718094266547930005e+01
3.618090452261305927e+02 1.672148162050813269e+01 1.712292085760814686e+01 1.717827367931507609e+01
3.638190954773868953e+02 1.671681304084281194e+01 1.712092196406557321e+01 1.717560399327580711e+01
3.658291457286431978e+02 1.671214335101072379e+01 1.711892264061406976e+01 1.717293362689522240e+01
3.678391959798994435e+02 1.670747257505337302e+01 1.711692289251271504e+01 1.717026259903922636e+01
3.698492462311557460e+02 1.670280073684531885e+01 1.711492272493711653e+01 1.716759092840677425e+01
3.718592964824120486e+02 1.669812785950981393e+01 1.711292214297939296e+01 1.716491863302899290e+01
3.738693467336682943e+02 1.669345396591968722e+01 1.711092115156471394e+01 1.716224573077006355e+01
3.758793969849245968e+02 1.668877907819646111e+01 1.710891975595216863e+01 1.715957223874286441e+01
3.778894472361808994e+02 1.668410321796080353e+01 1.710691796064953252e+01 1.715689817380983939e+01
3.798994974874371451e+02 1.667942640658293740e+01 1.710491577058197876e+01 1.715422355258300868e+01
3.819095477386934476e+02 1.667474866468180394e+01 1.710291319042424263e+01 1.715154839083961136e+01
3.839195979899496933e+02 1.667007001270937749e+01 1.710091022476758482e+01 1.714887270452383916e+01
3.859296482412059959e+02 1.666539047036634003e+01 1.709890687811979504e+01 1.714619650874511692e+01
3.879396984924622984e+02 1.666071005710293917e+01 1.709690315498864521e+01 1.714351981852938778e+01
3.899497487437185441e+02 1.665602879170160477e+01 1.709489905988192859e+01 1.714084264840172622e+01
3.919597989949748467e+02 1.665134669286128855e+01 1.709289459689003365e+01 1.713816501255330493e+01
3.939698492462310924e+02 1.664666377878007708e+01 1.709088977035379031e+01 1.713548692484137703e+01
3.959798994974873949e+02 1.664198006682127939e+01 1.708888458461402848e+01 1.713280839878930095e+01
3.979899497487436975e+02 1.663729557451516783e+01 1.708687904351070941e+01 1.713012944750302680e+01
4.000000000000000000e+02 1.663261031880766438e+01 1.708487315130118489e+01 1.712745008392157331e+01
