7.195227382024743656e-02 -2.629889756710460880e+00
7.195102199589931136e-02 -2.668425976108657505e+00
7.194973995702810821e-02 -2.707023373238032438e+00
7.194842674456949916e-02 -2.745627681865522085e+00
7.194708136178309954e-02 -2.784179497386356950e+00
7.194570277248857337e-02 -2.822613919083902356e+00
7.194428989920570450e-02 -2.860860174448521143e+00
7.194284162119267412e-02 -2.898841226365193702e+00
7.194135677237591120e-02 -2.936473361986182251e+00
7.193983413916510417e-02 -2.973665764901523900e+00
7.193827245814579663e-02 -3.010320071121574514e+00
7.193667041364174008e-02 -3.046329909521058976e+00
7.193502663513884343e-02 -3.081580428443390307e+00
7.193333969456151833e-02 -3.115947810613972191e+00
7.193160810339199740e-02 -3.149298777950224615e+00
7.192983030962216140e-02 -3.181490089606595184e+00
7.192800469452670376e-02 -3.212368036920886460e+00
7.192612956924598899e-02 -3.241767938493313572e+00
7.192420317116551831e-02 -3.269513641833566631e+00
7.192222366007830492e-02 -3.295417036188013959e+00
7.192018911411535154e-02 -3.319277583674342669e+00
7.191809752542829837e-02 -3.340881876748331258e+00
7.191594679560689429e-02 -3.360003231151050596e+00
7.191373473081288936e-02 -3.376401324687692718e+00
7.191145903661017025e-02 -3.389821892605790588e+00
7.190911731246987793e-02 -3.399996494428473071e+00
7.190670704592677653e-02 -3.406642365569105824e+00
7.190422560636192117e-02 -3.409462370275875731e+00
7.190167023838463234e-02 -3.408145075259752854e+00
7.189903805478373156e-02 -3.402364961765638185e+00
7.189632602901685487e-02 -3.391782799230846024e+00
7.189353098720269175e-02 -3.376046202697505993e+00
7.189064959957941481e-02 -3.354790398810940211e+00
7.188767837138823613e-02 -3.327639226579200304e+00
7.188461363313819463e-02 -3.294206401480626045e+00
7.188145153020479572e-02 -3.254097068512774804e+00
7.187818801171023952e-02 -3.206909675150364958e+00
7.187481881862886612e-02 -3.152238191994356953e+00
7.187133947105672771e-02 -3.089674708067053910e+00
7.186774525457854945e-02 -3.018812429221533922e+00
7.186403120565920677e-02 -2.939249101746876036e+00
7.186019209598044910e-02 -2.850590882938430326e+00
7.185622241563714707e-02 -2.752456674799381720e+00
7.185211635509793082e-02 -2.644482929791497572e+00
7.184786778582821776e-02 -2.526328932284700013e+00
7.184347023946277555e-02 -2.397682549442981870e+00
7.183891688540505749e-02 -2.258266434382027121e+00
7.183420050671922297e-02 -2.107844652842227440e+00
7.182931347416773860e-02 -1.946229690528939349e+00
7.182424771823324450e-02 -1.773289783780988671e+00
7.181899469894911792e-02 -1.588956498593806943e+00
7.181354537334447286e-02 -1.393232466616093346e+00
7.180789016029233418e-02 -1.186199168652663616e+00
7.180201890252778385e-02 -9.680246376123832208e-01
7.179592082558100552e-02 -7.389709373166123418e-01
7.178958449334450764e-02 -4.994012539613711943e-01
7.178299775996627163e-02 -2.497864286127511879e-01
7.177614771773030422e-02 9.289255550230596931e-03
7.176902064055196151e-02 2.771232239947941101e-01
7.176160192267877491e-02 5.528908881494580818e-01
7.175387601214644473e-02 8.356432419526705901e-01
7.174582633849513336e-02 1.124305950895821082e+00
7.173743523420131329e-02 1.417680090808797644e+00
7.172868384922716223e-02 1.714444669982916114e+00
7.171955205802993394e-02 2.013161027021572735e+00
7.171001835830910498e-02 2.312279162164987856e+00
7.170005976069922238e-02 2.610146005788763990e+00
7.168965166853993876e-02 2.905015574825386526e+00
7.167876774677267582e-02 3.195060911838584872e+00
7.166737977892505274e-02 3.478387639285575705e+00
7.165545751105061034e-02 3.753048898894959517e+00
7.164296848139226070e-02 4.017061395215199227e+00
7.162987783443468259e-02 4.268422207139891178e+00
7.161614811790550927e-02 4.505125983007799206e+00
7.160173906117933695e-02 4.725182112424367809e+00
7.158660733343630289e-02 4.926631438673362062e+00
7.157070627983228017e-02 5.107562070475987426e+00
7.155398563385878541e-02 5.266123864691133249e+00
7.153639120401418527e-02 5.400541172226953179e+00
7.151786453288812295e-02 5.509123480369649606e+00
7.149834252679278246e-02 5.590273642660348763e+00
7.147775705417915015e-02 5.642493448620727214e+00
7.145603451128154648e-02 5.664386372403729553e+00
7.143309535377521946e-02 5.654657428133796238e+00
7.140885359375552521e-02 5.612110154654189387e+00
7.138321626211077686e-02 5.535640862157618969e+00
7.135608283744095115e-02 5.424230383915112697e+00
7.132734464416003173e-02 5.276933694841845934e+00
7.129688422442873041e-02 5.092867885168802289e+00
7.126457469123377575e-02 4.871199114921398454e+00
7.123027907342766030e-02 4.611129323838369487e+00
7.119384966806385773e-02 4.311883637560291582e+00
7.115512742112756195e-02 3.972699601648148171e+00
7.111394136501007768e-02 3.592819589979295181e+00
7.107010815004928539e-02 3.171487978227311988e+00
7.102343171837476044e-02 2.707954944648449658e+00
7.097370318130104272e-02 2.201489055991959543e+00
7.092070097660975458e-02 1.651401090315773867e+00
7.086419139901473097e-02 1.057081812295338263e+00
7.080392961529963225e-02 4.180565982469786612e-01
7.073966129388632729e-02 -2.659401831969132046e-01
7.067112499502049838e-02 -9.948684035412573845e-01
7.059805547947733961e-02 -1.768261096325534076e+00
7.052018809672107313e-02 -2.585078463993746745e+00
7.043726440271379230e-02 -3.443538474890003975e+00
7.034903912710671614e-02 -4.340928592267395913e+00
7.025528855320757604e-02 -5.273407177722477357e+00
7.015582028674986759e-02 -6.235807905327073186e+00
7.005048426875230827e-02 -7.221465640362498384e+00
6.993918473637356081e-02 -8.222086846523179560e+00
6.982189266368916958e-02 -9.227690496594567193e+00
6.969865804058521241e-02 -1.022664526157823062e+01
6.956962119971182856e-02 -1.120582417682300402e+01
6.943502231110063039e-02 -1.215088834544674512e+01
6.929520816290656027e-02 -1.304669694633133226e+01
6.915063545635785625e-02 -1.387782368499848218e+01
6.900187006676032631e-02 -1.462914293643371622e+01
6.884958204030276752e-02 -1.528643587959217776e+01
6.869453646605713781e-02 -1.583696118694408739e+01
6.853758072722669625e-02 -1.626993804047241454e+01
6.837962893751051152e-02 -1.657690094544507886e+01
6.822164456254789511e-02 -1.675190344648709484e+01
6.806462229105567086e-02 -1.679156755797510314e+01
6.790957015991869183e-02 -1.669499355190573198e+01
6.775749277836985718e-02 -1.646355775907474239e+01
6.760937627718698051e-02 -1.610063280866227586e+01
6.746617537016061372e-02 -1.561126556935977483e+01
6.732880269104565829e-02 -1.500184432178910399e+01
6.719812038273224875e-02 -1.427977987206103450e+01
6.707493377741993723e-02 -1.345321778611812569e+01
6.695998691808670300e-02 -1.253079228711968085e+01
6.685395962665854896e-02 -1.152142532199145641e+01
6.675746581368097177e-02 -1.043416987703569632e+01
6.667105273783079100e-02 -9.278095288356890791e+00
6.659520095206265811e-02 -8.062209121663412859e+00
6.653032470913493313e-02 -6.795408882664295547e+00
6.647677263731475994e-02 -5.486459949590918761e+00
6.643482853371776575e-02 -4.143990942002631961e+00
6.640471215603512001e-02 -2.776502998423488577e+00
6.638657992253936546e-02 -1.392396701020979011e+00
6.638052545525208181e-02 0.000000000000000000e+00
6.638657992253936546e-02 1.392396701020979011e+00
6.640471215603512001e-02 2.776502998423488577e+00
6.643482853371776575e-02 4.143990942002631961e+00
6.647677263731475994e-02 5.486459949590918761e+00
6.653032470913493313e-02 6.795408882664295547e+00
6.659520095206265811e-02 8.062209121663412859e+00
6.667105273783079100e-02 9.278095288356890791e+00
6.675746581368097177e-02 1.043416987703569632e+01
6.685395962665854896e-02 1.152142532199145641e+01
6.695998691808670300e-02 1.253079228711968085e+01
6.707493377741993723e-02 1.345321778611896057e+01
6.719812038273226262e-02 1.427977987206103450e+01
6.732880269104565829e-02 1.500184432178910399e+01
6.746617537016062760e-02 1.561126556936060972e+01
6.760937627718699439e-02 1.610063280866144098e+01
6.775749277836985718e-02 1.646355775907390750e+01
6.790957015991869183e-02 1.669499355190573198e+01
6.806462229105567086e-02 1.679156755797593803e+01
6.822164456254790899e-02 1.675190344648709484e+01
6.837962893751051152e-02 1.657690094544424397e+01
6.853758072722669625e-02 1.626993804047241454e+01
6.869453646605713781e-02 1.583696118694492228e+01
6.884958204030278139e-02 1.528643587959217776e+01
6.900187006676034018e-02 1.462914293643288133e+01
6.915063545635785625e-02 1.387782368499848218e+01
6.929520816290656027e-02 1.304669694633133226e+01
6.943502231110063039e-02 1.215088834544674512e+01
6.956962119971182856e-02 1.120582417682300402e+01
6.969865804058521241e-02 1.022664526157906550e+01
6.982189266368918346e-02 9.227690496594567193e+00
6.993918473637356081e-02 8.222086846523179560e+00
7.005048426875232215e-02 7.221465640362498384e+00
7.015582028674986759e-02 6.235807905326238298e+00
7.025528855320757604e-02 5.273407177722477357e+00
7.034903912710671614e-02 4.340928592266561026e+00
7.043726440271377842e-02 3.443538474890003975e+00
7.052018809672107313e-02 2.585078463994581188e+00
7.059805547947733961e-02 1.768261096325534076e+00
7.067112499502049838e-02 9.948684035420921612e-01
7.073966129388631341e-02 2.659401831977479813e-01
7.080392961529964613e-02 -4.180565982478134379e-01
7.086419139901473097e-02 -1.057081812296172929e+00
7.092070097660975458e-02 -1.651401090314939202e+00
7.097370318130105660e-02 -2.201489055991959543e+00
7.102343171837476044e-02 -2.707954944649284545e+00
7.107010815004928539e-02 -3.171487978227311988e+00
7.111394136501007768e-02 -3.592819589979295181e+00
7.115512742112756195e-02 -3.972699601648148171e+00
7.119384966806385773e-02 -4.311883637560291582e+00
7.123027907342766030e-02 -4.611129323838369487e+00
7.126457469123377575e-02 -4.871199114921398454e+00
7.129688422442873041e-02 -5.092867885168802289e+00
7.132734464416003173e-02 -5.276933694841011047e+00
7.135608283744096503e-02 -5.424230383914277809e+00
7.138321626211079074e-02 -5.535640862158453857e+00
7.140885359375551134e-02 -5.612110154655024274e+00
7.143309535377521946e-02 -5.654657428133796238e+00
7.145603451128153261e-02 -5.664386372403729553e+00
7.147775705417916403e-02 -5.642493448619893215e+00
7.149834252679279634e-02 -5.590273642660348763e+00
7.151786453288812295e-02 -5.509123480370484494e+00
7.153639120401418527e-02 -5.400541172226118292e+00
7.155398563385879929e-02 -5.266123864691133249e+00
7.157070627983228017e-02 -5.107562070476822313e+00
7.158660733343628901e-02 -4.926631438673362062e+00
7.160173906117933695e-02 -4.725182112424367809e+00
7.161614811790550927e-02 -4.505125983006964319e+00
7.162987783443469647e-02 -4.268422207139891178e+00
7.164296848139226070e-02 -4.017061395216034114e+00
7.165545751105061034e-02 -3.753048898894959517e+00
7.166737977892505274e-02 -3.478387639284741262e+00
7.167876774677268970e-02 -3.195060911838584872e+00
7.168965166853993876e-02 -2.905015574824551638e+00
7.170005976069920850e-02 -2.610146005787094214e+00
7.171001835830909110e-02 -2.312279162166657631e+00
7.171955205802993394e-02 -2.013161027023242067e+00
7.172868384922716223e-02 -1.714444669982916114e+00
7.173743523420131329e-02 -1.417680090808797644e+00
7.174582633849513336e-02 -1.124305950896655748e+00
7.175387601214643085e-02 -8.356432419543401435e-01
7.176160192267874716e-02 -5.528908881486233051e-01
7.176902064055196151e-02 -2.771232239922897800e-01
7.177614771773031810e-02 -9.289255550230596931e-03
7.178299775996627163e-02 2.497864286110816345e-01
7.178958449334449377e-02 4.994012539613711943e-01
7.179592082558100552e-02 7.389709373166123418e-01
7.180201890252776997e-02 9.680246376123832208e-01
7.180789016029233418e-02 1.186199168653498282e+00
7.181354537334447286e-02 1.393232466616093346e+00
7.181899469894911792e-02 1.588956498593806943e+00
7.182424771823324450e-02 1.773289783780153783e+00
7.182931347416772472e-02 1.946229690565669523e+00
7.183420050671923685e-02 2.107844652841392552e+00
7.183891688540504361e-02 2.258266434345296947e+00
7.184347023946277555e-02 2.397682549444651201e+00
7.184786778582821776e-02 2.526328932283030682e+00
7.185211635509791694e-02 2.644482929790662684e+00
7.185622241563713319e-02 2.752456674801051051e+00
7.186019209598044910e-02 2.850590882939264770e+00
7.186403120565920677e-02 2.939249101746876036e+00
7.186774525457854945e-02 3.018812429219029703e+00
7.187133947105669995e-02 3.089674708055367258e+00
7.187481881862883837e-02 3.152238192000200279e+00
7.187818801171025340e-02 3.206909675163720941e+00
7.188145153020480960e-02 3.254097068504426815e+00
7.188461363313816688e-02 3.294206401475617163e+00
7.188767837138822225e-02 3.327639226590052512e+00
7.189064959957944256e-02 3.354790398814279317e+00
7.189353098720269175e-02 3.376046202691662668e+00
7.189632602901685487e-02 3.391782799230846024e+00
7.189903805478373156e-02 3.402364961765638185e+00
7.190167023838463234e-02 3.408145075259752854e+00
7.190422560636192117e-02 3.409462370270032405e+00
7.190670704592674878e-02 3.406642365574949149e+00
7.190911731246990568e-02 3.399996494482733667e+00
7.191145903661019800e-02 3.389821892612468801e+00
7.191373473081290324e-02 3.376401324639275892e+00
7.191594679560689429e-02 3.360003231142702607e+00
7.191809752542831224e-02 3.340881876748331258e+00
7.192018911411535154e-02 3.319277583670168674e+00
7.192222366007830492e-02 3.295417036188013959e+00
7.192420317116551831e-02 3.269513641833566631e+00
7.192612956924598899e-02 3.241767938497487123e+00
7.192800469452671763e-02 3.212368036920886460e+00
7.192983030962216140e-02 3.181490089602421634e+00
7.193160810339199740e-02 3.149298777945216177e+00
7.193333969456150445e-02 3.115947810607293977e+00
7.193502663513881568e-02 3.081580428448398745e+00
7.193667041364174008e-02 3.046329909527737190e+00
7.193827245814579663e-02 3.010320071121574514e+00
7.193983413916510417e-02 2.973665764901523900e+00
7.194135677237591120e-02 2.936473361986182251e+00
7.194284162119267412e-02 2.898841226423627848e+00
7.194428989920573225e-02 2.860860174398434541e+00
7.194570277248855950e-02 2.822613919005433569e+00
7.194708136178307178e-02 2.784179497436443551e+00
7.194842674456949916e-02 2.745627681906425810e+00
7.194973995702813596e-02 2.707023373238032438e+00
7.195102199589931136e-02 2.668425976087788420e+00
7.195227382024743656e-02 2.629889756710460880e+00
