1.741642126196108475e-01 -1.253805674815592823e+02
1.731226193575078898e-01 -1.252319737754076385e+02
1.720822771384295791e-01 -1.250801065445264300e+02
1.710432092358249723e-01 -1.249252678806902139e+02
1.700054394803494906e-01 -1.247662102507967745e+02
1.689689922759347596e-01 -1.246080980021155540e+02
1.679338926163934098e-01 -1.244456110561328046e+02
1.669001661025797389e-01 -1.242763769910821736e+02
1.658678389601265790e-01 -1.241066136650023708e+02
1.648369380577804355e-01 -1.239332583388696776e+02
1.638074909263577961e-01 -1.237524732364856277e+02
1.627795257783458960e-01 -1.235778506647559709e+02
1.617530715281726983e-01 -1.233982924138693988e+02
1.607281578131724564e-01 -1.232057896347623966e+02
1.597048150152728940e-01 -1.230150027045194179e+02
1.586830742834327845e-01 -1.228191476553627126e+02
1.576629675568589906e-01 -1.226232003585699459e+02
1.566445275890330224e-01 -1.224215158529613916e+02
1.556277879725802282e-01 -1.222122667248062839e+02
1.546127831650141171e-01 -1.220015461622500226e+02
1.535995485153909823e-01 -1.217947975665220355e+02
1.525881202919115720e-01 -1.215684127236440304e+02
1.515785357105076392e-01 -1.213357467553356770e+02
1.505708329644539212e-01 -1.211138062237385498e+02
1.495650512550467659e-01 -1.208778239505331413e+02
1.485612308233940360e-01 -1.206436466710873958e+02
1.475594129833618373e-01 -1.204024192449818287e+02
1.465596401557263395e-01 -1.201493496965305070e+02
1.455619559035815080e-01 -1.198939369960019832e+02
1.445664049690560671e-01 -1.196380877287298858e+02
1.435730333113953150e-01 -1.193744645795707982e+02
1.425818881464663845e-01 -1.190994187066360155e+02
1.415930179877495920e-01 -1.188260241975546734e+02
1.406064726888798522e-01 -1.185432014313469011e+02
1.396223034878079083e-01 -1.182504662557799122e+02
1.386405630526528210e-01 -1.179595855107297666e+02
1.376613055293228749e-01 -1.176562775719464753e+02
1.366845865909848412e-01 -1.173427968112744963e+02
1.357104634894679140e-01 -1.170324194926942170e+02
1.347389951086920279e-01 -1.167085062214805617e+02
1.337702420202165898e-01 -1.163723937874711254e+02
1.328042665410115730e-01 -1.160399948738250089e+02
1.318411327935584965e-01 -1.156948412962087787e+02
1.308809067683967542e-01 -1.153445013369561707e+02
1.299236563892372243e-01 -1.149775558366839334e+02
1.289694515807739694e-01 -1.145948997607699766e+02
1.280183643393330017e-01 -1.142271433924806132e+02
1.270704688065075194e-01 -1.138401364797166337e+02
1.261258413459387662e-01 -1.134404982856050310e+02
1.251845606234136543e-01 -1.130326048048548699e+02
1.242467076904628931e-01 -1.126150845820805557e+02
1.233123660716572145e-01 -1.121864107606645007e+02
1.223816218558138741e-01 -1.117485792118010153e+02
1.214545637913434090e-01 -1.112955087967721113e+02
1.205312833859839283e-01 -1.108386790470203209e+02
1.196118750111912349e-01 -1.103841775301919057e+02
1.186964360114745043e-01 -1.098820022140571240e+02
1.177850668189925898e-01 -1.093808511231017064e+02
1.168778710737521376e-01 -1.088929604237136601e+02
1.159749557497793404e-01 -1.083537174553697611e+02
1.150764312876691731e-01 -1.078121499971751263e+02
1.141824117339520495e-01 -1.072829166214489902e+02
1.132930148877578647e-01 -1.066935701797420109e+02
1.124083624553006006e-01 -1.061198694854769684e+02
1.115285802127538584e-01 -1.055510340792702237e+02
1.106537981781406804e-01 -1.049322281115957338e+02
1.097841507929165211e-01 -1.043050512763377498e+02
1.089197771139867321e-01 -1.036615378830754111e+02
1.080608210169653194e-01 -1.029995760043713489e+02
1.072074314115534638e-01 -1.023177631266887317e+02
1.063597624699911676e-01 -1.016161731587387180e+02
1.055179738696145897e-01 -1.008954368143723173e+02
1.046822310506340531e-01 -1.001545234330315992e+02
1.038527054903295443e-01 -9.938810490813192189e+01
1.030295749949432793e-01 -9.865370282264538560e+01
1.022130240106243759e-01 -9.783439747184800694e+01
1.014032439548485931e-01 -9.694599335922271166e+01
1.006004335697864294e-01 -9.614875627137273284e+01
9.980479929911824366e-02 -9.525960813088967427e+01
9.901655568978327826e-02 -9.434912702197918577e+01
9.823592582008448815e-02 -9.346502404501515571e+01
9.746314175543079050e-02 -9.243167002553560962e+01
9.669844503275773495e-02 -9.143663386042229035e+01
9.594208717428832911e-02 -9.046789250634857638e+01
9.519433023073360645e-02 -8.939447896847401864e+01
9.445544735322902730e-02 -8.828052459661010687e+01
9.372572339218356030e-02 -8.724445584389043518e+01
9.300545551969123526e-02 -8.605846502836774903e+01
9.229495387010641649e-02 -8.483253266378115143e+01
9.159454219067440783e-02 -8.355079717299331321e+01
9.090455849057138549e-02 -8.222969978865063467e+01
9.022535567214984287e-02 -8.098677907735583403e+01
8.955730212238419141e-02 -7.962375400016991023e+01
8.890078223522930589e-02 -7.824426871344368806e+01
8.825619682660178211e-02 -7.673482530641757648e+01
8.762396339275056734e-02 -7.512287826025264792e+01
8.700451614975866776e-02 -7.357908522454592060e+01
8.639830577680547574e-02 -7.205883554608425356e+01
8.580579876885735535e-02 -7.026454103141091423e+01
8.522747628626059502e-02 -6.843285656441719311e+01
8.466383237044998455e-02 -6.672972475182159258e+01
8.411537137857873214e-02 -6.484275557478564167e+01
8.358260447819115813e-02 -6.286866785337790731e+01
8.306604504007177037e-02 -6.082263222284070281e+01
8.256620277820221621e-02 -5.876103102150632651e+01
8.208357651629294427e-02 -5.664518889367609233e+01
8.161864551678597868e-02 -5.435926575636668190e+01
8.117185939570016606e-02 -5.211391948220143178e+01
8.074362676755307555e-02 -4.981516842630509956e+01
8.033430291612136953e-02 -4.744801502246355795e+01
7.994417695894230624e-02 -4.506124663381438467e+01
7.957345914737508352e-02 -4.262430764846383369e+01
7.922226909249363569e-02 -4.019845927268478647e+01
7.889062579764274941e-02 -3.777565112007368953e+01
7.857844037987167518e-02 -3.536286267440833342e+01
7.828551225309154926e-02 -3.298892663715375306e+01
7.801152932231071591e-02 -3.066324062941311368e+01
7.775607242068398317e-02 -2.839907127287964883e+01
7.751862385175714576e-02 -2.621184013081791875e+01
7.729857953492720590e-02 -2.411180360369168696e+01
7.709526395062418769e-02 -2.210784152160616856e+01
7.690794688792448874e-02 -2.020646479040467369e+01
7.673586093294881838e-02 -1.841167548137260823e+01
7.657821869703004825e-02 -1.672509121305262525e+01
7.643422894302491499e-02 -1.514616189355150766e+01
7.630311098759189059e-02 -1.367244902209350421e+01
7.618410699614305837e-02 -1.229994429337980932e+01
7.607649201139732309e-02 -1.102340311746056400e+01
7.597958174307743728e-02 -9.836661985095974003e+00
7.589273828433976132e-02 -8.732920337616471684e+00
7.581537400906183943e-02 -7.704984037543466613e+00
7.574695394899297329e-02 -6.745459811229538083e+00
7.568699696031247481e-02 -5.846905001951093972e+00
7.563507597548423111e-02 -5.001936403560351074e+00
7.559081760766007962e-02 -4.203299865337273289e+00
7.555390133869839542e-02 -3.443911709617915484e+00
7.552405848351563533e-02 -2.716872048231052439e+00
7.550107108648576593e-02 -2.015460973542617662e+00
7.548477087191053647e-02 -1.333118145018185707e+00
7.547503834100320608e-02 -6.634114443174496945e-01
7.547180208236017873e-02 0.000000000000000000e+00
7.547503834100320608e-02 6.634114443174496945e-01
7.548477087191053647e-02 1.333118145018185707e+00
7.550107108648576593e-02 2.015460973542617662e+00
7.552405848351563533e-02 2.716872048231052439e+00
7.555390133869839542e-02 3.443911709617915484e+00
7.559081760766007962e-02 4.203299865337273289e+00
7.563507597548423111e-02 5.001936403560351074e+00
7.568699696031247481e-02 5.846905001951093972e+00
7.574695394899297329e-02 6.745459811229538083e+00
7.581537400906183943e-02 7.704984037543466613e+00
7.589273828433976132e-02 8.732920337617304796e+00
7.597958174307745116e-02 9.836661985095974003e+00
7.607649201139732309e-02 1.102340311746056400e+01
7.618410699614307224e-02 1.229994429338064421e+01
7.630311098759190447e-02 1.367244902209266932e+01
7.643422894302491499e-02 1.514616189355067277e+01
7.657821869703004825e-02 1.672509121305429503e+01
7.673586093294884614e-02 1.841167548137344312e+01
7.690794688792450262e-02 2.020646479040300392e+01
7.709526395062418769e-02 2.210784152160533367e+01
7.729857953492720590e-02 2.411180360369168696e+01
7.751862385175714576e-02 2.621184013081875364e+01
7.775607242068399705e-02 2.839907127288048372e+01
7.801152932231072978e-02 3.066324062941394857e+01
7.828551225309157702e-02 3.298892663715292173e+01
7.857844037987167518e-02 3.536286267440667075e+01
7.889062579764274941e-02 3.777565112007368953e+01
7.922226909249363569e-02 4.019845927268478647e+01
7.957345914737508352e-02 4.262430764846466502e+01
7.994417695894232012e-02 4.506124663381438467e+01
8.033430291612136953e-02 4.744801502246355795e+01
8.074362676755308943e-02 4.981516842630509956e+01
8.117185939570016606e-02 5.211391948220059334e+01
8.161864551678597868e-02 5.435926575636668190e+01
8.208357651629294427e-02 5.664518889367692367e+01
8.256620277820223008e-02 5.876103102150632651e+01
8.306604504007177037e-02 6.082263222283987147e+01
8.358260447819115813e-02 6.286866785337790731e+01
8.411537137857873214e-02 6.484275557478648011e+01
8.466383237044999843e-02 6.672972475182243102e+01
8.522747628626060890e-02 6.843285656441635467e+01
8.580579876885735535e-02 7.026454103141173846e+01
8.639830577680550350e-02 7.205883554608509201e+01
8.700451614975868164e-02 7.357908522454592060e+01
8.762396339275059509e-02 7.512287826025180948e+01
8.825619682660178211e-02 7.673482530641589960e+01
8.890078223522930589e-02 7.824426871344535073e+01
8.955730212238421917e-02 7.962375400016991023e+01
9.022535567214984287e-02 8.098677907735417136e+01
9.090455849057138549e-02 8.222969978865063467e+01
9.159454219067440783e-02 8.355079717299497588e+01
9.229495387010644425e-02 8.483253266378115143e+01
9.300545551969123526e-02 8.605846502836691059e+01
9.372572339218357418e-02 8.724445584389127362e+01
9.445544735322904117e-02 8.828052459661010687e+01
9.519433023073362032e-02 8.939447896847318020e+01
9.594208717428832911e-02 9.046789250635025326e+01
9.669844503275777658e-02 9.143663386042562990e+01
9.746314175543083214e-02 9.243167002553560962e+01
9.823592582008452978e-02 9.346502404501349304e+01
9.901655568978330602e-02 9.434912702197668466e+01
9.980479929911824366e-02 9.525960813088883583e+01
1.006004335697864432e-01 9.614875627137439551e+01
1.014032439548486209e-01 9.694599335922438854e+01
1.022130240106244176e-01 9.783439747184800694e+01
1.030295749949433071e-01 9.865370282264288448e+01
1.038527054903295443e-01 9.938810490813108345e+01
1.046822310506340670e-01 1.001545234330332619e+02
1.055179738696146174e-01 1.008954368143731557e+02
1.063597624699911953e-01 1.016161731587387180e+02
1.072074314115534915e-01 1.023177631266879075e+02
1.080608210169653333e-01 1.029995760043713489e+02
1.089197771139867599e-01 1.036615378830770737e+02
1.097841507929165628e-01 1.043050512763369255e+02
1.106537981781406943e-01 1.049322281115948954e+02
1.115285802127538861e-01 1.055510340792693995e+02
1.124083624553006006e-01 1.061198694854753057e+02
1.132930148877578647e-01 1.066935701797420109e+02
1.141824117339520495e-01 1.072829166214514913e+02
1.150764312876692147e-01 1.078121499971768031e+02
1.159749557497793682e-01 1.083537174553672600e+02
1.168778710737521376e-01 1.088929604237128359e+02
1.177850668189926037e-01 1.093808511231033691e+02
1.186964360114745320e-01 1.098820022140571240e+02
1.196118750111912488e-01 1.103841775301919057e+02
1.205312833859839561e-01 1.108386790470203209e+02
1.214545637913434228e-01 1.112955087967721113e+02
1.223816218558139018e-01 1.117485792118018537e+02
1.233123660716572423e-01 1.121864107606645007e+02
1.242467076904629208e-01 1.126150845820788788e+02
1.251845606234136543e-01 1.130326048048548699e+02
1.261258413459387939e-01 1.134404982856083706e+02
1.270704688065075749e-01 1.138401364797149711e+02
1.280183643393330017e-01 1.142271433924772737e+02
1.289694515807739694e-01 1.145948997607699766e+02
1.299236563892372243e-01 1.149775558366839334e+02
1.308809067683967542e-01 1.153445013369561707e+02
1.318411327935584965e-01 1.156948412962121182e+02
1.328042665410116285e-01 1.160399948738250089e+02
1.337702420202165898e-01 1.163723937874677858e+02
1.347389951086920279e-01 1.167085062214822244e+02
1.357104634894679418e-01 1.170324194926958796e+02
1.366845865909848690e-01 1.173427968112761590e+02
1.376613055293229304e-01 1.176562775719481522e+02
1.386405630526528765e-01 1.179595855107281039e+02
1.396223034878079361e-01 1.182504662557782353e+02
1.406064726888798799e-01 1.185432014313469011e+02
1.415930179877496198e-01 1.188260241975563360e+02
1.425818881464664400e-01 1.190994187066343386e+02
1.435730333113953150e-01 1.193744645795674586e+02
1.445664049690560671e-01 1.196380877287298858e+02
1.455619559035815080e-01 1.198939369960019832e+02
1.465596401557263395e-01 1.201493496965321697e+02
1.475594129833618651e-01 1.204024192449834914e+02
1.485612308233940637e-01 1.206436466710873958e+02
1.495650512550467937e-01 1.208778239505331413e+02
1.505708329644539489e-01 1.211138062237402266e+02
1.515785357105076947e-01 1.213357467553356770e+02
1.525881202919115998e-01 1.215684127236440304e+02
1.535995485153910378e-01 1.217947975665203586e+02
1.546127831650141171e-01 1.220015461622466830e+02
1.556277879725802282e-01 1.222122667248062839e+02
1.566445275890330224e-01 1.224215158529647312e+02
1.576629675568590461e-01 1.226232003585732855e+02
1.586830742834328400e-01 1.228191476553593731e+02
1.597048150152728940e-01 1.230150027045160783e+02
1.607281578131724564e-01 1.232057896347640735e+02
1.617530715281727260e-01 1.233982924138727384e+02
1.627795257783459515e-01 1.235778506647576336e+02
1.638074909263578516e-01 1.237524732364822881e+02
1.648369380577804355e-01 1.239332583388663380e+02
1.658678389601265790e-01 1.241066136650023708e+02
1.669001661025797389e-01 1.242763769910838363e+02
1.679338926163934376e-01 1.244456110561328046e+02
1.689689922759347596e-01 1.246080980021155540e+02
1.700054394803495184e-01 1.247662102507967745e+02
1.710432092358249723e-01 1.249252678806902139e+02
1.720822771384296068e-01 1.250801065445297695e+02
1.731226193575079453e-01 1.252319737754093012e+02
1.741642126196109031e-01 1.253805674815559428e+02
